24
25
17
11
119
16
9
24
8
16
12
10
19
10
35
8
19
13
4
22
9
36
4
10
9
27
15
46
10
15
12
11
6
6
48
21
10
12
27
9
30
29
10
8
14
6
19
9
26
13
31
73
16
21
8
9
16
14
137
10
12
12
17
15
6
27
16
26
6
14
15
13
6
8
41
8
12
13
20
10
11
22
5
17
40
21
20
23
46
59
17
10
17
17
9
6
13
12
23
12
7
11
12
36
37
14
15
11
3
15
4
31
4
10
9
6
13
12
7
29
28
8
23
15
9
21
13
22
31
13
6
9
22
12
13
9
11
15
15
8
62
23
25
13
11
7
5
19
16
25
5
12
7
20
8
56
9
33
8
10
12
17
41
9
9
9
11
24
14
11
21
8
10
8
20
12
41
6
5
9
6
17
13
40
20
16
38
56
7
2
21
21
23
7
14
28
23
33
18
12
11
18
7
4
13
8
107
72
9
6
17
6
148
11
17
8
7
8
18
15
7
23
10
28
26
9
5
13
8
16
16
19
16
88
12
12
14
15
19
6
10
15
13
62
10
21
9
16
22
16
15
39
15
13
6
11
5
22
115
58
7
12
12
42
5
9
41
12
47
37
8
46
44
77
72
66
10
25
27
18
15
34
23
32
19
11
5
7
76
15
5
25
12
6
9
24
14
7
11
13
127
28
7
31
8
39
21
11
17
24
13
22
8
15
13
14
35
103
32
3
13
20
9
3
10
6
14
13
21
12
13
4
13
23
10
22
8
11
7
29
16
23
5
8
8
10
18
13
24
7
8
6
10
26
7
11
21
15
49
20
20
4
14
13
13
18
42
22
6
3
7
14
14
9
6
8
7
21
13
24
21
10
18
35
13
170
11
15
9
8
19
9
15
9
6
10
18
8
11
40
11
10
13
12
19
9
11
406
9
6
8
25
6
16
15
45
12
16
12
10
13
14
11
22
9
21
14
45
12
10
24
33
2
9
10
37
20
9
31
3
16
16
8
116
19
14
9
16
14
20
18
8
7
11
8
10
12
13
11
8
8
17
15
77
29
14
8
5
3
55
14
13
16
7
28
15
34
12
14
18
14
14
15
8
18
14
7
13
20
722
83
21
7
10
16
13
21
26
12
11
24
25
17
11
119
16
9
24
8
16
12
10
19
10
35
8
19
13
4
22
9
36
4
10
9
27
15
46
10
15
12
11
6
6
48
21
10
12
27
9
30
29
10
8
14
6
19
9
26
13
31
73
16
21
8
9
16
14
137
10
12
12
17
15
6
27
16
26
6
14
15
13
6
8
41
8
12
13
20
10
11
22
5
17
40
21
20
23
46
59
17
10
17
17
9
6
13
12
23
12
7
11
12
36
37
14
15
11
3
15
4
31
4
10
9
6
13
12
7
29
28
8
23
15
9
21
13
22
31
13
6
9
22
12
13
9
11
15
15
8
62
23
25
13
11
7
5
19
16
25
5
12
7
20
8
56
9
33
8
10
12
17
41
9
9
9
11
24
14
11
21
8
10
8
20
12
41
6
5
9
6
17
13
40
20
16
38
56
7
2
21
21
23
7
14
28
23
33
18
12
11
18
7
4
13
8
107
72
9
6
17
6
148
11
17
8
7
8
18
15
7
23
10
28
26
9
5
13
8
16
16
19
16
88
12
12
14
15
19
6
10
15
13
62
10
21
9
16
22
16
15
39
15
13
6
11
5
22
115
58
7
12
12
42
5
9
41
12
47
37
8
46
44
77
72
66
10
25
27
18
15
34
23
32
19
11
5
7
76
15
5
25
12
6
9
24
14
7
11
13
127
28
7
31
8
39
21
11
17
24
13
22
8
15
13
14
35
103
32
3
13
20
9
3
10
6
14
13
21
12
13
4
13
23
10
22
8
11
7
29
16
23
5
8
8
10
18
13
24
7
8
6
10
26
7
11
21
15
49
20
20
4
14
13
13
18
42
22
6
3
7
14
14
9
6
8
7
21
13
24
21
10
18
35
13
170
11
15
9
8
19
9
15
9
6
10
18
8
11
40
11
10
13
12
19
9
11
406
9
6
8
25
6
16
15
45
12
16
12
10
13
14
11
22
9
21
14
45
12
10
24
33
2
9
10
37
20
9
31
3
16
16
8
116
19
14
9
16
14
20
18
8
7
11
8
10
12
13
11
8
8
17
15
77
29
14
8
5
3
55
14
13
16
7
28
15
34
12
14
18
14
14
15
8
18
14
7
13
20
722
83
21
7
10
16
13
21
26
12
11
10
9
10
13
7
6
104
11
31
5
5
11
18
7
39
14
8
127
8
7
18
14
11
12
31
2
10
9
13
11
55
18
27
7
14
91
2
19
17
93
7
14
11
28
10
18
9
16
30
12
14
12
8
9
23
12
17
10
8
4
36
21
13
8
23
9
16
5
13
40
20
17
13
8
10
40
14
8
12
8
7
15
6
46
40
13
13
17
6
11
12
14
7
12
15
15
17
12
14
9
6
15
12
3
15
5
16
12
14
4
20
10
3
6
10
22
21
14
10
7
16
9
6
23
8
17
55
14
18
8
14
10
31
11
6
8
8
14
14
5
28
8
6
115
14
14
14
17
46
10
6
11
15
33
20
11
5
39
20
17
19
9
28
19
17
11
67
3
9
14
6
26
13
15
399
4
10
9
22
90
16
15
15
6
8
21
6
4
19
24
12
11
11
140
18
13
10
9
16
16
5
23
9
19
8
11
49
21
14
427
7
29
8
6
10
8
12
8
10
31
21
11
8
30
37
41
151
21
13
13
11
24
14
25
14
9
12
25
18
10
44
28
9
23
55
15
16
9
14
6
14
8
17
9
7
7
5
9
22
18
11
4
20
7
37
15
11
11
11
12
18
15
12
27
12
3
4
9
17
9
13
6
4
26
30
20
9
30
17
6
15
17
11
11
8
6
6
10
46
37
14
9
13
6
19
13
5
17
11
3
11
14
26
9
17
6
18
168
9
4
27
251
7
8
9
16
5
9
9
22
9
5
19
9
6
10
10
10
6
6
20
18
4
19
5
16
11
13
25
24
20
56
21
7
27
13
24
5
4
16
6
15
11
17
11
10
20
33
11
11
9
6
4
18
164
5
12
4
27
21
22
25
109
7
6
22
8
42
10
34
14
6
13
18
20
17
8
16
11
16
7
12
14
8
40
6
78
30
21
2
14
10
10
15
13
14
12
10
8
36
16
5
14
20
9
53
8
11
23
23
31
9
37
15
25
28
14
8
10
41
10
13
8
7
59
13
14
10
30
17
8
20
15
8
11
10
7
9
20
3
1118
14
12
16
11
15
17
5
31
27
19
5
12
6
5
15
5
28
9
111
18
13
30
19
7
14
6
6
27
13
14
4
11
12
11
3
8
22
49
58
3
15
17
12
11
8
36
10
9
19
7
18
4
19
10
14
13
8
6
12
58
23
24
3
12
6
122
31
37
25
14
13
11
19
72
12
13
10
5
7
39
7
14
23
12
16
56
58
18
23
27
20
10
9
17
160
24
24
20
9
5
23
8
24
7
16
16
32
11
17
16
9
8
11
18
6
11
8
14
14
22
14
13
67
12
14
16
9
44
18
15
20
13
36
13
22
8
15
11
17
20
16
25
18
14
49
8
92
8
28
5
21
6
10
4
29
14
7
13
25
18
12
20
9
14
39
12
25
9
18
16
14
164
16
4
3
16
7
14
5
26
10
14
11
8
13
30
19
34
7
10
22
15
28
489
45
8
12
11
31
35
15
14
5
22
15
19
4
13
10
8
14
30
223
9
4
63
11
7
10
21
26
11
20
40
22
38
13
23
15
17
26
145
7
86
37
8
17
5
20
13
17
9
14
13
9
19
9
6
15
9
24
7
4
16
15
10
13
6
20
7
16
18
13
36
17
5
8
10
23
29
14
7
15
12
19
52
17
12
11
11
25
39
18
6
10
7
8
11
8
22
8
12
14
16
33
7
16
4
21
15
9
11
35
27
24
6
20
8
5
38
13
11
27
19
5
26
23
9
8
110
4
25
16
12
6
8
9
18
10
6
16
31
13
9
31
13
21
12
11
20
7
16
6
9
16
13
16
28
5
30
14
12
7
65
26
12
14
34
18
9
13
23
28
42
51
28
82
34
5
41
12
7
13
11
18
25
24
22
6
8
20
27
26
22
18
9
13
29
21
17
13
27
17
9
8
25
115
17
11
5
8
8
14
16
341
7
24
12
58
13
18
7
21
4
14
11
14
14
13
10
99
29
9
5
15
7
31
10
39
8
22
5
13
2511
18
16
14
5
4
14
14
30
4
11
5
5
15
88
7
8
10
7
15
17
14
9
5
18
35
32
2
45
25
15
29
10
14
20
100
11
21
4
20
12
17
8
33
7
11
17
7
4
6
9
6
6
7
9
61
10
7
21
9
38
28
5
27
34
10
26
22
14
8
9
20
13
17
14
27
4
13
32
18
17
9
14
4
13
11
11
397
6
26
12
18
3
11
15
11
5
14
91
9
17
4
17
25
2
32
8
18
281
9
21
5
14
15
5
6
11
7
25
106
15
8
14
7
10
7
13
15
25
10
17
4
11
17
50
11
7
11
11
9
7
24
10
7
12
15
18
30
9
5
13
6
8
7
6
9
11
9
14
19
10
29
10
16
18
18
17
31
21
25
14
7
9
8
13
7
16
22
6
18
18
28
11
19
9
7
7
127
16
9
16
14
8
4
17
42
23
6
10
14
304
7
12
17
16
10
14
9
7
23
12
10
8
13
13
4
12
11
14
8
31
16
2
12
384
16
5
21
11
29
14
11
7
30
16
14
24
19
12
7
15
10
20
16
11
17
9
17
6
14
20
14
68
11
5
32
12
5
36
1
7
23
12
8
11
19
12
13
11
12
4
16
7
27
19
10
8
10
20
13
12
16
11
10
21
12
17
7
10
14
19
5
96
22
4
17
14
19
18
10
11
9
17
27
20
14
25
8
31
6
22
5
28
2
14
19
5
16
35
39
22
6
18
12
21
5
6
117
20
13
7
9
30
43
5
16
5
37
12
19
12
10
58
9
31
20
10
13
8
17
7
10
8
17
14
235
5
11
19
10
30
9
15
10
20
8
107
15
12
14
10
12
12
18
11
4
16
52
10
8
11
16
12
31
18
10
110
21
22
11
12
10
10
64
17
10
10
8
10
16
19
11
13
14
5
6
20
19
6
7
15
16
46
19
17
15
11
11
17
20
11
11
8
13
10
18
11
7
12
6
46
5
7
25
13
13
17
16
8
21
17
17
18
18
18
9
30
15
19
19
18
6
31
19
27
7
18
6
23
6
11
10
10
11
12
17
12
29
14
6
16
22
30
11
17
12
8
16
10
7
11
8
12
15
16
11
3
80
23
9
13
12
40
26
16
74
12
60
10
15
13
16
10
18
8
10
15
8
7
8
26
21
13
5
7
442
12
7
17
10
28
26
13
12
13
12
5
17
10
31
23
52
12
11
3
11
9
14
55
15
11
18
17
7
67
6
13
17
3
12
17
16
358
15
63
9
15
12
5
11
6
8
12
7
12
29
12
17
11
16
5
24
22
15
7
26
16
29
11
14
39
4
14
21
25
12
18
8
5
22
5
6
30
13
8
19
10
3
10
9
14
8
15
17
13
30
15
14
8
17
40
27
10
8
19
11
16
8
8
13
7
11
10
23
9
27
9
4
12
11
9
21
27
12
24
15
10
24
23
11
13
19
10
178
13
14
4
246
8
26
12
2
17
23
3
9
13
6
34
12
11
7
39
7
13
22
11
26
13
56
14
24
7
10
12
10
14
19
13
12
13
16
16
16
18
11
68
26
11
13
13
9
29
56
19
17
20
8
21
7
31
12
16
15
18
11
11
17
14
28
19
29
19
20
67
18
10
11
10
13
9
22
5
10
12
7
11
11
125
17
23
5
12
9
8
24
19
10
14
7
16
10
18
14
12
16
23
10
12
9
13
18
8
8
10
19
4
11
7
33
15
15
6
14
26
13
14
21
20
34
12
13
11
15
56
24
22
18
13
14
19
12
18
21
6
10
10
8
27
10
16
36
18
10
10
11
10
8
5
18
28
6
7
12
37
19
11
13
19
34
63
12
18
738
2
7
4
15
15
47
6
20
10
12
19
18
28
17
64
15
14
13
22
26
17
8
9
26
3
23
15
11
9
2
15
21
5
35
18
20
7
13
28
9
104
16
19
6
16
32
3
17
12
15
17
3
12
19
13
55
14
6
12
33
14
20
7
16
15
21
15
15
7
12
8
10
16
40
20
8
68
5
10
2
8
8
90
13
14
27
40
3
23
17
9
18
479
10
16
39
26
19
14
26
24
62
13
11
12
17
10
57
21
22
20
19
23
10
11
15
10
22
4
28
5
8
232
19
105
19
26
9
14
10
23
13
46
9
5
17
20
14
11
16
21
20
13
12
7
6
10
11
14
122
30
19
14
11
12
3
10
10
29
35
10
13
7
8
5
10
8
11
29
14
15
3
19
10
57
16
8
12
13
16
7
10
16
16
14
12
34
11
16
9
65
14
5
28
110
15
15
16
37
8
110
8
290
20
10
72
12
30
17
10
7
9
27
7
5
8
13
4
7
8
33
6
14
18
11
10
17
39
12
11
39
6
11
17
10
18
9
5
13
2
13
21
55
15
15
13
7
21
11
25
8
13
20
48
8
12
31
8
19
7
6
22
36
9
11
14
11
7
13
51
6
17
16
16
11
7
12
8
35
9
15
11
5
8
31
9
9
6
40
5
19
24
16
175
18
35
19
14
13
3
11
4
11
10
18
12
22
10
9
9
7
13
12
8
14
6
9
7
7
13
36
14
21
20
8
10
10
11
66
12
14
8
13
1
13
0
8
10
150
22
40
10
9
5
22
13
22
10
8
22
14
8
19
13
19
12
7
23
7
22
27
15
19
24
13
10
19
4
15
15
16
9
10
14
14
32
12
17
15
11
14
3
6
12
5
18
20
14
9
12
24
16
14
24
25
24
442
8
21
5
21
13
13
12
20
29
15
9
24
17
14
10
8
18
12
16
21
13
41
13
7
15
21
20
47
16
11
26
23
17
4
12
6
14
17
10
3
11
8
11
17
8
10
10
5
16
9
4
5
12
3
16
10
17
6
21
20
89
7
9
16
12
11
9
4
7
13
12
18
15
36
2
10
27
17
15
2
15
49
34
10
2
16
5
13
11
7
22
54
47
12
12
8
30
6
83
15
11
24
24
52
16
12
28
16
17
15
14
16
10
9
16
95
9
8
15
12
21
10
6
15
17
7
7
93
8
4
20
27
8
19
7
25
12
20
22
15
10
11
13
16
13
8
20
24
9
16
18
59
8
14
15
20
19
17
9
13
17
12
10
23
10
15
25
18
13
7
29
9
8
30
23
15
29
19
6
18
24
5
15
9
8
25
30
10
15
15
16
8
13
13
17
11
7
21
16
18
12
7
12
20
7
13
18
38
6
21
18
6
13
7
58
9
12
127
17
14
16
14
8
24
12
10
6
11
18
15
10
16
7
8
7
20
6
15
8
31
10
5
7
65
6
13
12
13
20
18
7
9
13
50
16
21
6
8
13
10
10
9
15
29
8
3
12
18
8
91
40
10
32
19
15
74
9
10
9
16
77
10
9
22
14
13
3
13
63
9
20
12
12
3
10
33
12
38
9
34
11
6
4
8
4
24
13
21
26
11
10
12
7
155
10
23
22
15
58
22
12
9
18
1096
7
68
10
14
4
11
32
19
13
13
11
12
56
7
39
8
10
10
42
13
4
8
13
12
11
8
11
15
4
13
10
16
15
12
28
96
12
16
21
13
35
15
2
16
5
18
26
10
19
10
24
75
13
18
14
8
21
5
22
3
15
14
10
9
11
28
21
9
3
14
26
12
14
10
11
8
45
5
10
15
15
15
8
38
8
10
8
57
14
18
10
20
11
6
11
9
19
18
15
6
8
41
8
18
12
19
18
10
20
22
5
13
9
6
7
10
14
26
9
12
8
24
14
12
14
22
23
101
64
6
13
17
11
9
10
13
12
11
17
12
6
5
3
12
40
17
6
18
26
8
22
26
14
11
4
9
8
12
17
8
13
15
2
16
36
10
24
9
7
24
15
11
13
22
14
19
9
7
10
14
12
7
11
5
14
16
15
22
7
31
16
10
25
13
40
13
6
9
12
11
7
29
14
18
10
20
10
13
7
46
0
8
28
17
24
102
28
10
10
28
10
6
30
293
10
17
12
39
10
19
5
20
14
4
22
51
22
8
22
31
10
50
16
14
10
18
34
49
11
14
4
58
13
15
8
29
34
14
6
10
20
4
8
2
23
16
14
6
7
12
26
19
19
7
18
9
8
10
11
9
9
11
26
21
26
21
6
8
10
94
11
8
5
6
9
29
33
14
11
5
11
28
12
45
20
9
17
9
12
7
4
11
25
11
18
17
19
7
21
15
11
35
26
28
9
16
38
20
5
22
17
18
19
12
6
8
19
31
30
6
13
3
15
17
4
7
11
10
5
35
9
5
36
7
6
3
23
13
51
15
16
21
9
11
19
16
19
4
11
19
7
18
39
11
21
21
17
11
13
23
6
21
8
3
15
13
10
7
15
8
92
24
14
13
23
19
28
9
7
18
7
13
15
14
9
10
17
43
26
6
11
6
8
18
12
8
7
13
11
10
15
7
5
30
1
14
18
15
11
8
12
17
6
18
7
13
12
11
10
9
8
21
12
5
72
7
10
36
99
5
13
60
19
6
18
15
14
9
31
62
11
22
106
9
11
43
4
10
19
14
23
11
19
26
9
26
12
37
22
15
10
16
20
8
15
9
24
17
14
8
8
30
26
12
100
26
12
12
21
15
15
579
12
7
14
1604
9
13
34
57
8
13
177
25
12
11
11
47
11
69
14
9
69
21
19
7
9
16
14
45
14
25
14
16
18
58
10
15
12
12
20
178
12
5
6
19
27
8
10
8
18
37
7
24
14
14
15
28
11
22
19
22
15
9
8
10
5
8
22
7
24
11
14
20
59
22
18
11
20
31
8
8
4
16
9
347
11
24
5
71
11
14
20
22
28
5
11
11
25
9
7
76
13
39
23
21
6
31
14
3
31
4
23
7
31
17
35
8
6
19
24
3
19
28
17
14
11
14
17
17
7
14
38
19
7
3
5
10
20
6
84
26
8
7
16
6
10
10
20
10
9
10
2
9
14
14
4
16
8
6
19
19
12
46
23
15
90
24
39
44
47
20
63
27
7
32
8
8
8
9
20
17
23
35
16
11
26
20
7
6
14
34
17
17
7
36
13
18
21
15
87
25
18
11
8
21
9
21
4
18
23
8
20
11
18
7
28
52
9
6
9
18
7
4
15
8
9
9
10
8
21
29
8
12
19
11
38
15
3
17
23
29
13
14
21
7
14
7
183
28
15
47
12
17
31
5
12
5
15
5
4
7
14
13
14
11
11
11
4
13
20
6
19
21
9
18
6
9
11
14
17
18
11
18
18
15
14
14
6
14
11
17
16
12
13
14
6
12
11
4
14
27
7
19
12
28
14
11
10
13
11
6
53
13
10
7
7
10
12
15
24
12
11
8
6
2
11
9
6
11
160
64
15
23
7
31
14
6
18
10
14
8
7
5
28
23
15
28
5
14
31
7
13
6
29
10
6
18
7
12
13
8
17
12
30
6
17
8
9
3
16
11
11
27
9
12
5
12
9
17
5
6
17
45
7
7
11
6
18
13
32
14
28
10
14
16
24
38
9
41
8
10
15
11
5
18
8
13
160
25
16
20
22
6
5
19
11
7
25
12
25
32
5
9
6
26
4
23
40
2
15
3
6
23
40
7
5
52
7
19
11
17
5
10
15
6
20
32
15
26
44
10
7
22
17
19
16
4
72
22
27
190
6
18
15
16
36
8
10
13
10
5
6
15
5
32
21
5
10
10
6
13
13
14
46
73
21
15
10
19
13
9
12
3
10
9
20
15
7
7
6
13
12
5
14
12
18
100
10
62
9
16
12
12
8
11
9
21
4
6
8
3
4
11
13
18
7
16
11
22
25
19
13
17
12
10
6
12
12
29
8
10
9
20
24
14
12
5
10
11
8
48
5
13
8
19
10
9
11
11
26
56
27
29
72
11
28
16
9
16
6
9
5
31
11
12
25
9
7
26
7
36
39
10
5
9
47
17
10
8
19
19
13
35
60
36
11
84
91
14
12
8
11
14
6
6
6
15
11
12
23
23
28
16
24
11
11
19
19
30
34
6
13
12
7
20
147
48
23
10
8
25
13
39
7
38
15
13
11
5
9
21
92
7
11
14
23
44
9
40
1317
11
83
17
41
10
20
41
10
4
7
367
10
13
235
42
5
19
7
16
6
6
28
11
13
11
14
23
16
41
30
9
6
15
17
8
9
9
12
11
10
115
11
24
80
20
17
464
25
45
8
11
17
34
5
22
14
9
20
28
35
18
13
15
8
14
12
20
22
1
4
10
57
9
22
11
5
36
31
12
8
11
7
5
26
13
21
12
21
17
7
30
29
24
11
14
20
15
5
9
34
6
12
7
23
9
10
665
6
30
12
4
6
26
10
8
30
8
15
8
7
5
18
23
19
34
14
14
52
12
14
49
14
12
124
29
6
30
12
10
7
70
8
10
39
12
27
13
6
17
12
28
19
20
29
9
20
11
21
23
8
12
44
8
27
15
50
17
22
6
8
11
14
26
23
17
9
47
7
27
23
6
16
24
11
13
14
16
15
20
12
16
13
21
10
12
22
5
10
58
14
17
27
4
20
10
10
11
143
19
19
10
6
5
11
11
9
17
3
24
19
20
15
12
3
18
36
41
4
11
65
17
15
16
12
9
17
18
23
30
14
13
20
7
13
8
6
22
17
23
15
586
14
13
5
100
10
27
43
14
12
24
18
14
8
9
16
15
24
15
11
14
7
11
7
7
17
6
13
6
17
17
9
7
4
9
14
10
15
5
21
2
16
9
7
9
7
11
19
11
18
17
13
20
12
7
17
151
13
6
15
15
18
19
125
13
10
11
9
1
16
7
9
119
31
326
83
9
14
9
8
8
10
7
16
24
2
7
15
9
70
12
7
8
6
10
4
6
13
9
14
19
18
131
10
529
6
11
4
20
23
4
16
18
33
8
14
6
19
7
19
12
18
6
8
20
48
19
21
7
11
8
15
7
101
45
17
11
11
33
13
9
28
4
33
24
48
11
10
12
36
39
18
13
11
10
21
8
16
8
17
5
12
11
9
7
9
16
25
3
23
11
17
9
33
16
22
13
16
15
5
11
26
21
6
29
11
19
15
138
9
12
13
15
43
50
21
8
12
8
11
13
13
22
10
26
17
14
10
10
24
9
18
17
19
45
23
28
4
7
20
25
12
15
16
6
5
27
13
25
25
29
32
7
5
259
22
37
43
21
15
16
47
16
24
10
17
15
12
43
32
18
13
14
5
11
3
9
6
24
7
10
8
11
15
7
12
9
13
10
9
20
10
21
15
5
12
2
9
14
113
13
6
8
14
11
21
26
14
7
7
7
14
8
12
37
6
5
13
15
12
10
162
10
14
22
18
31
9
61
16
12
12
3
15
10
11
17
8
10
5
8
29
9
6
7
11
13
21
6
11
8
12
15
20
16
14
10
12
44
9
18
8
16
16
8
9
24
7
8
12
6
16
13
18
15
22
47
9
10
21
8
17
10
6
14
8
6
7
9
11
10
12
9
10
22
13
4
15
21
32
10
8
12
28
22
20
1774
8
3
10
12
4
14
40
8
7
17
9
9
24
13
32
7
28
13
6
15
8
17
9
12
22
11
8
17
9
6
10
14
19
34
13
17
26
7
13
17
8
12
8
91
18
10
62
11
13
12
5
18
10
13
9
7
8
10
8
37
3
14
18
8
32
22
13
12
4
7
45
21
20
12
8
9
12
8
16
10
17
14
11
9
21
11
14
7
7
19
13
10
14
6
14
18
14
9
11
10
29
4
20
13
17
7
9
46
13
201
29
11
29
17
15
6
38
16
13
11
9
21
11
4
10
14
8
23
15
16
20
6
17
9
16
29
25
6
6
14
35
19
13
9
26
12
3
25
61
8
24
33
14
35
16
46
13
17
17
6
15
24
17
9
17
20
15
5
14
39
18
25
6
5
11
40
11
15
7
10
16
27
13
12
13
28
7
36
10
30
7
12
6
11
11
9
6
7
14
107
5
9
28
52
91
9
23
21
9
8
23
5
4
15
10
9
15
33
8
7
13
6
4
8
26
13
12
73
23
12
4
8
27
53
6
17
21
12
18
9
8
56
24
8
11
14
9
12
5
16
13
35
2
19
8
18
19
11
13
4
15
24
10
9
12
15
10
15
10
9
14
9
14
12
7
8
17
3
13
13
9
9
14
15
25
10
17
14
21
10
15
13
15
12
19
14
22
11
14
21
50
28
20
11
12
39
5
7
5
17
16
19
5
16
14
8
11
9
4
6
9
16
8
11
12
13
16
18
12
8
13
19
18
156
13
10
19
8
33
11
23
15
13
11
6
18
18
9
23
75
13
12
20
44
44
5
78
12
12
21
5
8
16
14
23
18
30
10
10
19
18
7
13
37
17
4
2
9
9
5
12
8
25
180
16
8
24
12
16
10
16
6
16
24
3
9
13
10
24
15
23
22
16
29
21
21
3
22
16
8
4
4
14
4
14
12
5
9
6
9
11
8
70
11
14
10
11
14
16
12
49
6291
8
47
6
8
18
9
26
7
19
12
15
8
66
17
11
8
9
13
8
13
18
9
22
5
12
12
10
12
9
11
14
8
15
10
14
11
26
16
16
6
6
18
15
72
13
10
14
9
9
15
43
15
12
7
3
7
18
18
73
9
12
11
32
12
11385
9
10
14
36
31
28
9
12
16
14
14
11
19
12
10
13
16
7
75
11
13
13
7
13
14
9
46
16
17
17
167
21
8
28
19
7
9
9
4
10
7
3
10
25
41
14
11
12
14
9
12
16
12
14
29
11
17
7
12
25
5
154
18
12
10
23
31
12
61
11
17
9
10
22
17
82
21
8
59
23
18
4
11
11
21
35
18
12
8
9
69
26
14
12
24
8
7
8
18
11
8
10
17
11
9
8
13
20
3
5
119
5
15
21
59
44
25
15
13
7
17
10
8
20
24
11
11
9
6
28
9
25
5
10
8
23
8
14
12
13
10
11
7
15
18
9
16
12
8
32
10
10
21
17
48
10
15
11
5
8
7
12
50
15
37
13
27
16
8
27
16
13
9
23
7
18
9
11
23
18
22
24
5
18
15
22
20
39
18
7
16
10
9
26
6
13
9
29
8
19
5
6
9
20
24
10
6
17
8
4
8
20
3
8
9
13
45
11
4
7
14
32
28
19
11
19
11
20
10
26
13
7
41
4
18
19
6
89
57
8
26
35
15
19
8
8
28
5
16
9
23
9
30
6
8
14
6
9
7
15
11
35
15
17
7
9
17
20
5
19
10
6
20
11
33
5
71
18
16
27
30
10
20
16
6
25
29
20
6
13
8
19
5
9
9
51
15
13
10
14
9
11
16
19
18
14
9
9
10
28
22
16
9
18
8
10
13
5
15
9
25
7
8
27
21
5
32
9
8
14
16
10
6
19
21
17
4
8
20
6
6
4
21
23
12
10
11
15
13
13
238
9
14
9
17
54
30
13
15
18
4
11
8
5
10
10
7
13
14
15
10
9
10
277
10
57
25
16
15
4
5
12
32
23
11
9
15
23
14
39
19
8
676
11
23
10
13
5
28
10
6
10
6
24
18
19
27
20
11
5
7
6
19
10
15
17
6
11
20
30
29
6
18
13
25
14
211
9
24
11
21
2
12
25
28
8
18
15
8
11
10
8
9
17
15
24
16
17
35
59
41
6
15
31
14
17
18
4
10
26
25
21
9
21
8
4
112
11
37
9
11
16
91
13
12
11
18
29
14
50
19
51
10
8
17
9
16
20
20
10
9
21
14
30
15
11
11
38
27
13
31
7
5
3
24
28
29
21
26
12
10
40
8
12
15
13
8
5
38
13
13
23
10
8
7
8
33
20
19
10
11
8
245
19
5
19
50
7
17
16
13
12
13
13
18
3
7
14
9
10
11
11
10
17
9
7
9
13
9
7
12
7
13
20
12
5
10
7
45
20
10
10
18
20
10
22
4
2
9
7
6
23
20
19
9
10
257
13
30
20
4
43
12
5
10
13
21
33
22
14
8
23
17
11
28
13
21
9
8
4
44
10
24
15
13
9
14
33
9
29
10
14
32
18
28
14
8
11
9
15
8
15
7
16
5
38
17
21
36
10
7
28
8
12
15
18
26
11
28
19
41
9
12
10
11
14
13
50
11
9
29
7
6
22
23
13
4
9
34
9
7
6
8
23
16
49
27
23
4
16
28
12
21
21
7
26
14
21
20
17
6
49
18
11
16
47
25
5
6
17
11
10
9
6
14
3
4
10
20
83
13
20
7
3
5
16
15
4
27
9
12
5
39
12
19
14
33
21
12
448
13
17
16
39
54
9
14
91
21
22
8
15
8
26
13
19
17
11
18
12
18
59
3
7
14
16
5
6
8
10
679
13
18
9
10
13
6
9
14
18
12
8
11
12
8
18
14
6
7
10
13
7
31
10
13
21
11
29
11
16
11
13
8
31
15
4
10
16
19
7
25
6
14
16
58
7
12
9
9
12
20
8
11
5
23
16
9
27
15
5
14
15
8
11
31
12
8
5
15
11
7
8
24
6
43
41
6
26
9
16
13
4
26
10
15
13
15
17
20
21
27
57
4
4
34
16
8
18
5
12
12
19
7
36
14
13
26
4
17
66
17
39
9
29
9
24
10
5
14
9
30
38
12
15
16
27
16
10
15
16
26
12
10
8
14
24
8
11
8
6
14
18
2
12
17
31
5
21
13
36
19
10
14
21
10
9
16
6
35
81
15
4
7
3
12
21
14
17
249
9
20
16
7
17
6
5
32
10
5
292
9
10
16
13
16
4
32
59
10
28
15
32
126
25
43
9
27
2
5
50
3
12
91
15
17
16
11
28
17
7
5
58
12
7
12
13
12
10
13
30
8
19
16
13
3
9
22
14
11
14
20
7
11
43
29
11
12
14
14
19
29
14
13
6
8
8
5
17
30
41
45
13
8
13
17
4
15
13
14
6
37
12
14
9
33
13
25
27
7
9
3
27
7
16
23
10
4
17
14
11
22
6
14
10
9
6
4
29
8
45
18
14
25
47
16
9
14
17
17
23
12
34
24
8
49
40
25
11
13
3
21
20
6
17
4
32
8
19
12
11
11
5
17
59
54
12
32
21
10
9
8
8
18
15
6
8
10
16
8
21
8
9
17
14
8
25
11
22
4
14
8
12
21
103
10
4
36
16
17
63
6
7
10
16
11
12
11
13
4
59
87
14
25
2
20
24
26
5
5
50
9
16
13
16
9
10
31
2
6
10
16
9
19
9
19
25
13
5
27
20
2
22
7
31
14
29
17
63
13
23
5
15
38
25
12
15
5
23
62
8
4
5
13
14
14
12
13
6
6
10
8
21
15
17
184
9
32
5
20
32
15
16
13
8
7
3
24
14
24
17
14
19
28
12
14
18
10
16
20
9
9
15
27
17
10
13
23
13
98
6
6
13
16
23
8
15
11
13
3
4
15
20
17
12
9
11
23
26
15
22
4
9
10
21
10
9
18
10
9
34
14
8
12
10
8
6
56
9
12
5
8
17
20
13
177
6
4
18
9
168
30
17
8
24
7
24
12
39
3
15
43
7
23
168
27
9
10
12
11
15
13
11
3
15
18
17
12
16
14
11
21
5
24
31
40
11
8
98
35
16
20
27
14
12
10
10
69
6
18
4
17
13
31
12
28
141
11
10
12
8
10
68
5
12
19
9
23
9
18
49
11
12
18
7
41
5
63
34
7
5
11
15
11
9
12
14
37
32
8
6
12
13
22
16
28
29
22
9
12
2
10
2
6
5
7
11
65
32
3
55
26
32
13
8
2956
15
5
56
44
16
28
8
21
24
13
38
6
19
10
17
28
23
17
9
26
9
18
31
17
7
6
13
23
9
13
11
14
11
16
13
18
4
35
26
9
52
19
11
13
19
15
9
34
11
5
13
20
7
11
529
8
12
8
6
26
17
7
27
17
30
31
18
25
15
11
54
27
17
9
9
9
8
267
25
16
12
12
18
19
12
13
25
24
10
11
10
21
11
9
13
9
21
44
11
17
18
21
12
359
32
18
12
12
10
22
16
16
22
131
21
25
6
9
7
24
10
13
4
31
4
96
7
37
26
5
22
18
10
5
6
11
14
41
16
8
9
12
32
6
8
20
36
15
37
12
24
47
11
9
12
22
23
25
25
8
12
27
10
7
7
13
15
11
30
7
21
9
6
24
104
33
19
18
5
8
8
20
9
13
9
13
7
13
7
15
8
9
6
11
15
28
11
8
15
2
12
41
13
10
12
23
15
8
7
24
37
5
39
12
12
12
15
18
4
7
21
12
14
16
21
12
11
9
9
7
48
20
11
18
31
15
6
11
10
27
8
26
14
17
16
16
7
20
52
17
7
14
64
16
16
12
8
10
11
12
213
4
21
8
23
12
58
13
11
14
19
6
26
8
14
7
13
19
31
13
4
13
12
32
28
3
7
11
14
25
12
5
7
69
9
15
39
8
6
30
9
14
13
19
6
6
12
10
85
43
8
22
12
20
15
10
15
19
3
13
14
12
9
10
10
24
19
22
34
9
17
4
6
8
12
15
58
8
11
25
39
14
11
26
14
11
9
19
11
5
11
3
16
5
6
8
20
9
42
12
19
15
124
8
12
3
8
7
14
14
24
21
10
10
26
14
29
23
10
11
25
25
32
8
9
18
16
14
17
11
4
11
84
4
17
3
130
9
32
17
12
15
355
3
38
11
31
51
8
16
7
27
14
13
15
14
10
8
11
30
14
7
26
5
11
17
23
17
26
9
20
16
5
32
30
21
14
8
11
10
10
16
10
11
51
15
17
18
12
21
10
16
8
12
17
29
81
3
31
8
50
4
10
7
14
11
9
9
16
15
10
11
10
9
22
9
66
10
19
7
10
8
20
13
16
9
17
12
23
9
25
10
12
22
23
22
24
46
21
7
7
9
23
12
6
9
15
13
11
18
21
17
19
17
18
8
9
13
7
7
15
12
13
11
11
6
4
59
8
19
15
15
21
7
26
10
12
16
3
5
6
12
9
11
17
10
12
17
20
8
24
13
12
25
24
12
18
29
19
20
14
21
17
9
15
7
8
5
19
24
21
4
19
14
40
5
5
32
10
145
14
10
14
7
21
12
10
7
8
7
10
12
11
14
22
10
13
12
17
5
6
11
13
12
11
24
17
6
8
25
7
12
8
11
8
31
9
22
38
10
5
19
19
20
11
20
10
15
16
14
21
29
21
12
9
19
9
29
17
21
6
10
11
16
63
11
97
8
15
14
14
15
11
16
10
10
9
10
14
5
5
12
13
15
33
16
10
12
17
10
12
7
6
14
22
11
8
6
18
11
10
60
12
8
113
40
15
27
9
8
14
13
29
12
9
11
4
35
14
10
29
8
7
11
5
26
18
16
12
29
9
28
6
20
15
7
10
15
8
20
13
52
8
5
21
40
19
13
39
11
6
7
6
10
11
9
9
13
12
6
9
16
14
7
59
4
17
11
66
7
13
21
60
5
16
28
22
34
28
12
8
10
14
13
15
11
34
8
13
25
35
85
13
34
15
6
16
16
9
8
5
22
6
15
45
12
27
8
20
913
5
22
15
14
9
6
3
13
11
13
8
25
13
17
16
30
10
9
6
5
18
23
31
31
15
7
13
8
12
5
20
19
24
55
9
8
24
9
12
14
5
14
15
13
10
18
14
17
7
84
19
14
11
14
16
50
21
50
4
9
18
15
15
12
8
10
6
10
3
11
21
12
27
6
15
8
14
4
8
4
8
10
12
11
10
52
14
26
14
19
32
10
4
12
15
11
5
9
47
7
12
12
18
32
4
9
16
167
14
16
5
8
14
7
9
695
25
5
27
23
16
9
21
8
24
17
82
10
20
25
2
11
10
5
9
13
31
15
123
4
10
13
20
9
11
13
236
15
40
33
8
15
5
15
30
9
17
8
11
3
14
15
7
13
50
10
11
14
23
12
15
8
4
18
28
9
16
15
11
18
124
4
12
16
10
20
12
15
21
42
27
10
19
6
7
25
5
19
13
9
10
10
35
14
16
200
11
5
12
19
7
18
4
3
9
7
30
33
20
8
13
12
68
39
19
15
12
22
11
4
9
31
23
10
29
7
5
8
23
16
9
69
16
11
40
10
26
17
21
18
9
9
12
19
3
10
7
25
22
9
8
10
41
20
7
13
4
29
16
17
10
9
131
20
27
17
16
8
15
1156
7
13
11
17
58
22
15
3
10
15
21
15
18
12
7
26
11
6
19
9
20
12
20
5
18
18
10
32
13
7
10
11
31
20
13
3
23
80
45
10
4
17
17
13
25
10
7
12
18
14
9
8
9
11
11
23
9
14
8
18
9
14
14
36
31
7
15
11
26
18
10
19
8
16
11
8
10
11
41
20
25
11
30
105
10
14
7
5
21
8
11
19
13
25
11
10
32
46
9
13
5
6
7
12
29
17
20
12
24
17
5
11
18
14
7
25
20
10
23
20
30
10
19
7
26
8
17
54
12
11
46
15
39
10
7
13
13
9
9
16
19
10
9
4
7
17
10
14
68
15
56
75
13
5
19
7
10
28
9
9
16
9
22
6
15
30
10
35
52
9
11
15
14
21
20
11
9
2
14
10
20
18
15
16
4
21
17
21
20
22
15
32
22
31
5
29
18
9
81
18
2
5
10
7
13
5
358
139
17
19
7
7
6
23
24
11
36
17
18
10
7
24
25
17
11
119
16
9
24
8
16
12
10
19
10
35
8
19
13
4
22
9
36
4
10
9
27
15
46
10
15
12
11
6
6
48
21
10
12
27
9
30
29
10
8
14
6
19
9
26
13
31
73
16
21
8
9
16
14
137
10
12
12
17
15
6
27
16
26
6
14
15
13
6
8
41
8
12
13
20
10
11
22
5
17
40
21
20
23
46
59
17
10
17
17
9
6
13
12
23
12
8
10
32
7
9
24
53
19
11
9
12
31
21
11
11
14
10
19
61
17
4
9
16
21
14
32
9
5
15
10
15
12
10
15
12
32
7
30
9
34
8
61
19
13
10
12
9
7
71
7
12
31
19
16
4
19
10
16
17
21
15
6
13
15
9
46
26
15
8
23
53
14
8
38
12
20
91
199
7
26
15
11
6
43
5
26
20
13
6
2
10
12
15
7
16
18
309
5
9
17
25
46
70
8
9
15
13
55
8
20
14
9
13
5
6
11
9
35
44
3
838
17
13
8
13
12
45
7
19
9
14
17
11
12
11
5
7
28
44
10
11
18
11
7
9
16
82
15
401
20
44
18
11
4
6
21
266
2
19
6
5
41
16
10
21
6
14
12
17
34
20
25
10
54
11
8
11
10
11
7
15
8
11
11
24
9
6
15
28
14
21
7
16
6
37
12
24
18
11
17
27
17
16
24
9
19
24
11
15
11
21
16
17
15
65
14
23
10
14
11
16
12
43
8
10
8
9
18
7
10
16
14
15
16
37
10
10
13
17
10
10
18
17
32
35
6
11
14
20
22
12
16
7
11
6
188
17
11
13
9
18
7
6
5
109
7
13
19
42
12
28
8
8
18
23
5
18
14
22
4
16
29
15
9
32
27
31
33
9
11
9
10
5
26
13
70
12
9
10
10
