11
11
11
2
102
7
5
13
3
13
1
7
10
8
22
3
10
8
1
12
5
25
3
2
5
16
3
26
4
8
3
5
3
1
31
14
3
5
18
3
18
25
3
2
4
2
6
6
14
5
24
53
7
9
1
2
8
6
103
2
3
7
9
7
3
14
6
11
1
8
8
7
1
3
25
2
6
3
13
1
2
11
3
8
30
13
8
14
31
42
4
4
10
10
5
1
6
5
17
3
3
5
5
22
26
5
6
7
3
5
1
24
1
5
1
1
7
5
3
21
21
5
17
8
1
19
6
14
17
4
0
5
14
3
5
2
1
6
6
4
43
15
14
1
9
4
3
12
12
17
2
4
3
13
7
40
4
19
3
5
5
8
24
2
4
3
1
11
7
6
12
2
2
3
10
6
29
1
0
3
2
11
5
30
17
5
26
40
4
2
11
10
9
1
5
21
17
17
8
2
2
12
3
0
5
4
80
59
4
2
6
3
123
3
9
4
3
2
8
8
3
17
6
15
16
5
3
4
2
7
6
5
9
65
6
5
8
5
12
3
1
7
6
47
2
7
2
8
13
9
7
23
7
7
1
3
1
15
90
34
2
1
4
21
0
3
23
3
29
29
4
37
31
59
57
46
4
9
16
10
10
22
17
15
7
3
1
4
54
11
3
14
4
2
4
12
7
3
4
7
98
18
3
26
2
26
16
5
11
15
2
12
2
6
5
3
24
83
22
1
9
12
3
2
2
0
8
4
11
6
6
2
7
14
3
17
3
8
1
14
6
13
2
0
3
1
3
6
14
2
1
0
7
17
2
5
9
3
37
11
11
0
7
4
4
7
26
17
0
1
1
6
6
2
2
5
2
12
4
14
8
2
10
25
7
143
4
5
4
3
6
3
10
1
2
3
10
4
6
26
3
3
7
8
9
5
4
353
1
2
3
13
1
9
3
28
3
7
5
5
5
5
7
10
4
12
6
30
2
3
12
25
0
4
4
28
12
4
16
0
7
9
2
90
7
5
2
8
11
11
11
2
2
3
4
4
4
9
3
4
4
12
4
63
15
9
5
1
0
40
2
5
11
2
14
5
20
9
6
6
6
8
8
2
8
7
3
5
11
600
73
11
2
5
13
8
12
16
7
3
11
11
11
2
102
7
5
13
3
13
1
7
10
8
22
3
10
8
1
12
5
25
3
2
5
16
3
26
4
8
3
5
3
1
31
14
3
5
18
3
18
25
3
2
4
2
6
6
14
5
24
53
7
9
1
2
8
6
103
2
3
7
9
7
3
14
6
11
1
8
8
7
1
3
25
2
6
3
13
1
2
11
3
8
30
13
8
14
31
42
4
4
10
10
5
1
6
5
17
3
3
5
5
22
26
5
6
7
3
5
1
24
1
5
1
1
7
5
3
21
21
5
17
8
1
19
6
14
17
4
0
5
14
3
5
2
1
6
6
4
43
15
14
1
9
4
3
12
12
17
2
4
3
13
7
40
4
19
3
5
5
8
24
2
4
3
1
11
7
6
12
2
2
3
10
6
29
1
0
3
2
11
5
30
17
5
26
40
4
2
11
10
9
1
5
21
17
17
8
2
2
12
3
0
5
4
80
59
4
2
6
3
123
3
9
4
3
2
8
8
3
17
6
15
16
5
3
4
2
7
6
5
9
65
6
5
8
5
12
3
1
7
6
47
2
7
2
8
13
9
7
23
7
7
1
3
1
15
90
34
2
1
4
21
0
3
23
3
29
29
4
37
31
59
57
46
4
9
16
10
10
22
17
15
7
3
1
4
54
11
3
14
4
2
4
12
7
3
4
7
98
18
3
26
2
26
16
5
11
15
2
12
2
6
5
3
24
83
22
1
9
12
3
2
2
0
8
4
11
6
6
2
7
14
3
17
3
8
1
14
6
13
2
0
3
1
3
6
14
2
1
0
7
17
2
5
9
3
37
11
11
0
7
4
4
7
26
17
0
1
1
6
6
2
2
5
2
12
4
14
8
2
10
25
7
143
4
5
4
3
6
3
10
1
2
3
10
4
6
26
3
3
7
8
9
5
4
353
1
2
3
13
1
9
3
28
3
7
5
5
5
5
7
10
4
12
6
30
2
3
12
25
0
4
4
28
12
4
16
0
7
9
2
90
7
5
2
8
11
11
11
2
2
3
4
4
4
9
3
4
4
12
4
63
15
9
5
1
0
40
2
5
11
2
14
5
20
9
6
6
6
8
8
2
8
7
3
5
11
600
73
11
2
5
13
8
12
16
7
3
5
4
4
8
2
2
76
3
20
0
4
6
12
1
24
5
2
103
3
2
10
9
2
8
15
0
5
4
9
7
32
13
17
2
8
69
0
9
10
66
2
9
4
15
8
8
5
11
22
2
6
5
4
2
15
6
9
7
3
3
21
16
4
3
15
3
11
3
6
32
16
4
5
3
2
31
5
1
10
3
0
9
4
32
34
7
3
7
4
5
6
3
3
6
4
6
8
4
7
4
3
3
7
1
7
3
6
6
5
0
11
7
2
3
4
11
9
8
6
2
6
5
2
13
1
6
40
7
11
3
4
4
23
5
3
6
2
12
9
0
18
4
1
105
5
9
9
9
34
4
4
4
8
17
13
5
0
26
12
7
11
2
15
9
11
6
39
1
4
6
1
14
4
6
330
1
5
4
11
72
8
5
4
2
4
13
3
3
15
13
9
2
7
105
9
6
3
5
11
5
2
11
5
9
4
3
33
11
5
362
0
17
3
4
4
3
7
2
5
23
10
5
4
20
28
28
133
9
7
3
6
11
9
15
6
3
6
16
10
4
27
20
2
4
47
5
7
3
4
1
9
4
7
4
5
3
0
6
13
8
5
0
12
4
22
5
6
3
3
7
16
5
6
16
4
2
2
3
7
2
8
3
2
15
17
8
4
14
7
3
5
10
7
2
6
1
3
5
37
24
9
7
4
2
8
5
2
8
4
2
3
3
19
2
9
2
9
145
8
2
15
212
0
5
5
12
1
0
3
10
3
0
7
3
2
6
6
1
0
2
10
6
3
12
2
7
5
7
12
10
17
39
10
2
14
4
13
1
0
7
2
6
3
7
5
5
16
16
6
4
0
2
3
7
132
1
5
2
16
7
14
13
77
4
3
10
3
28
6
19
4
1
6
4
8
8
1
5
5
9
1
5
9
2
23
3
53
23
7
0
6
3
5
5
4
6
5
4
3
17
7
1
7
8
1
39
5
7
14
7
21
4
23
7
9
19
9
5
4
30
5
3
1
4
43
9
8
2
15
9
3
10
3
2
5
4
4
1
10
2
956
6
3
4
2
11
5
1
15
17
5
2
7
2
1
4
2
23
3
88
6
6
14
10
2
8
1
0
17
8
5
1
3
4
4
1
2
10
28
47
1
6
11
8
3
0
24
6
3
4
2
8
2
11
2
4
6
1
2
5
36
13
12
1
9
1
103
18
26
16
5
4
5
7
52
2
3
2
2
2
26
2
4
8
5
9
43
46
13
18
17
10
3
3
8
144
10
12
13
1
2
6
1
15
3
9
12
24
6
10
6
4
3
2
13
2
5
2
5
4
11
4
6
44
7
2
9
6
30
10
6
13
4
22
8
6
4
5
4
12
9
6
15
7
3
34
1
69
5
12
2
10
4
3
1
15
2
4
9
11
7
5
10
1
5
26
2
14
4
8
7
9
143
9
1
0
6
3
6
1
13
2
5
3
7
4
17
9
13
5
7
9
4
18
398
31
3
6
4
21
26
5
9
3
15
11
7
2
5
5
3
9
20
190
5
0
48
6
3
4
7
12
6
13
28
17
24
2
12
7
8
14
112
1
49
26
1
10
0
11
4
8
2
2
8
4
8
4
1
7
3
17
1
1
8
4
3
5
2
13
3
6
12
7
24
7
0
3
3
15
19
5
3
8
2
8
37
5
9
7
7
10
27
9
0
3
4
5
2
5
13
3
4
9
4
21
2
10
0
12
4
3
3
28
15
6
0
13
1
1
24
4
4
17
11
2
16
12
5
2
87
1
15
5
2
2
5
2
5
1
4
11
25
11
3
14
5
13
5
5
13
4
8
2
8
8
4
8
16
1
19
7
7
1
47
15
7
8
22
7
2
5
9
20
29
41
16
67
18
1
31
4
2
4
8
11
9
9
16
1
4
6
18
15
13
10
5
8
21
7
11
6
13
11
2
5
13
92
10
4
2
2
1
5
10
287
2
16
6
41
4
10
1
11
1
6
5
4
8
4
2
70
15
4
1
5
2
18
1
29
1
14
2
3
2245
9
7
7
1
3
3
4
16
0
6
1
1
13
64
1
3
7
2
7
9
5
4
0
14
20
17
1
32
8
6
15
5
9
15
81
6
17
1
10
3
8
3
27
3
3
7
4
0
0
3
2
3
2
5
42
3
3
12
5
31
18
5
15
20
6
11
11
3
3
2
10
9
8
5
15
2
6
19
6
11
3
4
0
6
4
4
354
4
16
6
9
1
7
9
4
1
9
69
3
10
0
6
12
0
21
3
8
225
3
12
0
4
9
1
3
5
2
13
84
6
4
6
1
5
3
4
5
16
3
9
0
2
12
38
7
1
5
5
3
3
13
5
2
3
10
9
13
3
2
2
0
3
1
0
4
9
3
3
12
6
16
4
7
5
5
6
18
13
18
7
1
5
2
6
1
8
14
1
9
10
16
5
8
3
2
3
110
7
2
9
4
4
3
5
28
9
0
4
4
254
2
7
10
9
7
9
5
3
9
8
1
0
3
5
1
2
8
10
4
19
7
0
7
317
11
2
11
4
22
8
6
1
18
8
5
19
11
4
3
7
4
7
5
7
13
2
10
3
5
6
7
60
6
1
16
8
4
23
1
1
10
5
5
3
4
6
5
6
4
1
6
2
16
11
3
2
8
8
6
5
7
4
2
7
2
6
1
7
5
9
1
81
15
2
13
7
12
12
6
3
2
10
15
11
7
11
4
17
1
12
1
14
0
6
4
1
6
17
33
16
0
7
6
9
1
3
94
9
6
4
4
22
29
1
8
1
24
4
9
7
6
45
1
24
9
1
8
2
13
4
6
3
8
8
188
0
4
13
4
17
3
6
4
14
2
85
5
6
3
4
4
7
9
5
1
10
40
3
4
5
7
8
18
12
2
89
10
8
5
6
3
4
44
10
5
2
3
3
8
11
2
5
6
0
2
11
12
3
5
7
10
28
11
8
5
8
6
10
13
5
5
3
3
5
9
5
1
4
1
29
3
3
17
4
3
11
7
2
5
9
9
11
11
5
3
22
4
10
9
4
1
26
10
21
1
12
4
5
2
3
3
5
3
5
6
8
18
7
4
5
7
20
6
10
2
4
1
4
2
3
4
3
10
9
5
1
74
11
4
6
8
22
15
3
56
5
43
4
9
7
7
1
5
6
4
1
3
4
3
13
12
3
3
2
396
3
4
10
4
13
11
5
8
4
4
0
7
6
20
8
34
3
7
0
4
2
7
43
6
7
11
8
1
57
2
4
8
1
6
11
5
314
12
48
3
7
4
0
2
4
3
5
4
4
19
3
7
1
6
1
13
12
7
2
15
9
23
4
7
27
1
7
15
12
4
11
2
2
15
3
3
17
6
3
5
3
1
5
4
7
0
5
7
6
18
13
5
3
6
29
22
2
1
14
4
4
2
4
6
4
6
5
11
2
18
7
4
2
4
3
9
9
7
19
6
2
10
13
3
4
12
2
138
3
4
2
211
5
13
3
0
9
12
1
3
8
1
21
2
1
4
21
2
5
17
4
12
4
45
6
10
2
2
4
4
6
8
6
4
9
8
12
8
6
2
45
10
6
6
3
2
19
43
10
6
9
1
13
3
20
5
9
7
9
5
4
7
3
17
10
18
10
12
56
8
3
3
3
8
4
15
3
4
3
2
2
4
87
11
9
2
2
2
3
7
12
3
9
2
10
6
9
4
4
10
6
3
5
3
8
11
0
2
5
8
1
4
3
25
9
8
1
11
13
3
4
10
10
24
4
1
5
4
37
13
14
9
5
4
8
4
6
7
5
4
5
3
18
2
8
23
14
3
6
5
4
3
1
8
20
1
2
3
29
8
5
8
11
17
52
6
13
644
1
3
2
6
7
36
3
5
5
4
9
10
13
10
49
5
5
7
10
15
7
2
2
18
0
13
9
10
5
0
7
8
2
19
9
15
4
4
17
3
76
6
12
1
9
20
1
9
2
5
6
1
10
9
7
39
2
2
4
15
5
11
5
6
9
7
6
6
4
6
1
5
5
27
12
2
49
4
1
0
4
2
66
9
9
9
27
2
11
7
4
11
430
5
9
20
16
6
4
15
15
50
9
1
9
8
3
33
10
9
9
4
16
4
3
6
3
8
2
14
1
2
190
12
80
12
18
5
2
4
12
3
27
4
1
11
13
5
4
7
10
9
5
4
2
3
8
8
7
91
17
14
4
4
5
2
1
3
16
25
4
1
2
3
1
5
2
3
14
8
7
1
7
1
46
4
5
5
4
8
5
5
4
9
8
3
14
3
10
0
51
6
2
12
85
6
8
9
22
3
100
2
255
6
7
59
4
22
10
6
3
2
13
0
2
4
4
2
3
0
18
1
7
7
7
5
11
27
2
2
16
0
5
6
5
4
7
1
6
2
4
11
37
9
7
7
2
14
5
16
3
8
5
35
3
4
20
3
7
3
2
11
29
2
3
9
2
4
4
38
3
8
6
8
8
3
6
3
16
5
10
2
1
5
19
2
1
2
26
0
13
18
7
150
8
17
9
3
6
0
5
0
2
2
8
5
6
2
4
4
2
7
8
2
9
1
3
2
2
4
23
5
12
15
5
4
4
6
45
1
9
3
8
0
6
0
4
4
127
14
36
6
3
2
14
5
9
5
2
11
6
3
11
5
5
5
2
14
2
12
16
7
9
15
3
5
11
1
6
8
7
4
7
6
6
19
5
2
7
3
5
2
2
5
2
10
13
6
4
7
14
8
5
14
13
14
385
3
11
1
16
4
7
4
10
19
9
4
11
7
6
4
2
7
3
5
9
10
28
6
1
8
7
12
35
10
6
13
12
13
2
7
1
6
9
6
0
5
3
5
6
3
4
4
2
8
3
2
1
3
1
9
2
5
2
13
9
67
3
4
6
4
1
6
0
3
7
2
9
4
25
1
2
16
9
7
0
4
39
20
3
0
12
4
5
3
2
12
47
30
8
4
3
19
0
65
6
5
12
13
35
11
8
19
4
7
7
7
7
6
4
9
80
2
2
7
3
12
5
0
5
9
3
2
72
4
3
8
13
4
12
3
20
5
6
13
3
7
3
8
5
6
2
10
16
2
10
5
50
5
8
10
12
5
10
2
5
5
4
2
12
3
9
20
15
7
4
19
7
4
22
14
9
21
4
3
9
18
0
8
3
2
11
21
3
11
5
8
1
5
6
9
6
4
11
5
12
6
1
2
7
3
8
8
27
1
11
9
0
9
3
37
4
6
91
8
7
11
5
2
12
5
5
2
6
6
8
6
5
5
2
2
11
3
11
2
18
2
0
3
46
3
8
6
3
10
15
2
6
4
38
5
8
2
2
2
3
2
5
8
20
1
1
6
11
0
70
27
1
14
7
6
53
4
5
1
8
60
4
3
14
4
6
2
4
36
3
11
2
2
1
5
24
6
27
4
20
5
1
1
3
1
12
4
10
17
3
0
5
2
126
4
16
16
7
36
15
6
5
6
978
2
45
2
5
2
6
23
8
6
6
3
4
41
4
29
2
3
7
27
3
2
1
3
8
4
3
5
9
2
5
6
5
9
1
21
71
7
8
10
7
23
10
1
8
1
8
20
3
13
5
10
59
7
9
5
4
12
2
11
0
8
9
5
3
6
17
14
4
3
10
12
7
5
6
5
2
36
2
4
11
5
5
3
25
3
2
1
38
8
6
3
8
3
3
3
1
9
13
7
0
4
29
2
8
5
7
8
1
9
10
1
4
4
3
2
0
6
13
5
4
3
13
6
6
10
14
16
67
45
0
4
9
5
1
3
6
7
6
14
3
1
2
0
6
29
6
1
11
12
1
13
10
5
5
3
6
4
5
7
0
7
10
0
9
28
6
15
5
1
16
8
4
4
11
10
11
4
3
2
6
5
2
7
1
8
10
5
10
1
20
12
3
15
4
28
4
1
5
3
2
2
21
3
11
4
11
2
7
3
35
0
5
19
10
17
72
22
6
7
23
7
4
15
243
3
11
4
31
6
13
1
12
8
0
11
35
10
1
12
19
2
36
5
11
2
6
22
31
5
8
1
42
5
9
2
20
22
5
1
3
14
0
1
1
14
9
7
2
3
3
14
6
11
2
9
4
3
4
8
1
2
4
15
13
16
10
1
1
1
58
3
5
1
2
4
18
21
11
3
2
4
13
6
35
7
5
7
1
4
2
1
2
13
9
7
7
13
4
12
8
3
18
14
16
1
5
24
14
0
13
7
12
13
2
1
1
7
19
14
2
6
1
8
9
1
1
4
4
4
23
2
0
19
6
4
1
13
6
28
10
6
7
6
4
7
8
12
1
6
10
0
11
24
6
11
7
10
1
7
16
2
12
1
1
5
6
6
4
13
2
72
11
9
6
11
6
18
2
2
10
4
6
7
7
3
6
11
29
17
3
6
2
3
10
4
3
2
8
4
3
9
2
2
23
0
3
12
8
5
1
2
3
1
8
3
4
1
5
8
2
4
10
3
2
63
4
6
25
79
1
6
49
8
1
9
5
4
2
21
44
3
14
72
4
5
26
1
5
9
7
17
3
10
20
4
13
3
19
13
7
4
5
8
3
2
6
17
7
10
4
5
21
15
7
88
21
2
7
13
9
9
520
4
4
6
1457
5
7
26
45
2
1
129
18
6
6
9
30
2
52
5
3
52
13
11
3
3
3
4
27
5
15
7
6
7
38
6
4
4
3
12
143
6
1
1
11
21
2
5
1
4
22
3
14
8
6
5
19
4
12
13
15
5
4
4
6
2
1
13
3
13
7
6
7
39
7
8
3
13
17
6
2
0
6
6
292
3
13
3
52
8
4
9
10
16
1
4
1
15
4
4
55
6
27
10
13
2
19
5
2
20
1
14
2
14
7
21
2
0
8
19
1
8
12
9
3
3
7
11
8
4
6
29
5
4
0
0
4
12
4
62
14
5
3
7
4
6
4
10
3
1
4
2
4
11
5
3
7
3
3
10
10
6
29
15
5
69
15
26
30
34
10
43
18
3
17
4
4
5
2
5
10
10
27
11
2
10
11
2
2
8
22
10
10
4
26
5
9
11
6
65
18
3
5
1
11
5
15
3
7
12
3
9
6
5
6
17
30
5
5
5
13
2
0
8
2
3
2
3
2
15
22
2
7
7
3
30
4
0
11
17
18
7
4
14
2
11
3
157
14
4
35
4
7
19
0
3
2
7
2
1
2
4
3
7
6
3
7
1
4
16
1
10
10
3
12
2
4
6
5
9
11
5
12
3
5
7
4
1
7
7
8
10
5
6
5
2
8
4
3
5
16
4
4
5
17
6
8
2
4
3
1
41
7
6
1
1
4
6
3
9
7
3
5
1
2
0
3
4
3
132
45
10
11
3
18
6
2
8
7
7
4
1
1
14
11
10
15
4
3
20
1
2
1
21
1
2
9
2
7
5
2
9
7
21
4
8
1
3
1
7
4
6
17
4
3
0
4
4
7
1
2
9
31
2
3
7
3
10
10
19
7
13
1
5
13
12
21
1
29
2
3
9
4
0
8
4
9
113
13
10
11
10
2
1
13
4
4
18
5
13
22
1
2
4
15
0
12
29
1
4
2
1
17
24
4
3
32
2
9
4
9
0
1
5
0
9
16
4
19
30
4
1
11
3
7
9
3
57
11
17
158
2
9
4
7
26
5
3
7
1
0
2
6
1
22
14
2
4
6
2
3
7
6
34
53
13
11
3
9
4
2
3
2
5
4
10
5
2
5
3
4
8
2
2
7
9
79
6
37
3
7
5
4
5
5
5
9
2
3
4
2
2
3
5
10
3
6
6
16
15
8
7
11
3
4
1
5
4
17
7
1
3
7
13
2
4
3
7
4
3
33
0
6
6
11
5
4
5
4
17
39
13
24
57
3
14
6
6
10
4
4
1
22
5
5
9
3
2
15
2
19
27
6
1
5
32
12
4
3
10
13
7
25
42
27
2
65
75
5
8
2
2
3
2
1
2
6
5
5
17
10
16
6
13
3
4
11
6
21
16
2
6
2
1
10
109
33
9
2
2
16
8
28
4
20
10
6
4
0
2
14
75
2
4
8
13
22
4
32
1161
2
61
8
34
4
12
29
0
0
1
313
5
10
205
32
3
11
1
5
3
0
15
3
6
6
11
15
7
29
16
3
3
9
9
3
4
5
8
1
5
97
6
10
59
13
11
402
19
30
6
4
8
17
2
12
6
6
9
20
23
5
5
9
2
6
8
12
10
0
1
4
42
2
13
3
2
21
21
5
3
3
3
0
18
6
14
4
8
8
1
25
19
9
3
5
8
11
1
4
23
1
7
1
11
2
6
559
1
22
3
1
1
14
4
5
16
1
4
3
0
1
8
13
8
22
3
10
38
5
9
38
6
6
112
12
2
18
5
6
2
51
1
7
30
3
16
8
4
8
3
13
8
11
19
3
7
4
14
13
3
8
32
1
16
5
38
9
13
2
1
1
4
15
13
11
2
29
3
15
13
1
9
9
8
5
4
10
4
10
3
7
3
13
6
2
10
3
4
45
7
10
18
2
8
5
7
7
114
11
12
4
2
4
5
4
6
5
0
15
9
12
5
7
3
8
19
26
4
4
48
6
6
7
5
2
4
14
16
17
4
3
11
3
4
4
1
13
10
17
8
544
2
6
3
76
2
16
24
6
3
21
4
7
1
4
8
11
15
6
4
8
2
2
2
0
10
1
5
2
9
6
3
2
1
4
9
2
7
0
11
1
8
4
3
0
3
4
9
7
11
4
5
11
3
3
6
122
5
2
9
10
13
12
100
3
5
3
3
0
6
5
8
98
21
288
62
3
10
2
7
2
3
4
6
13
1
3
4
3
52
5
2
2
3
4
0
2
3
0
2
11
9
107
5
470
2
7
0
7
9
1
9
10
22
3
7
1
12
3
11
8
10
1
2
11
35
4
12
2
3
3
7
3
80
25
7
0
7
21
4
3
16
0
23
12
35
2
5
3
24
28
8
4
3
9
3
1
9
3
8
1
6
6
2
1
6
8
15
1
17
4
8
4
18
7
12
7
8
4
2
5
19
11
2
17
5
11
8
117
4
4
4
7
32
41
14
3
5
2
3
5
4
8
6
13
5
8
4
5
12
3
9
6
9
35
22
20
2
3
11
10
4
10
9
1
0
18
2
15
10
21
18
6
0
221
12
22
27
17
8
9
34
8
18
2
7
9
3
33
20
6
4
5
0
6
1
4
3
14
2
3
4
4
9
3
1
3
7
5
3
13
6
11
7
2
2
1
1
6
80
10
4
2
8
3
12
16
6
1
3
2
5
3
5
25
3
2
7
6
7
1
140
6
4
13
9
19
2
43
11
4
7
1
3
5
7
6
3
2
2
1
10
6
2
3
4
3
13
3
5
2
3
12
11
6
7
5
6
34
4
6
4
8
5
4
4
16
2
3
5
2
8
7
7
7
12
34
4
8
5
4
12
1
1
4
4
3
4
4
3
4
3
6
3
16
6
1
5
14
22
3
3
5
19
12
12
1595
4
1
4
4
1
4
27
1
3
11
4
2
12
2
19
2
9
7
3
8
2
10
4
4
7
6
1
8
5
3
4
5
11
23
3
10
18
2
4
12
3
4
2
73
10
4
46
5
6
4
1
8
2
7
2
3
6
2
5
24
2
8
6
4
23
12
4
4
2
5
30
10
9
3
5
3
2
2
6
4
7
6
4
2
13
2
7
4
2
8
4
4
4
1
3
11
8
5
4
5
16
1
11
8
8
0
2
27
6
169
19
7
14
10
9
1
25
9
6
6
2
13
9
1
5
7
3
15
8
7
13
1
9
5
8
11
11
2
3
5
23
6
8
3
14
8
0
18
44
0
16
20
4
20
10
37
6
7
10
6
8
10
8
5
8
12
8
2
6
27
12
13
1
2
4
26
2
4
4
5
6
13
9
5
9
17
1
22
3
20
3
9
3
6
4
3
2
3
9
85
1
3
13
38
64
6
6
12
6
1
13
2
1
5
5
3
6
18
3
3
4
2
1
3
13
4
8
62
13
8
1
3
18
37
0
4
15
2
8
7
3
41
15
4
5
5
3
7
2
9
9
20
0
13
3
11
14
3
7
0
10
15
3
4
6
12
6
9
3
4
5
1
6
6
4
4
8
1
5
6
4
0
2
11
15
6
5
8
13
5
5
7
6
6
7
9
10
8
9
11
27
8
5
3
2
30
3
2
2
12
11
9
2
5
4
2
6
3
0
4
4
10
0
2
5
6
8
8
5
3
9
8
5
130
4
5
10
3
19
3
11
7
6
2
0
9
10
4
10
53
3
2
15
26
22
1
51
6
3
9
2
2
8
5
12
8
20
1
4
9
13
2
5
27
12
1
0
3
3
2
9
5
6
154
8
5
17
4
10
3
7
2
6
11
0
3
2
2
11
6
9
17
6
20
9
12
0
12
11
2
2
2
7
0
7
4
4
5
1
1
5
3
56
5
9
3
4
1
5
5
37
5740
2
34
2
2
8
4
12
4
14
2
10
0
44
10
5
2
5
6
4
5
10
3
16
2
4
7
2
5
2
5
9
5
5
4
6
6
8
10
6
0
3
9
2
62
6
6
3
2
4
6
32
10
6
0
0
1
12
6
56
1
5
6
12
6
10292
3
6
9
25
22
24
2
3
4
7
5
5
8
8
7
1
6
1
65
3
4
5
2
4
6
4
31
5
7
8
141
9
5
19
14
2
2
2
1
2
0
0
3
11
29
4
4
3
4
3
3
11
6
8
20
5
7
3
4
13
1
128
6
5
4
14
17
2
47
4
8
2
5
7
9
58
13
3
38
13
8
2
4
4
6
21
7
3
5
4
57
19
4
7
18
3
3
4
6
4
3
7
12
2
5
2
10
13
1
4
93
2
7
12
40
32
14
4
7
2
13
2
3
14
15
6
7
3
1
13
4
14
4
5
4
7
2
5
2
7
4
6
1
6
8
2
8
2
6
23
5
4
12
11
30
2
5
5
0
2
3
5
33
8
20
5
17
5
2
18
8
3
4
13
0
7
5
7
10
12
12
14
0
14
8
15
10
25
11
2
7
3
5
12
0
3
3
20
4
7
2
4
1
6
9
2
2
13
4
1
4
10
1
1
2
5
27
5
0
0
9
26
19
11
5
3
6
13
1
15
7
1
27
0
9
10
3
64
42
2
12
23
8
10
2
2
12
1
5
2
13
3
19
2
3
8
2
2
2
8
5
25
9
4
1
4
8
9
1
16
6
0
11
5
22
3
59
14
5
14
17
4
11
8
2
17
19
13
1
7
1
9
1
2
4
36
8
7
6
5
3
3
8
12
7
3
5
3
6
16
12
9
2
6
4
6
3
1
8
6
16
3
3
13
13
1
23
1
1
8
6
4
3
10
9
4
3
2
11
1
2
1
16
13
3
1
4
10
9
6
200
3
6
3
11
38
21
8
11
7
1
6
4
1
3
3
3
8
4
8
2
3
5
216
4
34
12
8
5
1
3
5
15
13
5
3
7
14
6
27
3
0
571
4
13
6
6
0
16
3
3
7
2
12
7
8
20
13
2
1
3
1
7
3
7
9
2
2
8
24
17
4
6
5
11
9
179
6
13
1
11
0
2
15
19
4
11
6
3
5
4
5
4
8
6
12
8
10
24
42
29
2
5
19
7
8
12
0
3
9
16
10
3
12
4
0
89
4
29
3
4
9
69
9
2
4
6
17
6
32
9
38
1
5
8
3
8
12
12
2
5
13
6
15
6
4
7
26
19
4
19
1
4
2
13
10
18
9
14
6
4
30
4
4
7
5
4
0
29
6
8
15
4
3
2
2
19
12
12
5
4
2
202
14
3
8
37
1
14
10
7
3
2
5
8
2
2
7
4
3
6
3
4
10
3
1
2
7
5
1
4
1
7
13
7
2
4
3
34
7
4
3
11
12
6
10
1
0
4
1
5
13
9
16
5
2
221
4
21
15
3
28
4
0
2
5
14
26
12
7
2
12
8
3
19
7
7
5
3
1
29
2
12
6
8
4
2
14
3
19
7
7
18
12
14
4
3
4
3
2
4
5
1
5
1
25
10
13
23
5
1
21
5
6
11
12
14
3
20
12
27
4
7
2
3
7
3
32
4
4
16
1
2
11
11
5
2
3
22
4
2
1
7
10
7
31
12
15
0
4
16
4
9
11
1
21
5
9
10
11
3
36
14
3
6
32
14
3
2
9
5
4
3
0
7
1
1
4
9
59
9
8
4
0
4
12
5
0
19
1
1
1
25
7
9
10
22
12
7
372
7
7
7
23
39
3
5
65
12
9
1
11
7
15
7
13
7
6
7
8
9
39
1
4
8
9
4
3
3
6
563
8
4
3
3
5
2
3
5
10
5
5
9
3
4
11
6
2
2
3
8
2
27
6
3
10
3
26
4
5
3
6
3
19
4
1
3
7
7
4
17
3
9
6
39
1
6
7
1
6
8
5
5
0
10
10
5
21
5
2
4
6
3
6
18
8
4
2
4
5
4
5
9
2
31
32
2
18
4
6
5
0
18
5
8
5
9
8
6
12
15
36
1
0
26
6
1
12
1
2
4
12
3
25
6
5
17
2
6
51
4
21
3
12
4
13
5
1
5
1
18
21
7
7
11
13
5
4
6
8
16
4
3
4
8
14
3
6
3
3
8
6
0
4
8
15
1
11
5
21
10
6
8
8
3
4
12
2
15
68
9
2
2
3
5
12
5
10
218
5
9
8
3
7
3
1
25
1
1
240
4
2
7
6
8
1
22
39
5
20
9
13
104
14
26
5
11
1
2
33
1
7
77
5
4
9
5
18
4
3
1
40
7
2
7
3
5
5
4
22
3
9
4
7
1
2
13
6
5
5
10
1
2
26
17
6
4
5
8
8
20
7
5
2
3
4
2
8
18
29
34
5
1
2
8
1
5
7
4
2
28
5
5
3
23
6
11
18
2
2
1
18
1
8
10
4
0
7
7
5
12
2
6
5
1
2
1
14
2
33
7
2
18
30
6
2
4
8
9
14
4
21
13
0
32
22
18
3
8
1
14
12
3
9
1
15
3
15
5
5
6
1
7
44
48
4
24
11
5
2
4
1
11
8
2
4
4
7
1
9
2
1
4
5
3
17
7
16
2
5
2
5
10
79
6
2
24
11
8
52
2
3
3
8
2
4
2
6
1
39
51
5
11
1
13
12
10
0
2
36
5
6
2
9
3
5
13
1
1
4
5
3
7
6
7
11
1
1
17
12
0
9
5
13
5
20
14
49
5
17
3
9
33
11
6
5
1
13
46
3
2
1
5
5
8
6
6
2
1
5
3
8
3
7
160
4
17
2
4
23
10
9
6
5
2
0
17
6
11
8
6
6
15
3
5
10
5
6
8
4
4
9
13
9
6
7
11
7
75
1
3
5
10
10
2
8
4
6
0
1
8
10
9
5
4
5
16
15
7
13
1
3
6
13
3
3
9
2
4
20
8
3
5
5
3
2
45
5
3
3
4
13
10
7
151
1
1
12
5
125
18
13
3
10
3
17
5
28
1
7
27
4
13
131
13
5
6
6
4
6
9
3
2
4
9
9
3
6
8
7
15
1
15
21
29
5
4
80
19
7
11
15
8
6
1
3
57
1
11
1
6
7
18
4
17
110
3
5
5
2
5
46
2
3
8
4
12
5
7
32
3
3
11
2
31
2
35
23
3
2
4
7
7
4
5
7
23
21
5
1
9
8
11
7
21
18
15
2
2
1
6
1
1
2
1
4
54
25
0
37
13
21
6
4
2644
7
0
42
29
12
19
1
10
10
2
27
3
12
3
8
10
11
7
4
12
4
12
21
5
1
0
5
13
3
8
7
9
4
7
10
4
0
18
18
5
36
10
6
7
12
2
1
17
4
3
5
2
0
6
460
2
6
5
2
13
8
5
21
9
24
23
10
13
7
3
37
18
9
3
3
1
0
252
15
5
5
7
10
9
4
5
16
13
5
2
7
12
2
3
6
5
14
37
7
11
8
15
8
313
20
13
3
8
3
6
8
7
11
110
12
8
2
4
3
12
3
7
1
22
2
69
1
21
13
1
9
8
4
3
0
4
6
22
4
1
3
4
16
1
3
7
23
5
26
2
9
33
2
2
8
11
15
15
16
3
4
20
5
1
4
5
5
4
21
1
11
2
1
14
82
22
11
11
3
5
4
11
3
7
4
5
2
7
0
8
4
5
4
6
5
15
4
3
9
1
5
22
7
5
8
12
7
0
2
14
27
2
30
3
9
9
10
13
0
2
10
7
9
4
9
5
4
4
2
4
33
8
6
8
19
6
2
4
3
24
6
18
5
12
5
4
3
12
39
5
2
6
49
6
8
1
5
2
6
3
166
0
11
4
11
6
46
5
4
8
10
3
8
0
7
3
3
10
20
7
1
4
4
26
20
3
1
2
4
12
3
2
2
54
2
3
29
2
1
21
2
5
8
13
4
3
3
6
64
32
2
9
8
8
7
2
7
8
2
7
7
3
8
5
3
14
10
10
24
3
5
1
1
3
4
8
46
2
5
13
26
5
4
16
4
5
2
10
5
1
4
0
9
0
3
3
5
4
26
3
10
11
97
1
4
2
3
1
8
6
9
13
6
3
12
6
20
12
5
3
10
20
20
1
3
8
7
7
5
5
2
6
60
0
3
1
100
2
26
6
4
11
304
1
30
4
14
43
3
8
2
19
8
6
7
8
6
2
4
17
3
3
19
2
5
8
14
12
19
4
13
8
3
23
18
11
7
2
5
3
4
5
3
5
36
7
4
10
4
15
5
9
4
8
6
15
64
1
17
4
40
1
3
2
6
3
5
2
11
7
4
6
5
2
11
3
49
4
12
4
3
5
13
4
11
3
5
5
9
2
9
3
3
13
16
13
12
30
8
2
3
3
8
9
0
1
10
6
3
11
13
7
8
7
9
4
3
7
3
2
7
6
3
5
6
3
1
44
2
9
8
7
8
0
17
4
2
3
1
1
6
2
2
2
3
7
6
4
12
3
12
5
2
17
15
6
5
18
6
7
4
12
8
1
9
1
5
2
7
14
10
0
8
6
25
2
1
20
3
114
5
2
9
1
13
4
2
6
2
1
5
8
4
4
12
3
5
5
6
2
2
5
9
4
5
16
6
3
3
11
0
4
6
2
4
20
1
12
28
2
1
8
10
12
1
14
1
5
9
4
7
16
15
7
5
11
3
15
3
14
2
6
3
5
44
4
65
3
9
3
7
8
1
7
5
4
7
1
8
1
1
5
8
8
20
6
4
2
8
1
4
1
2
6
12
4
5
0
6
6
3
35
6
4
95
29
6
14
4
3
9
8
21
7
6
4
1
22
6
4
14
2
1
5
1
13
8
8
2
13
5
16
0
9
5
1
6
6
4
9
8
46
2
1
14
24
10
7
23
1
2
4
2
7
4
3
3
4
3
3
1
11
7
0
47
0
8
6
52
3
4
11
44
1
8
19
11
16
15
5
5
4
6
8
6
6
23
3
9
16
19
55
6
21
9
0
9
9
2
4
3
15
2
10
33
5
18
2
12
786
0
10
10
2
1
4
2
7
6
9
4
12
4
11
6
17
3
3
1
2
6
17
20
17
12
1
8
3
3
3
12
11
18
41
5
1
16
4
8
6
2
8
5
6
2
5
5
8
3
73
4
6
6
4
4
36
11
34
3
1
7
9
7
5
1
4
3
1
2
4
15
6
15
1
5
3
7
1
5
1
4
2
6
3
4
37
6
15
3
8
19
4
3
6
10
5
1
2
30
2
5
3
6
16
0
4
7
137
5
8
2
6
9
1
2
614
16
3
16
12
6
3
13
2
14
9
65
2
15
12
1
6
4
3
3
3
17
7
92
2
4
4
10
4
6
5
181
2
24
24
4
5
3
7
19
4
7
3
5
0
5
7
5
5
38
4
2
7
13
6
8
3
3
8
17
4
10
8
4
9
105
2
5
6
4
11
7
6
10
28
12
5
11
1
2
13
4
12
5
3
6
4
24
7
11
171
1
3
1
13
4
9
1
0
3
4
24
13
10
5
8
2
51
28
11
8
4
13
1
1
1
20
12
5
21
2
1
5
12
9
2
49
6
3
22
3
17
7
13
5
4
3
4
7
2
6
2
14
16
5
3
1
16
11
6
5
1
17
8
6
5
3
101
14
17
13
7
1
6
1005
3
8
4
7
42
12
8
0
5
8
10
7
10
3
3
13
4
3
15
0
8
3
4
1
9
15
1
20
9
2
4
4
21
11
11
1
17
66
34
4
0
8
6
6
14
6
2
8
11
6
1
1
2
6
7
8
4
8
1
10
3
6
7
22
19
1
8
5
13
9
6
9
2
7
3
1
3
4
25
11
16
7
17
86
4
5
3
2
11
1
5
10
7
14
4
3
16
30
3
5
2
1
2
3
20
11
11
5
15
7
0
4
11
6
3
14
8
5
6
14
18
4
12
0
16
2
9
41
6
7
32
5
26
3
5
4
3
3
3
12
9
3
0
1
1
11
2
7
51
7
35
64
9
3
10
2
7
19
4
5
7
3
13
4
6
20
6
22
37
3
6
7
4
9
12
7
2
0
9
4
9
6
7
5
1
13
14
8
9
7
5
21
12
20
1
15
7
1
76
10
0
2
3
4
3
3
317
118
8
14
1
4
2
13
11
3
22
8
11
6
2
11
11
11
2
102
7
5
13
3
13
1
7
10
8
22
3
10
8
1
12
5
25
3
2
5
16
3
26
4
8
3
5
3
1
31
14
3
5
18
3
18
25
3
2
4
2
6
6
14
5
24
53
7
9
1
2
8
6
103
2
3
7
9
7
3
14
6
11
1
8
8
7
1
3
25
2
6
3
13
1
2
11
3
8
30
13
8
14
31
42
4
4
10
10
5
1
6
5
17
3
0
2
18
4
1
9
36
14
7
0
6
24
15
4
3
8
4
8
39
7
1
1
6
13
8
20
4
3
5
2
3
6
4
12
2
23
0
23
2
19
0
43
14
5
4
6
3
5
48
1
4
20
11
7
0
11
7
4
9
13
3
2
4
7
5
38
16
6
1
14
38
5
3
22
6
9
73
162
0
16
10
6
1
26
2
15
10
3
1
0
3
4
4
2
6
9
272
1
4
3
6
37
52
4
4
10
8
40
3
10
6
1
5
2
0
7
3
16
30
0
722
10
4
3
6
5
28
6
14
3
6
7
3
6
3
2
2
17
31
4
6
9
4
2
3
7
59
9
348
11
27
9
3
0
2
12
227
1
7
1
1
27
9
3
13
3
4
6
8
24
6
14
8
38
8
4
2
2
3
3
8
3
5
7
14
1
1
8
15
4
10
6
10
1
23
2
11
10
1
9
15
10
3
15
7
12
14
3
7
8
7
6
7
6
41
9
15
3
4
6
8
6
32
4
4
2
3
13
1
5
10
7
8
10
24
5
4
3
5
3
4
7
9
14
28
2
3
9
10
5
4
10
3
4
2
159
7
3
10
4
13
2
1
3
84
2
11
8
25
6
19
4
7
10
8
2
11
5
7
3
6
18
5
3
20
17
16
21
5
7
1
3
2
16
3
55
5
1
5
4
