0
1
3
0
5
0
0
0
2
0
0
0
0
0
10
0
0
0
0
2
4
7
0
0
1
5
0
4
1
1
1
4
21
274
0
10
1
2
2
10
3
4
4
4
101
1
22
0
24
1
1
0
0
1
4
0
19
0
1
4
0
1
1
15
21
0
2
5
2
2
7
0
0
14
2
2
1
0
2
0
0
2
1
1
0
0
2
1
1
8
3
11
8
8
0
0
5
1
0
29
5
5
0
0
3
0
6
1
1
0
2
27
10
5
31
7
4
9
17
3
2
1
0
6
0
4
0
0
0
2
21
10
10
19
0
0
0
1
1
1
6
3
7
0
1
16
1
0
2
7
0
0
7
1
59
0
0
30
4
1
4
1
2
0
1
1
7
3
1
0
12
3
0
2
0
0
0
0
7
1
1
2
0
1
13
0
5
1
8
3
1
2
6
1
1
0
7
1
1
1009
0
1
10
1
0
4
2
0
4
1
10
2
0
3
8
4
1
0
3
0
0
10
4
31
3
0
32
0
0
9
0
2
8
2
2
2
0
5
0
4
2
9
0
1
6
5
0
0
2
0
0
0
14
1
1
10
0
8
47
1
1
1
1
4
2
1
0
0
0
1
34
1
0
1
1
2
0
1
0
1
4
1
5
1
1
1
0
1
14
5
58
1
0
0
1
1
1
0
2
4
5
2
0
0
0
1
7
0
0
1
0
13
0
0
2
4
1
0
0
0
0
6
2
1
0
0
16
25
1
12
0
2
3
8
0
1
3
2
2
5
0
5
4
10
0
0
0
1
2
0
2
26
1
1
38
0
8
0
12
1
0
70
1
0
18
15
2
0
3
0
2
6
0
0
1
0
6
3
0
1
0
1
0
5
0
0
1
2
0
26
1
0
0
1
0
0
0
0
2
4
0
19
5
4
11
0
1
0
0
0
5
2
0
0
4
1
2
45
1
2
0
0
0
5
1
10
1
0
103
2
0
1
2
4
1
29
9
0
1
21
2
1
1
11
0
1
1
54
7
6
0
6
0
11
2
0
6
0
89
0
0
2
1
0
45
12
1
0
0
3
17
1
50
1
0
0
7
0
0
0
268
0
182
0
7
0
0
1
1
0
3
1
0
6
1
1
1
1
5
0
0
1
3
0
5
0
0
0
2
0
0
0
0
0
10
0
0
0
0
2
4
7
0
0
1
5
0
4
1
1
1
4
21
274
0
10
1
2
2
10
3
4
4
4
101
1
22
0
24
1
1
0
0
1
4
0
19
0
1
4
0
1
1
15
21
0
2
5
2
2
7
0
0
14
2
2
1
0
2
0
0
2
1
1
0
0
2
1
1
8
3
11
8
8
0
0
5
1
0
29
5
5
0
0
3
0
6
1
1
0
2
27
10
5
31
7
4
9
17
3
2
1
0
6
0
4
0
0
0
2
21
10
10
19
0
0
0
1
1
1
6
3
7
0
1
16
1
0
2
7
0
0
7
1
59
0
0
30
4
1
4
1
2
0
1
1
7
3
1
0
12
3
0
2
0
0
0
0
7
1
1
2
0
1
13
0
5
1
8
3
1
2
6
1
1
0
7
1
1
1009
0
1
10
1
0
4
2
0
4
1
10
2
0
3
8
4
1
0
3
0
0
10
4
31
3
0
32
0
0
9
0
2
8
2
2
2
0
5
0
4
2
9
0
1
6
5
0
0
2
0
0
0
14
1
1
10
0
8
47
1
1
1
1
4
2
1
0
0
0
1
34
1
0
1
1
2
0
1
0
1
4
1
5
1
1
1
0
1
14
5
58
1
0
0
1
1
1
0
2
4
5
2
0
0
0
1
7
0
0
1
0
13
0
0
2
4
1
0
0
0
0
6
2
1
0
0
16
25
1
12
0
2
3
8
0
1
3
2
2
5
0
5
4
10
0
0
0
1
2
0
2
26
1
1
38
0
8
0
12
1
0
70
1
0
18
15
2
0
3
0
2
6
0
0
1
0
6
3
0
1
0
1
0
5
0
0
1
2
0
26
1
0
0
1
0
0
0
0
2
4
0
19
5
4
11
0
1
0
0
0
5
2
0
0
4
1
2
45
1
2
0
0
0
5
1
10
1
0
103
2
0
1
2
4
1
29
9
0
1
21
2
1
1
11
0
1
1
54
7
6
0
6
0
11
2
0
6
0
89
0
0
2
1
0
45
12
1
0
0
3
17
1
50
1
0
0
7
0
0
0
268
0
182
0
7
0
0
1
1
0
3
1
0
6
1
1
1
1
5
0
0
0
0
0
32
1
2
1
15
0
0
0
11
2
0
1
1
2
0
0
11
0
0
36
1
9
36
47
4
2
2
3
0
8
1
2
0
0
1
0
0
0
3
2
4
4
14
1
6
1
1
1
0
2
0
0
4
3
0
0
0
2
1
2
1
0
13
0
8
10
6
8
0
0
2
7
1
4
0
4
0
0
2
2
1
0
21
2
8
8
0
10
2
4
0
2
2
0
0
11
0
3
0
1
0
1
10
7
46
0
1
0
1
0
0
0
5
0
1
0
128
0
4
8
1
0
1
23
1
1
1
8
0
0
1
0
0
42
11
6
0
2
1
0
3
0
1
0
0
0
6
1
4
2
5
0
2
5
9
0
2
3
2
9
0
1
1
10
2
1
0
0
54
5
0
1
4
2
10
11
0
4
15
0
0
1
6
0
1
91
2
0
5
0
0
1
1
22
0
1
2
2
2
13
0
0
0
0
4
11
2
2
8
2
2
1
1
1
0
8
1
0
4
3
0
0
0
4
0
0
2
0
12
11
4
0
0
16
27
0
7
0
5
1
8
2
11
2
6
0
0
1
1
1
0
45
1
0
0
6
16
1
0
1
7
1
0
1
0
0
3
1
0
3
3
2
0
7
1
11
2
8
32
1
91
1
0
2
8
9
1
0
0
0
0
2
6
1
3
7
6
0
10
1
0
21
19
0
2
0
0
4
25
5
7
0
10
0
86
77
4
2
0
0
4
0
0
0
0
0
1
0
0
8
1
1
9
1
1
2
0
1
0
6
8
13
0
199
46
1
13
3
0
0
12
1
2
3
9
1
0
0
0
0
0
2
2
1
0
5
32
2
3
2
2
0
1
3
0
4
0
0
0
2
0
1
1
1
0
0
54
1
3
15
2
0
0
3
4
2
4
0
2
34
0
2
0
4
1
1
2
1
0
6
0
0
0
4
1
0
8
1
0
0
0
9
13
0
0
4
0
2
157
0
1
0
6
0
0
4
1
14
16
23
10
14
11
5
1
1
5
0
0
1
0
0
0
0
3
1
1
1
1
0
0
1
11
0
1
0
2
28
1
1
1
6
19
2
0
16
2
0
23
77
0
2
0
3
0
0
0
17
4
0
11
7
0
11
3
2
9
0
0
13
0
1
2
10
0
3
2
1
1
0
2
0
1
0
1
1
1
6
0
1
0
0
0
1
0
2
0
1
0
31
6
3
2
6
1
2
3
2
2
1
2
0
23
3
1
8
3
14
1
1
6
1
11
3
2
3
6
2
0
1
0
18
1
14
3
8
5
56
0
5937
2
0
1
0
1
0
31
0
0
1
3
3
2
3
4
2
1
4
3
4
0
0
11
0
0
1
6
3
1
2
3
0
1
1
1
8
3
0
6
0
1
116
595
2
0
0
7
15
11
0
0
0
3
1
2
2
2
16
3
0
1
0
4
2
65
3
0
5
2
0
0
0
0
1
6
2
1
14
1
0
0
0
4
1
0
2
2
3
50
5
0
0
3
0
2
0
2
1
0
0
4
0
3
1
2
0
8
1
0
4
15
6
0
1
4
7
0
0
0
5
2
1
0
2
105
1
4
44
9
2
1
13
0
0
0
0
5
3
26
36
0
0
0
1
16
1
2
10
3
1
2
0
0
2
0
4
29
13
1
6
1
0
1
0
1
4
1
2
0
0
3
0
0
0
4
0
3
1
1
62
1
1
0
0
4
0
4
0
1
7
31
0
0
21
8
2
0
0
601
2
8
1
0
0
0
0
0
1
1
1
22
0
2
0
1
37
0
0
75
2
0
2
20
12
2
0
1
2
0
0
1
1
0
4
0
1
0
1
2
1
3
0
8
3
0
0
4
4
2
13
0
1
3
2
1
2
0
0
0
1
2
18
2
0
2
2
17
1
0
0
1
10
1
3
0
6
1
0
0
0
0
8
9
3
5
3
0
0
0
0
3
0
1
13
1
3
0
6
5
1
0
0
3
0
0
6
0
3
2
3
0
0
3
0
1
0
0
3
1
0
5
5
4
2
0
18
13
12
0
4
0
0
0
0
0
1
0
4
5
556
11
10
1
4
0
1
1
1
0
0
2
2
0
1
33
2
0
0
2
0
0
163
0
0
0
6
5
1
1
1
9
0
5
0
0
0
13
11
21
0
0
4
2
2
2
0
0
0
0
2
5
0
0
0
6
1
0
6
0
0
0
1
0
0
3
0
0
0
0
0
6
1
1
3
4
1
2
0
25
2
1
0
0
2
0
0
0
1
1
0
64
4
1
13
9
2
0
1
5
8
61
37
0
0
1
1
1
24
0
17
7
0
0
27
1
3
14
1
0
1
1
0
0
1
49
7
0
0
3
0
5
3
0
1
11
3
4
0
1
1
8
13
0
1
0
1
4
5
0
0
2
3
1
2
3
0
1
1
1
0
3
0
0
0
0
2
0
1
0
7
0
7
10
1
8
11
2
0
2
16
6
3
1
1
0
0
0
0
6
2
2
0
0
0
0
2
7
2
0
0
0
52
1
0
2
3
14
0
1
17
1
2
0
0
29
0
3
2
1
6
2
0
0
0
0
0
86
2
575
3
3
1
0
2
4
4
2
0
1
3
0
0
2
3
2
0
0
0
0
3
8
16
2
13
2
2
1
1
1
1
1
13
3
13
0
6
1
4
29
4
3
1
8
33
0
0
0
2
1
0
1
0
2
0
4
0
8
1
0
0
2
0
0
0
1
0
7
0
2
2
0
0
0
0
0
13
0
2
3
5
0
0
2
0
11
0
3
12
0
0
7
0
3
10
0
0
5
0
3
0
1
0
1
4
0
0
3
2
31
0
0
15
1
0
6
1
2
3
1
4
4
1
2
1
1
18
41
1
0
1
1
1
2
12
4
18
0
0
12
1
1
1
1
1
5
1
0
2
0
4
1
0
9
2
0
0
0
3
1
133
15
0
1
252
0
2
1
0
1
1
13
0
53
7
4
21
0
0
0
0
0
0
1
0
24
1
0
1
1
10
2
0
1
0
4
21
0
3
0
0
1
1
0
5
1
1
1
0
54
0
2
1
1
5
1
1
1
4
0
1
0
27
7
0
1
5
1
9
0
0
0
0
0
2
51
1
19
0
2
54
0
0
8
1
0
1
1
1
0
0
0
0
0
3
10
0
1
0
59
0
0
0
3
1
9
0
5
19
0
3
24
1
1
7
2
19
1
14
67
19
10
0
0
0
3
0
18
10
1
2
0
3
1
1
2
1
4
3
3
2
0
1
13
7
2
0
2
1
1
0
1
1
2
0
0
6
0
0
0
1
3
5
1
0
1
0
2
0
0
1
0
0
2
1
3
4
14
0
0
1
0
1
0
4
4
0
1
0
0
116
2
0
0
11
3
0
26
1
0
3
2
4
0
2
1
2
3
1
2
2
1
1
4
1
0
1
0
0
0
1
6
2
0
1
3
4
1
0
7
3
0
11
0
0
0
2
3
1
1
3
0
0
1
1
0
1
4
0
0
1
16
0
0
0
0
111
4
18
0
9
2
1
2
0
1
0
0
1
0
3
3
4
4
0
13
1
1
0
3
1
9
0
0
0
3
2
0
25
2
1
2
1
1
1
36
12
1
0
1
0
1
0
2
6
49
6
0
5
0
0
1
0
2
1
0
1
0
0
3
1
1
1
25
4
0
0
3
11
3
3
0
0
0
8
0
2
0
6
3
0
5
0
5
0
0
0
1
0
14
0
15
0
2
33
0
8
0
2
1
15
3
0
1
4
0
3
1
3
0
0
30
0
0
2
1
0
0
3
1
3
1
0
0
2
1
4
0
0
1
6
0
2
26
0
0
5
0
2
2
1
0
1
1
93
0
0
11
2
0
8
2
0
0
2
75
0
90
3
1
0
4
4
2
3
4
3
1
12
5
2
0
0
104
2
4
0
1
31
1
2
2
6
0
1
1
0
0
0
0
1
2
1
0
1171
0
1
0
3
33
0
7
0
0
0
0
1
1
0
4
0
1
0
1
15
5
1
2
0
0
0
0
1175
17
94
1
12
2
55
0
0
0
1
4
1
0
0
1
2
18
2
12
5
3
1
6
0
0
0
2
1
0
1
1
0
0
1
5
1
3
0
10
0
2
28
0
5
0
4
1
2
73
0
0
0
0
0
1
0
0
2
19
1
2
1
0
0
8
48
9
0
0
0
0
6
2
0
3
0
6
0
6
1
3
0
0
1
0
0
0
0
3
0
4
0
0
0
2
2
0
0
1
18
8
0
2
2
18
0
4
0
2
6
1
0
11
7
5
1
10
2
1
1
10
0
1
6
0
214
0
0
1
0
0
0
0
156
4
3
1
0
2
2
0
0
0
2
0
0
0
13
0
1
1
5
1
1
0
0
0
0
0
2
4
1
49
17
1
2
8
11
16
0
14
0
16
4
9
0
3
0
66
1
0
0
0
0
0
2
2
2
1
5
7
0
218
8
6
0
0
1
2
23
3
0
3
1
1
13
120
0
2
0
0
0
2
3
7
3
8
0
3
40
0
35
0
0
5
0
9
5
0
0
0
1
2
5
2
0
1
1
0
0
6
4
1
2
77
1
8
16
21
4
4
59
8
0
8
738
8
11
2
0
0
0
8
0
0
0
0
1
0
1
22
0
5
7
0
0
0
0
4
0
0
0
0
1
36
4
8
0
0
11
6
2
18
0
22
25
7
2
4
13
0
0
17
1
3
0
1
0
2
0
23
0
0
0
3
3
42
1
40
1
23
0
0
3
2
0
4
1
27
34
0
2
0
0
2
0
2
2
1
10
16
0
1
5
22
0
0
0
10
27
7
0
0
0
1
0
4
1170
0
240
0
3
6
0
1
3
15
6
6
3
2
7
2
0
90
13
1
0
0
0
6
0
1
0
0
0
6
3
4
3
1
0
1
0
0
3
0
2
0
2
2
8
6
20
0
2
0
0
2
2
1
3
0
0
0
4
0
0
6
5
5
0
9
0
4
9
2
0
69
56
3
3
0
0
6
0
2
6
0
1
0
0
3
7
6
1
9
0
1
2
0
0
24
0
0
0
0
4
0
0
1
1
0
0
0
0
3
1
2
0
0
3
3
11
0
4
3
0
6
8
1
8
0
0
0
3
0
4
1
0
2
1
12
2
4
12
7
1
0
1
1
0
1
8
0
1
0
5
7
0
0
0
2
0
1
8
0
13
3
0
0
1
3
1
2
1
0
1
0
5
1
0
13
4
1
17
0
3
8
0
2
0
0
2
7
4
2
3
0
0
1
3
9
0
13
1
3
19
0
39
3
13
14
0
0
17
19
1
3
23
0
2
8
0
2
2
3
0
1
0
6
14
0
2
10
0
0
6
1
15
0
0
1
0
0
1
0
0
4
0
0
8
1
0
0
1
4
12
0
3
2
0
0
0
1
46
1
0
1
2
1
0
1
0
0
14
12
0
5
1
0
0
1
5
2
0
2
2
0
4
0
0
0
1
0
0
3
3
2
3
1
3
0
2
1
0
7
0
21
1
2
6
0
1
4
0
0
1
0
0
1
29
0
10
55
2
6
0
0
19
4
2
0
0
3
9
5
1
1
2
0
1
14
16
0
11
4
7
0
0
0
0
122
3
0
0
1
0
26
0
1
0
0
1
0
6
0
0
3
4
2
0
0
13
16
3
1
0
0
0
5
0
1
2
1
1
1
0
234
0
40
0
1
2
21
0
1
0
40
0
1
0
1
0
3
0
1
1
5
5
1
4
596
1
9
11
0
1
0
28
0
6
0
1
2
0
0
0
0
0
4
4
0
8
0
9
0
1
13
1
0
0
12
1
0
0
0
1
0
1
0
0
0
3
0
1
2
0
1
2
0
3
9
0
22
1
0
0
0
1
5
3
0
106
0
0
0
1
0
1
0
1
1
1
0
5
0
5
1
2
2
0
3
3
0
1
5
3
1
5
1
3
0
0
1
0
2
2
3
0
0
14
0
3
1
1
2
0
1
1
2
0
0
31
0
3
29
4
0
1
2
1
6
76
23
2
0
0
0
18
3
3
3
10
8
30
5
1
19
7
5
0
0
9
6
0
1
0
0
2
0
0
0
0
2
0
4
0
3
8
57
3
1
8
5
6
1
1
54
0
2
5
0
0
0
0
0
0
1
2
0
0
1
7
13
4
15
2
1
9
9
4
8
1
18
0
0
1
0
0
6
1
0
1
0
0
0
0
90
0
0
5
3
4
1
4
5
1
0
0
0
2
0
3
5
1
7
0
156
1
16
29
0
0
22
15
2
7
47
102
3
1
14
1
0
1
3
6
1
1
0
0
2
14
0
0
1
10
36
0
0
6
0
1
0
0
21
1
1
132
1
3
0
0
2
17
0
0
15
1
1
1
7
0
0
2
1
10
4
0
45
10
1
0
0
3
0
41
5
0
2
1
0
0
8
3
3
5
4
0
4
10
1
4
0
1
5
1
1
1
0
1
0
0
9
2
1
0
1
2
2
4
6
4
0
1
0
4
10
2
2
0
26
0
4
2
1
1
0
5
0
0
13
1
3
3
1
15
0
0
32
5
1
3
0
0
0
7
9
0
1
0
1
0
4
4
0
0
2
21
1
250
0
2
0
0
1
0
0
3
0
3
1
16
1
5
0
4
4
0
0
15
1
0
1
1
2
0
30
4
0
0
2
2
11
4
7
11
0
2
1
5
0
7
6
5
1
0
0
1
0
53
0
3
4
1
13
3
15
3
0
4
0
2
1
93
1
1
0
0
0
27
0
2
4
3
3
8
2
3
0
1
0
45
3
12
5
1
0
2
1
0
6
0
3
2
36
4
0
0
0
3
0
146
0
0
0
1
2
0
0
0
3
2
0
69
3
34
6
2
5
17
0
3
1
0
1
4
3
21
0
3
0
0
2
1
0
0
6
9
1
0
2
0
3
23
8
1
0
0
1
1
1
1
3
4
0
0
0
8
0
5
9
0
0
8
4
9
1
8
1
1
2
2
0
0
1
38
0
2
901
0
0
1
3
1
2
1
1
4
7
0
0
2
25
1
2
0
19
0
1
2
0
4
0
5
15
0
2
0
8
0
3
1
0
0
1
0
0
0
1
0
0
1
24
0
11
1
6
2
22
0
0
2
9
0
5
0
2
0
0
0
0
1
2
0
1
6
1
0
2
5
0
1
0
0
1
0
5
0
0
9
5
1
3
0
6
8
0
1
0
128
21
8
11
2
3
3
3
5
0
0
1
1
0
10
1
8
0
4
2
0
44
0
0
4
2
11
1
0
0
0
1
1
0
6
1
1
0
0
0
0
0
35
1
0
3
0
0
2
0
0
7
0
77
0
26
0
0
12
5
25
3
1
2
0
0
4
7
5
0
14
0
0
13
2
0
14
0
2
3
1
36
0
0
0
11
2
19
5
4
5
0
0
0
4
0
2
5
0
1
0
0
2
6
4
1
5
0
0
1
3
1
1
5
31
0
0
1
0
1
0
2
13
0
12
15
0
67
0
1
6
0
4
36
2
0
494
1
6
0
0
3
39
1
0
0
9
0
1
1
1
1
7
1
0
6
1
7
8
0
1
0
0
1
0
0
0
1
18
1
3
0
1
0
2
2
0
0
14
1
11
8
7
0
3
21
1
5
4
0
2
0
0
0
0
3
0
0
1
6
0
0
1
0
1
0
1
4
0
13
6
3
1
0
2
2
3
3
2
1
2
1
0
1
0
89
1
6
124
1
2
1
0
9
2
2
14
47
0
1
1
0
2
22
2
57
5
3
0
13
0
8
12
1
0
0
51
0
1
2
0
2
7
10
0
2
0
1
23
1
9
1
5
0
0
1
6
0
0
0
3
103
17
0
0
1
0
5
1
6
3
3
0
3
3
0
1
2
2
2
0
0
15
26
0
0
6
4
2
2
1
4
0
1
1
1
0
2
2
1
0
2
8
0
1
1
8
0
5
3
0
12
7
1
13
0
10
0
0
3
0
0
0
0
0
1
2
3
0
4
22
5
1
4
4
10
1
3
2
0
3
0
2
0
0
0
0
2
5
25
0
0
0
3
3
2
0
1
5
5
9
7
1
0
4
12
0
0
5
32
19
1
3
85
1
14
2
0
6
0
4
2
1
0
0
4
48
1
3
2
0
12
0
0
0
1
1
2
11
0
3
0
0
0
0
0
18
1
5
0
0
1
2
14
47
7
2
7
1
21
0
14
0
9
2
1
0
60
3
2
2
8
0
5
0
18
1
0
0
1
2
19
1
1
1
0
2
0
1
0
0
1
16
0
0
16
0
0
2
12
0
1
2
0
4
9
4
3
0
1
5
0
2
3
0
7
0
0
3
1
0
1
0
0
0
0
1
2
3
0
0
0
1
1
9
7
0
5
1
1
122
0
1
0
2
3
0
0
0
2
0
1
0
5
0
0
0
1
2
11
5
0
44
1
0
1
16
3
3
9
4
0
0
0
2
5
4
0
0
12
3
3
4
6
2
3
0
0
0
8
9
0
0
3
3
1
2
0
1
18
14
4
0
2
3
4
9
6
4
12
1
1
1
2
1
3
261
0
1
9
0
0
148
51
0
3
1
12
25
1
50
6
0
0
1
4
5
5
5
0
3
0
3
1
0
0
0
1
3
1
2
2
6
2
9
0
0
1
2
1
6
5
0
0
0
2
13
0
0
0
2
2
5
0
2
0
8
4
2
1
0
1
4
12
3
253
1
0
0
1
0
46
0
2
2
1
0
8
0
0
0
1
0
146
3
1
56
0
2
1
0
0
4
0
6
2
7
1
0
28
0
4
5
52
1
15
0
0
3
4
1
3
1
2
2
0
5
1
3
1
0
3
0
1
0
0
0
0
1
15
3
13
4
4
0
55
0
6
0
7
1
1
1
4
1
1
3
0
4
2
0
1
0
0
1
7
27
0
4
2
0
0
0
0
1
1
0
1
1
3
0
0
0
0
14
8
0
6
2
0
4
3
58
0
1
6
5
6
0
5
1
6
6
0
58
9
4
0
0
1
3
3
7
1
1
1
751
1
0
4
5
1
0
1
2
2
0
1
0
1
3
2
1
0
13
2
0
3
0
0
4
88
0
0
6
0
0
2
7
3
0
1
3
4
5
1
1
1
0
9
0
0
48
1
1
2
2
2
12
82
2
1
1
6
1
1
0
0
1
8
2
37
0
9
1
1
0
35
3
0
0
2
0
1
0
3
0
7
2
0
0
0
4
1
0
0
0
1
0
8
3
9
2
0
0
13
7
2
1
277
0
0
1
1
1
0
8
1
0
0
1
1
0
2
0
1
2
0
5
0
3
17
0
0
2
1
1
3
5
43
15
4
16
0
1
7
0
10
0
0
11
5
18
0
4
3
0
0
5
0
0
19
0
0
2
100
3
4
0
0
6
1
0
15
22
1
1
4
12
0
6
0
2
0
4
2
0
4
2
0
8
0
1
4
13
1
2
8
0
0
1
2
0
0
6
2
0
0
5
7
4
2
0
0
32
4
0
0
1
0
12
1
0
0
2
0
0
31
3
1
2
2
33
0
41
1
6
1
0
0
4
13
1
1
0
0
0
0
3
3
4
1
1
1
0
22
1
0
7
2
0
1
0
5
0
4
0
9
2
1
6
1
18
10
1
8
1
2
0
1
2
4
1
3
4
1
1
0
0
2
0
0
0
1
0
1
0
1
4
0
1
11
4
1
0
9
1
4
10
4
1
63
0
868
0
0
0
0
10
4
1
1
0
35
0
0
12
12
1
2
1
1
1
6
0
4
16
0
91
0
0
0
3
5
0
99
5
3
0
1
0
0
4
2
4
0
1
5
2
2
8
0
0
5
3
1
2
1
5
1
1
4
0
15
1
5
9
0
0
4
1
0
4
2
1
1
0
0
1
1
4
2
33
2
8
3
1
0
0
6
3
5
1
67
2
8
83
2
0
3
1
45
3
0
0
7
6
0
0
0
0
0
3
2
2
4
1
0
0
6
3
35
0
4
0
4
2
5
0
0
3
0
1
4
0
2
0
0
6
1
2
1
118
0
1
2
2
1
0
19
11
36
41
0
15
0
0
4
27
4
0
8
0
0
0
1
31
0
0
0
0
2
0
1
14
0
1
3
1
0
4
1
6
0
0
0
2
1
0
0
3
3
2
20
1
7
0
9
2
3
5
12
2
1
0
0
0
3
4
32
0
0
0
3
1
2
0
0
0
3
2
0
1
0
0
0
1
0
1
1
46
4
0
1
36
0
2
4
13
4
2
7
3
0
2
3
2
1
2
1
0
0
1
0
5
1
1
2
11
2
2
3
3
2
0
0
0
23
0
0
2
2
2
669
0
1
2
0
2
5
1
0
0
1
4
0
0
35
1
0
0
0
4
8
0
1
0
0
3
2
34
1
1
2
0
0
0
0
0
0
2
1
0
4
2
0
3
2
2
8
3
0
0
0
8
3
2
3
1
3
1
8
151
0
0
2164
11
3
0
4
0
11
1
2
0
0
1
29
6
2
4
0
1
0
5
1
0
1
0
5
4
2
0
30
0
0
187
0
0
3
0
66
2
0
2
0
1
3
2
86
1
11
2
166
2
8
3
4
1
0
0
62
1
0
0
1
0
20
2
5
0
4
5
0
0
2
0
1
14
0
0
0
2
2
1
3
0
1
2
2
0
618
4
25
0
1
9
1
6
3
0
1
3
3
0
1
1
0
0
7
10
4
0
1
6
0
6
0
0
12
0
3
0
1
1
0
2
54
33
4
2
1
0
1
0
0
0
4
0
0
0
6
2
14
3
0
1
0
0
0
0
1
1
0
0
0
0
1
33
4
1
3
3
0
6
4
174
0
0
0
4
0
9
2
0
6
0
0
3
0
0
0
3
1
2
21
3
12
1
0
8
6
64
0
1
3
0
2
0
0
2
12
4
0
3
0
2
0
333
1
8
207
1
5
28
0
2
1
1
2
4
2
2
0
0
21
3
4
0
1
27
2
0
0
2
0
4
11
4
3
9
1
2
1
0
3
5
9
8
3
33
3
3
0
0
0
2
2
1
5
1
1
0
18
6
11
6
0
9
5
0
3
0
1
7
3
3
2
8
1
15
14
2
1
0
11
0
0
2
5
1
0
2
105
0
5
0
0
0
0
0
0
0
8
10
2
25
2
0
5
4
0
8
7
0
0
0
0
0
1
4
1
6
0
1
3
0
2
0
1
0
2
2
2
0
10
40
4
2
1
8
0
2
1
1
4
0
4
1
0
0
1
20
0
5
1
1
1
2
1
1
1
5
0
1
46
2
2
0
0
189
4
2
0
0
1
0
0
6
0
0
946
1
6
8
0
0
2
43
648
0
2
2
3
0
19
0
4
379
0
2
2
0
240
0
0
0
0
0
0
3
2
0
4
0
0
0
0
1
9
1
1
2
0
1
0
2
3
8
0
1
6
2
0
25
0
3
2
0
1
1
1
0
0
2
12
2
1
1
3
12
5
0
1
0
3
1
5
7
0
1
5
37
0
0
64
1
8
0
0
2
0
0
4
2
0
0
1
0
1
93
2
6
0
11
16
3
3
11
2
3
8
13
26
2
17
1
0
4
0
16
2
0
1
54
2
2
6
12
2
0
1
1
11
10
0
5
0
0
5
4
0
0
2
0
0
7
1
4
6
4
26
0
1
3
0
2
0
21
0
2
0
7
119
0
0
9
0
2
7
1
1
3
2
13
2
3
0
0
3
0
4
3
0
0
1
0
0
1
4
0
22
12
0
14
13
1
0
0
0
0
0
0
6
2
1
0
2
0
0
1
8
0
2
9
3
0
0
3
1
0
1
0
4
5
12
0
1
5
1
2
0
0
0
0
5
0
1
13
1
2
1
0
2
6
0
9
1
0
3
0
6
1
8
0
11
0
9
5
0
1
5
2
2
0
0
1
9
0
0
0
0
2
1
0
0
0
1
2
1
0
1
22
0
1
1
2
1
10
0
0
0
2
37
0
0
0
0
13
0
0
1
0
128
14
0
0
0
23
0
1
1
0
1
0
5
1
32
1
25
0
2
2
0
1
3
0
3
1
0
1
0
1
0
1
7
0
3
5
0
4
3
4
1
0
0
1
1
6
1
45
2
1
0
0
5
0
1
6
2
1
3
7
3
0
2
0
2
0
16
1
6
0
0
54
3
1
1
1
2
114
0
0
0
1
0
4
0
1
0
0
0
0
2
11
3
0
2
9
2
0
0
0
8
0
1
3
8
0
1
0
7
15
16
0
1
0
2
1
0
0
0
1
0
1
0
0
0
7
1
0
3
0
1
1
421
0
16
8
0
0
1
14
0
5
0
0
0
3
0
43
0
0
0
1
10
0
2108
0
0
0
44
5
0
179
18
4
1
0
4
0
6
0
0
11
485
0
2
5
5
6
4
0
0
9
0
1
0
1
0
0
1
0
0
1
3
1
0
0
0
41
0
1
0
4
0
1
0
0
0
1
0
0
1
2
2
1
2
2
4
2
5
108
1
1
1
1
2
0
1
1
3
10
0
0
2
1
1
7
1
0
0
0
3
4
1
68
3
0
318
0
1
0
0
1
20
4
3
3
1
0
4
1
2
0
0
0
8
6
0
2
0
0
0
0
0
0
3
2
1
0
1
1
1
0
11
4
1
0
8
2
9
3
2
0
3
0
0
0
1
1
1
0
0
0
0
0
7
0
7
5
0
1
0
2
0
4
1
1
1
13
0
0
15
0
4
1
0
56
6
0
21
2
1
47
0
11
1
7
0
4
2
0
1
1
10
0
1
2
0
3
0
0
0
71
0
0
7
10
0
1
1
0
4
1
0
0
0
2
0
11
2
4
1
66
0
3
2
3
5
0
5
1
3
7
1
16
5
3
16
1
0
0
15
2
2
0
6
1
1
2
0
1
0
0
2
1
2
1
0
1
0
3
0
9
1
2
231
4
1
6
3
8
0
3
0
1
0
5
0
0
0
1
5
22
0
1
0
10
1
10
3
1
2
3
0
1
0
0
4
0
0
0
9
2
40
1
0
50
110
20
0
3
50
0
1
1
11
0
0
1
0
2
7
3
1
2
0
1
3
64
0
2
1
1
8
2
0
0
0
4
0
0
2
0
0
2
14
0
10
1
1
0
1
6
20
2
0
0
2
1
2
2
6
18
4
3099
0
2
1
1
8
4
1
6
11
0
7
1
18
0
5
9
5
0
1
1
0
0
0
1
4
0
0
1
0
12
106
1
5
1
0
2
10
0
0
19
13
0
1
0
5
55
0
12
1
120
23
0
1
11
0
3
1
4
3
1
1
7
12
0
5
2
34
0
4
6
6
2
0
244
1
0
3
1
1
9
24
1063
0
2
1
3
25
0
1
0
0
0
0
13
31
0
0
7
1
2
1
2
2
0
1
1
24
4
6
0
0
12
21
0
0
0
1
0
58
2
1
1
11
18
0
5
98
0
21
0
1
13
0
0
1
0
2
0
1
1
0
0
1
1
0
0
0
0
14
0
6
2
25
2
0
0
30
1
0
4
0
3
1
0
0
3
6
2
0
0
16
0
1
2
0
0
5
2
2
1
5
0
1
4
8
17
7
0
4
0
0
0
7
2
12
0
1
0
2
6
1
15
0
0
7
0
12
15
4
0
0
1
0
0
0
0
1
22
0
1
0
1
3
14
115
3
0
0
0
2
7
56
1
2
0
0
34
0
0
3
1
4
11
0
0
0
3
0
6
0
0
15
11
13
38
0
0
0
0
3
3
0
6
4
0
4
9
2
1
1
6
0
6
3
1
1
1
0
1
0
192
0
0
2
12
0
2
0
30
114
20
0
0
2
4
0
3
1
4
3
3
2
189
1
0
5
0
0
2
3
1
1
2
1
80
4
4
1
0
0
20
3
78
7
4
0
0
10
4
0
2
0
1
1
0
0
1
5
1
0
3
0
1
0
4
0
0
0
0
0
0
0
0
1
6
7
33
10
0
5
0
6
2
0
1
4
0
89
0
144
1
0
0
23
1
0
1
3
42
0
0
0
1
0
0
0
3
0
2
6
0
0
19
14
4
3
0
0
0
1
3
0
4
0
1
1
0
1
0
0
1
0
3
4
1
0
0
0
0
0
1
5
1
0
5
8
1
0
0
1
1
3
1
4
0
17
1
1
15
1
1
39
39
0
1
2
0
0
0
4
14
2
0
0
3
8
4
0
2
16
4
4
0
1
54
4
0
10
212
0
4
0
1
6
3
5
0
3
2
14
2
8
2
0
0
2
0
1
1
176
7
2
0
31
0
3
7
19
4
0
2
5
9
0
0
8
7
0
8
3
6
4
1
0
6
0
2
6
0
0
0
2
1
8
11
0
3
10
2
0
291
28
1
5
12
4
0
2
0
1
0
2
5
0
1
4
2
0
72
2
2
1
1
2
5
3
1
6
1
0
0
5
4
20
584
2
12
0
0
5
0
0
2
0
1
0
0
0
0
0
0
2
1
0
17
2
1
23
1
0
3
0
1
6
0
2
1
0
0
7
0
5
0
0
0
0
0
0
0
0
12
10
1
0
0
1
2
0
147
0
17
6
1
0
0
5
1
7
0
6
18
2
3
1
4
28
3
147
0
2
0
1
0
33
18
0
0
5
10
2
0
45
7
0
0
5
0
1
1
0
0
0
0
2
2
2
29
0
0
0
0
0
10
0
1
2
6
2
9
1
0
2
9
2
2
0
0
24
0
312
7
0
25
0
3
1
3
0
2
0
0
0
0
0
3
7
1
8
1
4
1
1
0
0
1
1
0
12
0
6
1
2
1
1
0
0
9
0
2
4
3
12
0
21
4
2
6
7
1
0
2
1
0
5
65
1
2
0
4
0
0
1
1
5
0
0
0
6
1
0
4
2
0
0
6
8
8
12
2
0
4
0
3
6
18
1
2
3
33
2
0
0
3
2
1
0
0
1
1
1
3
3
0
0
6
0
0
1
0
15
1
1
12
1
1
8
1
0
1
0
10
0
0
1
0
2
2
13
0
0
2
9
0
1
14
3
5
1
1
8
0
5
16
0
1
0
10
1
1
0
1
3
0
8
1
1
0
0
6
0
8
5
4
0
10
1
3
0
0
0
3
13
0
9
65
1
0
1
1
1
2
4
0
4
0
1
12
3
0
5
0
0
1
2
1
1
0
0
1
0
1
1
0
104
0
0
2
0
0
0
16
0
0
0
0
0
0
1
4
2
0
1
0
4
0
0
1
1
0
0
0
0
1
1
0
1
2
1
4
1
2
19
8
0
1
1
0
2
1
0
13
17
4
0
3
0
7
0
3
1
0
212
0
3
2
1
0
1
11
4
0
2
12
0
17
10
71
4
1
2
30
2
0
0
7
0
1
6
0
0
3
0
0
0
0
1
0
3
2
0
1
1
2
1
2
3
6
0
0
7
1
3
0
1
1
1
2
3
0
14
1
1
2
6
2
0
0
1
1
0
0
17
0
0
12
1
1
22
1
9
6
2
1
0
0
361
1
0
2
0
12
0
1
26
15
3
0
2
1
1
0
3
0
0
0
0
1
3
1
0
1
0
0
2
6
1
0
8
1
29
0
4
0
0
0
1
0
0
0
1
50
0
0
2
0
1
30
3
1
0
0
0
1
0
1
1
0
4
1
0
1
65
0
1
2
2
2
2
0
1
0
9
27
5
2
1
21
0
0
186
1
0
3
1
23
99
0
2
2
0
0
1
0
6
18
8
2
4
3
4
0
1
23
5
0
3
0
2
0
0
6
4
1
1
0
1
2
0
3
2
3
0
1
0
8
1
0
0
0
24
0
28
14
1
0
235
0
0
5
152
0
1
0
3
5
4
0
0
1
3
2
0
19
0
0
13
1
0
1
2
0
0
0
4
3
1
0
2
0
1
0
3
2
5
1
0
1
41
1
2
0
0
0
4
18
3
8
3
0
84
7
0
0
2
0
0
2
5
8
2
4
2
5
6
1
1
1
1
5
0
3
0
16
1
0
0
16
3
0
2
2
0
39
4
26
0
0
0
12
4
2
2
1
0
0
0
21
2
2
4
1
1
10
2
0
0
5
2
0
0
0
0
1
149
0
1
0
2
5
0
2
0
1
0
0
3
1
5
0
19
0
12
0
1
1
0
0
10
1
0
1
2
3
0
2
1
0
0
4
5
12
0
1
0
2
0
0
0
4
0
0
0
0
0
18
0
1
0
65
0
0
4
0
0
0
0
0
0
0
58
1
0
2
1
5
0
4
1
3
0
7
0
0
2
0
0
0
0
0
0
0
5
0
1
0
2
0
0
0
0
0
0
0
1
7
2
0
0
0
0
0
1
5
0
6
1
122
3
2
0
1
1
6
13
1
2
6
1
1
2
3
2
0
0
0
1
16
0
9
0
10
4
0
1
3
1
0
1
3
0
5
0
0
0
2
0
0
0
0
0
10
0
0
0
0
2
4
7
0
0
1
5
0
4
1
1
1
4
21
274
0
10
1
2
2
10
3
4
4
4
101
1
22
0
24
1
1
0
0
1
4
0
19
0
1
4
0
1
1
15
21
0
2
5
2
2
7
0
0
14
2
2
1
0
2
0
0
2
1
1
0
0
2
1
1
8
3
11
8
8
0
0
5
1
0
29
0
4
0
3
1
0
0
2
4
0
0
2
0
1
1
2
0
2
3
16
5
1
6
5
0
4
8
3
0
44
0
7
7
8
0
1
1
0
13
0
8
15
2
0
1
5
2
0
8
2
2
0
4
4
0
37
8
0
0
10
1
0
2
18
1
2
0
18
14
0
18
1
4
1
0
0
0
1
3
0
0
6
394
1
3
1
1
2
7
0
1
0
4
0
3
0
0
0
0
0
1
0
0
72
1
0
3
0
4
1
0
2
0
20
0
0
3
0
0
1
3
1
0
10
3
1
6
1
44
0
1
0
3
1
0
0
1
14
1
7
0
5
5
1
4
0
0
1
3
11
0
0
0
1
9
0
2
44
6
2
0
0
1
17
0
11
15
2
5
1
2
0
0
0
4
1
5150
0
2
38
1
2
1
10
0
0
0
1
0
0
3
0
2
0
0
123
1
4
0
1
1
0
2
11
3
3
0
1
0
0
6
2
0
1
2
1
1
4
184
1
1
0
0
1
1
4
4
2
2
1
0
10
3
14
0
4
0
0
8
256
1
63
1
1
0
5
1
2
0
0
13
1
1
1
2
4
0
2
3
0
0
25
37
3
2
2
0
2
12
10
1
2
0
2
2
1
3
6
0
1
37
7
1
9
1
1
0
0
0
0
1
10
0
1
9
1
2
19
4
3
12
1
0
0
5
0
1
286
5
1
7
6
0
14
101
1
0
17
0
0
6
0
0
2
1
2
2
0
0
0
1
4
0
0
1
0
1
0
3
0
6
13
19
0
1
1
0
1
0
1
1
0
2
1
0
1
26
2
0
0
2
1
0
0
4
5
13
0
1
2
1
5
4
1
1
1
0
0
14
0
2
3
9
4
0
1
2
8
1
22
10
0
0
2
0
8
0
2
0
1
1
1
1
2
0
0
3
1
32
15
0
1
1
2
0
1
0
0
0
1
1
14
0
2
1
58
1
2
1
4
1
2
0
0
10
5
0
2
0
0
9
0
0
2
