16
17
14
5
113
8
6
18
4
15
5
8
14
9
29
5
15
9
3
17
6
30
3
7
5
21
9
38
6
12
8
7
4
3
39
19
4
7
24
6
24
26
7
4
9
4
8
8
19
9
27
62
11
17
2
3
12
9
122
5
6
9
13
13
3
17
9
17
3
11
9
10
3
5
31
3
9
7
17
5
5
14
5
11
38
15
10
19
38
48
8
5
12
12
5
3
8
8
19
3
6
8
7
28
29
10
9
9
3
9
2
27
4
7
5
5
11
7
3
25
22
7
19
11
4
20
10
17
25
9
1
8
19
9
9
5
6
10
8
6
49
19
18
6
10
5
3
15
13
21
3
9
4
16
8
45
5
25
4
8
9
11
35
4
5
5
7
19
11
8
15
3
5
4
12
8
34
2
2
4
4
14
9
34
18
8
32
52
5
2
15
16
14
1
9
25
18
24
12
8
6
14
6
1
7
5
91
64
5
3
11
4
132
8
13
5
5
7
13
9
4
21
8
20
20
6
5
8
5
12
7
11
11
75
9
10
10
7
15
4
5
9
8
58
6
12
5
11
18
13
10
35
10
8
4
6
4
18
103
45
3
5
10
33
3
6
31
5
33
32
6
41
39
65
66
54
8
18
23
13
12
30
20
23
14
5
2
5
64
14
3
19
5
3
8
17
9
7
7
9
117
23
5
29
2
33
17
7
14
23
8
18
5
11
7
10
28
99
25
2
11
18
4
2
4
2
9
7
17
8
9
2
10
17
7
19
5
10
3
21
9
16
4
1
4
7
8
8
19
5
4
2
8
21
6
7
13
6
44
13
16
1
10
8
9
7
31
20
1
2
2
13
10
2
5
5
3
14
5
20
11
7
13
29
8
157
8
8
5
5
12
7
11
3
3
7
15
7
8
34
5
7
9
11
14
7
7
389
5
3
3
18
4
14
9
33
8
10
8
5
7
13
10
14
6
16
12
37
4
5
18
28
2
5
4
31
13
7
25
0
12
12
3
107
9
6
4
10
13
16
14
3
4
7
5
7
6
10
7
5
6
17
8
72
17
12
6
5
3
49
10
10
13
6
21
7
29
10
10
8
11
8
13
5
12
11
7
8
16
672
77
15
3
7
13
12
16
18
10
6
16
17
14
5
113
8
6
18
4
15
5
8
14
9
29
5
15
9
3
17
6
30
3
7
5
21
9
38
6
12
8
7
4
3
39
19
4
7
24
6
24
26
7
4
9
4
8
8
19
9
27
62
11
17
2
3
12
9
122
5
6
9
13
13
3
17
9
17
3
11
9
10
3
5
31
3
9
7
17
5
5
14
5
11
38
15
10
19
38
48
8
5
12
12
5
3
8
8
19
3
6
8
7
28
29
10
9
9
3
9
2
27
4
7
5
5
11
7
3
25
22
7
19
11
4
20
10
17
25
9
1
8
19
9
9
5
6
10
8
6
49
19
18
6
10
5
3
15
13
21
3
9
4
16
8
45
5
25
4
8
9
11
35
4
5
5
7
19
11
8
15
3
5
4
12
8
34
2
2
4
4
14
9
34
18
8
32
52
5
2
15
16
14
1
9
25
18
24
12
8
6
14
6
1
7
5
91
64
5
3
11
4
132
8
13
5
5
7
13
9
4
21
8
20
20
6
5
8
5
12
7
11
11
75
9
10
10
7
15
4
5
9
8
58
6
12
5
11
18
13
10
35
10
8
4
6
4
18
103
45
3
5
10
33
3
6
31
5
33
32
6
41
39
65
66
54
8
18
23
13
12
30
20
23
14
5
2
5
64
14
3
19
5
3
8
17
9
7
7
9
117
23
5
29
2
33
17
7
14
23
8
18
5
11
7
10
28
99
25
2
11
18
4
2
4
2
9
7
17
8
9
2
10
17
7
19
5
10
3
21
9
16
4
1
4
7
8
8
19
5
4
2
8
21
6
7
13
6
44
13
16
1
10
8
9
7
31
20
1
2
2
13
10
2
5
5
3
14
5
20
11
7
13
29
8
157
8
8
5
5
12
7
11
3
3
7
15
7
8
34
5
7
9
11
14
7
7
389
5
3
3
18
4
14
9
33
8
10
8
5
7
13
10
14
6
16
12
37
4
5
18
28
2
5
4
31
13
7
25
0
12
12
3
107
9
6
4
10
13
16
14
3
4
7
5
7
6
10
7
5
6
17
8
72
17
12
6
5
3
49
10
10
13
6
21
7
29
10
10
8
11
8
13
5
12
11
7
8
16
672
77
15
3
7
13
12
16
18
10
6
7
5
7
9
5
4
95
8
22
2
4
9
14
4
29
10
6
115
3
4
13
11
6
11
24
1
7
5
10
10
43
14
20
5
10
81
0
15
13
81
4
10
6
23
9
12
7
14
25
5
9
7
6
5
19
8
11
7
5
4
30
19
6
6
19
5
14
4
11
37
17
9
7
5
6
36
9
3
10
3
2
9
6
42
37
9
7
9
4
7
9
7
5
8
8
8
13
6
10
5
4
8
11
1
11
3
9
10
9
1
14
8
2
5
5
14
15
10
7
4
8
5
3
16
4
12
47
9
14
5
10
6
24
9
4
7
6
12
11
1
23
5
4
110
8
12
11
13
41
8
5
7
10
27
16
8
2
29
16
11
14
4
22
12
16
9
53
2
6
10
1
17
6
9
365
3
8
6
17
81
11
8
8
4
4
15
4
3
16
17
11
7
10
122
15
9
7
6
15
9
3
16
7
12
6
8
39
14
10
389
2
21
4
4
7
6
9
3
7
26
14
6
4
26
33
37
144
13
8
6
9
17
11
18
12
5
10
19
15
7
34
21
7
13
51
10
13
6
9
3
10
6
10
4
5
4
4
9
18
12
6
1
15
6
30
8
8
6
5
9
17
7
7
23
8
2
3
6
12
6
10
4
3
19
24
12
6
20
9
4
10
10
9
9
7
4
6
6
40
30
12
7
8
3
15
8
3
11
7
2
8
5
21
4
13
6
15
157
9
3
22
232
2
6
8
14
2
3
5
16
5
1
10
5
5
7
8
3
1
2
13
10
3
16
3
9
7
13
19
16
18
46
12
4
22
9
17
2
2
10
3
13
8
10
8
5
17
23
8
7
4
4
3
9
150
3
8
3
20
14
18
20
96
7
5
16
6
36
6
24
7
3
9
8
12
11
3
10
9
12
5
8
12
6
31
5
68
26
11
0
8
6
7
11
6
9
9
5
5
22
9
2
9
13
3
49
7
8
19
14
28
7
31
9
19
23
11
7
5
34
7
8
5
5
53
10
11
6
24
13
4
13
8
6
8
7
5
2
15
3
1056
12
6
12
6
12
10
1
23
24
16
4
9
2
2
10
3
24
3
105
12
10
20
16
5
10
2
2
23
9
8
1
7
6
6
2
4
15
40
48
2
12
13
9
4
3
32
6
7
11
6
12
3
16
6
9
12
5
2
10
46
16
19
1
10
4
114
26
31
23
9
8
9
12
61
7
5
3
4
4
29
4
7
17
11
12
50
51
16
18
24
14
5
5
12
154
19
17
16
4
4
13
3
19
6
13
13
27
7
14
9
4
6
5
14
5
7
3
10
7
14
6
10
57
8
11
13
8
38
15
12
16
8
26
10
12
5
9
8
13
16
12
22
9
10
37
2
85
8
18
3
17
4
6
3
18
7
5
12
17
13
9
13
2
8
32
6
20
6
13
10
10
158
14
1
1
8
5
7
2
17
6
8
6
7
9
19
11
25
6
9
14
7
23
457
39
5
9
7
23
29
10
12
5
19
14
15
2
7
7
4
11
24
206
6
2
56
9
4
6
16
20
9
14
33
18
33
6
14
10
11
21
134
4
69
32
4
13
3
13
7
10
2
5
9
7
14
6
2
8
5
18
3
4
13
9
7
8
4
18
4
13
13
10
30
10
1
5
5
17
25
7
6
11
4
10
47
6
10
10
7
13
34
13
1
7
5
8
7
6
17
4
7
11
8
30
5
13
1
18
8
6
6
32
19
14
2
16
3
4
30
7
8
21
12
3
22
18
6
4
100
1
20
11
5
3
7
5
11
5
4
12
29
13
7
21
8
14
7
8
16
5
12
2
9
9
9
13
23
2
20
10
9
2
54
19
9
11
26
10
6
5
13
26
34
47
21
74
23
3
35
8
5
9
8
15
14
15
19
3
5
12
20
21
17
11
6
9
26
14
17
8
18
13
3
7
19
104
10
7
2
5
3
8
14
314
5
19
7
49
7
14
4
13
2
9
7
7
9
8
5
87
21
7
2
10
4
26
4
31
2
19
4
7
2391
12
11
9
2
3
7
8
23
1
8
4
2
13
72
4
4
9
2
12
12
9
6
2
15
30
25
2
42
14
9
19
6
10
18
92
9
18
4
15
5
11
5
31
6
7
10
6
1
2
5
3
5
3
7
52
6
4
14
7
33
21
5
17
27
7
20
16
6
5
2
14
11
11
7
25
3
8
22
12
14
6
8
1
8
5
7
374
4
21
9
11
1
10
12
7
2
12
81
6
12
2
11
16
1
25
6
10
257
4
15
0
10
11
2
5
7
4
17
95
12
6
9
5
6
4
5
12
22
5
12
3
8
12
43
9
3
8
6
6
4
16
6
4
8
14
11
18
6
4
9
1
4
3
4
7
11
6
8
17
9
23
7
9
11
12
11
23
15
20
9
3
5
5
10
3
10
19
1
14
14
19
7
11
7
3
4
118
10
6
9
8
4
3
9
36
15
4
6
9
281
2
9
12
12
8
10
6
3
16
9
5
4
5
9
4
4
10
10
5
22
11
1
7
358
14
3
15
7
25
9
8
2
21
10
8
23
16
8
4
11
5
11
11
9
16
4
14
4
7
11
9
64
9
3
23
9
4
31
1
4
13
11
6
5
13
11
10
10
8
2
11
3
20
16
7
4
8
13
10
9
12
10
4
16
5
12
3
8
11
16
1
88
18
3
15
11
15
16
7
6
4
14
21
14
8
20
5
22
3
12
2
24
0
8
9
2
12
26
35
19
1
12
8
13
2
4
106
15
8
4
6
24
37
3
11
3
30
6
15
9
6
51
1
26
14
5
10
6
13
5
7
6
11
10
216
2
7
17
6
25
4
8
6
16
4
100
12
9
5
9
7
8
15
8
1
11
49
5
4
5
13
9
25
14
4
98
16
16
8
8
7
5
55
14
8
4
5
7
10
13
4
10
10
1
3
12
16
3
6
11
12
37
15
12
9
10
8
14
16
6
7
4
5
7
12
7
6
10
4
34
4
6
21
9
5
14
8
3
11
14
10
15
14
12
4
26
8
15
13
8
5
28
14
22
4
15
5
12
4
5
5
8
6
9
8
10
22
11
6
9
16
24
7
12
5
5
5
7
5
7
6
6
12
13
9
1
77
18
6
9
10
31
17
10
66
7
53
6
12
11
11
3
12
6
7
4
3
6
6
14
17
6
4
2
423
7
4
11
5
19
16
9
10
7
7
0
10
6
26
15
41
5
8
1
6
4
10
52
12
7
14
14
6
65
2
6
11
3
7
13
9
341
12
56
7
11
9
2
5
4
3
10
5
6
24
4
10
8
13
4
17
16
11
4
22
9
24
8
10
30
2
9
18
16
8
15
5
3
19
3
4
24
8
4
9
6
3
7
6
10
3
12
12
8
23
13
9
6
11
34
23
4
4
14
5
8
4
6
9
4
9
5
16
4
24
9
4
4
7
4
14
17
8
21
9
7
15
17
8
7
14
5
158
10
7
3
223
7
18
9
0
13
20
2
5
11
2
25
7
5
5
30
4
7
17
6
20
8
49
7
19
5
4
9
5
11
11
8
6
10
12
13
12
10
7
57
20
6
8
6
5
26
47
14
11
13
7
16
4
25
9
13
8
11
8
10
12
9
21
13
21
13
13
62
14
4
9
4
11
4
16
3
5
6
4
5
7
108
14
12
5
4
5
6
13
16
7
10
3
11
8
10
9
9
11
14
4
8
5
10
14
2
6
8
10
3
5
5
30
11
12
3
13
18
6
9
17
15
30
7
5
9
7
49
18
16
13
10
10
12
7
9
12
5
6
5
6
24
5
12
29
15
7
7
6
7
6
3
14
24
5
4
6
31
12
9
8
14
26
58
8
15
698
2
5
4
9
9
39
4
11
7
5
15
15
16
12
58
12
7
10
17
18
10
4
3
20
0
15
13
10
7
1
11
15
3
27
11
17
6
6
23
4
90
9
17
2
12
28
1
10
6
11
9
1
11
12
10
48
5
2
6
28
8
15
5
14
12
11
10
9
4
8
2
8
11
32
16
3
58
4
5
1
6
4
75
12
9
18
33
3
18
15
6
14
459
7
13
28
18
8
5
20
21
57
12
3
10
11
6
49
17
13
15
12
19
6
6
10
5
15
2
22
4
5
207
16
96
14
21
7
8
7
17
7
34
6
3
11
15
9
8
13
15
14
8
4
3
4
8
9
10
110
24
15
7
7
9
3
5
4
23
30
6
5
3
5
3
7
2
7
21
11
9
1
12
6
50
8
5
7
9
12
6
6
8
13
10
7
22
5
12
4
58
8
5
20
102
12
10
11
29
6
105
6
277
14
9
66
10
26
11
8
7
6
20
1
3
5
6
2
3
2
29
1
10
11
8
5
14
35
7
4
26
1
7
12
7
13
8
2
9
2
7
16
46
11
10
8
2
17
8
21
5
10
13
40
4
6
26
5
9
5
4
15
30
4
5
9
5
6
6
46
5
13
11
11
9
5
10
6
25
5
13
5
3
6
25
4
5
3
30
2
17
20
12
164
9
24
14
6
10
3
7
0
3
6
8
7
11
4
7
9
3
9
10
2
11
4
4
2
3
6
29
11
13
18
6
4
6
10
57
5
10
7
9
1
7
0
5
6
137
16
37
6
4
2
18
8
12
6
4
15
9
4
12
9
13
9
3
15
3
17
19
11
13
16
6
7
14
4
8
12
13
5
9
8
11
25
9
9
7
6
8
2
4
7
5
13
16
9
6
9
19
10
10
17
20
21
419
5
13
3
17
9
9
7
14
22
13
7
19
12
8
6
4
11
5
9
16
11
32
10
2
9
12
17
42
13
7
20
18
16
3
9
3
10
13
7
1
6
5
8
10
5
5
5
4
10
4
3
1
8
1
12
4
10
5
18
13
77
5
4
10
6
3
8
2
5
9
6
11
10
29
1
6
21
13
10
1
8
43
27
5
0
12
5
9
7
3
17
54
35
9
9
3
21
3
73
11
7
16
19
44
13
9
22
9
10
11
12
9
6
6
11
88
6
5
10
7
18
6
0
8
13
4
6
83
7
3
14
19
5
15
3
22
9
13
20
9
9
5
10
11
10
4
16
20
2
14
10
53
5
11
13
14
10
13
4
9
10
7
4
17
8
11
20
17
9
5
24
7
4
28
19
10
24
8
3
14
21
2
9
6
2
15
25
6
12
10
13
3
7
7
13
8
4
14
10
17
9
3
7
11
4
10
11
32
2
14
13
2
9
3
49
7
10
109
11
9
12
8
3
20
9
7
4
8
14
10
8
11
5
4
4
17
4
12
6
23
4
1
6
57
5
11
9
7
14
16
5
8
10
43
11
12
3
5
8
8
3
7
12
24
3
3
9
15
2
79
31
4
21
12
10
63
7
8
6
13
66
7
7
20
8
9
2
8
51
6
14
5
7
1
8
26
10
33
5
25
7
4
3
6
3
18
7
16
21
5
5
9
3
134
7
18
21
10
48
17
6
5
10
1040
3
60
3
7
4
9
27
13
11
7
9
8
48
5
32
5
6
9
36
11
2
3
6
10
9
3
9
13
3
9
8
12
12
3
24
81
9
10
15
11
30
13
1
11
3
11
22
7
17
8
17
70
10
11
11
5
15
3
15
2
9
11
6
6
8
24
18
7
3
14
22
9
8
8
7
3
41
4
5
11
9
9
4
30
4
6
5
49
9
10
6
10
7
5
5
3
12
16
10
4
6
32
4
10
6
9
11
4
15
16
3
6
4
3
5
2
7
20
7
6
6
19
6
11
13
17
19
85
56
3
6
12
7
3
6
11
8
8
14
6
2
2
1
6
35
10
1
13
19
5
16
15
10
8
4
7
6
9
13
1
8
11
0
12
31
8
22
6
3
17
13
4
5
15
12
14
7
5
5
8
7
6
8
2
10
12
11
16
1
22
15
5
20
9
35
5
3
5
7
6
3
26
10
15
8
14
8
8
4
39
0
7
23
14
19
88
25
7
9
25
10
4
27
269
5
14
7
34
7
16
4
16
10
1
15
42
15
3
16
26
6
41
9
12
3
13
27
41
8
10
4
46
6
13
4
22
28
7
2
6
15
1
4
1
18
12
11
4
3
5
20
13
16
3
12
6
5
7
10
5
8
6
23
14
21
12
1
5
4
81
7
5
3
3
5
22
26
12
6
3
9
16
7
40
13
8
14
3
7
4
2
5
17
11
14
11
16
4
13
13
7
30
18
20
5
10
30
16
0
17
10
15
16
5
4
2
14
28
21
4
10
1
9
15
3
2
7
5
4
28
4
1
26
7
5
2
17
9
37
11
12
12
7
6
16
11
16
2
8
14
1
15
27
7
17
12
12
6
12
18
3
13
2
2
8
10
7
5
14
3
80
15
11
6
17
12
20
5
4
15
5
8
14
13
7
8
13
38
23
3
8
3
5
12
9
6
2
9
6
6
12
4
3
26
0
7
15
9
7
3
4
9
2
12
7
8
6
8
10
4
5
13
5
3
68
5
9
31
87
3
10
51
11
4
11
10
7
4
26
54
3
18
87
7
8
33
2
5
15
11
20
8
15
23
5
19
5
28
17
10
6
13
14
4
7
7
20
11
12
5
7
26
22
8
91
22
5
9
17
12
10
558
9
6
11
1545
7
11
28
51
5
2
158
20
8
8
11
37
4
63
10
4
63
17
18
4
6
7
10
34
10
19
10
7
10
53
10
7
7
6
16
160
10
1
5
15
25
4
7
2
8
30
4
21
11
6
10
23
7
17
15
19
9
5
7
10
3
2
17
6
20
8
11
14
48
15
16
6
17
24
7
4
2
9
9
324
6
18
3
60
11
7
12
18
22
4
7
9
20
7
5
67
9
33
15
19
3
27
9
2
25
3
19
3
20
10
24
4
3
12
21
1
14
21
12
6
7
11
15
14
4
9
33
12
4
2
2
6
14
5
74
18
6
5
10
5
6
6
12
5
6
8
2
8
11
8
3
13
7
4
15
15
7
35
17
7
79
20
30
39
41
14
52
24
4
26
7
4
8
5
16
12
14
31
13
6
16
15
4
2
10
27
12
12
4
29
7
14
16
11
78
21
11
8
4
15
6
18
3
13
16
4
12
9
9
7
24
42
6
5
6
16
3
1
10
4
4
6
6
5
17
25
3
8
12
5
34
8
1
13
17
23
7
9
16
5
11
4
174
19
12
42
7
15
24
2
5
3
11
2
3
5
7
7
7
10
6
9
2
12
19
4
16
15
8
14
4
6
7
8
13
15
9
14
8
12
9
8
2
11
10
15
12
8
7
7
3
10
6
3
8
23
5
7
8
20
13
11
3
6
6
2
45
8
8
3
1
8
9
6
14
10
7
7
2
2
3
4
5
4
150
58
12
17
4
23
9
4
13
7
10
6
3
2
20
18
12
24
4
10
24
1
8
1
23
5
6
12
4
9
9
7
13
8
23
5
10
3
6
3
11
7
7
24
7
7
2
7
4
13
2
4
13
36
3
5
8
4
11
11
23
9
18
5
8
13
18
28
4
37
6
5
11
6
2
12
6
10
135
20
13
14
18
3
4
15
8
5
21
8
16
27
3
4
4
20
0
17
35
1
7
2
4
20
30
5
3
41
6
12
8
11
1
4
9
1
15
22
6
22
36
5
3
15
7
15
13
4
68
16
21
170
3
11
9
8
30
7
6
10
5
0
3
12
3
27
17
2
6
7
5
8
10
11
39
62
18
15
7
11
6
4
7
3
7
6
12
9
3
7
5
5
10
4
6
11
13
90
6
49
5
12
9
8
6
8
6
11
3
3
4
2
3
5
6
12
5
11
9
19
19
13
10
14
7
7
2
6
7
22
8
4
4
12
16
7
6
5
9
6
5
38
4
6
6
13
6
5
8
5
21
49
21
26
68
5
22
9
7
11
4
5
4
27
10
9
18
5
2
21
4
31
37
6
2
7
39
15
5
4
14
17
10
29
49
30
6
77
84
10
8
6
5
11
2
3
3
9
8
7
20
16
21
12
18
5
7
11
11
28
22
4
7
7
3
12
129
40
12
4
3
18
10
32
6
27
13
9
7
2
4
14
84
3
7
10
17
32
8
34
1244
7
73
12
39
8
15
35
2
3
2
345
5
11
218
34
3
15
3
10
4
2
19
4
11
6
12
20
13
32
23
5
3
12
14
5
7
5
10
6
7
105
11
19
68
17
13
436
21
39
8
7
12
26
2
17
10
8
14
23
28
7
8
10
5
9
10
17
18
1
3
5
50
6
17
4
4
27
26
8
7
5
5
2
21
9
19
7
16
11
6
27
23
16
6
9
11
13
2
6
24
2
9
2
13
4
8
620
4
27
5
2
2
20
5
6
22
4
7
4
4
1
11
17
13
24
8
11
46
7
12
41
11
10
119
16
2
25
9
8
6
58
3
7
33
6
21
11
4
12
6
22
15
14
21
6
14
7
16
19
7
10
38
4
21
8
47
13
16
5
3
5
8
24
18
12
2
40
5
24
17
3
11
17
10
8
10
12
7
15
6
10
7
17
7
5
14
5
6
51
8
12
22
2
15
6
9
9
128
16
14
6
4
4
8
4
9
9
1
18
12
16
9
9
3
13
27
32
4
6
55
10
10
11
7
4
8
17
18
23
11
9
15
4
8
6
4
21
11
20
10
567
9
11
3
90
5
19
34
8
9
24
10
9
2
5
11
12
19
10
6
9
4
5
3
1
12
4
7
3
11
14
5
3
2
6
9
4
12
1
19
1
9
7
3
5
3
7
13
9
15
8
7
15
9
4
11
135
9
5
11
13
15
16
114
5
6
6
5
0
9
6
8
112
24
308
72
8
11
5
8
5
6
7
11
16
2
4
10
6
61
7
2
4
4
7
1
5
6
2
7
14
15
119
9
510
5
8
2
12
13
2
11
15
25
6
12
2
14
5
17
8
13
3
3
14
37
10
17
5
5
4
11
4
87
36
12
3
9
27
10
5
20
1
27
17
43
5
5
6
30
32
12
6
5
9
10
4
15
4
13
3
7
9
3
4
6
12
21
2
19
10
12
6
23
12
18
8
14
7
2
8
22
15
4
21
8
15
11
133
6
7
6
10
33
46
18
5
6
4
6
8
8
16
7
20
7
12
6
6
16
6
13
13
13
40
23
22
3
7
14
19
8
11
11
4
0
20
4
20
17
27
25
7
3
240
15
29
34
18
11
14
40
9
21
4
11
12
5
36
25
13
7
9
2
8
2
5
5
18
4
6
4
7
12
4
7
6
9
5
4
15
6
16
13
4
8
1
3
8
96
11
5
5
9
5
16
19
11
1
3
3
6
4
7
31
5
4
9
9
11
5
150
10
9
15
13
23
4
53
13
6
9
2
7
6
10
11
5
6
3
3
20
6
4
5
7
8
16
4
8
5
7
12
14
9
11
6
8
38
6
12
6
13
8
4
6
19
4
5
8
3
9
11
12
13
17
40
4
8
14
5
15
4
2
5
4
6
6
5
5
6
8
7
7
19
9
1
9
19
26
4
6
5
23
14
15
1707
5
2
7
6
2
7
34
6
6
14
6
8
16
8
26
4
16
9
4
12
3
10
7
7
16
7
4
9
7
3
5
8
15
28
7
14
24
2
7
15
3
7
6
85
14
7
55
8
8
8
3
13
6
10
6
6
7
7
6
28
2
12
12
7
27
18
7
8
3
6
39
15
14
9
7
5
6
7
11
4
10
8
5
6
17
6
9
5
2
11
9
8
10
3
6
14
8
6
7
7
26
2
14
9
12
4
4
39
8
187
20
9
18
11
11
2
30
11
8
8
5
16
9
1
6
11
5
19
12
11
15
3
13
6
10
21
18
4
4
10
28
12
10
4
19
10
0
22
55
1
20
23
8
25
13
42
8
10
12
6
11
18
12
9
11
16
13
3
9
31
13
19
2
3
9
35
4
11
6
7
9
23
11
9
12
23
2
29
4
27
4
10
4
8
8
6
5
5
13
97
3
4
20
45
78
6
16
15
8
6
17
3
1
6
5
5
9
27
4
3
4
3
4
4
21
10
10
69
19
9
2
5
21
45
1
8
19
5
10
7
5
50
19
4
8
8
5
9
3
12
11
24
2
16
4
14
15
6
10
2
11
19
3
5
8
13
8
13
7
5
9
3
11
10
4
4
12
1
9
8
6
4
6
13
18
8
11
11
15
5
7
8
8
9
10
10
14
10
13
18
34
18
13
6
4
34
4
4
3
16
13
15
4
8
8
4
11
6
1
5
8
12
3
4
8
11
9
14
7
5
10
14
10
141
8
7
12
6
24
6
18
9
10
6
3
13
14
6
14
64
5
6
17
36
31
3
68
8
6
12
4
4
13
8
18
14
25
2
7
11
15
2
6
31
12
3
1
5
4
2
9
6
14
169
10
7
21
11
12
6
11
4
9
18
2
4
6
5
19
11
14
21
10
23
13
17
1
18
14
4
3
3
10
2
10
7
4
5
2
4
6
4
64
6
13
5
7
6
10
8
44
6078
3
44
3
4
13
6
18
5
18
4
11
2
58
13
8
3
9
9
4
10
12
5
19
4
10
10
6
6
4
9
14
7
10
7
7
9
19
12
10
3
3
13
7
67
11
8
6
3
4
10
41
12
9
5
0
3
15
10
64
3
9
8
24
9
10908
4
9
10
29
26
26
5
6
14
9
9
6
12
11
7
4
10
3
71
7
8
8
4
5
9
6
39
7
10
14
153
12
6
23
15
4
6
5
2
3
3
1
7
19
36
10
5
9
9
6
7
14
9
10
24
7
9
5
7
17
2
137
14
8
6
21
23
3
55
5
12
5
8
14
13
69
16
4
51
16
10
3
8
6
12
30
9
6
6
5
64
22
9
8
20
5
4
6
10
9
5
8
14
3
7
3
10
17
2
5
103
5
10
16
50
37
20
8
8
3
14
5
7
17
18
8
10
5
2
19
5
15
5
7
6
13
3
8
7
10
6
7
2
11
9
3
11
5
6
28
8
6
18
17
41
6
8
6
3
4
3
7
43
10
28
10
22
9
4
23
13
4
7
16
2
11
8
8
14
15
17
17
3
15
12
17
12
31
15
3
9
4
5
18
3
7
5
25
4
12
2
6
4
11
14
7
3
15
4
1
5
12
1
4
4
7
35
8
0
2
11
27
23
14
6
9
8
16
4
19
10
2
31
1
10
13
3
79
51
5
17
29
11
14
4
4
23
4
10
3
19
6
26
4
4
12
4
5
3
10
8
33
11
7
2
7
10
12
2
18
6
1
16
11
27
5
67
15
8
21
23
6
16
12
4
20
23
18
2
9
3
14
3
3
5
40
13
8
10
8
7
7
10
15
9
5
6
6
7
22
17
11
5
11
6
8
5
1
12
7
19
4
5
19
16
2
27
5
3
9
10
6
5
11
17
8
3
4
16
2
4
1
18
19
7
4
8
14
10
9
216
5
7
5
12
47
25
13
13
10
2
7
6
2
5
4
3
10
9
8
6
5
7
251
7
46
20
9
11
1
4
5
20
17
6
6
11
17
9
34
9
3
623
7
17
10
9
3
22
6
3
8
3
20
9
12
22
17
5
1
3
3
14
6
10
13
4
7
12
26
20
5
9
9
20
12
193
6
18
6
16
0
6
20
21
6
12
9
5
8
6
5
8
9
9
15
12
12
32
46
36
2
9
22
12
12
14
2
4
19
18
14
6
16
5
2
98
7
33
5
6
13
83
9
5
8
12
23
11
39
13
44
2
7
12
7
10
17
16
3
7
14
8
20
11
9
8
32
21
8
25
4
4
2
18
22
23
17
17
8
8
36
4
9
12
7
6
2
35
9
8
20
5
3
5
4
24
16
14
7
7
4
231
17
4
14
45
3
15
13
9
9
7
8
12
2
5
12
7
5
7
6
5
14
4
2
8
9
8
2
9
5
9
15
9
5
6
4
38
16
6
4
14
14
8
17
2
0
5
5
6
15
15
18
6
5
238
10
27
17
4
37
8
2
5
6
19
29
20
12
5
19
12
7
20
10
13
6
4
3
34
6
17
8
10
5
7
22
7
23
8
9
27
14
24
7
5
7
4
4
6
11
3
7
2
33
13
17
27
6
2
24
7
8
12
13
17
5
23
15
34
6
8
6
7
10
6
39
6
4
24
3
2
15
13
11
2
3
27
6
5
1
8
16
13
37
19
17
1
9
20
8
17
16
3
24
8
13
15
13
5
42
15
8
9
38
18
4
2
13
7
5
3
0
9
2
2
7
13
70
11
11
6
2
5
14
10
1
24
4
3
3
29
9
13
12
26
17
11
412
9
12
10
31
48
6
10
76
15
13
3
12
7
24
9
15
10
9
12
9
14
49
1
5
10
14
4
4
5
7
636
9
9
4
5
8
3
4
8
13
6
6
10
8
5
13
9
5
2
3
9
5
29
8
8
16
3
27
6
8
10
8
5
26
7
2
6
11
14
5
20
4
11
11
53
2
6
7
2
7
12
6
8
1
13
11
8
27
8
5
8
9
5
7
27
10
6
4
6
8
5
8
14
4
36
38
3
24
7
11
7
1
22
6
11
6
11
14
13
17
18
43
1
0
28
8
5
14
3
8
9
15
5
33
9
8
22
4
12
62
11
29
5
21
6
15
6
3
10
4
24
28
8
8
11
18
7
8
9
10
23
7
5
6
11
16
6
9
4
5
11
8
0
6
11
19
1
15
8
26
14
9
10
14
7
4
13
3
26
74
13
2
3
3
8
17
6
14
234
8
15
12
4
10
5
4
27
7
3
267
5
4
10
9
13
2
26
48
8
23
10
21
119
20
32
7
17
1
3
41
1
11
83
8
8
14
7
21
9
4
2
51
9
4
8
8
6
9
8
25
6
14
9
9
2
5
18
7
6
8
13
2
6
36
20
7
8
8
13
16
25
10
8
4
4
7
5
14
27
31
37
7
4
8
11
3
9
11
8
5
29
5
10
5
26
8
15
19
6
6
2
22
3
11
15
5
1
9
11
7
18
3
9
7
2
2
2
21
4
39
10
7
22
39
11
7
6
11
13
19
10
30
17
3
41
32
21
6
9
2
15
19
5
15
3
22
5
16
6
9
7
2
10
56
52
7
28
17
7
8
7
2
14
9
3
5
6
13
2
11
6
7
13
8
7
20
10
20
3
11
7
7
12
90
6
3
30
14
11
58
3
7
6
9
6
7
4
9
1
48
70
9
15
1
16
17
18
2
4
45
7
11
6
13
4
9
22
1
1
6
10
4
13
8
13
17
9
2
21
14
0
13
5
21
9
25
16
56
6
20
3
13
37
15
8
9
1
19
55
6
2
2
6
10
12
7
9
5
3
5
4
13
7
11
171
5
24
2
15
31
14
10
10
6
3
1
20
10
19
14
8
13
18
7
8
15
7
11
14
7
7
12
22
14
7
10
15
7
89
3
3
10
15
16
4
12
8
9
0
1
12
15
11
8
6
8
18
21
9
17
2
4
9
15
7
7
11
6
6
29
10
6
8
6
6
4
54
5
9
3
6
14
14
10
167
4
3
14
5
147
22
14
5
14
5
22
6
33
2
10
34
6
20
150
21
6
7
9
6
8
13
6
2
8
13
12
4
8
10
8
19
3
18
28
34
8
6
87
29
8
17
17
11
9
4
5
63
5
14
2
15
9
24
5
19
128
8
10
9
3
8
61
3
8
12
5
15
8
10
41
5
7
14
6
37
3
48
25
4
2
6
9
9
7
7
10
28
26
5
1
12
10
17
11
24
24
15
5
5
1
7
1
1
3
1
7
61
27
1
44
19
27
8
6
2823
10
3
48
40
14
24
4
13
15
5
32
5
15
4
10
18
19
10
6
18
4
17
23
13
3
3
8
17
5
10
9
10
7
12
11
12
1
22
23
6
45
15
7
11
16
7
5
26
5
4
8
8
2
9
499
4
8
5
6
20
12
5
25
12
26
27
14
20
11
6
47
22
14
4
5
3
2
261
22
9
5
9
12
12
7
5
17
18
9
5
9
16
6
6
7
6
16
40
9
12
12
18
9
337
26
15
7
8
4
12
12
9
13
123
14
19
3
7
4
14
5
11
2
27
3
80
5
27
22
2
18
13
6
5
1
7
10
30
10
3
5
7
23
3
5
13
29
9
34
4
13
38
3
5
9
14
19
18
18
5
7
21
9
3
4
8
11
7
28
5
13
4
4
18
91
28
16
13
3
5
5
12
4
7
5
9
4
9
3
10
6
8
5
9
8
22
5
4
10
2
10
32
10
8
11
16
11
3
3
22
31
3
33
8
11
11
12
14
0
3
14
9
12
10
14
10
6
6
2
6
40
11
10
12
24
8
2
7
7
26
6
22
7
13
11
10
4
14
44
9
4
8
57
11
10
5
6
7
9
6
189
1
14
6
12
8
53
7
7
12
16
5
13
5
11
6
8
14
25
8
3
11
5
28
25
3
3
5
9
18
6
2
6
61
7
9
35
3
4
27
3
7
9
16
4
5
5
7
73
37
4
14
9
12
11
4
11
14
2
9
10
5
9
6
5
18
14
17
28
6
11
3
3
3
7
10
54
4
7
18
34
9
4
21
8
10
4
15
7
1
6
2
12
2
4
5
8
4
31
3
12
12
111
3
7
2
4
4
10
11
18
17
8
8
21
8
25
16
8
4
18
24
26
3
6
13
12
9
9
5
2
7
72
3
9
3
113
3
28
12
6
13
336
1
32
8
21
46
6
10
3
21
11
9
12
9
8
4
7
23
7
5
24
2
9
11
16
13
24
6
17
11
3
27
25
17
9
6
7
7
5
8
6
8
46
10
9
13
10
18
5
13
5
8
11
21
72
2
23
5
43
2
6
5
7
9
6
4
12
11
6
8
8
4
16
4
59
5
17
5
8
7
17
7
12
6
11
8
15
5
12
6
8
16
20
16
17
37
12
3
5
6
14
10
1
5
12
9
5
13
17
8
13
14
15
5
6
9
3
3
10
9
6
7
11
4
2
53
5
13
12
12
12
4
21
6
8
9
1
3
6
6
5
6
6
8
7
10
12
5
18
8
8
20
18
10
12
22
13
10
8
15
12
5
12
1
6
3
14
20
17
2
13
10
31
4
1
22
8
129
9
4
11
4
15
6
8
6
5
3
5
8
6
8
15
5
6
9
13
4
4
8
10
7
8
21
8
4
5
17
4
7
6
5
6
26
3
15
31
5
2
10
13
15
5
17
2
9
13
9
12
23
17
10
6
14
7
22
6
16
4
8
6
10
54
7
81
4
11
7
9
12
2
11
5
7
8
5
13
3
4
8
11
13
27
9
5
3
16
6
7
2
3
7
18
7
7
3
15
9
7
48
9
4
106
35
9
20
5
4
9
11
26
10
7
6
4
28
9
5
20
4
3
6
2
15
11
12
6
17
6
20
1
14
10
4
9
11
8
16
11
49
3
1
17
32
14
9
33
6
3
5
5
10
8
5
6
7
6
4
5
14
10
3
52
1
11
8
58
4
10
16
54
2
11
22
12
21
18
7
6
6
10
10
12
7
27
5
11
21
27
74
9
28
14
3
14
12
5
7
3
17
3
11
40
8
23
4
16
869
1
16
10
6
3
4
2
7
10
10
7
15
9
15
9
27
6
5
4
4
11
19
26
24
12
1
11
5
4
3
14
14
23
45
6
2
18
5
8
8
3
10
9
9
4
9
8
13
5
78
11
11
10
5
8
43
14
39
3
4
11
11
13
8
5
7
4
5
2
5
16
9
20
4
13
6
8
3
6
3
7
4
10
5
7
46
10
21
8
11
26
5
4
10
13
7
3
4
38
3
8
5
10
22
0
7
11
155
10
12
3
7
11
1
5
653
18
5
21
18
12
5
16
7
17
11
73
7
18
20
2
10
9
3
4
8
23
11
111
4
7
7
14
6
6
12
218
5
34
27
6
8
3
12
26
4
12
6
8
2
10
11
7
7
43
6
6
10
19
10
13
5
4
13
22
7
11
11
6
12
114
4
7
9
7
15
7
8
16
36
18
7
18
3
4
20
4
15
7
6
8
7
25
10
14
183
7
4
7
14
4
12
2
1
5
6
26
23
13
7
10
6
62
33
13
10
6
18
5
2
2
27
13
7
24
5
1
7
16
11
3
64
11
7
31
6
23
12
17
12
5
6
7
12
2
8
3
19
20
7
5
6
28
16
6
8
2
24
9
8
7
6
116
19
23
14
11
3
9
1091
4
11
7
13
47
17
11
1
7
11
18
9
14
8
3
17
8
3
17
5
14
7
12
2
15
16
5
26
11
6
7
6
25
15
12
1
18
71
42
7
1
10
14
8
20
6
3
11
13
8
5
4
3
8
10
15
5
11
3
13
8
9
10
30
26
3
12
9
18
12
7
12
3
12
4
3
6
6
35
16
21
8
25
97
6
8
3
4
15
4
9
16
11
19
7
5
24
40
6
9
2
3
3
6
25
14
15
10
20
9
0
10
13
12
5
19
17
6
17
17
24
6
15
3
21
5
12
48
10
8
37
7
32
4
5
10
9
5
6
13
14
8
2
2
2
12
6
11
61
10
43
70
11
4
14
5
8
25
6
7
11
5
15
5
11
25
9
29
44
7
8
13
11
17
13
8
4
0
10
5
15
14
11
9
1
18
15
16
14
16
10
27
14
27
5
21
10
2
78
13
1
3
6
5
8
4
339
131
11
15
4
4
3
17
16
5
30
12
14
10
4
16
17
14
5
113
8
6
18
4
15
5
8
14
9
29
5
15
9
3
17
6
30
3
7
5
21
9
38
6
12
8
7
4
3
39
19
4
7
24
6
24
26
7
4
9
4
8
8
19
9
27
62
11
17
2
3
12
9
122
5
6
9
13
13
3
17
9
17
3
11
9
10
3
5
31
3
9
7
17
5
5
14
5
11
38
15
10
19
38
48
8
5
12
12
5
3
8
8
19
3
3
3
26
5
4
15
42
15
10
3
9
29
16
6
7
10
5
14
52
10
2
3
9
15
9
24
6
4
8
5
9
9
6
13
5
27
4
27
7
28
2
53
16
8
8
12
8
5
65
4
6
27
15
9
0
17
9
8
11
14
9
3
8
11
6
39
24
11
3
18
44
7
5
33
9
12
84
182
3
21
13
6
2
35
4
20
17
7
3
2
5
6
12
5
9
16
295
2
6
8
13
39
61
6
6
13
9
46
4
13
12
5
10
3
3
7
6
25
37
1
799
14
7
4
8
6
36
6
14
4
9
10
4
9
7
4
3
24
38
9
7
12
6
4
4
9
69
13
377
15
34
13
6
2
3
15
248
1
15
4
2
32
10
8
17
5
9
10
12
30
11
21
10
49
8
7
6
4
5
4
11
5
7
9
15
3
5
10
21
8
17
6
10
3
28
6
18
14
6
12
22
11
6
18
7
15
17
5
13
9
10
12
11
10
57
11
18
6
7
8
11
8
39
6
5
6
4
14
2
6
14
10
12
13
30
8
7
6
13
6
6
12
10
23
31
3
9
13
15
8
7
11
4
5
3
173
12
7
11
7
16
2
2
4
101
3
11
14
31
9
24
6
7
13
15
3
15
9
14
3
10
21
11
5
26
22
24
27
6
9
3
5
4
20
9
65
6
4
7
6
