0
2
4
0
7
0
1
0
4
0
0
0
0
0
16
1
0
0
0
4
5
8
1
0
1
6
0
7
3
2
2
5
26
321
0
13
1
2
4
12
3
4
7
5
113
3
26
0
29
1
3
0
1
3
4
1
25
0
2
4
0
2
1
20
26
0
3
5
3
3
9
2
0
20
5
2
3
0
2
0
0
5
1
3
0
0
2
1
1
9
3
20
12
10
1
0
7
1
0
36
6
6
0
0
3
1
9
1
2
0
3
36
13
5
35
10
6
13
18
4
2
1
1
8
1
7
0
0
0
3
24
14
12
20
2
0
0
1
1
4
6
4
7
0
1
20
1
0
2
9
0
0
9
1
75
1
0
43
5
1
4
1
2
0
1
1
12
4
4
0
13
5
0
2
0
0
2
0
11
1
1
3
0
2
18
0
6
1
8
3
1
4
7
1
1
1
9
1
1
1131
1
1
10
1
0
6
3
0
7
2
11
3
0
5
8
5
1
0
3
0
0
13
5
34
3
0
33
2
1
12
1
4
9
4
4
4
1
5
1
5
2
13
0
1
8
9
1
1
2
0
0
0
20
1
2
12
0
11
60
1
1
2
2
5
2
1
0
2
1
4
37
1
0
1
1
3
0
1
0
2
5
2
7
1
1
4
2
1
22
6
71
1
0
0
1
2
1
1
2
5
5
3
0
0
1
2
8
1
1
2
0
18
0
0
2
4
1
0
2
0
0
9
2
3
1
0
21
31
1
15
0
2
4
14
0
1
4
3
2
8
1
7
5
15
0
0
0
1
4
0
3
33
1
1
42
0
8
0
18
3
0
81
1
0
24
17
2
0
4
1
2
13
0
0
2
0
7
3
0
1
0
2
0
7
1
0
1
5
0
32
3
0
0
2
0
0
2
0
3
7
0
25
6
5
11
0
1
0
0
0
6
2
1
0
5
1
2
55
1
2
0
0
0
9
1
13
1
1
127
2
0
1
2
8
4
33
12
3
1
26
3
2
1
17
0
1
2
62
10
8
0
9
0
12
3
0
7
0
103
0
0
4
1
0
51
12
2
0
0
7
23
2
61
1
0
0
9
0
0
0
301
0
215
0
10
0
0
2
2
1
4
2
0
8
2
2
2
1
8
1
0
2
4
0
7
0
1
0
4
0
0
0
0
0
16
1
0
0
0
4
5
8
1
0
1
6
0
7
3
2
2
5
26
321
0
13
1
2
4
12
3
4
7
5
113
3
26
0
29
1
3
0
1
3
4
1
25
0
2
4
0
2
1
20
26
0
3
5
3
3
9
2
0
20
5
2
3
0
2
0
0
5
1
3
0
0
2
1
1
9
3
20
12
10
1
0
7
1
0
36
6
6
0
0
3
1
9
1
2
0
3
36
13
5
35
10
6
13
18
4
2
1
1
8
1
7
0
0
0
3
24
14
12
20
2
0
0
1
1
4
6
4
7
0
1
20
1
0
2
9
0
0
9
1
75
1
0
43
5
1
4
1
2
0
1
1
12
4
4
0
13
5
0
2
0
0
2
0
11
1
1
3
0
2
18
0
6
1
8
3
1
4
7
1
1
1
9
1
1
1131
1
1
10
1
0
6
3
0
7
2
11
3
0
5
8
5
1
0
3
0
0
13
5
34
3
0
33
2
1
12
1
4
9
4
4
4
1
5
1
5
2
13
0
1
8
9
1
1
2
0
0
0
20
1
2
12
0
11
60
1
1
2
2
5
2
1
0
2
1
4
37
1
0
1
1
3
0
1
0
2
5
2
7
1
1
4
2
1
22
6
71
1
0
0
1
2
1
1
2
5
5
3
0
0
1
2
8
1
1
2
0
18
0
0
2
4
1
0
2
0
0
9
2
3
1
0
21
31
1
15
0
2
4
14
0
1
4
3
2
8
1
7
5
15
0
0
0
1
4
0
3
33
1
1
42
0
8
0
18
3
0
81
1
0
24
17
2
0
4
1
2
13
0
0
2
0
7
3
0
1
0
2
0
7
1
0
1
5
0
32
3
0
0
2
0
0
2
0
3
7
0
25
6
5
11
0
1
0
0
0
6
2
1
0
5
1
2
55
1
2
0
0
0
9
1
13
1
1
127
2
0
1
2
8
4
33
12
3
1
26
3
2
1
17
0
1
2
62
10
8
0
9
0
12
3
0
7
0
103
0
0
4
1
0
51
12
2
0
0
7
23
2
61
1
0
0
9
0
0
0
301
0
215
0
10
0
0
2
2
1
4
2
0
8
2
2
2
1
8
1
0
0
0
0
34
1
3
2
20
0
3
0
13
2
0
3
2
2
1
0
17
1
0
39
2
15
45
57
7
3
2
4
0
8
2
5
1
0
1
0
1
2
4
3
5
6
18
1
7
2
1
2
0
2
1
1
5
3
0
0
0
2
1
4
1
0
15
1
11
14
7
11
1
0
2
8
1
5
1
6
0
0
3
3
3
1
25
3
10
9
0
13
3
5
0
2
3
1
0
12
0
3
2
2
0
4
11
8
53
0
1
0
1
1
0
1
7
0
1
1
160
3
5
9
1
0
1
24
3
3
1
8
0
0
1
0
0
49
16
9
0
2
3
0
5
0
2
0
1
0
6
2
5
2
7
0
2
5
9
0
3
4
2
9
0
3
1
13
2
1
1
0
67
9
1
2
5
2
11
14
1
6
16
1
1
1
8
3
2
111
2
0
7
0
0
1
2
23
0
1
2
2
2
17
0
0
0
1
7
16
3
3
13
2
3
1
2
2
0
8
1
0
6
5
1
0
0
6
0
0
3
1
13
18
4
0
0
22
29
0
10
0
5
1
9
4
12
3
11
0
2
1
1
2
1
57
2
0
0
7
19
2
1
1
10
1
0
4
0
0
4
3
1
3
3
2
0
8
1
11
2
9
37
1
108
2
0
2
10
11
2
0
0
0
0
4
7
1
4
9
8
1
11
1
1
29
22
0
2
0
0
4
27
6
7
0
17
1
103
97
5
2
2
0
5
0
0
0
0
1
2
1
1
12
1
2
12
1
2
3
0
1
1
10
13
15
0
225
53
1
14
3
0
1
21
1
4
3
11
1
0
0
3
0
0
2
2
1
0
6
39
3
5
4
2
0
2
3
1
4
1
1
0
4
0
1
1
4
0
1
67
1
4
20
3
0
3
3
4
3
5
1
2
37
0
3
0
6
2
1
4
2
0
7
0
0
0
5
1
0
11
2
0
0
0
12
19
0
0
4
0
3
177
1
1
0
7
1
1
5
1
16
20
27
10
16
12
6
1
1
9
1
1
3
0
0
0
0
4
2
1
1
3
0
0
1
13
0
1
0
4
34
1
3
2
6
24
2
0
18
3
0
25
88
0
2
0
3
2
2
1
24
5
0
12
9
0
11
7
2
12
1
0
18
0
1
4
15
1
4
3
2
1
1
2
0
2
0
2
2
1
12
0
2
0
0
1
3
0
4
0
2
0
45
6
4
2
9
2
3
4
2
2
1
3
0
26
3
2
13
4
20
2
1
6
2
14
5
2
5
8
2
0
1
0
23
1
16
5
10
6
70
0
6545
3
0
1
0
1
0
36
0
0
2
4
3
2
3
5
3
2
5
3
6
1
1
14
0
0
1
9
3
1
2
4
0
2
1
1
10
4
1
7
0
2
134
665
2
1
0
8
19
15
0
1
0
6
2
5
2
3
19
4
1
1
0
4
5
75
6
3
6
3
0
0
0
0
1
8
2
2
17
1
2
0
0
6
1
0
2
2
5
55
7
0
0
5
0
2
0
3
1
0
1
6
0
8
3
3
1
8
2
0
5
19
6
0
2
6
9
1
0
0
5
2
1
0
2
120
1
5
46
9
3
1
15
0
0
0
1
7
3
39
40
0
0
0
1
17
1
5
17
4
2
2
1
0
5
0
6
40
13
1
8
1
0
1
1
1
5
1
2
0
1
5
0
0
0
7
0
4
1
1
75
1
1
0
0
5
0
4
0
3
9
37
0
0
23
11
2
0
1
650
2
9
1
0
0
0
0
1
2
3
2
31
0
5
0
1
45
0
0
79
3
0
2
24
15
2
2
1
2
0
0
1
1
0
7
0
1
0
2
3
1
4
0
12
4
0
0
4
6
2
18
0
1
3
3
1
4
0
0
0
2
4
24
2
0
6
2
22
3
1
0
1
12
1
3
0
8
2
0
1
0
0
9
10
4
5
3
0
0
0
1
4
3
1
13
2
5
1
8
6
1
0
0
6
0
2
8
0
4
3
3
1
0
5
0
2
0
1
4
1
0
6
7
5
3
0
21
17
18
1
4
0
0
0
0
0
2
0
4
8
632
11
14
1
5
0
3
3
1
0
0
3
2
0
2
39
3
1
0
2
0
1
185
0
0
0
10
6
1
1
3
12
0
5
1
1
0
18
11
25
1
0
7
2
2
3
1
0
0
0
4
9
0
0
0
10
1
0
9
1
1
0
2
3
0
4
0
0
0
0
0
8
2
1
3
5
2
2
1
33
3
2
0
0
4
0
2
0
1
1
0
71
4
1
15
12
2
0
3
6
8
65
44
1
2
4
2
1
27
0
21
10
0
0
30
1
5
17
2
1
1
1
0
2
1
58
11
0
0
5
0
7
5
1
2
15
3
5
0
3
1
8
17
0
2
1
2
5
6
0
0
3
5
2
3
5
0
1
1
3
1
3
0
0
0
0
2
0
1
0
8
0
8
12
1
8
11
8
0
3
18
8
4
1
1
0
1
0
2
9
2
2
0
0
0
0
3
7
2
0
0
0
55
1
0
2
4
20
0
3
19
2
4
0
1
34
0
4
6
2
10
4
0
1
0
0
3
96
2
661
3
4
1
0
2
5
8
5
1
2
4
0
0
4
5
2
0
0
0
0
5
12
20
2
17
2
3
1
1
2
1
2
14
3
17
0
7
1
6
35
6
3
1
9
40
0
0
1
3
1
0
1
1
3
0
5
0
9
1
0
0
2
1
0
0
3
1
10
1
2
3
0
1
0
1
0
16
0
5
4
7
1
1
3
0
14
0
5
15
1
2
8
0
4
12
1
0
7
1
5
0
1
0
1
6
0
0
4
9
44
1
0
19
2
0
6
1
2
3
2
4
5
1
2
1
1
24
49
1
0
2
1
1
2
14
4
18
0
0
15
1
1
3
1
1
5
2
1
2
0
6
2
0
9
2
0
0
0
3
1
148
18
1
1
292
0
4
1
2
2
2
16
0
63
9
5
23
0
0
0
0
1
0
2
0
35
2
1
1
1
14
2
1
2
0
4
25
1
5
0
1
1
1
0
7
2
5
5
0
66
0
2
1
1
6
2
1
3
4
2
3
0
37
7
0
2
8
3
13
0
0
0
0
0
2
62
1
23
0
2
62
0
1
10
1
0
2
1
1
0
0
0
0
0
3
14
0
4
1
70
0
0
0
3
2
13
0
7
26
1
4
27
3
1
9
3
24
2
18
81
23
12
0
1
0
4
0
26
12
1
2
0
3
1
1
2
1
5
4
6
3
0
1
19
10
2
0
5
1
1
0
2
1
2
0
1
6
1
0
0
2
3
5
3
0
1
0
3
0
0
1
1
1
5
2
4
4
18
1
1
2
0
2
0
5
8
0
1
0
0
140
2
1
0
16
5
0
33
1
0
4
2
5
0
2
1
5
7
1
6
3
2
1
5
1
0
1
0
0
0
1
6
3
0
1
5
4
1
2
7
5
0
12
1
0
0
3
7
2
2
4
0
0
1
1
0
1
6
0
0
1
21
1
0
0
0
130
6
23
1
11
2
2
2
0
1
0
1
1
0
4
5
4
6
0
16
3
1
1
5
1
10
0
0
0
4
2
0
31
3
1
4
2
2
1
43
14
2
0
2
0
2
1
3
6
61
9
0
5
0
0
2
0
3
1
0
2
3
0
4
1
1
2
34
4
0
1
5
13
3
9
0
1
1
9
0
2
3
7
4
0
8
0
7
0
0
0
1
0
17
1
20
0
3
39
0
9
0
3
2
21
6
2
1
5
2
4
1
4
0
0
35
0
1
2
2
0
0
4
4
6
1
1
0
3
3
7
0
0
1
7
0
2
33
0
0
6
0
2
3
2
0
1
1
107
1
0
15
5
1
9
3
0
0
3
85
0
95
4
1
0
6
5
3
3
7
3
1
14
6
3
1
0
125
3
5
0
2
36
1
2
2
7
0
2
2
0
0
0
0
4
2
1
1
1276
0
1
1
4
38
0
8
0
0
0
0
1
2
0
5
1
4
0
1
19
6
1
2
0
0
0
1
1315
22
114
2
15
2
62
0
0
1
2
8
1
0
0
1
5
20
3
14
7
3
1
10
0
0
1
3
1
2
1
1
1
0
1
5
1
9
2
12
0
5
36
0
5
1
4
1
3
90
2
0
0
0
0
1
1
0
2
22
1
2
1
0
0
11
59
13
1
0
0
0
7
2
1
4
0
7
3
12
1
6
0
0
2
0
1
0
0
4
0
6
0
0
0
3
2
2
3
1
20
13
0
2
3
21
0
5
0
3
7
2
0
17
8
6
1
11
2
1
4
13
0
1
6
0
236
1
1
2
1
1
1
0
182
5
3
2
0
2
3
1
1
0
4
0
0
0
14
0
1
1
7
1
1
0
1
0
0
0
2
6
2
58
17
2
3
10
12
20
1
17
0
19
5
11
1
4
1
71
1
0
0
1
0
1
3
6
2
1
5
8
0
246
9
11
0
0
4
3
26
6
1
3
1
3
14
135
0
5
0
0
0
4
3
8
7
11
0
4
49
0
45
0
0
6
0
11
8
1
0
2
3
3
7
2
1
2
2
1
0
7
4
3
2
87
2
12
19
25
4
4
68
9
2
9
809
9
14
3
0
0
0
13
0
0
0
0
3
0
3
26
0
7
8
0
0
0
0
4
0
0
0
1
2
43
8
9
0
0
16
7
2
28
1
27
33
7
3
5
19
1
0
17
5
4
1
1
1
4
0
28
0
1
1
3
5
56
2
47
2
26
0
0
5
2
0
4
4
35
43
0
3
0
0
2
1
3
5
1
13
21
0
1
5
25
0
1
0
10
31
7
0
0
0
1
0
5
1258
0
291
1
3
13
0
2
4
18
9
8
6
3
10
2
0
113
14
2
0
2
1
8
0
1
1
0
0
6
5
4
3
1
0
1
0
0
4
0
2
3
2
4
10
11
26
0
2
0
0
2
3
2
4
1
1
0
6
0
0
9
6
5
1
14
0
4
11
3
0
80
62
4
5
1
0
7
0
2
7
1
2
1
0
5
9
7
1
15
1
2
4
0
0
29
0
0
0
0
4
0
1
1
1
0
0
0
0
4
2
4
0
2
5
4
15
1
4
4
0
9
9
2
10
0
0
1
5
0
5
1
0
2
5
15
3
6
16
10
2
1
1
3
1
2
10
0
4
1
6
8
0
1
0
4
0
5
10
0
15
3
0
0
1
4
2
2
1
0
2
0
6
2
1
16
6
2
20
0
3
11
0
4
0
0
2
11
6
4
4
1
0
1
6
9
2
18
2
5
27
0
57
6
17
17
1
0
23
21
1
5
28
0
3
16
0
2
3
4
0
2
0
6
19
0
2
12
0
3
7
1
19
1
1
3
0
1
1
0
0
4
0
3
11
1
1
0
1
5
14
0
8
2
0
0
0
3
52
1
0
3
2
2
2
1
0
1
19
14
1
5
1
0
1
1
10
3
0
5
2
0
6
0
1
0
1
0
0
4
3
2
4
2
5
0
3
2
0
10
0
31
1
4
10
1
1
5
0
0
2
1
0
2
36
0
11
67
2
7
1
0
23
6
2
0
2
4
12
7
1
1
2
1
2
16
17
0
17
5
11
1
0
0
1
137
5
0
0
2
0
29
0
1
0
1
1
0
6
3
3
4
4
2
0
0
15
19
3
1
0
0
0
6
0
2
2
1
2
1
0
257
0
45
0
1
4
26
0
2
0
48
0
4
1
1
0
5
0
1
1
7
5
1
5
690
1
16
14
1
3
1
37
0
8
0
2
2
0
0
1
1
0
6
6
0
12
2
10
1
4
16
1
0
0
15
1
0
1
0
1
0
3
0
0
0
4
0
1
2
0
2
2
0
3
11
2
27
1
0
0
0
1
5
3
0
124
4
2
0
1
0
4
0
2
1
1
1
6
0
8
1
2
2
0
3
6
0
1
5
5
1
6
1
5
0
0
2
0
4
5
3
0
0
16
0
3
3
4
3
0
1
2
2
0
0
34
0
5
34
6
0
2
4
4
8
84
28
2
0
0
0
24
4
3
4
14
9
35
5
1
29
8
7
0
0
11
6
0
2
1
2
2
1
0
0
0
5
1
6
0
4
11
72
3
1
11
6
8
4
2
64
0
2
5
0
0
0
0
0
0
6
2
0
0
1
10
15
6
18
3
2
13
11
4
11
1
19
0
0
1
0
0
6
4
0
2
1
1
1
0
102
0
2
8
4
5
1
5
5
1
0
0
0
2
0
4
8
2
10
1
180
2
21
35
0
1
25
20
3
9
53
118
4
3
20
1
2
2
4
7
1
1
0
0
2
19
1
0
1
13
42
0
0
8
1
1
0
1
26
3
2
150
1
4
0
1
3
20
2
1
19
3
1
1
9
0
1
2
1
12
5
0
55
10
1
0
0
3
0
54
7
0
2
2
0
0
11
3
6
11
6
0
5
13
1
4
0
3
12
2
1
1
0
2
3
0
13
4
5
1
3
2
3
9
11
5
1
1
2
5
11
2
3
0
34
0
6
2
1
1
0
5
1
0
23
4
3
4
1
17
0
0
42
5
3
3
0
1
1
12
17
0
3
0
1
2
4
5
0
0
3
26
1
278
1
3
0
2
1
0
1
3
0
7
1
19
3
5
2
5
6
1
0
20
2
1
1
2
3
1
37
6
0
0
2
3
13
4
9
17
0
2
1
6
1
8
6
8
1
0
0
2
1
63
0
6
5
1
24
4
23
5
0
4
0
2
2
107
1
1
1
0
0
34
1
3
6
4
3
10
4
3
0
1
3
50
4
17
8
1
0
3
1
0
7
0
4
2
41
6
1
1
0
6
0
165
1
0
1
2
2
1
1
0
6
3
0
77
3
46
8
3
5
18
0
6
3
0
1
5
3
25
0
3
1
0
3
1
0
2
7
11
2
1
2
0
6
25
10
1
0
0
5
1
1
1
3
5
0
0
1
14
0
5
12
0
1
11
5
12
2
10
3
1
5
2
0
0
1
45
0
3
987
0
1
2
3
3
2
1
1
7
7
0
0
2
31
3
2
0
19
2
3
2
0
7
0
6
22
0
3
0
12
0
6
2
0
0
3
0
0
0
1
0
0
3
28
0
16
2
9
3
28
0
0
3
14
1
8
2
2
0
0
0
0
1
5
0
2
7
1
0
2
10
0
1
0
0
1
1
8
0
0
12
7
2
4
0
7
12
2
1
0
136
28
8
13
4
6
5
5
6
0
2
2
1
0
11
2
9
0
5
3
1
48
0
0
6
3
13
2
2
1
0
2
2
1
11
2
1
0
0
0
1
0
38
2
1
3
0
1
3
1
0
13
1
96
0
28
0
2
18
7
32
6
1
2
0
0
4
8
6
0
23
0
1
16
5
1
14
0
2
4
3
48
0
0
0
13
2
23
9
4
6
0
0
1
6
0
3
7
0
2
0
0
3
7
5
2
8
0
1
1
4
2
1
12
39
0
0
2
0
1
3
5
14
0
17
21
0
78
1
1
11
2
5
46
3
2
581
2
6
3
1
3
49
1
1
0
12
0
2
1
1
1
7
1
0
7
2
9
12
1
1
0
0
1
2
1
0
1
21
1
4
0
2
1
2
4
0
1
14
1
12
12
13
0
5
23
2
7
4
1
3
0
1
1
1
4
1
0
2
8
0
0
5
0
4
0
1
4
0
14
7
4
2
0
2
2
3
4
3
4
2
1
0
1
0
115
2
6
149
2
2
2
0
14
2
2
19
51
0
2
1
0
3
32
4
69
8
3
1
18
0
9
15
1
0
0
59
0
2
5
0
2
12
12
0
4
0
3
25
1
10
2
8
0
3
2
10
2
2
0
5
130
20
0
0
2
0
7
1
9
4
3
0
4
4
0
1
3
3
3
0
1
16
28
0
0
7
4
3
2
2
9
0
1
3
1
0
2
2
2
0
2
9
2
1
1
9
0
8
5
1
17
8
1
14
0
13
0
0
4
0
1
0
2
0
2
3
5
0
5
31
6
1
7
6
11
1
4
2
0
6
0
3
0
1
0
1
3
5
29
0
0
0
4
5
4
0
1
6
6
12
9
1
0
5
16
0
0
6
38
23
2
3
108
3
16
4
0
8
0
4
2
1
0
0
5
52
1
3
3
0
14
0
1
0
1
2
3
17
1
5
0
0
0
1
2
24
3
8
0
0
1
2
15
54
11
3
7
2
23
1
18
0
10
3
1
1
70
3
2
3
8
0
8
1
22
1
0
0
2
3
22
1
1
1
1
4
1
1
1
0
1
24
0
0
19
0
0
2
17
0
1
2
0
7
10
5
3
1
1
8
1
4
5
0
8
0
1
4
1
0
2
1
0
0
0
2
2
4
2
0
0
2
1
10
11
0
7
3
2
136
0
1
0
4
4
1
2
0
3
0
1
0
9
1
1
3
1
3
13
5
0
52
5
0
2
18
4
3
11
5
1
1
0
3
7
5
0
2
15
4
5
5
9
2
3
1
0
0
9
9
3
0
6
4
1
2
0
1
23
14
5
1
5
6
7
13
7
5
18
2
1
1
2
1
5
303
0
1
14
1
0
161
52
1
6
1
17
27
1
57
9
0
0
2
6
6
5
7
0
6
1
4
1
0
0
0
1
3
2
3
5
7
2
10
0
0
1
3
1
10
9
0
2
0
2
16
0
0
1
2
2
5
0
2
0
9
4
2
1
1
1
6
15
4
280
1
0
0
1
0
51
0
2
2
2
0
10
0
0
0
1
1
170
3
2
66
0
2
4
1
1
6
1
10
3
11
2
1
33
0
6
6
56
1
21
0
0
3
4
1
3
1
2
5
1
5
2
4
3
0
3
0
1
1
0
0
0
4
18
6
17
6
6
0
67
1
8
0
8
1
3
2
4
1
3
5
0
7
2
0
2
1
0
2
9
31
2
6
2
1
0
0
0
2
2
0
1
2
6
0
1
0
0
22
9
0
7
3
1
6
4
67
0
3
7
9
9
1
10
1
7
9
0
76
10
7
0
1
1
6
4
9
1
1
1
836
1
0
8
6
1
0
1
2
2
0
2
1
1
3
2
1
0
21
2
1
5
0
1
4
109
0
1
10
2
1
3
13
3
2
2
7
4
5
1
1
1
1
12
0
0
57
1
1
2
2
3
13
85
2
1
1
8
1
3
1
0
1
11
2
41
0
12
1
2
0
43
5
0
1
2
1
1
0
5
1
7
4
1
1
1
6
2
1
0
0
1
0
14
7
13
2
0
2
15
12
3
2
308
0
0
2
3
1
1
9
1
0
0
1
1
0
4
0
2
2
0
10
1
4
20
0
0
3
1
1
3
5
47
21
5
20
1
1
7
1
10
1
0
15
5
23
0
4
4
0
1
6
0
0
24
0
1
4
108
5
4
0
0
8
1
0
16
27
1
1
4
16
1
7
0
4
0
4
2
0
5
2
0
16
0
1
5
16
1
4
9
0
1
2
3
0
0
7
2
0
1
7
12
7
4
0
0
38
5
0
4
1
1
19
2
0
1
2
2
0
40
3
1
3
4
37
0
50
3
6
1
1
1
5
17
3
1
0
0
0
0
3
3
6
2
1
1
0
29
2
0
9
7
1
2
1
7
0
6
0
11
4
2
9
1
19
16
1
11
1
2
0
2
3
7
2
4
5
2
1
1
0
3
0
0
0
1
0
1
2
1
6
0
1
13
5
2
1
11
2
4
10
7
1
73
2
995
0
1
0
1
15
4
2
1
1
40
0
0
17
14
1
3
1
1
2
9
0
5
19
0
107
0
0
0
4
6
0
110
6
4
2
1
0
1
4
2
6
0
1
6
2
2
13
0
0
6
5
1
3
1
5
1
2
7
1
16
1
7
10
2
1
5
3
0
5
2
1
4
0
0
1
2
5
3
37
2
11
5
2
1
0
8
4
5
1
78
2
9
91
5
0
6
2
55
3
0
0
7
6
0
1
0
0
0
3
2
3
6
1
0
0
10
6
37
0
4
1
4
2
8
0
0
5
0
4
6
0
2
0
1
6
2
3
2
133
0
1
2
2
1
0
23
13
44
46
1
23
0
0
8
32
5
0
15
0
0
0
1
34
0
0
0
0
2
1
2
14
0
1
5
2
0
8
4
9
0
0
0
2
2
0
0
4
5
3
24
1
9
0
11
2
4
5
13
5
1
0
1
0
4
4
39
2
0
0
4
1
5
0
0
0
3
6
1
2
1
0
0
1
1
2
3
56
5
0
1
42
0
2
7
16
7
3
8
3
0
2
3
2
3
2
1
0
0
3
1
6
3
2
3
12
4
2
3
4
3
0
0
1
25
1
2
3
2
3
717
0
1
2
0
2
7
3
2
0
2
5
0
0
42
1
0
0
0
6
9
0
3
1
0
4
2
44
3
1
2
0
0
1
0
0
0
5
1
0
6
2
1
3
3
7
9
4
1
0
0
10
3
3
3
1
3
3
10
172
0
0
2349
12
5
3
7
0
13
2
2
0
0
1
34
6
3
4
0
1
0
7
1
0
3
0
6
5
2
0
35
0
0
217
0
1
4
0
77
3
0
2
1
2
4
2
105
1
19
3
182
3
9
4
6
1
2
2
69
1
0
0
1
0
24
3
7
2
8
8
0
0
4
0
1
16
1
0
1
3
2
2
5
0
1
2
3
0
736
4
30
0
2
13
2
8
5
1
2
5
3
0
2
1
2
0
7
11
7
0
1
6
0
8
1
0
13
0
4
0
1
5
0
2
60
42
8
3
1
1
2
2
0
0
6
0
1
1
12
2
19
5
1
1
0
0
0
1
2
1
0
0
0
0
3
41
5
2
3
4
0
6
6
200
0
0
0
7
0
11
3
0
7
1
0
7
0
0
1
4
1
4
27
3
20
2
1
11
9
80
0
1
6
0
2
0
2
4
14
5
1
4
0
2
0
368
2
11
234
1
6
34
0
2
1
1
2
6
5
3
0
0
23
6
4
1
1
33
2
1
0
2
0
4
16
5
4
11
2
3
1
0
4
6
13
8
4
42
7
3
0
1
3
3
2
2
6
1
2
0
24
7
14
7
0
10
5
1
4
1
2
8
5
4
3
9
1
17
19
2
2
0
16
0
0
3
5
1
0
2
119
0
6
0
0
0
0
0
0
0
9
14
2
34
2
0
8
5
0
9
10
1
1
0
0
0
1
5
1
9
0
2
3
2
3
0
1
0
4
4
4
0
12
50
5
4
3
10
0
2
1
2
5
0
4
2
0
1
3
25
0
7
1
1
1
5
1
5
1
6
1
2
61
3
3
1
0
212
4
3
1
1
1
0
0
7
0
0
1052
1
7
11
1
1
2
51
757
1
2
2
3
1
25
0
4
426
1
2
7
0
272
0
0
2
1
0
0
5
2
0
5
0
0
0
0
1
12
2
1
2
0
1
0
2
8
14
0
1
9
2
0
32
0
4
2
0
1
1
1
1
1
2
16
4
1
1
4
13
5
0
1
0
3
1
5
8
0
3
8
43
0
1
84
1
8
0
1
5
1
0
4
2
0
1
1
0
2
111
2
8
0
13
18
3
3
14
5
3
8
16
37
4
20
1
1
4
2
20
2
0
1
62
3
2
7
20
2
0
1
3
16
12
0
5
0
0
8
7
0
0
4
0
1
7
1
5
7
6
32
0
3
5
0
6
1
22
0
3
0
10
155
0
0
9
1
3
12
3
1
4
2
13
4
3
0
0
6
1
5
4
1
0
2
0
0
1
4
0
29
13
0
17
17
2
0
0
2
0
0
0
6
2
1
2
5
0
0
2
10
0
2
10
6
1
0
5
2
1
2
1
4
5
17
0
1
6
2
3
0
0
1
0
7
0
1
17
1
3
1
0
3
7
0
13
1
0
4
0
7
2
10
2
14
0
11
5
0
1
8
5
3
0
3
3
11
0
0
2
0
2
2
0
2
0
1
2
1
0
1
25
0
2
1
4
2
13
0
1
0
2
46
0
0
0
0
18
2
1
1
0
153
16
0
3
0
25
0
4
2
0
1
0
7
1
38
2
30
0
2
2
0
1
6
0
4
1
0
3
1
2
0
2
13
0
4
6
0
4
4
4
1
0
0
1
1
7
2
57
3
2
1
0
5
0
1
6
2
1
4
8
5
0
4
1
2
0
19
1
10
2
0
59
5
1
3
2
3
123
2
0
0
1
0
4
0
1
0
1
0
0
3
12
7
0
4
9
2
0
0
0
11
0
1
5
14
0
2
0
10
16
22
1
1
0
3
2
2
0
0
2
1
3
0
0
0
9
1
0
3
0
2
1
483
0
17
10
1
0
1
21
0
7
0
0
0
5
0
54
0
0
1
2
11
1
2342
0
0
0
55
6
1
205
19
9
2
2
6
0
8
0
0
15
536
1
4
8
6
9
5
0
0
11
1
3
2
1
1
2
1
0
0
1
4
2
0
0
0
60
0
2
1
4
0
2
1
0
0
1
0
0
3
2
2
1
2
2
4
3
5
120
1
1
1
3
4
0
1
1
5
14
1
0
2
3
1
8
1
1
0
0
3
5
2
82
5
0
357
0
1
1
0
2
24
4
4
5
1
0
5
1
2
2
0
0
12
8
0
3
0
0
0
1
0
0
3
5
1
0
1
1
2
1
15
5
1
2
10
4
12
3
2
0
5
0
0
0
3
1
3
0
0
0
0
3
8
1
12
9
1
1
0
3
1
8
2
1
1
13
2
0
18
1
4
1
0
70
7
0
29
2
1
56
0
13
1
11
1
6
2
0
3
1
11
0
1
2
0
5
1
0
0
85
1
0
7
14
0
2
2
0
6
2
1
0
0
3
0
15
2
5
1
75
0
3
2
3
6
1
8
1
5
11
1
22
6
3
19
1
0
0
17
3
2
0
8
3
1
4
0
1
0
1
2
1
2
2
0
1
1
4
0
11
1
4
265
4
2
8
3
9
1
4
0
3
0
7
0
0
0
1
5
27
0
1
0
12
1
10
4
1
3
4
2
1
1
0
6
1
0
0
10
3
50
1
0
58
132
27
0
8
68
0
3
1
14
0
0
1
0
2
10
4
3
2
0
3
8
76
0
4
2
1
8
2
0
0
0
4
0
0
4
0
1
3
16
0
12
1
2
0
1
13
23
2
0
1
4
1
6
2
8
21
7
3404
0
5
1
1
10
4
2
9
14
0
12
1
23
0
6
10
7
0
3
2
1
1
1
1
8
0
1
1
0
13
129
3
5
2
0
3
17
1
0
22
16
0
2
1
7
62
0
18
1
131
29
0
1
12
0
4
1
5
7
2
1
12
17
0
10
2
47
2
4
7
7
3
0
281
2
0
3
1
2
12
29
1150
0
2
2
4
27
0
2
0
0
0
0
16
33
0
0
8
1
3
1
3
2
0
3
3
27
6
8
0
0
15
25
1
0
1
3
0
62
4
1
1
13
22
0
5
113
1
23
0
2
18
1
1
1
0
2
0
1
1
0
0
1
1
0
0
3
0
21
0
11
5
31
3
0
0
32
1
1
7
0
3
1
1
0
3
8
4
0
0
23
1
1
3
1
0
6
3
4
2
7
0
3
5
10
22
10
0
7
0
0
1
9
2
15
0
1
0
4
6
3
19
0
1
11
0
15
16
5
1
0
1
2
0
1
0
2
27
1
1
0
1
5
16
136
4
0
0
0
2
8
66
3
2
0
0
43
0
0
4
1
5
15
0
0
0
5
0
6
0
1
17
15
14
48
0
0
0
1
3
3
1
7
4
1
7
9
4
1
1
6
0
7
8
1
1
1
0
2
0
226
0
0
2
15
0
2
0
32
124
25
0
4
2
5
0
3
1
6
3
5
3
222
1
2
7
1
0
2
5
1
1
2
1
96
6
7
1
0
0
25
4
86
9
5
1
0
12
4
0
2
0
1
1
2
0
4
9
3
0
3
0
1
0
4
0
0
0
0
0
0
0
0
1
9
11
37
13
0
5
0
8
4
1
1
8
0
106
1
162
1
0
1
30
1
0
2
3
46
0
1
1
1
1
0
0
4
0
3
8
0
2
21
16
5
4
0
1
2
3
3
1
4
0
1
2
0
1
0
0
1
0
5
5
1
1
1
0
3
0
2
7
1
0
6
8
2
0
0
3
1
3
1
5
0
18
1
1
20
1
2
46
53
0
1
2
0
1
0
5
19
4
0
0
4
10
6
0
2
18
6
5
2
2
58
5
0
12
245
0
9
0
1
6
3
5
0
4
2
19
4
9
4
1
0
2
0
1
2
206
8
2
0
40
0
3
7
22
5
0
3
6
11
1
1
11
10
0
9
5
8
5
2
0
8
1
3
8
0
1
0
4
2
10
14
0
5
12
3
0
322
34
2
8
13
4
0
3
0
1
0
3
5
1
1
4
2
0
81
4
2
1
1
2
6
3
5
8
2
0
0
7
5
25
700
2
16
1
0
10
0
2
2
0
1
0
1
0
0
0
0
5
2
0
19
2
1
30
1
1
4
0
2
8
0
3
2
0
1
7
2
6
0
3
0
0
0
0
0
0
13
11
1
1
1
2
2
0
175
3
22
7
2
0
0
9
2
8
2
9
20
2
5
1
5
36
4
163
0
2
0
2
1
42
26
0
0
6
12
2
0
49
10
0
0
5
1
2
2
0
1
1
1
2
3
4
33
0
0
0
0
0
13
0
1
3
7
3
12
1
0
4
9
3
3
0
2
35
0
347
8
0
32
0
3
1
6
1
2
0
0
1
0
0
3
14
1
8
1
4
1
1
1
1
3
1
2
15
0
8
2
2
1
3
1
0
15
1
4
4
3
18
0
27
5
2
9
8
1
1
4
1
0
7
75
2
2
0
4
4
1
1
1
8
0
0
1
9
1
0
4
4
3
0
7
9
13
15
2
0
6
1
4
7
24
1
2
3
40
3
0
0
5
4
1
0
0
1
1
2
4
5
0
0
8
0
1
1
0
19
1
3
12
1
1
13
1
2
3
1
13
0
0
1
1
4
3
16
0
0
3
13
1
1
18
5
8
3
2
9
0
10
21
0
1
1
14
1
1
0
2
3
0
10
1
1
0
2
8
2
11
7
5
0
11
1
4
0
0
0
3
16
0
13
79
1
0
1
3
1
2
6
0
5
1
1
12
4
0
6
0
0
1
2
2
1
1
1
2
1
1
2
0
111
0
0
6
0
0
0
18
0
0
0
0
0
0
2
5
2
0
4
0
4
0
1
2
2
0
0
0
0
3
1
1
1
3
2
5
1
2
28
10
1
1
2
0
3
1
2
16
20
5
0
3
0
8
0
4
1
0
245
1
3
2
1
0
2
13
5
0
3
15
2
21
13
94
6
2
3
40
5
0
0
11
0
1
7
0
0
3
0
0
0
1
2
0
3
3
0
1
1
2
3
2
5
6
0
0
9
1
3
1
1
2
1
3
3
2
19
2
1
2
7
2
0
3
3
3
0
0
22
1
1
15
1
2
28
4
10
9
2
3
1
0
416
2
4
2
2
14
0
3
27
16
4
0
2
1
4
3
4
1
0
0
0
1
3
3
0
2
0
1
2
9
2
0
11
1
35
0
5
0
0
0
1
0
0
1
2
52
1
1
4
0
1
33
3
3
0
1
0
2
0
1
1
1
4
2
0
1
81
0
4
2
4
3
6
0
1
1
12
31
6
5
3
28
0
0
219
1
0
4
2
27
113
0
4
2
3
1
1
0
6
23
8
3
6
4
5
0
1
28
5
0
5
0
4
0
0
9
5
3
1
1
1
5
0
4
2
4
2
1
1
11
2
1
0
0
32
0
29
19
1
1
288
0
0
7
180
0
2
0
3
8
5
1
0
1
3
2
1
20
1
0
20
1
1
3
2
0
1
0
4
4
1
0
2
0
2
0
5
3
6
4
0
1
56
1
2
0
0
2
5
22
3
13
4
0
96
9
0
1
5
0
0
2
6
9
2
4
4
7
8
2
1
2
1
5
0
5
1
18
1
0
0
20
6
2
5
2
0
49
6
34
0
0
0
13
5
3
2
2
0
0
0
30
3
3
6
1
2
16
5
0
2
6
2
1
3
0
0
1
179
0
1
0
2
6
0
2
0
1
0
0
3
1
7
1
23
0
13
2
1
2
1
0
16
1
1
1
2
4
0
2
2
0
0
5
6
13
1
2
0
2
0
0
0
7
0
0
0
0
0
22
0
1
3
76
1
0
6
0
0
0
1
1
2
2
72
2
0
3
4
6
0
6
2
4
1
10
1
0
2
0
0
0
0
0
0
1
13
2
3
0
3
0
2
1
0
0
0
0
1
7
3
1
0
0
0
0
1
5
0
7
2
139
5
3
0
1
3
9
16
2
4
7
1
2
2
3
4
0
1
2
1
20
0
9
0
15
7
0
1
4
2
0
2
4
0
7
0
1
0
4
0
0
0
0
0
16
1
0
0
0
4
5
8
1
0
1
6
0
7
3
2
2
5
26
321
0
13
1
2
4
12
3
4
7
5
113
3
26
0
29
1
3
0
1
3
4
1
25
0
2
4
0
2
1
20
26
0
3
5
3
3
9
2
0
20
5
2
3
0
2
0
0
5
1
3
0
0
2
1
1
9
3
20
12
10
1
0
7
1
0
36
1
5
0
4
2
0
0
4
5
0
1
3
3
2
1
3
0
2
4
19
5
2
6
9
1
6
10
6
0
49
1
11
10
10
0
4
1
1
17
0
10
17
3
0
1
8
2
0
15
2
3
1
5
5
0
44
14
0
0
14
1
1
3
22
1
4
0
22
21
0
20
1
5
1
3
0
0
1
3
0
0
8
447
2
4
2
1
3
8
1
1
0
6
0
5
0
0
2
0
0
1
0
1
93
3
0
4
0
10
2
1
3
0
23
1
0
4
1
0
2
3
3
0
14
5
1
7
1
51
0
1
0
5
1
0
0
1
17
1
12
0
6
9
1
4
0
1
1
7
19
0
1
1
1
11
0
2
59
9
2
0
1
1
21
0
14
18
4
7
1
4
0
0
0
4
1
5706
2
2
47
3
2
1
15
0
0
3
2
0
0
4
0
4
0
0
146
1
7
0
3
1
1
3
16
4
4
0
2
3
0
7
2
0
2
3
1
2
4
206
1
2
0
1
1
3
6
5
2
3
2
0
12
4
17
2
5
0
0
11
294
1
69
3
1
1
6
1
2
2
1
13
1
1
2
3
9
1
4
3
0
0
32
41
4
2
4
0
2
17
18
1
3
1
5
3
3
3
7
2
1
45
8
1
11
1
1
0
0
0
2
2
14
0
2
13
2
3
21
4
3
15
2
1
0
5
0
2
331
7
1
10
7
0
17
121
1
2
19
3
0
8
0
0
2
1
3
3
1
0
1
1
5
0
0
2
0
2
0
4
0
10
13
25
0
1
1
0
2
1
1
1
0
3
1
0
3
30
2
0
0
2
2
0
0
5
6
20
1
2
2
1
6
6
3
1
4
1
1
17
1
6
3
11
8
1
1
4
9
1
29
10
0
0
2
0
9
0
2
0
2
1
3
2
3
0
1
4
1
40
21
0
1
2
3
0
2
0
1
0
1
1
17
0
4
2
63
1
2
2
7
2
4
0
0
17
6
1
3
0
0
11
0
1
3
