6
9
9
2
97
7
2
10
1
9
0
4
8
5
21
3
7
6
1
10
3
24
1
1
3
10
1
24
1
4
1
4
1
1
27
12
2
4
14
1
12
22
2
1
4
2
4
2
13
4
23
44
6
8
1
2
7
3
89
0
3
5
7
6
3
12
4
5
0
7
7
5
0
3
21
1
5
3
12
0
1
7
2
8
22
8
8
9
29
37
3
4
7
4
4
1
5
4
14
2
3
2
3
20
19
4
2
5
1
4
0
21
1
3
1
0
5
4
2
19
16
4
14
7
1
11
5
10
15
3
0
2
12
2
3
1
1
3
6
3
37
12
8
1
6
2
2
8
12
12
1
1
1
13
4
35
3
16
1
4
5
8
17
2
1
2
1
10
4
4
8
1
1
3
8
3
29
1
0
0
2
9
3
25
14
1
24
36
3
1
5
10
6
1
3
19
16
14
5
2
2
10
2
0
5
3
67
53
2
2
5
1
117
3
9
3
2
2
7
8
2
15
5
13
12
4
3
3
2
4
2
3
8
53
4
2
7
5
11
3
0
5
5
37
2
5
0
8
9
6
5
18
7
5
0
3
0
10
83
27
1
0
3
17
0
2
19
1
25
21
4
29
29
54
42
39
4
6
14
10
10
20
15
11
7
2
1
1
48
10
3
13
2
2
2
7
5
2
2
5
86
13
3
23
1
20
15
3
10
10
2
11
1
2
3
1
16
74
17
1
8
8
2
0
1
0
5
3
9
6
4
0
5
10
3
12
3
5
0
12
4
10
1
0
1
1
1
5
10
1
0
0
6
16
2
4
5
2
29
11
8
0
5
3
4
6
21
12
0
1
1
5
5
0
2
3
1
9
2
12
8
1
7
24
5
136
2
4
3
3
3
1
3
1
1
1
8
2
5
25
2
2
7
7
5
2
4
333
0
2
2
11
1
6
1
26
1
7
4
2
5
4
4
8
2
11
3
25
0
2
10
22
0
2
3
28
10
4
12
0
5
7
1
78
6
3
2
7
8
10
8
2
2
1
4
4
2
6
1
3
3
11
4
55
14
8
3
0
0
37
1
4
9
2
9
3
18
8
5
4
3
6
6
1
6
6
1
4
10
544
69
5
2
3
10
6
10
13
5
3
6
9
9
2
97
7
2
10
1
9
0
4
8
5
21
3
7
6
1
10
3
24
1
1
3
10
1
24
1
4
1
4
1
1
27
12
2
4
14
1
12
22
2
1
4
2
4
2
13
4
23
44
6
8
1
2
7
3
89
0
3
5
7
6
3
12
4
5
0
7
7
5
0
3
21
1
5
3
12
0
1
7
2
8
22
8
8
9
29
37
3
4
7
4
4
1
5
4
14
2
3
2
3
20
19
4
2
5
1
4
0
21
1
3
1
0
5
4
2
19
16
4
14
7
1
11
5
10
15
3
0
2
12
2
3
1
1
3
6
3
37
12
8
1
6
2
2
8
12
12
1
1
1
13
4
35
3
16
1
4
5
8
17
2
1
2
1
10
4
4
8
1
1
3
8
3
29
1
0
0
2
9
3
25
14
1
24
36
3
1
5
10
6
1
3
19
16
14
5
2
2
10
2
0
5
3
67
53
2
2
5
1
117
3
9
3
2
2
7
8
2
15
5
13
12
4
3
3
2
4
2
3
8
53
4
2
7
5
11
3
0
5
5
37
2
5
0
8
9
6
5
18
7
5
0
3
0
10
83
27
1
0
3
17
0
2
19
1
25
21
4
29
29
54
42
39
4
6
14
10
10
20
15
11
7
2
1
1
48
10
3
13
2
2
2
7
5
2
2
5
86
13
3
23
1
20
15
3
10
10
2
11
1
2
3
1
16
74
17
1
8
8
2
0
1
0
5
3
9
6
4
0
5
10
3
12
3
5
0
12
4
10
1
0
1
1
1
5
10
1
0
0
6
16
2
4
5
2
29
11
8
0
5
3
4
6
21
12
0
1
1
5
5
0
2
3
1
9
2
12
8
1
7
24
5
136
2
4
3
3
3
1
3
1
1
1
8
2
5
25
2
2
7
7
5
2
4
333
0
2
2
11
1
6
1
26
1
7
4
2
5
4
4
8
2
11
3
25
0
2
10
22
0
2
3
28
10
4
12
0
5
7
1
78
6
3
2
7
8
10
8
2
2
1
4
4
2
6
1
3
3
11
4
55
14
8
3
0
0
37
1
4
9
2
9
3
18
8
5
4
3
6
6
1
6
6
1
4
10
544
69
5
2
3
10
6
10
13
5
3
1
3
2
6
2
2
69
2
17
0
4
6
11
1
21
5
2
97
2
1
6
9
2
7
10
0
5
3
7
6
29
11
14
2
5
61
0
8
6
58
2
8
2
11
7
8
3
10
21
2
4
4
4
0
12
2
7
5
1
1
21
14
3
0
13
2
9
0
4
30
14
3
3
3
1
29
3
1
9
3
0
6
3
27
28
5
2
6
3
2
4
1
3
5
4
4
6
2
4
2
1
3
4
1
6
2
4
3
5
0
9
6
0
2
3
6
9
5
6
1
6
5
2
7
1
6
38
5
11
2
4
3
20
3
3
4
2
10
4
0
15
1
0
104
3
7
6
5
31
2
4
4
5
15
8
3
0
24
10
7
9
2
12
7
6
4
33
1
4
5
1
12
2
6
310
1
4
3
10
69
6
3
4
1
4
11
2
2
11
11
7
2
5
97
8
5
2
3
10
3
1
9
2
7
2
2
28
7
3
331
0
15
2
3
3
2
7
1
4
18
6
3
2
16
26
25
124
7
7
3
5
9
7
11
5
3
4
12
9
4
23
14
1
3
43
5
5
3
2
1
9
4
5
4
3
1
0
6
11
7
4
0
9
2
17
4
3
1
2
6
13
4
6
15
4
1
2
2
4
0
6
2
0
12
14
8
3
6
1
3
5
7
6
1
4
1
2
2
33
15
8
6
4
2
5
3
2
8
3
2
3
1
16
2
8
0
7
137
3
2
12
190
0
4
4
12
1
0
1
6
3
0
3
2
2
5
4
1
0
0
9
5
2
7
2
5
2
3
10
5
16
36
5
2
13
3
12
0
0
6
0
5
1
6
2
2
10
8
5
2
0
2
1
5
123
1
3
2
16
3
10
9
68
3
3
8
3
26
3
16
4
1
2
3
5
7
0
4
3
8
1
3
8
1
17
1
47
15
5
0
5
3
4
5
1
4
4
3
1
14
5
1
4
7
0
37
5
4
12
4
13
2
19
4
6
15
8
4
3
26
4
2
1
3
38
5
4
2
10
7
2
7
2
1
3
3
1
1
7
1
880
5
2
4
1
9
4
1
11
14
3
1
6
1
1
3
2
18
3
76
4
3
13
7
2
5
1
0
13
6
4
0
3
3
3
0
2
6
24
41
0
5
10
7
2
0
21
5
2
3
2
4
1
8
1
3
5
0
2
4
33
12
9
0
8
1
94
15
23
15
3
2
3
6
46
1
3
1
0
0
21
1
2
4
3
6
42
45
9
14
11
7
0
0
6
139
9
8
10
1
2
4
0
12
1
7
9
22
5
10
5
4
2
2
9
1
4
1
4
3
10
4
5
40
4
0
5
5
28
8
2
12
3
17
7
5
3
5
4
9
6
4
12
6
2
27
1
59
5
11
2
6
2
3
1
12
1
3
7
8
5
2
9
1
5
21
0
12
4
3
2
8
132
9
1
0
2
2
3
0
9
1
4
1
5
3
14
7
10
1
5
8
4
16
363
29
2
3
2
16
23
3
4
2
11
8
7
1
4
4
2
6
17
181
4
0
44
5
1
2
4
11
4
10
22
16
20
2
9
5
3
13
102
1
38
25
1
5
0
8
3
5
2
0
6
2
6
3
1
6
3
15
1
1
6
2
1
4
1
12
3
5
8
5
21
2
0
2
2
11
17
3
3
6
1
8
36
4
7
6
5
9
22
8
0
1
3
4
1
5
11
2
3
6
3
19
1
8
0
8
2
0
2
21
13
4
0
13
1
0
17
3
4
15
9
1
11
11
2
0
79
0
13
3
1
2
3
1
4
0
2
8
22
9
3
12
5
11
2
3
10
1
6
1
4
6
2
5
14
1
16
3
7
0
42
15
6
3
17
6
1
5
7
18
24
35
13
59
16
1
23
4
2
4
7
8
8
6
12
0
2
5
15
11
9
8
3
4
17
5
8
3
10
11
1
4
11
86
9
2
1
1
0
3
10
266
0
12
5
40
2
8
1
8
1
5
1
3
7
3
2
64
11
4
0
1
2
13
1
26
1
13
0
1
2127
5
7
7
1
1
1
3
8
0
4
1
1
10
52
1
1
3
1
6
8
5
3
0
8
14
13
1
30
5
3
13
4
9
13
65
5
15
1
8
2
5
2
26
2
0
3
3
0
0
2
2
3
1
3
36
1
1
8
5
22
13
4
14
19
3
11
8
1
3
1
7
9
6
4
11
0
5
15
5
5
3
3
0
6
2
2
331
2
11
5
8
0
6
6
2
1
5
64
1
6
0
4
11
0
19
3
7
204
1
12
0
3
8
1
2
4
2
9
70
4
3
5
0
2
3
3
3
8
0
6
0
1
10
31
7
1
4
4
2
2
10
4
0
3
8
5
11
2
0
1
0
2
1
0
4
7
1
1
10
6
11
3
4
4
4
5
15
12
14
5
1
2
1
5
1
7
9
0
5
9
12
3
6
1
2
3
105
5
2
7
4
2
3
3
25
9
0
2
1
235
2
4
7
5
6
7
4
3
7
5
1
0
2
2
0
1
8
5
4
15
7
0
6
296
11
2
8
4
21
4
5
0
15
6
3
16
7
3
3
4
3
7
4
6
10
2
7
1
0
6
4
58
3
0
14
6
4
20
1
0
6
3
3
1
3
4
2
4
3
0
2
1
13
9
1
1
2
6
4
5
7
4
0
4
2
3
1
4
4
8
1
73
12
0
11
4
9
8
5
1
2
8
14
9
5
8
3
12
1
11
1
13
0
5
4
1
6
15
32
14
0
6
4
9
0
3
84
6
4
2
2
14
25
0
6
1
21
3
8
4
5
42
0
20
6
1
6
2
13
4
4
2
4
8
168
0
4
10
3
13
3
5
2
12
1
76
4
4
0
3
1
6
6
4
0
8
34
1
3
3
6
6
13
9
0
80
10
6
3
4
2
3
37
6
3
0
1
2
5
9
2
4
5
0
0
8
9
2
4
6
10
22
10
5
2
7
4
7
10
2
4
3
2
4
6
4
1
3
0
23
3
1
15
4
2
9
7
1
4
7
7
10
8
4
3
17
1
6
8
1
1
21
9
19
1
9
1
4
2
3
1
2
3
4
5
4
12
5
3
2
5
18
6
7
1
2
0
2
1
3
3
1
6
7
3
1
71
9
3
3
3
18
14
2
48
4
32
2
6
4
4
1
5
5
1
1
1
4
3
9
8
1
3
1
369
2
3
8
2
10
8
3
4
4
2
0
5
4
16
7
27
2
6
0
3
1
6
40
6
7
6
6
1
53
2
2
7
0
5
6
4
298
9
44
1
6
1
0
2
3
3
4
3
3
16
2
3
1
5
0
11
11
6
1
14
8
17
1
7
23
0
3
11
10
4
10
1
2
14
1
2
14
3
2
2
1
0
3
2
5
0
3
6
5
17
9
4
2
4
24
18
1
1
14
3
4
1
2
4
2
2
2
6
2
14
5
1
1
2
1
7
6
5
16
4
1
7
13
3
2
10
1
124
2
3
1
191
4
12
3
0
8
8
1
1
6
0
19
1
0
2
20
0
3
15
3
11
1
41
5
8
2
0
3
3
4
5
4
3
7
7
11
5
4
2
39
8
2
6
3
1
17
43
8
5
5
1
10
1
16
5
7
4
7
3
3
6
1
14
7
15
8
12
49
8
1
1
3
6
3
15
3
4
2
1
1
3
78
7
6
1
1
1
0
3
10
2
5
1
10
4
6
3
4
6
1
2
5
3
5
10
0
2
2
7
1
1
3
25
5
7
1
9
10
2
2
9
9
22
3
0
4
4
27
13
8
5
4
3
6
1
5
6
3
2
3
2
15
1
3
20
14
2
4
3
3
3
1
4
16
1
2
2
25
6
3
7
8
13
49
4
11
604
1
1
1
2
5
33
0
2
5
2
8
5
9
10
43
4
3
6
9
15
4
1
2
16
0
11
7
9
5
0
6
7
0
15
7
12
3
2
11
2
66
6
8
0
7
17
1
5
2
3
3
0
6
8
6
37
1
1
2
12
4
7
4
2
8
3
5
4
3
3
0
3
5
23
12
2
44
4
0
0
3
2
62
7
8
7
24
1
10
4
3
5
403
5
7
17
13
6
3
14
14
44
6
1
5
6
2
29
7
8
8
2
12
4
2
5
2
7
1
9
1
2
179
7
74
8
12
5
1
4
11
3
18
2
0
8
12
2
2
3
8
9
4
1
2
2
8
6
5
82
14
12
3
3
4
2
1
2
13
22
3
1
0
0
0
4
2
3
9
7
5
1
4
1
41
3
2
2
3
6
2
4
4
8
6
2
12
2
8
0
45
4
2
9
78
6
7
5
16
3
97
2
239
5
6
51
3
16
7
4
2
0
11
0
2
0
4
2
3
0
17
1
5
6
3
3
9
23
2
1
13
0
4
4
5
2
5
1
4
2
3
9
30
6
5
5
1
13
4
13
2
6
3
27
2
3
19
3
7
1
0
9
25
2
2
6
2
2
3
34
1
5
4
5
5
2
5
2
15
2
7
2
1
2
14
0
1
1
22
0
9
13
5
137
7
15
6
2
1
0
3
0
1
1
6
4
4
0
2
4
2
6
7
2
6
1
2
2
0
4
18
2
11
14
4
4
3
5
39
0
4
2
6
0
6
0
2
4
119
11
30
5
3
0
13
3
7
3
0
7
3
2
11
3
3
4
1
13
0
9
13
4
7
12
1
4
11
1
5
7
6
4
6
4
5
16
4
1
5
1
3
1
2
3
2
7
12
3
4
3
12
5
2
11
11
10
364
3
9
1
12
2
4
3
8
15
6
2
8
4
4
3
1
4
3
3
6
8
23
4
0
7
4
6
31
7
4
13
10
10
2
4
1
2
7
3
0
4
1
2
3
1
1
3
0
6
2
1
0
2
1
5
0
5
2
13
6
59
2
2
4
4
0
5
0
3
3
1
9
2
22
1
0
11
5
5
0
3
34
16
3
0
9
3
4
2
1
9
41
25
4
2
2
19
0
59
3
4
10
10
33
9
6
16
2
5
6
5
5
4
4
6
75
2
2
3
3
9
3
0
3
7
1
1
62
2
0
5
9
2
9
1
18
3
3
10
2
6
2
8
3
4
2
7
11
0
6
4
43
4
5
7
12
4
8
0
2
3
2
2
10
3
7
18
10
5
2
14
6
4
20
12
7
15
3
3
6
17
0
7
2
2
10
17
3
10
4
5
0
3
5
6
4
1
9
3
11
3
1
1
6
1
8
5
25
0
9
8
0
9
2
31
3
3
85
5
3
10
5
1
8
1
4
1
5
4
6
5
5
3
1
1
5
2
6
2
13
2
0
3
37
2
7
5
3
8
13
0
6
2
33
0
6
0
1
2
3
1
2
4
16
1
1
5
6
0
57
23
1
12
6
4
47
3
2
1
5
54
3
2
11
1
3
1
4
32
1
8
2
1
1
5
21
5
17
4
17
2
1
1
2
1
8
2
8
15
2
0
4
2
115
3
13
13
5
32
13
5
3
5
932
2
41
1
2
1
3
20
7
6
5
3
1
38
4
24
1
2
5
22
3
0
0
2
4
4
2
4
8
1
2
2
4
8
1
18
60
4
5
5
4
20
8
0
7
0
5
19
2
12
4
6
54
6
5
5
2
9
0
7
0
7
6
4
2
3
12
11
2
1
6
8
5
4
4
3
1
32
2
4
9
4
4
2
23
1
1
1
32
5
6
3
6
1
1
2
1
8
12
6
0
3
26
2
4
3
6
5
0
5
8
0
4
3
1
2
0
5
10
3
3
3
10
4
6
8
12
12
52
44
0
3
5
4
1
2
5
5
3
11
1
1
2
0
3
26
5
0
9
9
1
12
8
5
5
2
5
3
5
6
0
6
7
0
8
24
5
13
4
0
14
7
3
3
10
7
9
2
3
1
4
4
1
6
1
4
7
3
9
0
17
12
2
11
4
25
4
1
4
3
0
2
15
2
11
3
9
2
6
2
27
0
4
15
10
14
67
17
4
3
21
3
4
11
226
3
9
2
28
5
12
1
10
6
0
9
31
8
0
8
13
1
32
1
7
2
3
19
27
5
5
1
39
2
7
1
19
16
5
1
2
11
0
1
1
12
7
4
0
2
2
10
5
8
2
8
2
1
4
6
1
1
3
12
9
12
7
1
0
1
53
3
4
1
1
3
13
16
8
2
1
4
10
5
27
4
3
6
1
4
1
0
1
6
6
6
4
11
4
8
6
2
12
10
11
0
5
22
12
0
11
6
7
12
0
0
1
6
18
9
1
4
1
8
7
0
1
2
3
2
21
1
0
15
5
3
0
13
3
23
8
3
4
6
2
4
5
8
0
6
10
0
8
23
5
8
6
9
0
5
13
1
11
1
0
3
4
4
4
13
2
64
9
7
4
9
5
15
1
2
8
3
2
4
5
3
4
9
23
13
1
4
1
0
5
4
1
1
5
4
1
6
2
0
15
0
3
9
6
4
1
1
1
0
8
3
3
1
3
5
0
3
7
1
2
60
3
5
23
71
0
4
46
6
1
5
3
2
2
19
36
2
12
62
3
1
16
0
3
6
6
15
1
8
10
3
9
1
15
12
7
3
4
6
2
1
5
15
3
7
4
1
16
14
4
76
16
1
4
11
7
7
492
2
1
5
1394
3
5
23
34
1
0
107
11
4
5
6
22
0
42
3
3
46
10
10
0
3
2
1
20
3
14
6
3
6
33
1
4
4
3
12
131
5
1
0
7
16
1
5
1
1
20
2
11
6
5
4
13
3
12
9
12
2
1
3
5
1
1
11
2
11
4
5
4
33
6
5
3
11
13
5
1
0
5
3
265
1
8
2
42
6
3
9
8
12
0
2
1
12
4
4
49
4
17
6
9
1
15
4
2
15
1
14
1
11
7
17
1
0
3
18
0
7
9
6
2
2
5
7
5
2
5
24
5
4
0
0
3
10
2
58
11
4
3
6
1
4
4
9
3
0
4
2
2
11
4
2
7
2
3
6
8
6
23
12
4
62
10
24
28
32
8
37
15
3
13
1
3
5
0
1
9
8
22
9
2
9
8
2
2
8
17
8
9
3
25
3
8
7
6
55
18
2
4
0
8
4
14
1
3
10
2
8
3
3
3
12
26
4
3
3
10
1
0
6
0
2
1
2
2
13
17
2
7
5
1
26
3
0
8
15
11
7
3
11
1
9
2
148
10
3
24
3
4
14
0
2
0
4
1
1
2
4
3
5
5
2
7
1
2
11
1
8
10
2
8
2
3
5
4
9
9
3
9
2
2
6
2
0
6
4
7
6
2
2
5
1
6
1
1
5
11
3
4
4
10
4
7
1
3
2
0
36
6
3
1
0
4
3
1
8
5
2
5
1
1
0
3
3
3
122
40
7
8
1
16
5
2
7
4
5
2
1
0
11
9
9
12
1
3
14
0
1
0
15
0
0
9
2
6
5
1
9
6
17
4
4
1
2
0
7
1
4
14
4
2
0
3
2
4
1
0
4
29
2
3
4
3
5
8
14
6
10
1
5
13
8
17
1
24
0
2
6
4
0
7
1
7
103
9
4
9
9
1
1
10
2
2
14
4
8
17
0
2
3
12
0
9
22
1
2
0
1
14
20
2
1
26
1
8
2
7
0
0
3
0
7
12
2
16
27
3
1
10
2
6
5
2
50
5
14
150
1
9
4
6
24
5
2
5
1
0
2
3
1
17
13
1
4
4
1
1
5
4
32
46
11
11
1
4
4
1
0
1
3
1
6
1
1
3
3
1
7
2
1
5
7
72
4
31
2
7
4
3
2
2
2
7
2
2
2
1
1
2
4
7
1
2
5
13
12
4
6
7
3
2
0
4
3
13
4
1
2
6
11
1
3
2
4
3
1
26
0
4
4
8
5
4
5
2
14
34
11
20
51
3
11
5
2
6
4
4
0
18
1
4
6
2
1
14
1
15
25
5
1
5
29
9
2
2
8
10
7
22
39
21
1
53
63
4
6
2
2
3
2
1
1
4
3
3
15
7
11
5
9
2
1
10
4
16
11
0
4
0
0
8
95
29
7
1
2
12
6
27
2
17
7
3
1
0
1
7
66
1
1
7
11
19
4
30
1099
1
55
7
33
2
8
25
0
0
1
289
3
5
190
27
1
8
1
3
3
0
12
1
5
5
6
13
5
24
10
1
2
6
6
2
2
5
5
1
3
89
4
8
51
12
8
377
14
27
5
2
5
14
1
9
5
4
6
20
20
3
3
7
0
4
7
10
8
0
0
4
30
2
9
1
0
16
18
3
2
0
2
0
18
4
12
3
7
8
1
21
18
8
2
4
6
9
1
2
20
1
4
0
6
1
5
518
0
19
3
1
0
12
2
5
14
1
2
2
0
1
6
11
4
17
3
7
34
5
5
35
2
6
101
10
1
14
4
6
1
43
1
5
27
0
13
7
3
6
2
8
8
9
18
1
4
4
13
12
1
6
23
1
14
5
34
5
11
2
1
0
3
11
9
8
0
26
0
13
12
1
8
7
7
3
3
8
1
8
1
6
2
9
4
0
7
2
4
42
6
9
18
0
7
4
6
2
102
11
10
1
1
3
4
3
5
3
0
15
8
11
3
6
2
7
14
21
2
3
37
6
5
5
2
2
2
12
15
15
3
2
6
2
3
3
0
10
7
14
7
535
1
3
3
70
1
13
22
5
2
17
3
5
0
3
6
7
13
3
3
7
0
2
1
0
6
1
4
1
6
4
3
2
0
3
7
1
7
0
8
1
6
2
2
0
0
2
7
4
4
3
5
11
2
2
4
113
3
2
7
7
12
8
84
3
4
1
1
0
2
4
5
84
19
271
57
1
10
1
5
2
2
4
5
11
1
1
3
2
44
5
1
2
1
4
0
2
2
0
2
7
7
96
4
437
1
6
0
5
7
0
9
7
20
2
6
1
11
2
9
6
7
1
2
9
32
3
9
1
2
3
7
1
68
23
7
0
5
16
4
3
13
0
20
6
31
1
5
3
20
20
6
2
1
7
3
1
6
2
7
0
4
5
0
1
4
5
12
0
14
2
4
1
14
5
11
5
6
2
1
4
18
7
2
13
3
5
5
107
2
2
3
5
30
34
10
2
2
1
3
4
4
6
4
11
4
5
3
2
10
1
7
5
7
31
16
18
2
3
8
8
3
9
6
0
0
16
1
9
8
18
13
4
0
204
8
20
22
15
7
7
28
5
16
1
5
6
2
26
19
4
2
5
0
4
0
2
1
12
1
3
1
3
4
2
1
3
5
3
2
9
5
9
3
1
2
1
0
5
72
10
4
2
7
2
9
11
5
1
3
2
5
2
4
20
1
0
5
5
4
0
129
6
3
9
8
15
2
36
10
4
6
1
2
4
5
6
2
1
0
0
8
6
2
3
4
2
11
3
4
1
2
11
9
2
6
3
4
28
3
2
1
6
2
3
3
15
2
2
3
1
7
7
5
6
11
30
3
7
2
2
10
0
0
3
3
2
3
3
2
4
2
2
2
15
5
1
4
11
16
3
2
5
14
7
12
1508
2
1
4
3
0
3
26
1
0
10
1
2
10
1
15
1
7
6
3
6
1
6
2
3
6
5
1
8
3
2
3
4
6
21
2
9
16
2
3
10
2
2
1
63
6
3
38
4
5
4
1
6
1
4
1
2
3
1
3
19
1
5
4
1
19
8
2
4
1
2
26
4
8
1
3
3
1
2
4
4
4
4
3
1
12
2
5
3
2
6
4
2
3
1
2
10
6
5
3
4
10
1
9
5
6
0
2
23
3
155
15
5
11
6
7
1
21
5
4
5
2
8
7
1
4
2
3
12
6
4
8
1
7
4
6
9
9
1
3
3
17
5
4
3
10
7
0
15
37
0
10
14
3
17
9
32
4
5
7
4
5
9
5
5
4
9
4
2
4
25
7
13
1
2
2
21
2
3
4
3
3
9
8
3
7
15
0
19
1
20
2
6
3
4
2
3
0
2
5
75
1
3
13
30
53
5
5
8
2
1
10
0
1
4
2
3
3
13
1
3
3
2
0
3
9
4
7
59
8
7
1
2
15
29
0
4
14
2
7
3
1
41
15
2
3
2
2
5
1
8
5
17
0
11
2
11
12
3
6
0
10
13
2
4
3
10
4
8
2
2
3
1
5
5
2
3
7
1
2
6
4
0
1
8
13
6
5
7
11
4
2
5
5
5
4
6
9
6
5
10
19
6
4
3
1
26
2
0
1
9
9
6
2
3
3
2
4
2
0
3
3
7
0
0
4
5
1
5
4
2
9
7
3
120
3
2
7
3
17
2
8
6
3
1
0
8
7
3
8
47
3
1
11
19
19
1
40
4
1
9
1
1
3
3
10
3
19
1
0
6
12
2
5
21
10
0
0
0
3
1
8
5
5
141
7
1
15
4
10
1
6
2
5
8
0
2
0
1
10
3
8
13
2
18
7
11
0
11
9
2
1
1
5
0
6
3
2
4
1
1
4
3
51
4
5
2
3
1
3
3
34
5455
1
28
0
1
6
3
8
4
11
2
9
0
38
7
3
1
5
1
2
5
6
2
13
2
3
5
0
2
0
4
7
3
5
2
5
6
3
7
6
0
3
7
2
59
3
3
2
0
4
5
30
9
6
0
0
0
8
4
48
0
4
3
12
4
9833
2
4
8
23
20
19
1
3
4
6
1
4
6
3
6
1
5
0
62
3
3
3
1
2
6
3
26
4
4
5
125
7
2
17
10
1
2
1
1
1
0
0
2
11
26
3
1
1
3
3
3
8
5
7
18
2
6
2
3
10
1
112
4
3
3
12
15
1
40
2
6
0
4
3
4
50
11
2
31
9
8
1
3
3
5
18
6
3
4
1
53
15
2
3
17
2
3
2
4
3
0
4
10
0
3
0
9
13
1
1
87
1
5
12
36
29
11
2
7
1
10
1
2
13
11
4
4
3
0
11
3
11
1
5
3
6
2
4
1
6
3
6
1
5
4
2
5
1
3
21
4
3
9
10
25
2
2
5
0
1
3
3
32
5
16
4
13
2
2
14
4
2
3
10
0
6
4
5
7
11
12
12
0
9
5
14
8
19
9
2
7
2
3
11
0
3
1
17
3
5
1
3
0
2
9
2
2
10
3
0
3
8
1
0
0
4
24
3
0
0
8
23
18
6
3
1
4
9
1
12
5
1
22
0
5
8
1
51
39
1
8
21
6
10
2
1
9
0
2
1
9
2
17
1
2
6
0
2
1
5
4
24
5
4
0
3
7
8
0
12
2
0
8
5
19
2
57
11
4
10
11
2
9
4
0
13
17
10
1
7
0
9
0
2
2
28
7
6
6
2
2
2
6
7
6
2
4
3
5
13
8
8
1
5
4
3
3
1
3
4
11
1
1
11
9
1
18
0
0
7
5
3
3
9
5
3
2
0
10
1
1
0
10
13
3
0
1
9
8
6
181
2
6
3
8
36
17
8
8
5
0
5
4
0
3
1
1
6
3
5
1
1
5
190
1
32
9
4
4
1
2
2
10
11
3
1
3
8
6
22
2
0
522
2
12
5
4
0
13
3
2
5
2
12
5
7
17
11
2
1
3
0
5
2
6
6
0
2
5
22
15
4
4
2
11
6
160
6
9
1
7
0
2
12
18
4
7
4
2
3
2
4
3
7
2
11
4
8
20
36
23
1
2
17
7
5
9
0
1
9
12
7
2
8
3
0
82
3
27
1
2
7
62
8
2
3
5
14
5
29
8
34
1
4
7
2
7
10
9
2
3
9
4
11
5
2
5
23
18
2
17
1
3
2
11
7
16
6
11
4
2
26
4
2
7
5
3
0
22
5
5
12
2
2
0
2
17
9
10
5
3
1
184
14
3
7
35
1
13
7
2
2
2
5
7
1
1
6
2
2
3
0
2
8
3
0
1
5
5
0
3
1
5
11
6
1
2
2
28
5
4
2
10
8
4
8
1
0
4
0
1
12
6
15
3
1
208
1
19
14
2
24
4
0
1
4
10
24
11
4
1
7
6
1
17
5
6
4
2
0
22
2
9
5
7
4
2
14
3
18
7
5
13
10
11
1
3
2
1
1
2
4
1
5
1
21
8
9
16
5
0
18
1
4
9
9
9
3
20
11
23
3
4
1
2
5
2
29
3
3
14
1
1
8
8
0
2
2
21
4
0
1
5
7
4
25
11
13
0
2
13
1
8
8
0
13
4
9
10
9
2
35
14
1
4
24
6
1
1
7
4
3
1
0
7
0
1
2
8
51
4
5
4
0
2
5
4
0
17
0
1
0
20
6
7
9
16
8
6
337
4
6
5
20
30
2
3
58
10
8
1
9
5
10
3
11
7
3
6
7
9
36
1
2
8
6
2
1
2
3
514
5
2
1
3
4
2
2
4
9
4
4
7
2
3
8
2
2
1
2
8
0
24
4
2
8
2
23
3
5
2
6
2
17
2
1
2
5
6
4
12
2
8
4
33
1
5
4
1
4
6
2
3
0
9
8
3
16
3
2
2
4
1
5
14
6
4
1
3
4
1
3
6
1
30
30
1
13
3
6
4
0
12
5
5
4
7
7
4
12
13
32
0
0
22
5
1
9
1
2
4
10
2
21
3
4
15
2
3
50
1
16
2
9
1
10
4
1
2
1
13
20
4
6
10
13
2
4
5
6
14
3
1
2
7
12
1
4
3
1
6
6
0
2
4
11
0
9
4
14
7
4
8
6
2
3
10
1
12
62
8
2
1
2
3
10
2
6
204
5
5
4
3
3
3
0
20
1
0
213
3
2
5
5
5
1
19
36
3
15
8
9
93
11
22
3
10
1
1
30
0
6
68
5
2
5
4
16
2
3
0
35
3
2
6
2
4
4
3
21
0
6
2
7
0
1
12
6
4
4
7
0
1
21
13
4
2
5
6
7
19
6
2
2
3
2
0
5
14
26
29
4
0
1
7
1
3
7
3
2
24
1
2
2
15
4
9
16
2
2
1
18
1
6
8
2
0
4
5
4
8
1
5
4
1
1
0
11
2
26
6
1
12
29
4
2
3
4
7
11
2
19
9
0
25
14
15
3
5
1
11
8
3
8
1
12
3
12
3
2
5
1
6
37
43
3
20
8
3
1
4
0
9
7
1
3
3
4
1
7
2
1
3
4
1
16
5
14
2
4
2
4
6
69
5
1
17
9
8
44
2
3
1
5
2
3
2
6
1
32
41
3
10
1
10
8
7
0
1
28
3
5
2
7
2
4
10
0
1
2
4
1
4
6
4
10
0
0
15
12
0
7
3
10
4
17
12
42
3
11
3
7
33
7
1
5
1
12
44
3
2
0
3
5
5
4
5
2
0
5
2
7
2
5
151
2
14
0
3
17
8
3
3
3
1
0
10
4
6
5
6
5
13
3
3
5
3
5
5
4
2
5
9
6
5
5
8
6
65
0
3
3
6
7
0
7
4
4
0
1
7
6
6
4
4
3
14
13
5
9
1
1
4
10
2
2
9
2
2
12
7
3
3
1
2
1
41
3
3
2
3
9
8
6
139
1
1
9
4
106
16
10
2
7
2
14
4
23
1
5
19
3
13
125
8
4
5
6
2
5
6
3
1
3
7
4
1
4
8
5
12
1
14
16
23
5
2
74
12
7
8
12
7
5
0
1
50
1
11
0
5
4
12
3
15
102
3
3
3
1
2
38
2
1
5
3
10
3
5
27
3
2
7
1
27
2
26
20
2
2
3
6
4
2
5
3
20
14
4
0
7
5
8
5
14
14
14
2
1
0
3
1
1
2
0
4
49
22
0
33
11
21
3
3
2513
6
0
39
27
10
16
1
9
7
2
24
3
12
2
7
7
10
4
4
8
3
7
17
3
1
0
3
8
2
4
6
7
4
5
7
1
0
15
16
5
30
7
3
5
7
2
0
12
3
2
3
2
0
3
439
1
4
4
2
10
8
3
18
8
23
18
8
12
7
2
34
16
7
3
2
0
0
247
8
5
4
5
7
4
3
3
10
8
4
2
4
11
1
2
4
3
11
34
5
8
7
10
7
299
13
10
3
5
3
3
6
4
9
101
9
6
1
3
1
10
2
4
1
18
1
60
1
19
11
0
9
7
4
2
0
2
5
17
0
0
1
1
16
1
3
5
20
5
22
1
8
31
1
1
5
8
10
12
14
3
3
19
1
1
3
5
5
2
21
1
8
1
1
12
68
20
7
10
3
5
2
3
2
6
3
3
2
4
0
6
4
4
3
3
3
14
1
1
5
0
4
19
7
2
8
11
6
0
2
12
19
2
28
3
8
5
6
11
0
1
8
7
9
3
6
1
4
2
2
0
27
5
2
5
15
5
1
4
2
21
5
17
4
12
2
3
2
12
32
4
1
6
42
2
7
1
4
1
4
2
154
0
7
2
11
5
42
4
4
6
10
1
5
0
6
2
2
8
16
4
1
3
3
22
16
2
0
2
4
11
3
2
1
51
1
1
28
1
1
21
2
2
6
11
1
2
3
5
52
24
1
6
4
8
5
2
3
6
2
5
4
2
7
3
3
8
6
7
18
2
2
0
1
2
2
8
42
1
3
10
24
3
2
11
2
1
1
6
2
1
1
0
4
0
2
1
4
3
19
2
6
7
84
0
4
0
3
1
7
4
9
9
4
3
10
4
17
8
3
2
9
18
14
1
1
7
7
7
4
2
0
5
54
0
3
1
86
0
24
4
2
9
280
1
27
2
12
37
2
5
2
17
4
5
5
4
2
1
3
13
2
1
12
1
3
8
12
9
16
3
12
6
2
21
15
10
5
0
2
2
2
4
3
4
30
5
3
5
1
10
3
9
4
6
5
12
57
1
13
3
34
0
2
2
5
2
4
2
10
5
3
5
4
2
8
2
43
3
9
4
0
4
12
3
11
3
5
2
8
2
8
2
2
10
15
11
10
27
7
1
1
3
6
8
0
1
10
4
2
11
10
6
7
7
8
4
2
4
1
2
5
2
2
5
3
1
1
38
2
6
5
6
7
0
17
1
0
2
1
0
4
1
1
1
1
5
4
2
10
1
8
3
2
13
12
5
3
15
5
5
3
8
6
0
6
1
4
0
5
11
10
0
6
4
22
2
0
14
2
103
4
1
5
0
9
3
2
5
2
1
4
6
2
3
11
2
3
4
3
1
2
3
8
2
3
13
2
3
2
7
0
3
5
2
2
16
1
11
26
2
0
7
8
10
1
12
0
5
5
4
5
12
13
6
3
9
2
8
2
10
2
2
0
2
40
4
55
2
7
2
3
5
1
2
3
3
7
0
6
1
1
3
7
6
18
3
3
1
5
1
2
0
2
4
9
3
4
0
4
4
2
30
5
4
90
25
4
8
4
3
7
7
21
6
5
2
1
20
4
2
12
1
0
3
1
12
7
6
2
11
3
15
0
6
5
0
4
6
0
7
7
42
2
1
8
23
10
6
21
1
2
2
2
6
2
2
3
3
1
2
1
7
1
0
44
0
8
3
48
2
4
8
35
0
5
16
8
10
13
5
4
3
4
5
4
5
18
2
8
11
18
51
5
19
7
0
8
8
2
4
1
13
1
7
24
4
17
1
9
727
0
9
7
2
0
3
1
6
3
7
3
11
4
9
5
15
2
2
0
2
4
16
15
12
10
1
8
2
2
1
10
11
16
38
3
1
13
1
5
4
1
6
5
5
2
5
5
4
1
69
2
6
6
1
4
26
7
29
1
1
5
5
2
3
0
1
1
1
1
2
11
5
13
0
4
3
3
1
4
1
4
1
4
3
3
34
5
12
3
7
18
1
1
4
9
2
1
2
30
0
4
3
4
14
0
3
2
124
5
6
1
6
8
1
1
582
12
2
12
7
6
3
11
0
13
5
62
2
12
11
0
4
1
1
0
3
12
5
84
2
2
3
7
4
5
2
160
2
16
22
2
3
2
6
16
4
4
2
3
0
3
6
1
2
34
4
2
6
10
3
5
2
2
6
14
3
9
5
4
6
98
1
4
4
3
7
5
4
7
24
11
3
9
1
1
12
3
12
4
2
6
2
23
7
9
161
1
2
1
11
3
8
1
0
2
3
19
11
10
3
7
1
44
26
9
5
2
13
1
0
1
15
8
2
19
1
1
2
9
7
1
41
3
3
17
1
17
3
9
2
3
3
3
7
1
3
2
9
14
4
1
1
12
9
6
4
1
16
7
6
5
0
94
12
16
10
7
0
4
931
2
6
4
6
38
7
6
0
4
7
9
5
7
2
2
11
4
2
13
0
7
3
3
0
7
11
1
19
6
2
3
4
17
7
11
1
14
65
34
1
0
7
6
3
10
5
2
5
8
6
1
0
2
6
5
5
2
5
1
9
3
4
7
20
13
0
4
4
13
6
6
7
2
6
2
0
1
3
20
8
13
5
12
80
3
2
1
1
9
1
5
10
6
13
4
2
12
25
2
5
2
0
1
2
19
7
8
4
14
6
0
4
10
2
2
14
8
3
5
9
13
4
11
0
14
1
7
35
5
5
30
4
24
2
4
3
1
3
2
11
8
3
0
1
1
9
2
3
47
5
28
54
8
2
7
2
5
14
1
4
6
2
9
4
5
17
3
17
31
1
4
7
2
7
9
5
1
0
6
3
8
4
6
3
1
9
8
8
9
4
5
17
10
14
0
12
4
0
72
7
0
1
2
4
1
3
301
108
7
9
0
3
2
13
8
2
21
6
8
3
2
6
9
9
2
97
7
2
10
1
9
0
4
8
5
21
3
7
6
1
10
3
24
1
1
3
10
1
24
1
4
1
4
1
1
27
12
2
4
14
1
12
22
2
1
4
2
4
2
13
4
23
44
6
8
1
2
7
3
89
0
3
5
7
6
3
12
4
5
0
7
7
5
0
3
21
1
5
3
12
0
1
7
2
8
22
8
8
9
29
37
3
4
7
4
4
1
5
4
14
2
0
2
15
2
0
4
31
10
6
0
4
19
15
2
2
6
3
7
33
6
1
1
3
11
5
13
4
3
5
1
2
4
1
11
2
21
0
20
2
16
0
34
11
2
2
4
2
5
41
1
2
16
4
7
0
7
6
3
6
9
3
1
2
7
3
33
12
6
0
14
31
4
2
15
5
7
66
149
0
15
8
3
1
20
1
14
8
1
1
0
2
3
3
2
5
8
256
1
3
3
4
35
46
3
3
7
5
34
2
6
5
0
3
1
0
4
2
16
27
0
679
8
3
3
5
4
26
2
9
2
4
4
2
5
2
1
0
9
26
3
5
7
4
2
2
5
58
6
329
10
22
5
2
0
0
12
211
1
7
1
1
20
5
1
10
1
1
2
7
20
4
13
8
30
6
2
1
2
1
2
8
0
4
5
13
0
1
6
12
3
8
6
8
1
13
1
8
9
1
7
11
9
1
11
7
9
9
3
5
5
5
5
7
4
37
6
10
1
3
3
7
4
29
2
3
2
2
12
1
3
8
6
7
5
19
2
3
3
5
3
1
5
7
11
24
1
2
8
8
2
1
8
2
3
2
152
5
2
10
3
11
2
1
1
77
2
8
7
21
2
12
4
7
8
7
1
8
4
7
3
3
15
2
2
18
14
13
14
5
6
1
3
1
12
2
48
4
1
4
3
