8
92
3
9
4
5
1
5
6
21
8
9
1
6
19
32
12
6
9
9
0
15
173
4
16
10
1
14
1
3
15
9
9
9
2
22
1
9
5
4
3
11637
4
39
51
1
9
14
5
6
5
5
13
6
5
12
11
80
21
11
22
8
3
4
4
2
16
18
7
8
1
5
2
64
8
11
5
6
3
5
4
2
7
20
8
6
2
7
22
11
7
37
7
3
104
7
17
3
3
7
6
23
5
2
0
11
5
2
3
14
1
17
11
13
11
8
9
6
10
11
10
4
6
12
6
5
6
7
16
19
1
5
5
12
3
7
13
38
5
4
12
9
16
12
2
4
12
16
13
7
14
4
6
1837
7
6
12
0
11
6
4
4
8
8
7
4
14
9
7
11
15
9
0
7
5
3
2
4
7
6
1
12
18
3
1
18
20
15
1
5
11
15
3
8
7
17
11
2
15
8
2
4
4
21
3
11
11
2
31
11
10
26
18
7
17
13
122
6
4
6
18
1
10
3
8
23
7
3
15
1
4
14
165
4
23
29
21
12
4
7
7
6
7
5
13
12
0
8
11
2
10
28
3
9
23
11
7
35
57
7
7
3
12
9
22
48
9
12
8
116
20
5
34
0
5
39
0
3
10
2
11
16
14
8
9
13
8
10
124
3
10
1
36
2
11
15
25
20
4
0
6
7
1
34
3
5
18
43
10
7
5
13
12
2
3
15
1
16
6
3
6
4
20
1
2
4
4
6
32
4
3
3
5
12
12
1
10
18
20
12
12
9
22
9
10
7
2
1
11
1
1
6
14
10
22
24
2
12
1
3
7
6
7
5
3
2
7
9
101
2
17
20
7
5
9
9
4
11
4
1
64
8
1
4
11
18
247
10
5
2
15
7
30
5
4
2
6
9
11
16
2
8
2
3
9
2
9
9
7
25
4
6
6
23
9
3
10
4
6
5
13
3
2
1
3
1
13
18
28
10
13
5
7
16
28
7
7
15
8
52
16
3
8
4
4
3
5
3
3
2
123
5
12
0
4
5
16
94
56
36
5
61
3
11
34
3
6
10
53
6
13
8
4
22
0
5
14
12
8
4
76
0
3
10
10
1
12
0
1
6
3
40
10
13
13
11
9
5
23
5
8
92
3
9
4
5
1
5
6
21
8
9
1
6
19
32
12
6
9
9
0
15
173
4
16
10
1
14
1
3
15
9
9
9
2
22
1
9
5
4
3
11637
4
39
51
1
9
14
5
6
5
5
13
6
5
12
11
80
21
11
22
8
3
4
4
2
16
18
7
8
1
5
2
64
8
11
5
6
3
5
4
2
7
20
8
6
2
7
22
11
7
37
7
3
104
7
17
3
3
7
6
23
5
2
0
11
5
2
3
14
1
17
11
13
11
8
9
6
10
11
10
4
6
12
6
5
6
7
16
19
1
5
5
12
3
7
13
38
5
4
12
9
16
12
2
4
12
16
13
7
14
4
6
1837
7
6
12
0
11
6
4
4
8
8
7
4
14
9
7
11
15
9
0
7
5
3
2
4
7
6
1
12
18
3
1
18
20
15
1
5
11
15
3
8
7
17
11
2
15
8
2
4
4
21
3
11
11
2
31
11
10
26
18
7
17
13
122
6
4
6
18
1
10
3
8
23
7
3
15
1
4
14
165
4
23
29
21
12
4
7
7
6
7
5
13
12
0
8
11
2
10
28
3
9
23
11
7
35
57
7
7
3
12
9
22
48
9
12
8
116
20
5
34
0
5
39
0
3
10
2
11
16
14
8
9
13
8
10
124
3
10
1
36
2
11
15
25
20
4
0
6
7
1
34
3
5
18
43
10
7
5
13
12
2
3
15
1
16
6
3
6
4
20
1
2
4
4
6
32
4
3
3
5
12
12
1
10
18
20
12
12
9
22
9
10
7
2
1
11
1
1
6
14
10
22
24
2
12
1
3
7
6
7
5
3
2
7
9
101
2
17
20
7
5
9
9
4
11
4
1
64
8
1
4
11
18
247
10
5
2
15
7
30
5
4
2
6
9
11
16
2
8
2
3
9
2
9
9
7
25
4
6
6
23
9
3
10
4
6
5
13
3
2
1
3
1
13
18
28
10
13
5
7
16
28
7
7
15
8
52
16
3
8
4
4
3
5
3
3
2
123
5
12
0
4
5
16
94
56
36
5
61
3
11
34
3
6
10
53
6
13
8
4
22
0
5
14
12
8
4
76
0
3
10
10
1
12
0
1
6
3
40
10
13
13
11
9
5
23
5
2
13
1
19
20
12
9
5
15
7
5
12
6
54
18
9
3
21
14
2
20
93
3
2
7
4
4
5
5
1
8
7
12
9
47
33
901
4
36
7
1
7
6
34
7
12
3
2
3
0
27
6
4
17
2
10
9
3
12
5
5
9
7
16
40
20
4
12
14
12
4
71
7
19
11
22
13
3
6
10
7
11
4
3
35
14
18
7
3
8
24
1
20
1
67
1
13
1
21
9
35
5
5
34
36
3
37
5
11
8
11
4
4
23
2
20
15
0
6
20
7
99
1
4
5
3
8
6
15
8
7
10
3
40
18
12
2
9
9
18
7
56
13
1
8
10
14
3
8
5
10
25
2
27
41
4
6
1
2
4
7
26
13
2
93
6
14
3
0
20
13
7
9
13
4
10
26
6
11
1
4
4
6
6
5
4
2
28
7
7
15
12
3
8
91
8
9
6
15
13
26
2
13
12
3
5
6
4
12
8
3
5
12
8
9
26
11
10
4
1
3
3
32
9
3
88
4
3
7
7
4
18
4
18
86
3
13
39
3
4
5
17
69
12
14
3
7
14
7
17
3
5
5
13
5
9
6
26
6
44
5
27
9
2
10
8
7
402
90
1
12
2
21
6
6
13
3
6
11
9
10
17
17
9
9
35
1
14
7
20
14
4
4
17
6
21
7
7
21
10
18
16
8
2
1
5
10
2
9
4
18
1
14
7
9
1
2
1
40
24
1
7
0
11
11
7
7
5
8
7
2
13
8
5
19
5
9
3
7
8
2
9
7
11
9
5
18
7
4
4
0
4
7
15
1
2
4
21
6
15
2
5
11
5
9
3
6
6
1
5
3
5
0
11
0
3
0
6
6
7
2
22
3
15
8
3
2
5
6
3
28
6
2
4
13
15
14
3
5
9
4
17
16
1
14
8
6
11
36
2
11
8
3
6
4
5
15
13
3
15
5
15
21
6
4
0
11
4
4
5
4
11
14
16
29
5
14
9
5
6
18
125
7
4
6
15
6
8
6
7
8
164
2
2
3
1
18
9
12
10
6
10
18
7
2
13
6
9
35
39
128
34
11
2
6
2
7
42
10
10
59
6
4
12
4
3
4
5
4
0
6
10
4
11
9
0
2
12
67
4
9
41
13
6
4
10
2
2
15
5
14
3
0
5
0
22
5
3
3
2
17
1
4
5
11
4
11
8
5
14
7
0
11
9
5
11
3
4
2
10
1
5
2
4
9
10
6
19
6
6
15
7
5
13
47
1
2
5
10
6
4
14
13
8
1386
2
4
8
6
9
5
11
268
3
4
23
12
3
63
3
3
3
9
4
6
56
3
4
6
1
3
8
6
20
8
10
11
4
3
10
8
7
17
10
3
9
4
23
10
2
4
4
13
4
12
5
13
4
5
7
8
4
2
2
3
29
13
7
12
19
8
8
46
1
7
2
8
2
8
5
4
0
3
435
10
6
45
31
10
1
8
7
34
3
2
0
10
2
19
4
17
17
3
2
8
20
22
2
7
7
11
30
9
22
15
13
10
18
4
2
4
3
5
12
6
12
25
5
29
10
3
2
1
1
8
2
39
3
5
4
5
30
46
3
1
68
4
7
1
3
1
8
16
29
29
10
12
2
16
10
29
4
4
5
4
9
23
11
52
5
19
16
8
11
15
24
8
5
36
3
8
2
26
2
8
2
9
15
3
5
3
19
1
9
9
20
18
8
12
3
1
6
6
38
6
8
2
12
22
1
5
6
6
20
173
3
40
6
3
7
1
9
4
16
7
6
8
7
3
4
6
4
22
13
1
12
17
24
7
30
23
7
0
3
13
4
6
12
13
11
3
6
5
4
10
4
19
24
10
4
3
9
4
20
10
13
19
5
4
11
9
7
208
4
9
2
7
10
6
23
15
4
30
6
6
2
12
4
7
15
6
8
15
10
10
10
3
2
13
9
2
6
3
9
3
4
5
8
1
91
17
7
7
4
4
18
4
11
4
9
1
17
17
8
5
10
10
15
10
15
4
13
12
7
5
3
8
5
18
9
6
9
19
2
3
15
9
11
2
7
3
7
2
7
8
2
7
156
1
1
4
3
3
7
0
5
16
8
12
3
3
274
1
4
6
6
22
8
10
1
50
12
14
6
11
5
19
12
6
11
4
12
3
2
5
13
9
11
3
93
3
4
10
5
4
5
9
6
3
6
6
7
1
92
8
21
4
46
31
9
3
10
7
4
5
24
6
213
9
3
13
4
1
9
11
10
14
0
12
9
3
22
7
12
26
3
15
7
4
9
8
9
11
17
0
7
9
12
31
16
9
5
4
1
8
7
1
2
3
23
53
4
13
11
1
2
8
6
5
9
9
5
18
26
13
1
35
3
9
1
5
2
4
3
2
6
99
6
2
58
13
9
4
1
5
2
3
2
14
50
12
2
4
0
4
38
3
3
6
4
9
17
6
0
11
3
7
15
5
3
8
7
2
19
3
47
3
0
2
195
21
7
7
6
20
10
45
10
22
27
1
3
10
5
3
13
4
23
11
1
10
0
12
6
4
3
1
13
19
7
24
4
3
4
6
1
11
3
4
8
3
18
6
3
2
10
111
38
3
3
7
8
0
3
6
11
13
28
12
10
17
19
19
5
9
5
15
10
4
18
2
4
14
20
0
4
2
8
8
28
31
7
1
1
4
10
24
7
2
16
23
2
6
82
75
25
19
7
19
13
8
1
2
18
11
15
46
224
1
7
6
11
10
10
11
5
4
14
8
7
3
21
2
7
5
3
24
3
6
4
2
5
19
10
3
3
3
15
8
9
178
5
12
9
57
18
3
3
0
19
12
10
18
4
13
8
1
1
3
43
8
3
10
2
6
2
21
8
8
26
7
3
8
5
1
127
9
7
13
17
33
43
7
2
2
142
6
9
37
6
6
8
5
16
3
9
3
6
12
6
4
5
3
18
23
7
3
2
120
0
3
5
6
11
7
37
4
12
38
14
4
8
10
3
8
8
2
6
3
8
9
3
3
5
2
8
4
31
7
33
6
63
9
3
14
5
6
5
3
3
6
6
10
1
13
6
13
4
19
5
8
17
5
5
1
5
4
3
21
26
50
5
7
27
5
6
23
60
3
13
18
8
7
7
13
16
7
16
9
2
20
6
5
5
3
4
4
6
5
35
25
7
10
5
80
5
6
7
6
4
6
27
16
19
2
6
10
39
4
8
2
15
3
61
2
6
36
2
11
21
3
24
5
0
16
2
11
15
11
19
4
7
6
4
34
3
3
49
6
17
7
0
0
17
10
38
23
3
0
12
2
6
4
12
630
3
5
14
9
8
10
9
18
11
6
10
3
9
337
4
17
7
14
7
6
5
9
3
5
33
20
1
5
5
2
1
4
10
7
8
10
7
15
4
3
5
16
4
6
3
4
12
5
6
13
98
2
8
4
2
8
6
6
3
5
4
107
7
14
13
10
44
15
2
17
9
8
8
2
6
1
9
6
8
21
15
5
5
28
5
49
30
2
8
3
0
14
4
6
11
14
2
4
8
6
11
13
6
9
18
4
7
1
9
16
10
30
8
8
3
6
1
10
10
15
7
12
8
3
7
6
11
5
3
24
70
9
5
14
15
5
27
64
24
4
6
6
3
5
8
5
6
6
7
4
4
6
11
3
14
7
4
5
4
11
11
3
7
9
10
9
8
11
18
21
3
7
13
12
4
309
8
17
4
8
20
13
3
10
4
12
10
0
7
10
4
11
3
6
20
4
5
1
14
3
31
8
2
0
6
51
27
1
5
9
6
64
8
4
5
5
18
12
10
4
0
1
4
5
12
10
2
3
26
5
72
8
44
9
16
2
9
1
24
8
7
16
10
3
11
11
5
3
1
109
3653
2
5
2
7
5
3
8
8
13
12
2
2
8
10
21
1
11
27
1
173
2
0
4
6
29
8
4
14
10
5
51
5
11
1
2
15
4
1
112
16
8
50
4
2
3
9
5
19
7
5
0
11
9
12
6
9
19
8
10
4
7
1
18
6
40
8
3
8
5
6
34
12
7
2
6
46
11
9
5
6
5
10
8
5
2
29
7
7
6
8
8
11
8
7
46
8
6
4
2
9
35
19
2
16
12
150
11
12
4
2
3
6
42
267
0
12
5
0
17
2
3
9
7
4
7
9
4
7
3
63
2
12
6
134
1
12
3
5
16
25
5
11
15
12
11
4
3
3
4
1
5
3
10
24
7
7
3
8
149
8
15
9
0
1
11
2
8
2
0
77
31
4
8
11
0
12
5
3
6
4
4
49
6
2
12
13
25
15
7
52
14
1
24
5
4
8
5
5
5
5
37
8
10
14
21
17
8
6
8
16
9
9
3
110
3
20
6
2
8
4
6
6
10
32
1
3
9
13
1
3
39
9
33
16
3
7
5
2
23
19
3
23
12
19
2
7
6
3
22
3
3
7
70
2
6
8
4
21
11
36
1
10
2
7
8
0
1
32
12
11
19
21
34
6
6
3
11
4
18
7
33
5
7
76
8
3
5
5
78
7
18
6
2
6
10
9
12
5
2
16
2
9
5
9
3
11
11
6
2
72
3
25
9
3
6
6
14
1
6
6
3
5
2
74
1
0
9
5
12
9
67
5
9
6
6
10
59
4
1
25
12
9
1
4
0
5
11
6
14
8
5
22
4
5
50
6
46
15
0
18
11
3
13
9
6
17
6
11
29
1
17
27
5
23
41
5
8
14
4
9
10
19
9
1
5
27
23
5
4
1
1
8
8
1
18
4
12
1
3
8
5
4
5
13
6
17
1
13
20
8
85
77
18
7
1
3
3
2
6
12
8
11
382
6
84
23
11
37
3
21
12
10
28
10
10
14
4
2
9
6
31
5
4
5
23
4
286
7
0
10
1
16
31
962
9
10
15
0
19
4
8
11
84
68
4
22
6
6
12
141
10
15
9
69
9
20
13
5
4
87
18
9
74
5
19
0
3
15
5
29
19
11
1
4
6
0
4
10
3
3
18
8
9
1
6
20
7
3
4
14
197
19
9
6
60
10
4
2
5
62
5
13
6
9
3
15
4
5
7
21
67
3
3
4
2
0
8
3
11
5
3
10
0
10
6
39
25
53
7
22
13
9
4
6
18
4
10
1
1
20
17
36
9
98
9
7
2
6
1
1
2
19
14
7
11
17
3
2
20
7
7
7
9
4
40
5
12
31
14
3
10
8
10
1
1
15
21
4
0
3
10
3
5
2
11
5
17
33
3
7
10
3
5
3
8
10
2
6
5
1
5
22
14
18
7
3
8
9
21
11
37
7
13
20
9
9
10
4
6
9
5
4
4
2
17
7
3
13
171
20
72
3
3
9
43
10
5
6
8
8
17
4
5
6
2
6
32
13
11
6
7
7
5
13
63
17
25
4
13
9
5
9
19
7
12
1
8
23
5
3
4
17
7
3
22
2
5
44
4
29
2
6
3
7
2
4
13
16
5
3
5
37
6
4
4
758
5
2
16
3
12
10
10
17
8
8
10
3
13
17
4
1
11
13
47
19
5
73
35
16
10
4
7
11
7
10
109
11
2
5
5
2
7
12
9
17
4
2
27
35
6
11
5
9
3
4
8
7
2
0
7
4
0
51
11
0
45
3
12
13
13
4
5
9
120
5
33
2
3
12
2
3
6
9
7
64
2
3
6
7
8
8
11
0
10
6
3
2
11
13
14
9
56
93
10
41
10
11
7
4
13
12
6
7
1
7
1
6
5
13
5
10
31
31
13
3
5
4
193
2
45
69
5
7
12
6
2
3
12
11
97
47
2
13
9
10
25
9
5
4
4
1
4
23
1
6
6
34
12
11
15
18
10
15
36
3
1
7
26
28
10
7
3
18
57
14
3
7
5
4
13
16
3
2
7
14
11
7
17
8
1
9
5
21
6
9
8
95
2
4
5
25
7
8
17
7
4
1
3
14
10
13
14
3
6
6
3
15
16
2
0
5
10
5
5
1
5
16
18
33
9
0
0
9
6
10
2
5
6
26
4
11
620
6
4
12
12
6
9
12
5
32
10
15
23
28
14
13
28
9
26
8
31
14
18
25
26
6
9
2
4
0
29
14
3
2
4
0
6
6
10
4
14
7
3
6
5
11
6
9
25
2
11
8
7
2
6
6
1
3
8
2
8
8
4
4
6
7
14
11
62
21
5
2
3
13
17
9
4
3
8
9
34
25
17
9
14
1
10
4
6
5
8
7
8
4
7
7
6
16
7
8
3
7
15
6
6
2
4
4
8
15
5
17
3
2
1
6
22
16
4
16
8
6
6
3
7
29
46
12
7
6
3
16
19
30
6
2
25
31
3
3
10
4
3
6
8
2
8
15
8
16
9
6
22
22
25
15
14
8
13
6
0
5
4
8
3
7
15
32
9
6
4
1
6
1
31
21
21
34
3
5
8
4
8
11
46
39
4
8
5
10
9
11
7
25
2
10
70
1
10
5
11
26
5
12
10
5
27
15
9
8
1
2
9
19
10
9
5
13
5
10
35
5
5
6
1
5
2
4
10
8
8
12
22
6
5
2
0
23
5776
12
8
4
3
8
30
3
3
9
15
4
6
67
16
15
6
4
4
7
10
5
21
22
21
10
4
5
13
2
20
6
11
5
5
11
6
36
9
2
9
5
6
4
7
4
14
25
8
3
4
5
6
3
4
24
5
20
0
16
2
3
24
6
3
14
39
4
8
7
7
3
6
13
4
13
7
6
4
12
16
12
8
3
3
39
19
5
5
7
34
4
3
11
1
21
11
2
29
10
9
5
2
9
15
4
9
2
11
9
7
3
9
3
10
5
9
23
7
5
12
11
45
9
2
13
11
8
3
2
7
3
14
8
1
6
0
2
8
30
9
11
38
43
15
4
8
2
11
12
4
32
3
7
42
11
11
61
10
12
36
17
2
1
4
4
22
10
5
6
8
8
7
26
1
8
1
14
10
5
19
1
6
21
5
9
45
10
4
9
12
14
41
1
5
4
16
4
7
4
7
2
5
1
67
44
4
4
1
33
13
7
14
5
10
17
5
3
6
21
13
4
18
5
7
76
31
7
13
3
84
3
7
23
11
3
6
4
12
5
275
7
4
12
2
5
6
3
8
66
6
29
2
3
8
1
8
20
19
87
2
6
3
9
5
30
2
16
9
4
15
693
6
44
7
4
4
5
6
9
1
16
5
23
11
1
10
0
30
6
15
14
20
18
44
9
2
3
11
1
7
95
2
8
4
7
11
5
12
2
26
11
7
5
2
23
7
7
1
4
1
47
5
6
8
13
9
4
13
3
91
7
18
26
5
4
3
1
8
0
5
5
11
10
4
1
6
209
12
29
4
3
9
5
30
15
12
1
14
8
49
2
6
6
12
3
3
4
38
5
5
8
3
13
0
24
59
12
5
2
4
0
9
38
0
1
3
4
2
1
6
29
8
3
8
5
12
4
18
1
2
30
1
12
6
6
3
4
0
2
6
14
3
15
8
32
7
5
3
4
9
20
1
3
56
15
15
5
3
20
20
34
24
9
4
6
8
7
7
2
1
2
8
24
22
1
0
8
7
2
13
5
1
96
4
17
6
26
13
5
5
3
29
3
3
9
10
17
3
28
35
3
3
29
8
17
50
23
5
3
7
3
4
4
6
0
6
8
4
2
9
5
47
5
6
43
8
3
2
1
0
1
2
3
13
4
7
24
8
14
6
3
4
12
19
5
7
2
5
3
9
16
10
78
9
10
2
14
15
15
4
2
12
1
15
4
7
31
4
5
74
47
4
4
11
0
3
7
8
3
6
7
12
18
5
23
4
5
5
2
6
21
20
11
16
3
11
19
4
8
13
60
2
8
0
27
13
16
6
24
11
4
81
5
8
8
14
5
5
6
13
9
4
5
6
14
14
4
5
21
12
4
5
37
12
5
7
2
6
13
2
8
285
8
5
12
1
4
2
5
6
19
11
11
23
4
5
15
13
4
20
6
30
3
7
5
14
17
4
12
3
2
6
15
9
9
6
12
7
21
50
12
6
2
7
11
7
4
10
3
2
136
4
10
14
12
10
66
14
8
6
6
4
17
3
4
29
45
12
8
23
2
85
5
9
16
2
19
12
9
11
5
29
8
31
6
12
1
7
20
3
1
4
34
7
8
10
8
4
8
3
14
2
49
5
4
4
853
7
3
4
10
6
10
29
7
14
13
7
4
8
15
7
0
19
20
6
11
7
3
9
3
11
19
3
2
13
14
3
6
3
1
17
5
5
7
9
39
3
7
7
3
4
33
14
2
12
200
8
3
2
18
18
2
4
5
5
3
11
7
6
3
16
9
2
20
7
21
114
15
11
49
4
7
8
25
11
33
17
27
1
0
2
15
4
6
3
11
2
7
8
74
2
11
4
13
2
3
4
6
1
11
13
3
29
14
8
2
5
19
0
6
15
16
8
6
6
859
9
2
3
10
13
4
22
22
46
31
2
33
37
4
5
5
5
5
0
13
9
12
4
7
15
35
29
2
8
2
4
14
5
85
5
11
1
6
3
113
8
2
17
10
5
37
104
1
26
3
11
3
10
14
13
37
5
5
35
2
2
10
6
11
8
4
20
12
1
4
6
56
11
8
6
9
3
1
5
11
14
8
2
1
3
4
33
1
2
5
3
6
11
18
5
8
8
5
3
1
7
21
7
5
3
12
15
9
22
6
5
15
5
11
41
3
3
8
1
4
59
7
12
1
14
0
4
4
58
12
19
3
40
3
7
14
2
10
4
1
25
17
6
4
6
3
13
8
2
2
8
2
5
26
1
5
1
3
4
14
38
4
5
10
5
4
10
3
37
13
13
2
9
4
7
15
4
12
12
26
19
4
7
7
7
5
23
24
4
76
32
1
22
13
10
4
14
8
3
7
14
9
31
2
4
37
19
10
6
14
6
18
0
26
3
9
185
0
6
2
15
16
12
2
12
9
5
7
5
1
5
124
10
13
13
6
31
0
8
4
10
8
61
13
3
25
36
55
1
6
4
4
23
10
5
6
11
0
5
9
10
2
1
46
13
18
12
2
11
2
12
2
6
43
17
5
3
4
30
4
6
17
4
5
50
13
1
10
3
2
6
3
6
7
9
44
7
8
5
6
2
7
8
34
6
2
10
1
2
1
5
6
43
14
5
8
4
8
20
11
13
0
12
8
6
24
2
10
10
14
5
152
46
8
0
9
7
32
4
7
2
14
10
6
30
5
5
16
11
11
39
81
18
12
1
6
262
5
7
5
377
2
12
3
4
2
2
3
10
4
31
5
25
4
14
5
18
34
0
23
214
2
18
2
3
0
4
10
258
12
0
3
4
9
11
5
7
2
9
2
182
10
14
5
16
20
49
14
2
20
2
3
15
6
18
6
5
5
21
79
8
13
9
19
1
776
7
25
72
126
3
11
11
20
25
18
12
15
34
42
2
3
4
15
38
4
9
9
4
36
7
1
19
7
53
9
3
1
5
7
24
12
9
5
1
8
7
7
25
3
8
3
8
2
7
6
2
32
3
3
0
4
5
4
4
0
15
6
7
0
2
23
5
1
4
1
5
10
30
14
10
4
11
43
5
7
52
19
7
3
7
20
7
7
4
9
14
7
19
13
7
3
22
2
4
46
17
3
6
21
3
15
7
17
31
34
19
3
46
10
3
46
15
15
5
2
8
3
5
9
13
5
3
6
7
6
22
3
4
7
3
377
17
2
5
4
23
2
21
5
20
1
1
64
5
12
6
9
2
4
9
9
12
8
3
3
21
2
8
17
62
8
43
2
13
17
7
4
2
3
5
1
163
4
14
3
4
0
18
6
7
5
11
2
5
31
5
7
2
4
2
3
2
2
31
4
17
23
7
3
7
43
9
1
34
17
3
54
2
26
183
29
6
4
5
16
7
48
43
4
4
9
3
12
16
3
6
13
4
0
19
3
10
5
2
344
1
9
10
6
21
16
11
4
20
10
30
4
38
9
80
5
20
8
9
4
1
5
5
14
35
7
6
5
2
7
12
9
8
2
8
14
6
4
7
5
13
20
10
4
3
35
17
1
8
10
35
10
5
8
7
3
4
3
6
12
8
4
2
13
1
12
5
10
4
4
17
7
18
8
2
2
12
18
9
2
4
22
2
4
3
4
9
13
7
5
8
82
15
4
26
52
14
2
1
5
12
11
2
5
22
7
18
7
3
14
12
1
14
7
4
8
177
8
2
3
7
10
12
12
16
17
237
9
6
6
33
9
10
14
6
25
38
2
18
12
5
7
9
30
12
1
29
26
8
15
8
23
2
8
23
13
11
26
4
6
13
37
13
4
4
16
5
3
16
3
68
35
8
17
5
7
6
5
26
13
32
2
56
7
4
18
2
21
4
6
3
6
15
9
3
14
2
10
5
2
3
4
7
9
48
1
10
7
7
13
1
10
9
6
1
61
3
18
629
26
9
3
7
10
20
27
2
2
9
32
18
5
2
3
3
21
7
6
25
569
24
101
539
4
13
5
2
3
11
17
4
2
5
14
14
8
7
10
7
3
2
5
8
9
7
3
8
10
21
6
3
5
3
4
5
5
7
10
3
16
1
10
2
12
10
4
7
5
8
5
8
2
3
5
13
22
8
3
11
5
15
72
11
7
2
34
14
1
64
12
4
6
20
4
4
26
18
2
13
7
14
13
5
5
34
7
4
5
5
1
4
27
401
63
7
3
6
27
16
1
10
4
6
40
3
2
0
9
42
3
5
51
11
2
5
13
16
55
3
11
1
8
6
10
7
4
2
5
1
10
26
1
3
13
19
136
10
6
6
7
41
31
28
37
16
8
4
12
10
8
8
24
0
2
0
7
8
179
32
8
5
1
16
12
2
5
17
3
3
2
4
4
3
3
3
11
27
6
3
11
1
11
17
8
1
8
32
6
4
10
2
0
3
28
6
1
3
9
2
18
3
14
7
0
26
3
1
4
9
5
19
3
9
6
8
10
15
26
16
6
1
10
69
5
28
8
23
2
1
1
19
5
10
46
4
24
5
7
1
14
6
5
3
8
7
9
6
15
1
10
8
19
22
3
4
10
12
9
8
29
26
12
9
22
12
8
9
595
1
7
2
0
0
13
2
5
9
5
1
8
13
4
2
4
4
8
3
9
1
21
4
12
2
7
5
4
6
16
7
43
4
8
4
1
7
5
4
2
10
21
2
8
3
11
6
13
7
11
43
12
5
7
6
35
4
10
4
5
17
30
7
4
17
4
1
5
22
102
1
4
3
33
48
10
5
8
9
8
3
2
3
8
10
0
19
36
5
27
5
4
6
8
22
4
8
17
6
7
1
2
14
120
22
1
2
5
16
0
21
0
5
18
11
3
3
6
13
5
3
8
8
25
9
8
20
17
12
22
1
1
10
6
7
92
8
12
8
6
8
5
14
1
8
28
4
8
5
7
10
1
12
4
8
5
6
1
19
16
5
3
37
10
3
3
2
3
3
12
19
2
44
4
4
6
12
12
1
83
0
5
4
10
5
17
2
8
2
6
12
4
20
4
23
66
8
8
9
8
20
11
4
21
16
4
2
5
16
5
4
6
11
15
4
4
30
5
2
108
9
17
6
10
4
6
4
13
5
13
78
2
210
6
26
5
5
4
12
1
0
5
3
10
4
9
30
7
2
4
10
26
7
2
3
2
19
11
8
10
10
9
95
2
8
58
2
17
11
7
4
17
10
23
4293
9
6
14
7
3
11
4
3
5
4
4
2
4
26
8
2
10
3
13
17
24
7
4
11
5
23
5
3
16
3
4
20
8
0
2
6
2
8
5
9
2
25
13
7
12
12
23
8
14
3
6
6
7
3
181
0
7
28
9
3
17
5
2
4
1
1
20
14
11
36
27
14
2
7
12
8
1
3
5
2
2
1
6
7
19
7
5
4
3
3
14
23
11
5
13
7
68
5
12
15
8
3
4
2
16
15
19
7
8
34
8
5
4
2
6
8
73
2
6
1
8
8
7
4
24
1
4
8
5
0
5
15
4
3
4
27
20
66
21
10
689
37
14
7
2
5
17
70
2
5
13
8
38
5
466
8
2
8
2
3
1
3
285
11
13
15
10
7
6
6
14
4
8
32
27
9
10
66
8
8
3
1
13
5
9
2
5
12
7
50
6
6
3
3
4
5
3
10
13
7
24
12
2
15
2
3
2
20
150
1
3
21
3
7
34
18
4
1
12
24
8
5
9
12
4
7
4
10
2
8
8
5
49
5
7
33
11
7
2
21
10
3
3
12
7
2
7
0
10
82
4
7
5
21
18
11
9
32
3
8
56
15
4
7
0
6
18
14
12
3
15
1
7
77
13
4
3
141
7
4
12
3
6
4
12
20
0
24
4
8
2
12
9
7
2
15
17
21
8
9
5
10
2
11
10
4
5
68
2
10
17
6
3
4
22
3
4
11
1
7
7
20
2
2
19
15
14
3
1
4
4
15
3
15
16
4
6
11
48
4
15
0
11
13
78
12
344
6
4
8
0
8
3
30
6
11
9
14
14
4
3
10
3
2
9
8
11
2
5
14
29
6
4
4
23
2
3
42
6
4
5
12
14
8
4
2
11
13
6
15
5
72
1
6
9
8
9
12
7
11
8
5
29
13
0
405
8
9
52
4
4
25
4
25
10
20
5
12
15
11
35
5
11
9
35
7
14
14
12
3
15
1
3
3
22
10
950
14
9
5
5
12
7
3
2
8
41
13
18
2
6
6
15
7
42
6
11
4
13
5
1
19
23
9
11
6
11
14
5
8
2
18
27
18
46
11
8
0
13
29
8
9
8
7
5
14
4
4
10
4
7
4
2
81
1
21
5
2
18
4
17
8
3
3
3
18
31
6
4
3
6
24
6
4
8
1
7
144
28
11
3
14
6
64
7
36
6
8
2
13
1
5
1
248
1
2
3
26
4
12
12
13
5
34
5
3
13
10
16
8
19
8
7
40
63
7
3
15
3
8
13
3
10
9
2
0
14
1
2
9
94
6
13
18
3
36
2
8
4
23
7
5
11
9
45
14
21
9
16
40
12
3
2
9
10
8
1
9
10
0
1
96
5
6
14
23
10
1
4
71
11
2
9
19
11
11
7
45
5
34
13
7
8
2
5
1
13
12
4
3
8
16
3
6
4
15
8
9
7
2
3
27
135
13
5
11
7
7
27
15
6
10
1
23
18
10
5
9
10
13
2
16
15
2
4
8
9
14
8
8
6
15
2
10
5
10
6
29
10
3
24
53
5
5
19
8
24
6
23
3
7
4
4
7
1
13
19
15
8
36
5
15
2
5
6
8
3
17
5
12
87
3
5
6
15
2
16
3
12
7
452
29
2
7
0
28
2
15
9
4
4
10
109
41
10
1
11
4
5
2
40
4
6
4
7
3
7
9
10
4
3
5
7
8
18
0
6
7
25
10
16
2
24
6
13
5
7
27
2
7
2
3
1
10
5
6
16
9
8
2
14
31
1
5
7
19
12
4
3
12
7
4
11
10
3
2
18
3
4
22
8
5
5
27
4
3
10
0
19
10
13
5
5
10
1
4
10
9
4
5
11
19
223
33
2
4
8
70
8
7
7
5
13
2
8
6
169
1
10
3
57
6
14
9
11
7
50
5
55
10
9
5
8
7
5
25
9
60
3
32
31
3
8
0
2
14
8
7
3
12
17
11
6
23
6
11
0
4
1
4
7
3
10
12
8
22
3
14
23
17
3
3
13
2
17
7
3
17
10
3
9
22
25
5
9
8
1
4
3
4
6
8
22
13
5
69
8
8
10
3
4
8
27
81
9
1
2
8
4
9
1
203
13
14
13
10
2
5
1
7
8
6
2
9
13
7
9
6
20
9
2
12
9
8
3
10
29
6
4
8
11
12
2
39
4
34
18
10
2
4
21
86
51
6
12
5
18
3
4
2
1
5
6
12
7
13
41
16
76
38
10
6
3
1
9
3
10
1
2
14
7
3
8
7
4
14
3
8
11
8
10
10
1
18
8
3
18
22
4
7
8
6
1
2
3
9
4
21
21
3
4
26
15
12
18
5
4
18
23
182
14
5
6
24
4
7
8
19
3
5
3
7
6
3
8
11
17
3
4
5
1
4
11
6
4
4
5
17
26
10
8
11
12
6
5
4
12
23
17
8
10
4
22
58
4
6
8
38
3
2
13
1
14
7
11
41
18
0
2
3
8
19
5
41
0
7
23
7
7
4
2
34
9
5
2
12
3
10
8
10
11
3
24
11
5
8
5
5
8
16
70
14
5
9
28
30
2
8
118
7
53
86
2
4
1
4
18
4
7
17
1
6
7
8
17
7
6
11
1
3
4
9
28
4
6
9
1
5
1
11
8
14
4
0
25
15
10
8
8
6
0
19
10
2
16
7
34
10
13
39
1
3
17
5
45
126
2
7
5
6
8
9
37
29
3
5
4
26
7
9
13
4
14
3
6
5
2
30
14
2
57
6
6
43
2
6
11
2
27
10
3
5
7
0
4
29
9
6
52
6
14
15
8
4
19
4
27
12
66
2
8
7
18
21
11
83
21
4
2
7
0
1
7
8
6
16
21
11
7
20
4
1
5
8
7
1
12
7
20
10
6
6
5
11
5
8
7
10
63
11
19
4
4
10
5
6
6
12
2
27
9
28
18
28
3
9
7
4
10
9
1
20
2
4
28
12
18
15
12
0
18
4
6
5
0
14
10
9
8
15
4
10
7
2
18
6
4
20
5
10
82
5
12
15
16
2
49
5
9
0
17
3
7
239
16
6
13
7
6
46
32
9
18
31
14
32
2
3
4
12
5
18
21
2
3
13
8
3
14
1
13
8
7
5
7
14
12
34
5
12
15
15
66
6
3
3
6
3
3
9
1
6
21
20
25
9
12
2
6
53
0
4
5
20
7
3
4
16
3
25
19
4
7
3
2
4
21
17
4
15
66
9
18
40
13
0
47
12
3
4
16
102
4
10
6
6
8
222
1
2
8
12
8
3
4
5
20
14
6
18
4
15
3
8
6
1
31
3
4
11
7
23
12
12
5
5
30
2
31
12
16
10
19
5
49
29
4
8
26
7
5
3
49
6
15
8
5
3
3
9
68
6
11
1
13
18
12
10
4
12
1
9
2
0
2
14
8
36
12
21
2
3
8
21
17
3
46
8
10
1006
27
3
4
2
7
3
4
3
7
8
3
54
1
15
3
1
22
66
8
3
9
66
20
10
8
24
4
2
18
18
2
14
2
14
3
2
1
66
9
5
28
85
3
4
9
7
3
12
13
4
4
59
1
5
20
93
16
35
56
2
5
10
9
4
5
0
5
7
19
8
5
2
10
8
6
2
5
8
22
9
24
10
0
7
12
13
3
14
5
5
12
6
11
20
5
4
7
12
11
5
85
23
8
3
16
3
13
7
12
590
4
3
6
8
6
14
9
9
10
3
4
10
2
6
11
5
13
2
17
3
4
5
1
3
20
5
5
7
4
6
7
13
10
3
6
10
66
6
0
14
5
14
6
5
15
7
2
8
19
144
3
3
2
2
20
8
15
8
429
1
4
17
2
2
5
12
1
60
13
7
12
18
5
2
6
6
2
4
2
3
3
1
1
6
12
1
3
2
38
7
9
9
6
49
7
6
5
3
4
15
0
2
37
8
27
11
2
2
1
1
9
2
2
30
50
24
54
12
7
47
5
10
7
26
8
12
16
17
23
12
8
21
4
1
12
7
2
7
2
3
9
44
26
7
7
8
10
4
9
5
15
76
11
3
1
223
13
6
3
9
7
4
33
17
12
34
0
11
11
7
9
10
4
5
3
34
3
8
26
6
7
392
1
12
7
3
7
8
51
9
0
3
7
15
5
0
4
14
2
6
2
4
9
1
7
21
7
6
5
8
92
3
9
4
5
1
5
6
21
8
9
1
6
19
32
12
6
9
9
0
15
173
4
16
10
1
14
1
3
15
9
9
9
2
22
1
9
5
4
3
0
14
11
5
6
3
9
1
18
6
4
11
6
7
319
48
6
6
19
7
11
4
4
7
2
7
9
52
6
11
6
49
10
0
4
4
12
2
2
52
12
21
1
12
1
10
12
8
10
7
6
10
13
31
0
1
9
30
19
48
2
4
9
9
4
10
14
21
1
5
3
7
7
7
8
1
4
6
1
3
4
0
3
9
9
9
19
5
3
7
4
89
6
7
4
3
4
19
5
10
2
9
13
15
19
15
4
3
3
8
3
10
7
33
70
8
9
11
52
9
7
19
7
6
3
18
2
6
13
47
7
52
1
1
0
2
5
9
69
3
8
12
5
19
5
2
15
8
4
2
6
26
6
4
2
6
4
4
9
36
13
6
52
11
9
15
6
2
6
5
0
20
2
17
8
53
12
8
6
6
42
9
8
0
48
18
14
2
12
13
4
45
3
9
16
4
7
18
7
65
12
7
9
4
5
3
5
1
10
15
10
14
1
10
26
10
9
1
13
13
0
6
6
15
10
4
6
10
17
25
4
7
46
8
0
5
5
65
0
3
7
7
6
1
24
10
21
11
8
2
16
6
6
20
12
12
21
38
7
9
6
5
13
26
9
18
14
12
2
3
4
4
2
12
6
7
11
5
5
15
2
8
13
23
17
0
9
9
1
14
6
3
8
7
8
11
2
3
8
4
5
4
13
6
13
4
3
6
0
5
5
11
8
3
6
15
47
11
25
7
2
5
12
8
30
4
9
6
10
19
6
5
4
5
4
15
11
29
8
3
2
3
4
11
34
9
11
2
8
41
2
6
3
9
0
176
3
8
5
3
5
6
5
4
2
25
6
48
10
15
3
27
30
0
5
15
16
7
7
0
5
3
18
4
7
11
7
3
25
188
3
9
9
4
20
4
11
2
5
16
4
12
11
8
2
5
9
4
122
10
5
6
2
8
4
7
14
4
2
5
11
25
11
15
4
13
10
2
3
24
4
29
3
8
7
13
3
3
1
10
2
7
17
10
23
4
3
1
4
8
6
2
3
7
7
6
6
25
4
