29
35
20
13
124
21
12
28
12
20
18
12
28
15
38
8
23
17
11
27
12
41
9
12
15
34
20
56
12
20
19
15
8
8
54
26
13
16
36
11
39
35
13
8
19
14
19
13
39
14
38
81
19
27
11
11
21
16
150
11
13
18
24
19
11
34
21
32
9
22
20
16
9
12
49
10
15
19
22
11
16
27
8
19
51
27
26
30
52
68
23
14
22
21
12
10
20
17
27
13
10
15
24
39
43
20
19
15
7
18
12
39
6
10
12
8
20
15
9
34
36
14
26
20
11
22
20
27
32
20
8
15
27
18
17
15
15
27
19
10
72
29
26
20
13
8
8
22
22
31
7
17
13
23
8
66
11
39
11
12
17
26
45
15
12
11
16
24
20
16
23
12
13
10
26
14
45
11
6
15
13
22
17
52
27
21
43
63
8
7
26
24
30
15
19
33
30
38
23
15
13
26
9
5
16
11
117
80
10
8
20
7
158
12
23
15
8
12
21
20
11
29
11
31
32
12
6
16
11
23
18
24
21
103
17
16
19
19
28
10
13
19
19
75
15
23
13
21
28
20
20
49
16
17
11
17
6
30
124
77
10
15
19
49
6
14
45
17
59
39
12
53
54
80
86
71
14
30
33
22
17
36
28
38
26
20
5
14
91
22
9
34
18
9
15
27
18
10
13
15
148
34
10
36
11
49
26
18
27
30
16
27
9
23
15
19
38
109
36
7
17
22
14
8
12
10
17
18
27
16
16
10
19
34
12
28
9
20
10
36
19
26
12
14
13
17
23
20
28
11
13
11
15
32
12
17
24
20
56
24
25
8
17
17
14
20
48
27
9
5
14
18
17
14
12
13
13
22
20
31
26
15
23
40
17
184
15
19
10
14
27
13
21
12
9
14
18
13
13
50
13
14
17
12
24
11
14
434
12
12
12
31
10
23
19
51
20
22
18
15
17
20
16
28
10
28
16
51
15
18
28
41
3
14
14
43
26
14
33
4
23
19
10
127
22
17
15
21
18
26
22
12
13
15
10
11
14
20
15
11
12
20
21
86
32
17
13
9
5
70
18
18
21
9
37
17
37
16
15
20
15
18
19
11
20
15
13
20
23
783
90
24
11
13
22
17
33
31
15
14
29
35
20
13
124
21
12
28
12
20
18
12
28
15
38
8
23
17
11
27
12
41
9
12
15
34
20
56
12
20
19
15
8
8
54
26
13
16
36
11
39
35
13
8
19
14
19
13
39
14
38
81
19
27
11
11
21
16
150
11
13
18
24
19
11
34
21
32
9
22
20
16
9
12
49
10
15
19
22
11
16
27
8
19
51
27
26
30
52
68
23
14
22
21
12
10
20
17
27
13
10
15
24
39
43
20
19
15
7
18
12
39
6
10
12
8
20
15
9
34
36
14
26
20
11
22
20
27
32
20
8
15
27
18
17
15
15
27
19
10
72
29
26
20
13
8
8
22
22
31
7
17
13
23
8
66
11
39
11
12
17
26
45
15
12
11
16
24
20
16
23
12
13
10
26
14
45
11
6
15
13
22
17
52
27
21
43
63
8
7
26
24
30
15
19
33
30
38
23
15
13
26
9
5
16
11
117
80
10
8
20
7
158
12
23
15
8
12
21
20
11
29
11
31
32
12
6
16
11
23
18
24
21
103
17
16
19
19
28
10
13
19
19
75
15
23
13
21
28
20
20
49
16
17
11
17
6
30
124
77
10
15
19
49
6
14
45
17
59
39
12
53
54
80
86
71
14
30
33
22
17
36
28
38
26
20
5
14
91
22
9
34
18
9
15
27
18
10
13
15
148
34
10
36
11
49
26
18
27
30
16
27
9
23
15
19
38
109
36
7
17
22
14
8
12
10
17
18
27
16
16
10
19
34
12
28
9
20
10
36
19
26
12
14
13
17
23
20
28
11
13
11
15
32
12
17
24
20
56
24
25
8
17
17
14
20
48
27
9
5
14
18
17
14
12
13
13
22
20
31
26
15
23
40
17
184
15
19
10
14
27
13
21
12
9
14
18
13
13
50
13
14
17
12
24
11
14
434
12
12
12
31
10
23
19
51
20
22
18
15
17
20
16
28
10
28
16
51
15
18
28
41
3
14
14
43
26
14
33
4
23
19
10
127
22
17
15
21
18
26
22
12
13
15
10
11
14
20
15
11
12
20
21
86
32
17
13
9
5
70
18
18
21
9
37
17
37
16
15
20
15
18
19
11
20
15
13
20
23
783
90
24
11
13
22
17
33
31
15
14
13
17
21
14
12
9
117
13
35
6
7
12
22
12
45
22
15
138
14
11
23
16
21
15
38
5
12
13
18
16
66
24
32
8
19
103
3
25
22
102
8
17
15
29
12
22
12
22
34
16
20
16
10
13
30
17
21
12
12
9
40
24
15
13
29
13
21
6
21
46
28
24
14
11
11
42
18
10
13
12
11
20
14
54
43
14
19
22
8
13
15
15
9
15
19
21
24
13
20
12
10
20
17
7
16
6
19
19
15
8
24
13
4
8
16
25
30
18
13
10
17
11
11
26
9
21
59
19
22
14
22
19
31
13
10
13
11
19
18
9
37
12
9
124
21
19
21
22
49
13
7
13
19
38
23
14
7
45
30
22
24
12
35
23
23
15
77
4
14
17
9
37
14
18
427
6
14
12
29
93
17
22
17
11
9
28
7
10
23
30
16
14
16
152
25
17
12
11
17
19
7
28
15
23
14
15
59
23
15
452
13
31
9
8
12
11
17
11
17
37
26
14
14
34
44
48
162
22
15
19
12
29
18
31
17
14
15
29
23
12
47
32
10
29
62
20
20
10
19
10
18
11
24
11
9
12
9
11
26
23
14
9
26
8
45
18
15
14
13
17
24
17
15
33
17
4
11
16
21
11
18
8
10
34
39
24
11
34
21
9
21
18
17
17
11
8
9
14
51
41
16
10
18
10
23
23
11
20
14
6
16
19
32
16
19
11
23
184
13
5
32
273
12
13
11
23
8
13
11
26
15
10
25
10
13
14
14
13
9
8
22
22
5
31
9
24
17
16
31
27
22
65
23
15
33
18
27
10
4
21
10
16
14
19
18
15
22
37
17
14
10
10
9
21
183
8
17
7
32
25
27
30
124
8
8
26
11
50
15
39
20
8
20
23
25
20
10
19
16
20
8
13
17
12
50
10
85
37
24
5
17
14
17
16
16
18
14
16
9
46
27
8
17
23
14
55
11
14
32
24
35
10
41
21
31
34
18
12
13
43
17
17
10
17
64
22
15
12
32
21
11
23
16
12
13
15
13
12
23
4
1181
16
18
23
16
16
20
7
35
31
27
13
16
6
8
20
8
36
11
117
25
20
33
27
12
16
7
9
36
19
23
5
16
14
20
4
14
29
57
66
6
19
20
15
19
13
39
16
12
25
8
24
5
24
15
18
19
11
8
16
66
26
32
5
18
8
130
34
39
35
20
15
17
25
78
16
17
14
7
10
45
8
15
33
16
21
59
65
21
29
35
28
13
16
22
174
32
31
25
11
6
29
10
31
13
18
17
42
20
23
19
11
12
19
24
8
15
11
19
18
30
17
16
72
14
18
23
14
53
20
21
21
14
44
16
25
11
20
16
20
26
21
27
23
20
57
11
99
10
35
5
25
14
15
8
34
16
11
17
29
25
13
25
14
17
45
15
33
9
21
22
18
175
22
6
5
24
13
22
9
35
11
17
15
10
19
43
25
39
12
14
30
16
31
535
52
12
18
14
35
38
20
19
6
27
16
24
7
21
12
14
19
35
236
13
4
71
17
10
14
24
31
12
26
43
24
45
16
28
18
18
31
154
8
94
44
10
19
7
26
23
19
11
20
20
12
28
15
9
23
12
32
11
6
25
18
16
16
11
24
13
21
20
22
39
21
10
11
16
32
42
21
11
25
15
25
62
21
15
20
16
31
46
24
9
12
10
10
15
10
25
11
14
18
17
43
12
19
8
23
17
11
14
39
33
29
9
23
13
10
50
16
18
33
22
8
28
30
13
8
132
6
31
19
17
8
10
9
22
11
9
19
38
18
11
38
17
32
14
16
27
9
20
10
18
20
17
21
35
13
34
18
18
7
72
30
17
17
42
23
11
19
27
33
52
60
35
93
37
9
45
16
13
15
13
23
29
28
28
9
12
24
31
36
26
21
12
15
32
28
21
20
32
18
13
8
31
128
22
15
8
11
19
17
25
369
10
35
17
61
17
20
11
24
4
22
17
15
16
15
18
113
31
10
9
16
11
38
14
43
10
27
10
16
2631
26
20
17
15
7
14
24
38
6
12
9
6
20
98
10
18
15
11
21
26
17
13
8
20
45
33
4
54
29
19
37
13
19
26
115
20
26
9
25
17
21
9
36
10
14
24
10
7
12
10
8
9
11
16
70
13
9
23
14
43
35
7
36
42
13
29
27
20
12
12
25
15
23
16
29
6
17
41
24
21
14
16
5
14
14
14
417
7
28
14
21
8
15
17
15
11
16
101
14
23
5
23
31
4
38
13
20
301
15
27
6
18
18
7
11
18
9
30
120
18
16
17
12
16
9
16
23
27
13
19
6
13
25
54
13
14
19
17
12
13
29
12
9
13
18
25
38
10
8
15
8
13
11
9
13
16
12
17
20
15
30
16
21
23
19
24
37
22
33
20
12
10
10
18
8
18
26
9
20
25
31
12
24
14
12
13
134
19
13
21
20
13
8
19
52
27
6
14
17
337
10
15
20
21
14
22
13
12
29
18
14
9
16
14
8
22
15
16
14
38
20
5
17
417
22
7
25
16
32
17
15
8
35
23
16
27
22
15
8
16
13
25
21
13
27
14
31
10
23
23
17
76
17
6
35
16
10
44
8
10
31
16
12
15
25
13
20
15
17
6
22
10
33
22
15
10
12
24
17
15
21
12
14
27
14
24
8
12
14
24
9
101
26
6
20
19
27
25
15
19
15
25
28
27
19
34
11
42
9
27
10
38
5
19
28
8
20
39
45
25
9
25
15
28
9
9
128
26
15
11
12
37
51
6
19
7
42
17
24
16
13
64
14
39
27
13
20
14
19
13
12
10
27
19
252
8
15
23
15
32
15
16
13
25
11
116
18
17
21
13
20
18
21
13
6
20
57
11
17
12
20
16
35
19
11
119
24
26
14
18
16
14
75
22
16
13
12
18
18
24
15
16
19
7
11
23
24
7
10
20
21
52
21
27
19
16
15
20
30
15
14
10
21
16
28
13
9
19
10
54
10
9
31
16
16
21
19
12
24
20
20
21
21
27
13
38
20
23
21
21
11
37
26
30
14
19
10
29
9
18
12
16
15
16
21
21
32
20
10
21
22
35
12
20
14
9
20
21
9
16
9
14
18
20
12
9
92
29
12
14
13
51
30
20
80
13
71
12
17
17
21
14
20
10
14
21
14
11
15
29
26
18
6
16
464
17
10
24
17
31
30
17
16
21
16
11
23
15
34
29
62
20
19
5
12
13
17
67
17
13
22
20
11
72
8
14
24
9
14
24
20
394
19
78
12
16
17
6
16
10
9
13
9
15
35
15
21
14
24
6
31
28
24
8
30
18
31
12
20
47
8
15
25
28
13
22
16
9
25
11
14
37
21
12
20
13
7
14
12
17
12
20
26
18
34
21
17
13
23
51
36
11
10
30
15
21
11
10
18
7
17
11
28
13
36
14
7
17
13
11
28
34
16
26
22
12
27
26
17
18
24
14
196
18
16
4
256
16
31
17
6
24
24
8
18
21
9
40
15
18
12
47
9
18
24
15
33
15
60
17
32
12
12
18
14
16
25
14
16
20
23
23
20
19
14
79
33
15
16
17
14
33
60
23
23
22
11
28
12
39
17
20
18
24
13
14
22
17
35
24
31
27
23
77
20
11
18
16
18
16
26
7
12
17
12
16
14
137
22
25
9
17
14
11
30
22
12
18
10
22
14
23
16
16
18
27
13
17
11
23
27
13
12
15
24
10
16
9
40
20
20
9
18
28
19
20
30
28
44
13
20
16
23
58
29
29
25
18
22
26
19
22
32
11
12
13
14
33
12
21
45
26
16
10
17
11
9
7
25
38
12
9
18
44
23
13
19
24
40
73
17
22
767
5
10
7
18
22
53
8
23
15
14
22
22
34
19
72
19
18
20
30
29
20
14
11
29
7
27
19
12
11
6
20
24
9
38
29
26
13
15
38
14
112
19
21
11
20
38
7
21
17
21
22
8
15
25
17
62
20
6
16
44
19
26
13
17
19
26
22
18
10
17
14
13
21
46
25
11
78
10
15
5
18
10
99
14
26
31
48
7
28
20
15
22
501
10
21
45
29
28
17
32
28
68
16
14
15
21
14
64
27
31
23
24
26
14
15
21
14
23
7
33
8
10
250
25
118
22
29
16
18
12
27
19
52
15
9
19
24
14
16
17
25
25
22
13
9
9
16
16
23
137
40
21
16
15
15
8
14
13
34
39
13
19
10
12
7
12
16
15
37
18
21
5
23
14
70
19
10
15
19
18
12
14
20
19
19
15
37
12
18
13
70
17
8
34
124
19
22
20
43
12
122
12
308
22
11
77
14
39
21
14
8
12
32
12
9
13
15
9
11
16
40
8
20
22
12
15
20
46
16
17
49
14
16
20
12
26
13
7
18
3
20
27
62
17
17
18
11
26
14
27
9
18
27
53
11
16
36
12
25
9
12
30
42
13
18
20
13
10
17
60
6
23
23
24
14
11
15
12
40
15
20
17
9
9
37
15
13
11
42
7
25
27
24
187
22
45
25
15
17
5
17
5
16
12
22
15
22
15
9
10
12
16
17
13
20
9
15
8
9
19
44
20
23
25
11
13
11
18
72
14
16
10
18
1
17
2
12
14
156
31
47
14
14
9
28
20
32
12
10
27
17
8
22
19
23
14
11
28
12
29
34
21
22
28
17
14
23
5
23
23
19
13
13
16
17
38
19
23
20
15
18
6
13
17
6
20
24
19
11
15
26
21
18
28
31
32
470
17
25
8
25
18
14
15
24
34
20
10
28
18
16
15
12
26
15
22
31
15
51
17
12
18
28
27
52
21
14
35
27
19
9
16
10
23
23
14
7
14
11
14
21
11
19
16
9
20
12
7
9
15
7
24
13
20
9
27
23
109
9
16
18
12
14
11
5
9
18
13
28
24
41
5
14
31
19
18
4
20
61
38
16
7
19
6
16
19
8
31
63
53
16
16
17
37
8
88
22
16
29
32
63
23
17
35
21
19
17
23
20
14
12
19
102
14
13
20
17
29
14
8
18
22
8
9
103
11
5
22
30
12
25
10
30
13
25
28
21
13
15
18
20
19
11
24
29
11
19
23
67
11
20
21
23
27
22
12
20
22
18
13
30
13
21
27
23
15
11
38
13
13
39
32
19
37
27
13
24
29
9
24
10
12
34
34
15
24
22
18
10
14
14
20
14
9
32
21
23
22
10
18
23
9
18
23
44
9
26
22
13
15
9
64
12
18
133
22
18
18
23
10
31
16
13
9
13
24
15
15
20
10
13
11
25
8
17
9
36
19
10
9
76
8
17
20
21
23
27
9
13
15
56
21
25
11
18
17
14
11
14
22
34
12
5
14
21
10
104
49
13
37
29
21
84
14
15
14
20
83
13
19
23
17
20
6
20
68
17
25
14
15
5
15
35
16
44
12
39
13
9
9
12
5
35
17
23
28
16
12
14
9
170
18
30
24
21
68
24
17
12
26
1131
11
75
12
17
7
16
40
24
20
14
14
15
60
9
45
12
14
13
48
20
8
11
16
16
15
10
18
23
11
15
14
23
21
14
31
109
15
19
24
17
37
19
5
23
10
25
30
17
23
12
32
85
22
18
18
11
29
11
26
7
22
17
17
15
16
33
27
14
6
20
34
17
15
13
14
14
52
16
13
18
17
21
11
45
10
14
13
62
18
21
11
27
12
8
18
14
27
29
25
9
11
48
12
24
15
20
22
12
22
27
7
16
13
8
9
16
19
37
15
18
15
29
21
16
18
26
27
120
69
10
18
22
15
16
16
15
21
13
21
15
12
7
6
14
46
23
8
21
32
12
26
30
18
15
6
16
16
20
22
11
16
17
6
24
41
17
28
18
11
26
17
14
15
24
20
24
16
8
12
16
18
11
16
9
19
25
19
29
9
38
19
14
26
18
49
15
9
11
17
17
12
38
20
21
13
23
15
19
14
52
3
8
37
25
30
109
35
16
11
32
12
12
33
308
11
19
15
44
13
23
8
24
18
5
28
60
31
10
26
37
11
58
25
18
14
23
37
59
11
16
5
67
14
17
12
34
38
20
7
16
24
8
12
4
30
22
20
10
10
12
31
24
25
10
23
13
10
22
16
10
11
15
28
25
33
25
9
10
14
103
20
13
9
8
14
35
39
18
19
10
17
35
16
53
26
12
23
15
17
10
7
15
30
18
23
18
26
10
22
23
14
42
31
34
9
17
45
23
9
27
23
22
24
15
10
9
24
34
34
11
16
4
17
23
10
11
13
11
8
42
12
10
41
10
9
5
27
18
57
20
23
27
14
17
27
22
29
12
16
20
10
21
44
12
27
22
24
11
15
34
12
31
9
7
19
21
14
11
20
11
96
25
18
19
28
24
32
14
10
22
10
16
21
17
15
15
19
50
30
12
15
12
12
21
13
11
10
13
15
15
17
11
11
37
3
18
24
18
16
12
13
23
10
24
10
19
17
17
11
12
11
26
13
8
78
11
16
39
109
7
14
68
26
10
21
16
19
10
38
67
12
26
114
11
12
51
8
14
21
18
28
15
23
29
11
32
15
41
33
18
15
19
27
14
17
15
30
19
21
10
9
37
30
15
110
30
17
16
28
20
25
607
17
8
15
1663
12
21
36
67
15
19
208
36
18
18
20
51
16
78
20
9
79
29
24
13
11
18
21
55
19
32
24
23
22
65
16
15
14
13
26
186
14
9
10
21
31
12
12
9
26
46
11
29
15
17
18
38
15
26
23
25
19
14
11
10
9
11
28
11
29
15
17
23
67
28
23
11
22
42
11
9
9
22
13
376
13
27
10
79
19
19
25
29
39
14
14
14
30
12
9
83
16
47
33
27
7
40
16
5
41
7
32
9
34
26
44
12
8
25
33
11
19
33
23
18
17
17
19
23
10
21
45
24
12
5
8
14
28
9
89
29
11
15
22
8
17
14
25
15
15
15
3
11
17
15
11
20
9
7
23
26
15
55
31
17
103
30
50
52
47
23
70
35
10
42
13
16
12
13
27
19
28
40
26
17
29
23
9
9
16
45
23
23
9
45
15
21
24
18
93
32
22
17
11
24
15
27
10
19
30
9
23
15
21
14
29
57
12
9
10
22
12
5
20
13
14
10
15
11
27
35
11
17
22
15
43
22
5
22
28
35
16
18
23
10
17
11
191
36
22
54
17
25
39
9
15
9
23
13
7
11
16
18
20
15
15
14
10
15
25
6
22
28
12
27
10
14
13
15
22
23
13
20
18
19
16
16
8
19
13
22
19
12
15
17
9
18
14
8
17
37
10
24
14
31
16
12
12
18
13
14
64
18
11
11
12
17
12
23
34
16
18
12
7
6
14
11
10
13
177
69
18
25
13
37
16
8
22
12
16
11
11
7
37
29
18
31
8
17
37
10
17
9
36
13
11
21
10
15
21
8
21
17
37
13
23
9
14
6
19
15
17
33
10
16
8
15
16
19
7
12
21
50
11
14
13
11
21
16
47
15
32
14
15
18
27
46
13
47
13
11
18
14
11
21
10
20
173
32
18
27
25
8
9
22
12
11
29
16
32
40
7
10
11
30
6
28
51
5
24
5
10
29
44
11
10
61
14
21
15
23
11
17
21
13
26
39
17
34
52
12
8
29
18
26
24
9
81
29
32
203
12
24
20
22
46
14
13
19
12
8
7
19
8
39
28
9
13
14
9
18
20
22
53
86
26
23
14
24
18
11
17
6
13
14
25
17
10
8
8
17
18
6
17
14
20
108
12
69
14
21
17
16
10
17
14
24
8
8
10
8
8
14
18
22
12
19
16
28
28
26
18
26
18
12
9
12
19
34
11
11
11
27
27
17
15
7
16
14
9
55
8
17
16
27
12
17
15
14
31
60
37
35
77
16
31
20
15
21
13
13
8
35
17
16
33
12
11
37
8
41
45
12
6
13
59
24
15
10
23
23
15
41
69
44
13
94
101
18
12
16
11
16
9
15
10
17
13
17
28
33
36
21
26
12
16
22
30
36
40
8
20
15
10
24
154
58
27
10
12
26
18
45
11
40
18
18
18
9
15
26
99
9
14
20
27
49
14
48
1384
16
95
27
47
13
24
45
15
6
10
387
14
16
249
52
7
25
10
23
12
11
33
13
21
13
25
29
18
46
39
13
10
19
19
13
14
14
16
14
12
123
15
33
87
27
20
485
32
57
11
16
21
44
8
28
19
15
24
30
45
24
17
19
12
15
15
22
30
4
5
12
65
12
25
13
8
39
37
14
13
13
9
9
34
16
24
15
25
23
10
39
35
29
13
17
24
20
7
12
38
10
20
10
26
17
20
716
10
33
16
8
11
36
12
11
33
12
20
11
14
8
20
25
27
39
21
17
55
15
17
57
21
15
128
35
9
33
18
14
10
76
11
18
48
18
31
17
11
20
15
34
24
30
32
12
26
12
25
26
13
19
50
12
33
21
61
20
27
11
9
14
21
31
31
21
10
52
9
30
32
12
23
29
18
18
19
19
21
27
15
22
20
24
12
18
29
10
15
68
20
26
31
5
28
14
14
17
161
28
24
12
10
8
16
14
12
23
11
30
21
29
15
14
6
28
44
50
10
11
80
21
21
22
17
11
25
20
25
37
17
14
31
10
16
12
9
29
26
31
20
613
18
19
10
115
16
29
53
18
15
29
21
15
11
9
17
23
27
19
18
19
12
14
14
11
21
11
18
8
22
22
13
11
7
12
16
15
16
7
27
4
21
12
10
11
14
16
30
16
22
22
15
23
17
10
25
163
18
10
16
21
22
24
134
15
14
18
13
3
19
9
13
137
36
337
94
13
17
15
13
14
10
10
20
27
5
10
19
11
72
14
9
8
10
12
8
10
17
11
21
25
27
150
13
556
9
14
7
24
28
7
24
21
39
10
19
13
24
12
23
16
24
10
14
25
61
24
26
8
15
10
19
9
117
49
21
12
17
36
17
15
34
5
37
29
57
16
13
14
41
44
23
16
14
12
25
13
23
14
21
7
12
17
13
9
9
20
28
7
29
14
24
13
38
16
28
20
21
21
10
12
33
29
12
31
12
24
22
152
11
18
16
20
47
52
23
12
15
10
14
15
17
23
13
28
19
16
15
14
25
11
22
19
22
51
29
33
6
9
25
26
13
24
19
8
6
37
16
27
30
36
41
14
5
278
25
43
47
24
17
18
54
20
29
14
20
20
16
49
36
23
16
22
8
15
8
10
11
34
15
14
15
14
17
12
19
14
17
16
13
22
13
25
22
6
18
6
15
18
125
16
10
11
19
16
25
31
21
10
15
12
22
11
15
47
8
10
19
22
15
15
174
14
20
30
22
38
12
65
23
16
15
6
22
13
15
21
12
17
5
10
31
13
7
9
13
14
27
11
18
16
21
19
29
18
19
11
18
58
11
23
13
25
20
11
14
27
12
14
18
6
22
15
23
18
22
55
13
13
29
10
24
20
9
17
12
10
13
14
15
13
16
9
14
29
15
7
19
23
33
13
13
17
34
28
25
1851
11
7
13
15
5
16
49
14
12
20
12
9
29
16
37
14
34
22
12
21
13
22
10
17
27
15
9
20
12
10
14
19
23
38
18
19
31
11
15
20
12
15
10
104
20
18
66
17
19
19
11
22
14
18
10
12
9
15
10
50
7
20
24
11
35
28
17
15
6
8
54
28
25
15
12
10
15
12
19
13
21
19
14
14
30
16
19
9
12
24
19
16
22
10
17
21
18
18
15
11
35
9
26
16
22
9
10
51
20
219
38
14
36
23
21
7
45
20
16
12
10
28
18
6
12
23
10
27
20
23
25
9
20
15
22
31
29
8
6
18
42
27
17
11
32
15
5
31
66
13
28
41
14
43
21
52
20
20
23
7
17
28
20
13
28
23
20
10
15
46
22
31
8
9
14
41
19
22
11
14
18
35
19
16
20
33
12
45
14
35
10
18
7
16
16
13
10
10
21
120
6
12
33
62
103
14
26
23
15
14
24
6
8
21
14
14
19
40
9
9
16
10
8
13
29
16
14
81
27
14
8
13
33
61
9
22
23
15
23
13
11
64
30
12
15
20
11
19
12
18
16
41
5
26
12
28
23
15
18
5
17
26
15
16
15
20
13
20
14
12
19
15
18
15
14
12
23
6
17
16
11
13
21
20
33
13
20
17
26
15
18
15
17
14
22
19
29
13
19
27
55
34
26
14
16
46
7
7
7
18
24
24
9
18
14
12
16
14
5
12
13
22
13
14
20
23
21
20
17
13
20
26
24
169
17
16
23
12
45
20
26
22
19
20
11
22
22
13
33
85
14
15
28
51
53
6
86
21
16
25
8
12
24
21
28
24
33
16
14
27
30
12
16
41
21
8
4
15
10
8
16
11
31
194
26
11
30
23
22
13
19
6
22
32
3
12
15
17
33
21
31
25
20
33
27
28
5
26
19
11
12
11
21
6
18
15
7
16
9
10
15
15
77
12
18
10
14
18
17
18
57
6526
15
53
7
10
19
14
34
9
34
21
20
12
75
21
18
10
13
15
15
17
28
14
26
9
15
16
17
14
15
11
15
14
21
17
17
13
33
22
17
8
6
19
16
81
17
16
18
10
11
19
51
17
18
8
6
13
23
23
79
12
19
14
36
15
11817
13
13
17
42
36
35
14
17
21
16
17
15
25
18
11
18
20
13
83
21
17
18
12
16
17
16
55
19
24
22
180
25
16
37
21
9
11
12
8
13
10
8
16
32
47
17
16
17
17
11
15
21
16
19
32
13
26
11
18
26
12
170
28
16
12
32
39
15
65
13
17
12
16
23
19
90
27
14
71
32
22
8
19
17
24
40
31
16
14
15
73
29
19
15
31
12
13
14
28
20
15
15
26
14
12
10
16
25
5
7
129
8
20
26
66
53
37
17
15
8
20
15
12
24
32
13
14
13
9
39
12
34
6
15
10
31
9
15
15
17
15
15
9
17
20
16
24
16
13
39
12
15
29
25
59
14
20
19
6
9
7
22
54
20
45
17
34
21
12
30
19
16
11
29
11
26
12
14
25
21
26
31
6
25
19
24
23
44
20
8
20
13
11
36
10
15
13
31
9
25
10
11
13
22
28
12
11
23
12
7
14
25
6
9
11
20
50
13
5
8
20
36
33
25
15
23
14
21
15
29
20
9
49
6
22
23
10
99
69
13
34
41
18
27
12
9
31
9
20
11
27
11
37
11
10
19
10
10
9
20
14
40
23
22
9
11
22
25
8
26
17
9
22
13
38
10
74
21
19
32
34
18
30
20
7
34
33
30
11
18
10
24
11
13
12
63
19
20
16
18
10
16
20
19
21
22
12
10
13
34
28
24
15
24
17
14
15
7
17
13
29
13
11
32
29
8
43
11
12
18
22
16
10
23
24
20
12
13
25
12
7
4
28
25
19
12
15
18
19
18
251
13
16
16
23
61
38
16
19
24
11
13
10
8
10
16
9
18
18
19
12
10
18
310
13
59
31
20
18
5
8
16
37
24
17
10
18
27
18
41
24
13
727
14
28
16
22
11
32
13
16
14
10
27
23
24
31
25
12
8
9
9
25
15
17
22
10
15
25
35
33
11
22
17
28
19
228
11
32
14
26
4
17
29
33
10
26
20
11
16
15
9
12
23
20
29
18
20
42
68
48
8
18
35
16
18
21
8
14
34
28
28
14
25
16
5
121
11
45
12
15
21
99
18
22
16
22
36
16
64
26
60
13
13
21
16
22
24
23
16
14
27
19
35
20
16
18
41
31
14
40
9
9
6
27
34
41
25
28
14
12
45
15
20
18
20
10
7
46
16
16
30
12
13
9
11
42
26
22
15
14
12
256
24
6
20
53
11
18
22
14
16
17
20
23
5
14
27
12
15
13
14
15
20
14
8
11
17
13
11
17
12
23
24
16
7
13
7
50
23
14
12
21
21
16
25
7
5
14
13
8
31
24
29
15
14
279
15
36
23
10
46
16
7
12
18
23
42
24
19
12
31
22
20
34
14
25
11
11
4
54
13
30
20
15
12
21
37
13
33
11
20
34
21
33
18
12
12
13
17
10
20
9
19
7
46
28
23
46
12
9
32
10
14
22
23
37
16
31
25
51
17
23
10
15
19
15
58
15
13
35
12
8
27
26
18
7
12
37
13
12
7
10
27
20
61
36
31
8
21
34
15
29
27
16
29
20
24
27
20
9
56
21
14
24
55
30
9
11
20
14
15
11
8
16
8
7
12
29
98
17
22
12
8
9
19
18
7
28
10
16
9
45
19
24
18
40
26
16
478
17
18
18
48
63
11
20
112
29
23
11
21
11
29
20
25
21
12
22
15
23
63
7
13
24
20
8
15
12
15
716
13
24
12
18
14
7
14
19
23
16
10
13
17
13
25
18
12
8
16
18
8
37
13
14
29
13
36
16
25
15
21
9
33
18
5
13
20
27
9
27
10
19
21
61
12
19
12
14
19
27
10
14
10
28
21
14
34
20
6
17
18
9
19
33
16
10
8
16
15
8
12
28
9
49
46
10
34
17
22
18
8
30
13
18
17
20
21
26
25
34
67
8
8
39
18
10
25
9
20
15
23
9
41
20
16
32
7
22
78
19
47
14
35
14
36
13
8
23
11
34
46
20
20
20
30
18
14
22
19
32
18
13
10
18
33
13
15
11
10
19
22
8
16
19
35
7
23
18
42
27
13
20
25
13
10
20
9
44
87
18
6
11
5
17
25
18
22
274
12
27
21
8
25
8
8
39
13
6
317
13
16
21
17
20
6
39
64
16
30
19
37
134
33
53
9
36
2
6
55
11
16
102
19
22
20
14
32
22
14
9
65
15
11
15
17
16
16
18
35
11
24
19
19
6
11
25
18
16
20
22
11
13
49
37
15
14
16
23
23
30
15
19
10
10
12
10
19
36
45
48
17
10
18
20
5
18
17
19
11
45
13
23
17
40
15
32
41
8
13
5
30
12
22
29
14
9
23
17
13
31
12
23
15
14
8
5
38
12
53
26
16
35
50
20
11
20
23
23
28
19
40
32
14
55
47
33
15
14
4
26
23
11
21
10
37
11
25
13
15
13
11
20
64
61
15
38
28
17
11
13
15
24
20
10
9
13
22
11
24
10
10
21
16
10
30
17
27
7
18
12
16
27
116
13
6
42
22
22
71
11
10
12
23
14
13
16
16
7
69
99
16
29
8
22
33
30
9
8
55
9
18
16
20
12
12
32
2
7
10
24
16
23
12
22
31
16
8
34
24
3
27
11
36
18
32
20
69
21
28
10
21
41
32
16
18
7
30
70
10
6
7
18
15
19
15
16
9
10
15
14
27
21
24
199
14
41
6
24
38
22
19
22
10
8
7
29
16
27
23
19
23
36
16
17
20
14
22
26
14
11
17
35
22
13
16
27
15
106
11
7
21
22
25
9
18
14
15
7
5
17
25
23
18
12
17
29
31
22
27
7
12
15
26
13
16
20
14
13
41
19
8
19
16
11
10
61
11
18
10
12
22
25
16
194
9
12
24
12
185
36
19
14
26
8
25
13
44
5
24
50
10
33
183
33
12
12
19
18
20
15
14
6
22
22
22
13
16
19
13
25
10
30
36
47
14
13
106
43
20
29
30
21
16
17
10
81
8
24
6
21
15
38
15
37
158
13
14
18
12
17
79
13
13
27
12
26
12
23
55
17
17
21
8
43
11
72
38
11
7
16
19
14
12
16
17
50
36
8
8
16
13
30
21
34
36
23
10
14
5
15
5
10
5
14
14
71
38
6
61
34
42
15
13
3101
20
8
61
51
19
31
13
24
32
16
39
10
23
14
22
33
30
20
11
28
9
29
37
24
7
8
16
28
13
19
16
20
17
20
18
22
6
43
31
9
64
22
14
19
31
22
15
44
15
5
19
27
9
18
554
9
14
12
10
30
19
10
33
20
36
36
23
28
22
14
59
33
17
12
11
15
11
280
31
23
22
13
21
21
17
15
28
30
14
14
17
24
16
12
16
12
24
50
14
22
24
29
14
370
36
21
16
16
14
24
21
19
24
140
30
28
11
13
12
25
14
25
8
42
11
108
8
39
32
10
24
25
12
9
7
15
19
44
20
12
14
16
33
9
8
28
46
21
41
16
30
56
15
12
18
31
28
27
31
11
13
30
17
8
12
18
18
17
36
14
24
10
9
33
116
36
22
24
9
11
11
31
14
14
12
16
9
16
8
19
9
13
14
12
21
37
13
9
15
3
19
50
18
14
16
31
20
14
12
28
48
6
50
17
18
15
17
24
4
12
25
14
20
19
24
13
13
11
15
11
54
23
18
23
34
19
6
14
11
31
13
32
16
20
19
20
11
28
58
19
11
18
75
23
23
16
11
14
19
14
238
7
26
11
28
15
71
16
13
19
22
12
31
8
19
14
19
24
36
16
11
18
15
42
32
7
10
13
18
35
13
8
12
74
15
23
44
12
11
33
12
18
16
23
11
8
22
13
96
52
11
24
19
24
18
15
22
20
6
20
20
15
13
14
15
35
24
33
41
13
24
11
10
12
15
18
63
10
17
31
43
20
20
26
20
20
11
26
13
10
16
7
23
10
14
11
25
12
49
13
23
19
137
13
16
7
12
12
16
21
29
34
17
19
32
19
35
26
13
19
35
28
39
9
12
24
20
18
24
14
6
13
94
5
18
9
144
14
37
19
16
17
373
8
46
11
34
57
13
19
13
32
19
18
20
16
15
11
13
36
16
12
30
5
15
21
30
26
29
10
22
19
7
33
39
24
16
11
14
17
17
20
15
12
60
18
25
26
17
27
13
23
9
14
19
36
93
7
34
13
56
6
14
9
20
14
12
13
18
20
16
18
15
9
27
14
75
14
23
13
13
14
25
17
22
16
23
18
29
12
37
16
17
26
28
26
29
52
27
10
10
14
25
15
8
10
20
14
14
28
29
24
28
22
20
12
13
18
10
9
19
14
18
13
14
10
10
67
14
23
21
16
29
13
31
14
18
24
5
6
7
15
13
21
22
13
14
21
20
10
27
16
13
30
37
14
21
35
22
24
19
24
22
17
20
12
13
9
25
27
28
8
23
19
49
11
7
40
15
157
18
10
19
14
26
16
15
11
11
12
11
19
17
20
28
12
19
18
20
7
10
14
14
18
15
31
23
9
14
27
10
13
10
12
12
35
15
26
44
14
7
26
23
27
14
23
10
18
21
16
26
37
27
13
15
27
13
34
19
24
10
12
13
17
71
14
107
14
20
18
20
17
15
25
13
14
12
14
18
6
6
18
16
20
36
20
12
15
24
12
14
10
8
17
26
14
10
8
21
15
13
65
17
9
129
47
18
35
13
11
16
18
36
14
11
18
6
40
21
13
35
13
10
14
6
28
22
20
13
32
13
30
11
23
20
8
18
19
9
23
20
58
12
5
26
45
29
19
42
13
10
9
11
16
16
12
14
17
18
9
11
19
19
10
62
8
18
13
77
10
15
29
64
7
21
32
28
41
33
15
9
19
14
19
17
13
47
11
18
31
44
93
15
38
24
10
19
21
11
11
6
23
10
17
52
16
36
10
24
941
13
27
18
16
13
13
4
18
15
16
14
27
19
22
18
33
15
14
8
10
24
29
39
42
16
9
16
12
20
8
24
23
32
59
13
12
31
12
16
18
7
17
20
17
13
22
19
20
8
94
26
17
16
16
22
56
26
53
5
16
24
18
16
15
10
11
9
14
7
15
28
15
31
6
17
11
16
9
11
6
10
11
13
15
13
60
19
28
16
22
37
13
10
15
16
13
8
12
54
11
14
15
24
37
5
12
18
174
16
19
7
14
18
9
16
735
29
7
34
31
18
14
23
11
31
27
88
14
22
32
5
16
15
7
10
14
38
20
139
8
17
18
28
15
14
19
267
17
49
40
11
19
7
18
40
12
19
15
17
6
23
23
8
15
58
17
14
18
28
18
19
12
12
25
38
13
19
20
16
23
128
4
16
22
16
24
20
16
27
51
31
14
23
8
12
28
8
22
18
14
11
15
41
19
22
218
11
8
15
25
12
24
11
7
17
12
38
47
27
9
13
13
78
48
23
21
17
34
15
6
12
39
29
14
35
10
8
10
26
19
12
80
17
15
47
13
33
19
26
22
18
17
17
26
3
14
12
35
26
11
11
13
56
28
13
14
8
38
20
23
13
12
142
26
29
20
22
13
18
1214
8
13
12
21
69
25
16
4
13
17
31
16
20
14
11
27
14
6
23
11
27
17
25
8
21
20
11
41
18
11
15
18
34
23
15
6
24
84
57
13
5
20
23
17
27
14
13
21
18
17
12
13
12
11
17
28
12
22
12
21
18
24
22
43
41
10
17
16
30
23
15
28
14
21
12
10
17
15
47
27
33
16
32
112
16
17
8
6
24
13
16
22
16
33
15
12
39
52
15
17
10
11
12
14
37
20
27
21
37
20
6
14
26
19
13
28
26
16
28
20
42
15
24
12
30
10
21
60
16
13
52
18
51
17
10
15
17
13
14
18
23
17
14
7
11
18
15
19
76
19
69
83
17
9
24
12
11
34
10
10
20
11
26
6
18
35
12
40
58
12
14
20
22
26
25
13
12
4
15
12
22
22
19
19
7
29
27
25
23
30
19
37
28
38
12
31
21
12
88
20
3
9
13
9
19
12
381
152
22
23
10
9
13
25
26
14
39
30
22
12
13
29
35
20
13
124
21
12
28
12
20
18
12
28
15
38
8
23
17
11
27
12
41
9
12
15
34
20
56
12
20
19
15
8
8
54
26
13
16
36
11
39
35
13
8
19
14
19
13
39
14
38
81
19
27
11
11
21
16
150
11
13
18
24
19
11
34
21
32
9
22
20
16
9
12
49
10
15
19
22
11
16
27
8
19
51
27
26
30
52
68
23
14
22
21
12
10
20
17
27
13
12
14
40
10
15
29
61
20
12
14
17
38
27
14
17
20
14
23
70
20
6
11
25
24
20
38
13
6
18
11
23
17
14
16
17
35
13
39
10
40
12
70
23
15
11
17
12
14
83
14
18
37
23
16
5
28
17
28
20
31
23
9
22
20
12
52
34
17
12
28
68
19
11
49
17
29
97
215
11
31
16
14
8
53
5
37
26
18
11
4
14
16
18
10
20
23
327
9
12
21
33
55
75
13
12
19
17
59
9
24
17
12
16
9
14
14
9
43
50
4
881
18
15
14
18
18
48
11
27
11
15
20
13
19
14
6
11
37
49
11
17
26
15
10
11
23
95
21
420
23
50
21
14
6
12
22
283
5
27
9
7
53
22
12
29
11
19
17
23
42
24
34
15
65
16
15
15
11
13
11
22
12
15
16
34
11
11
20
35
17
31
10
19
13
44
19
27
22
15
19
32
23
24
29
13
26
33
16
20
15
27
16
21
18
78
16
30
14
20
14
19
17
49
10
14
8
13
24
14
11
20
19
19
22
45
17
13
21
18
12
14
22
20
39
45
9
15
16
25
27
16
18
10
13
8
198
23
17
17
12
23
8
8
7
124
13
20
24
49
13
33
11
15
22
26
9
29
22
28
4
22
34
25
14
33
30
36
40
15
14
15
11
7
28
17
77
15
16
20
14
