3
78
2
3
3
2
0
1
3
14
6
8
1
3
15
24
10
4
7
5
0
9
155
3
12
8
0
8
1
2
12
6
7
9
2
17
1
7
3
2
3
10891
2
30
32
0
4
11
4
4
3
2
9
6
3
5
7
70
17
6
17
5
3
3
1
2
12
16
6
7
0
4
1
57
7
9
3
5
3
2
3
0
5
15
6
6
2
6
16
7
5
29
5
2
94
2
13
2
2
4
4
22
4
2
0
6
2
2
1
10
1
10
8
11
9
6
9
4
9
4
5
1
4
9
4
2
4
6
11
12
0
3
4
9
2
5
7
32
3
2
9
6
12
6
1
2
8
12
11
5
10
2
4
1720
2
3
9
0
9
3
3
3
6
5
6
3
10
2
5
10
12
6
0
6
4
1
0
3
5
4
1
9
10
2
0
14
15
12
1
4
7
10
1
7
5
11
3
1
11
5
2
3
3
17
2
5
10
1
25
10
6
22
13
4
13
10
105
4
2
3
15
0
5
3
6
17
3
2
9
0
3
10
142
2
16
23
18
6
3
4
4
3
3
4
8
7
0
6
9
1
7
24
2
3
19
8
5
26
50
4
4
2
10
7
19
44
7
11
5
107
15
4
25
0
2
27
0
3
9
2
8
10
13
5
3
8
8
8
112
0
7
1
32
1
10
11
20
16
2
0
4
3
0
25
1
5
16
34
9
6
1
8
8
2
3
13
1
7
5
1
5
3
16
0
1
4
3
5
26
1
1
3
4
9
8
0
9
14
18
10
11
5
20
6
6
2
1
0
10
1
0
5
9
9
17
12
1
10
0
2
5
4
3
2
3
1
5
5
91
1
13
14
4
4
7
5
3
8
2
1
54
6
1
2
7
11
221
6
2
1
13
6
26
4
2
2
3
7
10
11
2
4
0
3
8
1
9
6
4
22
1
4
5
17
5
0
5
2
3
4
11
0
2
0
2
1
8
11
23
7
9
4
4
12
23
7
5
13
5
42
14
2
6
2
0
2
3
1
2
1
107
3
9
0
2
3
13
74
52
27
3
54
1
7
26
2
5
9
40
6
6
5
3
15
0
4
14
7
5
4
69
0
0
10
9
1
9
0
1
5
1
33
7
7
11
6
7
4
18
4
3
78
2
3
3
2
0
1
3
14
6
8
1
3
15
24
10
4
7
5
0
9
155
3
12
8
0
8
1
2
12
6
7
9
2
17
1
7
3
2
3
10891
2
30
32
0
4
11
4
4
3
2
9
6
3
5
7
70
17
6
17
5
3
3
1
2
12
16
6
7
0
4
1
57
7
9
3
5
3
2
3
0
5
15
6
6
2
6
16
7
5
29
5
2
94
2
13
2
2
4
4
22
4
2
0
6
2
2
1
10
1
10
8
11
9
6
9
4
9
4
5
1
4
9
4
2
4
6
11
12
0
3
4
9
2
5
7
32
3
2
9
6
12
6
1
2
8
12
11
5
10
2
4
1720
2
3
9
0
9
3
3
3
6
5
6
3
10
2
5
10
12
6
0
6
4
1
0
3
5
4
1
9
10
2
0
14
15
12
1
4
7
10
1
7
5
11
3
1
11
5
2
3
3
17
2
5
10
1
25
10
6
22
13
4
13
10
105
4
2
3
15
0
5
3
6
17
3
2
9
0
3
10
142
2
16
23
18
6
3
4
4
3
3
4
8
7
0
6
9
1
7
24
2
3
19
8
5
26
50
4
4
2
10
7
19
44
7
11
5
107
15
4
25
0
2
27
0
3
9
2
8
10
13
5
3
8
8
8
112
0
7
1
32
1
10
11
20
16
2
0
4
3
0
25
1
5
16
34
9
6
1
8
8
2
3
13
1
7
5
1
5
3
16
0
1
4
3
5
26
1
1
3
4
9
8
0
9
14
18
10
11
5
20
6
6
2
1
0
10
1
0
5
9
9
17
12
1
10
0
2
5
4
3
2
3
1
5
5
91
1
13
14
4
4
7
5
3
8
2
1
54
6
1
2
7
11
221
6
2
1
13
6
26
4
2
2
3
7
10
11
2
4
0
3
8
1
9
6
4
22
1
4
5
17
5
0
5
2
3
4
11
0
2
0
2
1
8
11
23
7
9
4
4
12
23
7
5
13
5
42
14
2
6
2
0
2
3
1
2
1
107
3
9
0
2
3
13
74
52
27
3
54
1
7
26
2
5
9
40
6
6
5
3
15
0
4
14
7
5
4
69
0
0
10
9
1
9
0
1
5
1
33
7
7
11
6
7
4
18
4
1
8
0
15
13
7
7
3
13
5
4
9
4
51
14
6
2
12
11
1
14
83
2
2
5
1
3
4
4
0
4
4
8
6
42
26
817
2
29
6
1
6
5
32
5
7
1
0
1
0
23
5
1
12
2
5
7
2
10
3
3
8
3
11
36
17
2
7
10
7
3
63
5
11
10
15
12
2
4
4
4
6
1
1
25
10
17
5
1
5
18
1
16
1
53
1
6
0
17
4
28
4
3
31
29
1
28
4
9
5
8
2
1
19
2
16
12
0
5
14
7
85
1
2
4
2
6
4
13
2
7
8
2
33
15
10
1
7
4
16
6
47
9
1
5
5
6
3
5
3
7
16
2
22
37
3
0
0
1
2
7
21
10
2
81
4
8
2
0
13
7
4
9
8
4
3
23
4
9
0
2
2
4
5
4
0
0
26
5
4
12
7
1
5
75
5
3
3
12
10
20
1
7
8
1
4
4
1
6
6
1
4
10
5
5
22
8
5
3
1
3
1
28
5
2
75
1
1
5
4
0
15
2
14
69
0
11
31
2
2
1
14
61
9
11
1
4
10
3
13
2
3
4
12
2
8
6
24
5
33
3
21
7
1
7
7
4
358
77
1
9
1
18
4
4
11
1
4
8
5
9
13
14
9
6
27
0
14
3
15
10
2
2
10
6
14
6
5
18
5
10
12
5
1
1
4
8
2
6
1
13
1
10
5
6
1
1
0
37
15
0
5
0
8
8
4
4
1
7
5
0
6
6
3
13
4
6
2
5
8
1
7
4
7
4
1
10
3
3
3
0
1
6
13
0
0
2
13
5
13
2
5
9
3
8
3
4
5
0
3
2
5
0
7
0
3
0
3
5
6
2
18
1
13
4
3
1
1
4
2
19
6
1
1
9
14
13
2
1
8
4
11
13
0
13
4
6
11
28
2
9
5
2
6
2
4
12
11
1
10
2
10
8
4
2
0
8
2
2
5
2
8
11
14
21
3
10
4
4
3
16
112
5
2
4
10
4
3
3
3
5
154
2
1
3
1
15
6
8
6
1
7
15
4
1
9
6
7
29
34
117
28
6
1
3
1
4
37
7
8
46
2
3
8
3
3
2
1
3
0
4
6
3
8
7
0
1
11
58
3
6
33
11
4
1
5
1
2
14
1
10
2
0
3
0
17
4
1
2
2
13
1
2
2
6
2
11
5
5
11
4
0
9
7
4
7
1
2
2
8
1
5
0
1
8
10
5
15
5
3
7
4
2
10
39
1
1
4
9
3
2
12
10
4
1283
1
2
6
5
7
1
8
248
0
1
22
9
3
53
2
2
3
7
3
5
50
2
2
6
1
1
6
6
15
5
6
8
4
2
5
6
5
14
6
1
5
2
19
8
2
1
3
10
2
10
4
10
3
2
6
6
2
1
1
3
23
6
5
10
13
7
5
40
1
4
1
5
1
3
3
3
0
3
404
8
4
35
23
7
0
4
5
25
2
1
0
3
1
15
3
9
14
1
1
5
15
17
1
5
2
6
24
6
18
13
10
6
14
3
1
1
3
3
11
4
7
21
2
23
7
2
1
1
1
7
1
31
1
4
4
3
28
36
1
0
57
3
4
0
3
0
8
14
23
21
6
8
0
13
6
25
3
2
2
4
9
17
4
43
3
10
12
5
9
12
20
6
4
33
0
7
1
22
1
5
2
3
12
2
4
1
14
1
5
6
14
11
4
8
2
1
5
4
26
5
6
0
8
18
1
2
4
6
14
155
2
34
3
2
6
0
9
2
13
5
6
6
5
2
3
5
3
15
10
1
9
15
18
6
24
13
6
0
2
12
2
6
9
9
5
1
4
4
3
7
1
11
20
8
3
1
7
1
15
6
9
14
3
2
8
6
6
182
3
7
1
4
10
2
18
12
4
19
1
5
0
9
1
7
12
5
4
13
7
5
6
3
1
10
6
2
3
0
5
3
0
4
6
0
77
12
3
5
3
3
12
3
6
3
7
0
12
11
5
4
8
8
12
5
11
2
9
11
4
3
2
6
3
12
8
3
8
13
2
3
11
8
9
0
4
1
6
1
6
5
1
4
128
0
1
2
2
2
5
0
3
14
5
9
1
1
254
0
2
3
5
17
3
6
0
41
6
12
2
8
3
13
8
3
10
2
10
3
2
5
7
7
10
3
84
1
3
7
4
1
2
8
5
2
6
4
2
1
79
6
16
1
37
24
5
2
6
6
2
4
16
3
194
5
1
10
3
0
6
9
8
8
0
12
4
3
20
6
10
21
3
8
5
4
3
7
6
7
13
0
5
4
8
26
9
5
3
3
0
6
4
1
0
3
17
43
2
9
8
0
1
6
5
2
4
9
2
13
22
8
1
30
3
5
1
3
1
2
2
0
4
87
4
1
54
9
5
4
1
2
1
3
2
10
45
12
2
4
0
3
30
2
2
5
4
4
15
6
0
6
3
4
9
3
2
5
2
2
15
2
37
2
0
1
177
18
4
5
5
16
8
43
7
19
22
0
2
9
4
1
11
1
20
9
1
9
0
9
6
3
2
0
11
15
6
22
1
1
3
5
0
7
2
1
5
1
14
5
0
2
5
103
31
1
3
3
5
0
2
3
10
10
21
10
9
15
14
10
3
6
2
13
7
3
10
1
3
10
16
0
2
1
6
8
16
22
5
1
1
2
5
18
4
1
11
18
0
4
72
67
19
14
5
16
7
6
1
2
13
10
10
42
206
0
7
3
10
7
7
7
3
3
8
7
5
3
16
0
5
2
1
16
3
4
2
1
4
18
7
2
3
2
12
4
6
156
3
9
8
46
15
1
2
0
12
9
8
8
1
8
3
0
1
2
35
8
3
6
2
4
0
20
5
8
22
4
0
7
3
1
111
7
5
10
13
26
32
6
1
1
123
5
7
30
2
5
7
2
12
1
6
1
6
9
3
3
4
2
14
17
4
2
2
103
0
1
2
4
5
4
31
1
10
30
10
1
4
7
3
6
4
1
4
2
7
3
1
2
4
2
4
2
26
5
29
4
54
6
3
13
4
3
4
1
2
4
2
9
1
10
6
7
3
12
4
2
16
3
4
1
4
3
1
17
19
45
4
4
23
4
3
20
55
2
11
15
6
3
5
12
15
6
10
6
2
16
4
5
4
2
4
3
1
4
33
20
6
10
2
66
5
3
4
5
3
4
20
9
12
2
4
6
32
1
7
1
12
3
56
0
6
33
2
5
16
1
16
3
0
12
2
7
10
11
18
2
6
5
3
23
3
0
41
3
13
5
0
0
14
9
30
19
3
0
9
0
4
3
7
596
2
2
13
5
7
6
6
12
9
1
8
3
7
295
4
9
6
7
4
4
3
5
2
2
23
15
1
2
4
1
1
2
8
3
2
9
4
13
2
2
2
14
3
1
2
1
12
3
1
9
86
1
5
2
1
8
2
4
1
3
4
94
3
12
11
6
39
14
2
13
8
5
5
0
3
0
8
5
8
20
8
2
2
20
4
40
25
1
4
1
0
10
3
5
9
11
1
3
4
4
10
9
4
7
15
3
5
0
8
10
6
26
5
5
3
3
1
6
8
10
4
9
6
1
4
5
9
3
2
19
63
5
4
12
12
3
24
50
18
2
5
5
3
3
6
3
2
2
5
3
1
6
6
0
9
4
2
2
2
9
11
1
5
5
3
7
7
7
16
19
2
3
10
9
3
269
4
9
4
7
15
9
0
9
1
7
5
0
2
7
3
7
2
4
11
3
4
1
9
2
29
5
1
0
4
44
21
1
4
7
4
58
3
4
3
2
12
11
8
2
0
0
3
4
7
8
1
1
25
3
65
6
40
8
13
2
7
1
14
8
5
14
9
3
10
9
3
1
1
86
3457
1
3
1
5
5
0
7
7
8
8
1
2
5
8
15
1
9
22
0
149
2
0
3
6
23
5
0
13
9
2
42
2
7
0
1
11
2
0
100
13
6
35
1
0
2
8
3
17
4
5
0
6
7
9
5
7
15
5
8
3
5
0
16
6
27
6
2
8
2
2
29
8
6
2
4
42
9
4
5
4
2
9
2
5
1
22
4
3
3
6
7
7
8
4
41
5
4
2
0
8
27
11
0
12
8
128
9
8
2
2
1
3
29
229
0
8
3
0
10
1
2
5
6
3
6
9
1
4
0
56
2
10
5
119
0
10
3
4
13
20
4
10
13
11
7
2
2
1
2
0
5
2
7
16
5
3
1
5
126
5
12
6
0
0
8
1
7
2
0
72
25
1
6
9
0
7
3
1
4
3
4
42
4
0
8
11
20
13
5
46
10
0
21
4
1
6
4
4
4
5
32
4
8
12
15
14
4
6
2
14
4
4
2
101
3
16
5
1
5
3
5
4
6
24
1
2
8
11
1
1
36
7
26
11
2
4
3
2
17
15
1
19
4
16
1
6
5
2
19
2
1
7
57
1
6
8
1
17
8
31
1
8
2
2
4
0
1
25
7
9
11
17
26
6
5
1
7
4
11
6
21
4
4
66
5
1
3
3
70
4
15
5
1
4
7
6
8
1
2
13
1
5
3
7
1
10
8
4
1
62
3
21
4
1
5
5
12
0
5
5
2
3
2
64
0
0
7
3
10
3
57
4
7
3
4
7
55
2
1
16
10
4
1
1
0
2
11
6
10
4
4
18
2
3
41
3
40
9
0
16
10
2
8
8
5
15
5
8
25
1
13
22
2
20
32
1
4
10
3
5
8
14
6
0
3
19
16
3
3
1
1
6
6
1
13
4
10
1
2
7
5
3
3
11
5
13
1
10
17
6
81
70
16
4
0
3
2
1
4
6
5
6
353
3
76
17
7
32
2
14
8
8
23
7
8
10
2
2
9
2
23
3
1
3
20
3
250
5
0
9
0
13
27
894
7
10
11
0
14
3
8
8
69
62
3
15
2
4
11
129
7
11
9
60
8
16
11
3
4
79
11
8
66
3
15
0
2
14
3
19
11
9
0
4
3
0
2
9
2
2
13
5
8
1
4
16
4
3
3
11
175
10
8
5
53
7
3
0
4
50
5
11
3
6
1
11
3
4
4
15
61
2
2
1
1
0
4
2
6
3
2
8
0
6
3
29
15
37
5
19
12
5
2
4
13
4
6
1
1
16
13
21
4
84
4
2
1
4
1
1
1
14
9
6
10
12
1
0
17
6
4
5
5
2
36
2
10
30
12
0
6
3
6
0
1
12
17
2
0
2
7
3
3
1
5
2
12
28
2
4
7
1
4
2
6
5
2
4
3
1
3
20
12
14
5
1
7
7
18
9
27
6
12
14
3
6
8
3
4
7
5
2
2
1
14
7
1
7
155
15
57
0
2
6
41
6
4
6
5
6
12
3
5
5
1
4
27
6
8
5
5
3
4
11
57
12
21
4
10
6
4
8
19
7
7
0
5
18
3
1
2
12
5
3
20
1
2
34
3
22
0
2
3
6
0
2
8
9
2
2
4
27
2
3
2
680
3
2
12
2
8
5
6
11
7
7
9
2
12
14
3
1
7
8
39
12
3
68
32
13
7
3
3
9
5
7
101
8
2
4
3
1
6
9
4
9
4
1
23
31
4
8
5
7
3
3
5
6
1
0
3
2
0
44
11
0
37
3
9
10
12
1
3
8
98
4
24
2
1
9
1
2
4
7
5
54
1
2
5
4
4
5
7
0
6
4
2
1
9
6
11
5
47
80
7
32
4
8
5
1
11
7
3
4
1
3
1
4
3
9
4
6
25
25
3
3
4
1
168
1
40
57
3
5
5
5
0
2
6
8
86
37
1
13
6
9
21
6
3
2
3
1
0
21
1
3
3
27
9
9
7
15
7
13
29
0
0
6
20
22
7
6
2
12
49
8
3
4
2
2
12
15
3
1
5
11
7
5
12
5
0
5
4
18
4
9
8
78
1
4
2
23
5
6
12
5
2
1
3
12
6
12
5
3
3
5
2
12
13
2
0
1
7
3
4
0
4
13
11
25
6
0
0
6
5
6
1
3
2
23
4
9
565
4
1
8
11
5
6
9
2
28
6
10
20
25
10
9
25
7
25
6
27
8
12
17
21
4
6
2
1
0
25
11
2
1
4
0
1
3
8
3
11
4
1
5
1
7
4
7
18
1
6
6
5
2
3
5
1
3
8
2
3
8
3
2
5
5
10
7
55
18
3
2
3
9
13
6
2
2
7
6
25
19
13
8
11
0
5
2
3
4
5
5
4
2
4
5
3
14
2
6
1
4
10
4
6
1
3
1
5
9
4
11
3
0
1
3
19
8
3
11
4
5
3
2
3
27
40
8
5
3
2
9
17
23
4
2
22
25
3
1
8
2
3
5
7
1
6
10
8
13
6
4
17
15
22
10
10
4
10
3
0
2
2
5
3
5
12
25
9
5
2
1
3
0
29
16
11
25
1
4
6
2
4
8
35
34
4
6
5
8
7
8
3
19
2
7
63
1
7
3
9
19
3
8
9
3
20
12
7
5
0
2
8
12
6
8
4
6
4
7
28
3
4
3
0
5
2
3
6
4
6
11
18
3
4
1
0
18
5425
10
4
3
3
6
23
2
1
6
7
3
3
59
12
11
4
2
3
6
7
3
15
12
19
9
3
4
10
2
15
6
7
2
5
10
3
32
8
2
8
4
4
2
4
3
12
21
7
2
3
4
6
2
3
19
4
17
0
13
0
0
21
4
1
11
31
1
4
3
6
1
3
6
4
6
6
1
2
6
13
8
8
2
2
36
13
3
4
5
27
4
2
7
1
18
7
1
25
6
7
5
2
7
11
3
9
2
6
8
5
3
8
2
8
3
7
17
7
3
11
10
40
8
2
9
8
3
3
1
6
2
12
4
1
4
0
1
6
24
6
9
30
39
13
2
5
1
9
8
3
26
1
5
34
10
9
52
5
9
30
11
1
1
3
1
15
9
5
5
7
6
6
20
1
8
1
11
5
3
14
1
6
15
2
5
35
8
4
5
10
10
39
0
3
2
15
3
4
1
5
0
3
0
57
35
1
3
1
27
6
4
12
5
7
14
3
3
4
16
11
3
16
4
3
66
27
5
10
2
69
2
4
17
7
2
3
2
7
1
252
5
3
8
1
4
4
1
6
55
3
24
1
2
6
0
4
17
18
77
1
4
2
8
4
23
2
14
5
4
14
640
4
35
6
3
3
1
2
5
0
13
3
18
8
1
8
0
21
4
12
11
17
18
32
6
1
2
8
0
4
84
0
6
2
4
10
4
8
1
20
8
5
4
1
17
6
3
1
2
1
43
3
4
5
12
6
3
7
2
80
5
10
20
4
1
1
0
6
0
3
3
7
9
2
0
5
191
7
23
4
2
7
3
27
11
10
1
11
5
40
1
6
3
10
0
3
3
30
4
4
7
3
11
0
18
47
12
3
2
3
0
6
31
0
0
3
2
1
1
4
24
6
2
3
4
5
1
15
1
1
28
1
11
4
4
2
1
0
2
5
12
1
11
8
23
4
3
1
3
7
15
1
3
45
8
10
3
2
16
16
26
16
8
3
2
4
5
5
0
0
2
4
17
14
1
0
5
4
2
6
3
0
80
3
12
4
21
10
4
3
3
24
1
3
3
7
12
3
24
28
0
1
21
2
13
40
17
3
3
2
2
3
3
6
0
4
4
1
1
4
3
41
4
4
36
4
3
2
1
0
1
1
1
8
3
6
18
4
10
3
2
1
7
12
2
6
1
2
3
6
12
7
68
6
7
0
10
12
11
3
2
8
1
11
2
5
22
2
3
67
40
2
3
10
0
2
4
7
1
4
6
11
15
4
20
4
2
1
1
3
15
16
8
11
3
7
14
3
4
11
49
0
5
0
23
12
12
3
22
9
4
72
3
5
7
11
3
5
5
9
8
3
3
6
9
12
2
4
14
10
3
3
32
12
2
2
1
3
11
1
4
254
6
3
6
1
3
1
4
5
16
4
9
21
1
4
10
9
4
15
3
27
3
3
4
10
10
3
11
0
1
4
13
5
6
4
9
4
19
44
10
5
0
4
7
5
3
7
3
2
101
2
3
11
10
9
54
11
4
4
4
3
12
2
4
20
42
7
5
15
1
73
1
6
8
0
15
9
8
8
4
21
4
26
5
9
1
7
17
2
1
2
30
6
7
9
6
2
5
2
10
2
40
2
1
3
812
4
2
1
7
4
7
18
4
8
8
2
4
7
11
3
0
14
15
5
8
5
2
7
3
11
16
2
2
11
12
0
6
3
1
14
2
1
5
7
35
1
4
5
1
1
27
11
1
9
177
7
1
1
16
14
2
2
4
4
2
8
4
4
2
9
7
1
16
3
14
91
7
7
38
2
6
6
19
10
28
14
18
1
0
1
11
0
4
1
7
2
4
5
66
2
8
3
11
1
2
4
3
1
11
12
2
26
10
4
2
4
17
0
4
12
9
7
1
5
790
5
0
2
8
9
3
14
14
42
28
2
24
27
2
3
3
3
4
0
11
8
11
4
5
9
33
24
1
4
0
1
10
4
67
1
8
0
4
3
99
8
1
16
6
3
31
94
0
23
2
7
2
4
9
12
33
3
2
25
2
1
5
4
3
5
2
19
9
0
3
4
42
8
6
2
8
1
1
3
8
9
7
0
1
2
0
26
0
2
3
1
2
9
15
4
5
4
4
3
1
4
14
5
1
2
10
9
5
16
5
2
12
3
7
34
2
1
6
1
1
54
6
5
1
12
0
3
2
51
10
10
1
33
2
5
13
1
3
3
0
20
13
3
4
4
2
10
6
1
1
7
2
5
22
1
4
1
2
4
11
29
4
3
9
3
1
5
2
34
8
9
1
8
3
5
10
2
10
7
21
15
2
6
5
4
4
19
17
4
64
29
1
19
9
8
4
11
3
2
4
11
5
23
1
2
31
8
4
5
10
4
15
0
22
2
7
165
0
1
2
13
13
9
2
8
5
1
3
3
1
2
108
7
10
11
3
21
0
7
2
6
7
51
9
2
18
29
45
1
6
4
1
21
8
3
3
6
0
3
4
8
2
0
39
9
16
9
2
8
2
8
1
2
39
12
4
1
2
24
4
4
14
3
2
40
10
1
6
1
0
1
2
5
6
6
38
2
4
4
5
2
7
5
25
2
0
5
1
0
0
4
3
38
10
5
4
1
2
15
7
9
0
9
6
3
17
1
4
9
9
4
137
43
7
0
5
5
27
3
3
0
11
9
4
27
2
4
12
7
11
31
70
17
11
1
5
236
3
4
3
337
1
8
1
3
1
2
2
7
3
23
4
22
1
11
3
16
28
0
18
192
0
16
2
1
0
3
7
232
6
0
1
2
5
9
4
7
2
7
1
160
8
13
2
14
14
47
12
1
16
2
2
11
4
12
4
3
5
17
70
7
10
7
14
1
725
5
17
58
111
3
8
8
15
18
15
10
9
26
32
2
2
4
14
35
2
3
7
2
31
3
1
16
4
43
7
2
0
4
3
14
7
5
2
0
6
5
5
22
2
6
2
6
1
4
3
2
26
2
3
0
2
4
3
2
0
10
5
5
0
0
18
4
1
0
0
4
8
24
13
7
2
7
39
5
4
43
12
6
1
6
14
4
5
4
6
9
4
15
7
3
3
19
0
2
34
12
2
6
17
0
14
7
15
25
29
14
1
35
8
2
38
13
11
2
2
6
2
5
5
9
5
2
3
6
6
18
1
4
4
3
325
16
0
3
4
15
1
11
3
16
0
0
63
4
8
5
5
1
2
8
4
6
5
3
3
18
1
5
13
54
7
37
0
4
14
5
1
2
2
5
1
146
1
8
2
2
0
14
3
3
3
9
1
4
23
3
2
1
2
0
3
1
2
23
2
12
21
4
1
6
37
4
1
34
15
1
45
2
22
167
23
4
4
1
9
5
41
35
4
2
6
2
9
12
0
5
12
2
0
14
3
5
1
0
316
1
7
5
4
12
10
3
3
15
7
26
2
31
7
72
2
13
2
6
4
0
2
3
10
30
3
4
3
2
6
9
6
7
1
6
11
3
3
5
5
11
14
9
2
1
33
14
1
2
7
28
8
3
7
6
1
0
3
4
6
7
4
1
9
1
7
1
7
3
1
16
5
13
5
1
1
9
15
4
2
2
22
0
3
0
3
6
11
6
4
6
72
13
2
17
44
10
2
1
5
8
4
2
3
13
3
16
6
1
8
8
0
13
3
1
3
161
6
1
1
5
9
10
8
12
11
215
3
4
5
26
6
9
12
4
20
36
1
14
11
3
4
4
25
7
1
25
21
4
10
6
20
1
5
16
6
8
21
3
2
11
34
6
3
2
10
3
1
14
1
60
32
4
16
5
5
4
2
21
9
28
0
40
5
2
12
1
15
3
5
1
5
10
6
3
10
1
8
4
0
2
3
3
7
40
0
8
4
4
10
1
8
7
2
1
57
1
14
570
16
5
1
4
8
12
20
0
2
5
25
14
2
2
2
1
14
4
2
21
508
13
87
516
3
11
3
1
2
9
9
2
1
4
5
12
5
4
5
6
1
1
4
5
8
6
1
7
8
15
6
2
4
3
2
5
5
4
7
3
10
0
8
1
5
9
2
4
3
6
3
4
1
1
3
11
17
7
2
8
4
11
61
8
5
0
24
10
1
52
8
3
5
14
4
3
20
17
1
7
4
12
10
3
4
27
4
2
3
3
1
2
21
361
57
4
2
4
21
13
1
10
4
3
27
2
2
0
7
31
3
3
49
7
0
3
10
13
42
3
5
1
8
4
8
7
3
1
3
1
7
20
0
2
10
15
124
7
2
3
3
36
26
19
31
16
4
3
10
10
4
4
23
0
2
0
6
6
160
26
4
5
1
14
12
2
2
15
2
3
2
4
2
3
2
1
7
20
5
2
5
1
6
13
4
0
6
27
5
3
9
1
0
1
25
5
1
1
5
1
15
2
7
4
0
21
2
1
3
6
4
15
1
7
6
7
6
15
23
14
4
0
6
55
2
23
7
17
1
1
1
17
4
9
32
3
12
4
4
1
12
4
4
2
5
5
5
3
9
1
9
8
12
18
0
4
7
8
3
6
26
21
10
7
20
9
5
6
550
0
6
1
0
0
9
1
5
5
4
1
5
10
3
0
2
2
6
3
8
1
15
3
8
0
7
2
0
3
14
5
32
2
6
2
1
6
3
2
1
6
17
2
6
3
10
6
9
7
8
35
6
4
5
4
25
2
7
2
4
13
25
4
2
10
4
0
4
18
88
1
2
2
26
38
9
4
3
6
5
2
2
1
8
6
0
13
27
1
23
5
2
4
3
15
4
5
16
3
7
0
1
10
111
15
1
0
2
12
0
14
0
5
14
11
3
1
2
8
3
1
5
6
21
8
3
17
13
8
15
1
0
7
4
5
82
6
10
6
6
7
2
11
1
5
20
3
4
4
6
7
1
9
3
5
3
5
0
14
13
5
2
27
9
2
3
2
3
1
10
14
2
35
4
2
5
8
9
0
81
0
4
2
6
4
13
0
4
2
2
11
2
19
2
20
60
6
6
5
6
13
4
3
15
11
2
2
5
13
3
3
5
8
12
2
3
26
3
1
94
6
14
2
6
1
4
2
11
3
8
70
1
183
3
16
1
4
3
9
0
0
4
2
9
2
7
25
6
1
2
9
21
6
0
2
1
14
7
5
4
8
5
79
2
8
55
2
16
7
5
3
10
6
17
3987
8
5
10
5
1
9
3
0
0
3
2
1
1
20
5
0
9
3
12
13
20
6
3
9
3
21
3
1
9
2
1
16
3
0
0
4
1
5
3
6
2
21
9
5
7
11
18
5
10
3
5
4
4
3
150
0
6
24
7
2
14
5
2
4
1
0
15
8
6
27
22
10
1
7
12
6
0
2
2
0
0
1
4
6
15
3
5
4
3
2
13
23
10
4
9
4
59
1
8
12
5
3
4
2
12
11
14
7
5
31
3
5
3
1
4
6
65
0
6
1
8
4
6
1
18
0
3
6
3
0
3
8
1
2
2
22
14
55
16
5
590
34
6
4
2
4
14
59
1
5
11
6
33
3
409
4
1
6
2
2
0
2
259
11
7
11
6
4
3
5
9
3
6
28
19
7
6
58
5
6
2
1
9
1
6
2
1
9
3
42
4
4
2
1
1
4
2
5
11
5
22
8
1
11
1
2
1
16
120
0
2
17
2
4
29
11
1
1
12
22
7
4
6
9
1
4
3
6
1
6
4
3
48
3
5
24
8
4
1
15
9
2
0
7
6
0
6
0
9
72
1
4
4
16
17
10
7
27
2
5
48
10
3
5
0
2
11
10
7
2
13
1
3
63
10
3
1
125
4
4
8
3
5
3
8
14
0
20
4
4
0
7
7
4
1
14
13
15
3
6
4
7
1
10
8
4
3
51
2
7
12
3
3
1
15
2
3
9
0
6
4
13
1
2
15
12
9
1
1
3
1
11
2
12
12
2
5
6
38
1
12
0
9
9
67
8
304
5
3
5
0
4
1
26
4
9
4
12
10
4
1
6
2
1
6
4
9
1
4
10
27
4
1
4
17
0
2
33
4
1
1
7
11
7
3
2
8
8
6
9
4
54
0
5
5
5
8
10
6
7
7
3
22
6
0
369
8
5
42
1
2
20
3
17
9
18
3
3
10
8
28
3
9
7
28
2
11
12
8
1
10
0
3
1
16
5
875
10
6
3
3
10
5
2
1
6
31
9
12
0
2
6
13
3
36
5
9
1
8
4
1
17
18
9
7
1
8
11
4
4
1
17
22
16
37
9
4
0
8
19
3
5
7
6
3
11
2
3
5
3
5
2
1
74
1
16
3
2
12
1
14
5
2
2
2
13
25
4
2
2
3
21
4
2
3
0
5
120
24
10
2
12
3
52
3
34
4
4
1
10
0
5
0
217
0
2
2
22
3
7
9
8
1
24
3
3
12
7
14
6
14
6
6
32
53
5
3
10
1
2
9
1
8
5
0
0
11
0
1
5
78
2
8
12
2
24
1
6
2
16
7
3
5
7
33
11
16
8
10
34
7
1
1
8
7
5
1
7
7
0
1
82
3
4
10
21
9
0
3
66
9
2
5
16
8
8
6
36
4
23
10
5
4
2
4
0
13
7
4
3
7
12
1
6
3
14
6
5
5
2
3
24
127
10
4
9
5
7
20
10
6
5
1
16
11
8
1
7
4
11
1
12
10
2
2
5
6
9
7
5
5
11
0
8
5
7
5
22
5
3
20
46
5
1
13
5
19
3
21
1
5
3
2
6
0
9
17
10
4
31
2
11
0
4
4
4
1
14
3
6
74
3
3
5
7
1
14
1
10
4
397
26
2
5
0
26
2
9
7
2
3
5
93
37
7
1
7
2
1
1
36
3
5
2
4
2
3
7
7
3
2
4
4
7
15
0
5
6
18
7
15
1
21
4
12
3
3
23
2
3
2
1
1
5
3
3
8
7
6
1
12
24
0
4
5
12
9
2
1
9
5
2
8
8
3
0
12
3
2
15
4
5
3
20
3
3
9
0
10
7
11
4
3
9
0
2
8
2
2
4
7
12
190
28
1
3
5
54
7
4
4
3
10
1
5
4
145
1
10
2
48
4
11
4
6
4
48
4
43
5
7
4
5
5
4
22
7
53
2
24
26
3
7
0
2
11
7
6
2
10
14
7
5
20
3
9
0
2
1
4
3
1
6
7
8
17
3
12
20
5
3
2
10
1
15
3
1
9
7
3
7
15
23
2
3
6
1
4
2
3
5
4
15
12
1
56
5
5
9
3
4
5
22
65
6
0
1
6
3
7
1
172
11
11
9
4
2
4
0
6
6
4
0
6
10
3
8
2
14
6
1
8
8
8
3
9
25
4
2
7
6
10
2
33
0
24
14
6
1
3
15
77
43
3
9
5
16
1
4
1
1
4
4
11
3
9
24
11
67
32
6
3
2
0
6
1
8
1
0
10
7
2
5
3
2
5
2
4
8
6
6
7
1
16
7
2
15
18
3
5
6
6
0
0
1
4
2
13
15
2
2
22
8
10
16
3
1
13
15
157
10
3
3
18
2
5
7
15
1
2
1
5
4
3
6
7
13
1
1
4
0
1
8
5
3
2
2
12
22
8
5
9
10
4
2
3
7
18
16
4
8
1
15
50
2
4
5
31
0
2
10
1
11
6
8
34
9
0
0
3
7
15
4
32
0
4
16
4
6
2
1
31
7
4
1
10
1
7
8
9
8
2
12
5
3
5
3
2
6
13
53
12
3
5
23
26
1
5
107
4
45
70
1
2
0
2
14
1
4
15
0
4
2
5
15
7
4
6
1
2
2
6
23
2
3
4
0
0
1
10
5
11
4
0
22
9
8
7
5
5
0
15
7
2
12
3
31
8
7
39
1
2
12
4
44
112
1
5
4
6
6
6
26
25
1
2
4
21
6
8
6
4
12
3
5
5
1
28
11
0
53
4
2
37
1
5
8
1
19
7
2
3
5
0
2
27
5
4
45
3
11
12
4
1
17
4
24
10
53
1
7
4
14
15
7
65
18
2
2
1
0
1
3
7
3
13
18
6
4
15
2
0
2
5
3
1
10
6
17
8
3
3
5
7
3
6
4
9
50
8
14
4
3
5
5
5
4
8
2
23
6
21
18
25
2
7
5
2
7
7
1
12
1
3
17
12
14
12
9
0
8
2
5
5
0
8
8
5
6
12
2
3
3
1
14
3
2
14
5
5
67
3
8
12
14
1
42
2
7
0
11
3
5
218
9
4
8
6
2
45
23
4
12
24
10
23
1
3
2
11
3
15
19
1
2
11
7
2
9
1
10
7
4
5
6
9
10
25
3
8
10
11
57
3
1
2
3
1
3
6
1
2
16
15
22
7
10
1
3
48
0
1
3
16
5
1
2
13
3
20
13
3
3
1
2
2
14
13
3
13
57
9
13
38
10
0
45
7
3
4
11
82
1
8
5
4
8
195
0
1
0
7
6
1
1
3
16
10
5
12
3
13
2
5
6
1
24
3
2
7
4
18
8
6
1
3
22
1
23
10
9
5
13
1
43
22
0
8
22
6
3
2
41
3
12
5
2
2
1
6
57
3
7
1
8
13
10
7
4
9
1
6
2
0
2
10
5
26
10
18
0
3
5
18
10
1
43
5
6
920
21
2
2
1
5
2
4
2
5
3
0
45
1
12
3
0
16
52
5
3
9
58
15
10
6
19
2
2
14
13
1
9
0
12
3
2
1
56
9
4
23
77
1
4
7
3
1
7
10
3
2
49
1
3
20
80
15
29
52
1
2
7
6
3
3
0
3
3
15
4
4
2
7
5
3
1
2
7
16
7
23
4
0
7
9
11
1
10
2
3
6
2
8
12
2
1
3
8
7
5
80
16
5
2
13
3
9
3
8
536
2
2
5
4
5
8
8
6
9
2
2
8
1
5
7
3
9
1
14
1
2
3
0
3
13
1
4
4
1
4
4
8
9
1
5
4
54
6
0
12
3
12
6
3
9
5
0
5
14
138
3
3
1
2
19
7
13
7
382
0
3
14
1
2
4
8
1
51
7
4
10
18
4
2
6
2
1
3
1
3
3
1
0
2
11
1
1
0
32
7
6
4
5
37
7
5
2
3
4
7
0
2
29
4
17
6
2
2
0
1
9
1
0
22
39
19
47
10
4
32
4
10
3
22
6
11
11
14
18
8
5
16
3
1
7
5
2
5
2
2
8
36
17
5
3
5
6
3
8
2
11
67
4
3
1
197
6
4
2
4
7
0
30
12
9
28
0
6
8
5
7
9
4
3
0
30
2
6
22
5
5
339
1
10
3
2
4
5
44
5
0
1
2
14
2
0
2
10
0
4
1
3
5
0
3
17
7
4
3
3
78
2
3
3
2
0
1
3
14
6
8
1
3
15
24
10
4
7
5
0
9
155
3
12
8
0
8
1
2
12
6
7
9
2
17
1
7
3
2
3
0
13
8
4
3
2
7
1
12
5
4
9
3
4
287
38
3
2
16
3
8
3
3
6
1
5
7
39
4
7
4
26
9
0
3
1
9
0
0
49
11
18
0
9
0
7
6
3
9
5
5
6
9
21
0
1
5
20
11
40
1
1
7
8
3
6
12
13
1
2
3
7
3
5
4
0
1
5
0
2
3
0
1
5
9
7
15
5
3
5
3
78
1
4
3
0
2
15
3
10
1
7
12
12
15
9
3
2
1
5
0
2
4
30
60
6
4
9
45
6
6
13
4
2
2
15
2
3
9
37
5
42
0
0
0
0
3
7
65
2
4
8
3
13
3
2
12
8
3
1
4
21
3
3
2
4
3
2
4
32
12
3
46
7
8
15
5
2
5
3
0
19
1
16
6
41
7
6
5
4
32
7
5
0
42
11
10
2
10
11
2
39
2
6
13
4
6
12
3
57
12
4
2
0
2
3
1
1
4
12
8
13
0
8
21
6
7
1
12
10
0
4
3
12
7
4
5
7
12
18
3
4
35
5
0
2
4
50
0
1
6
6
1
1
18
7
15
5
7
2
15
3
3
19
9
10
17
32
6
7
5
2
9
20
9
12
13
8
2
2
2
3
0
10
3
5
7
3
3
12
2
6
10
18
12
0
7
8
1
10
2
3
6
6
6
7
2
3
6
2
1
2
11
6
8
0
1
5
0
3
4
6
3
2
3
11
43
8
18
4
2
4
8
6
20
3
5
5
7
16
5
5
4
5
1
14
10
22
4
1
2
2
2
9
29
4
9
2
6
32
2
4
1
7
0
158
3
4
0
1
3
3
1
0
1
20
3
37
8
11
1
24
27
0
5
10
12
4
5
0
3
3
17
3
6
6
6
2
21
163
1
6
5
2
18
1
8
1
4
10
2
9
6
6
2
3
4
2
107
9
4
2
2
4
1
6
10
3
1
4
7
19
7
12
3
8
7
1
2
20
2
21
1
5
5
12
1
3
1
7
1
3
10
8
18
3
1
1
3
5
4
0
3
4
4
5
3
22
3
