1
2
4
0
7
0
1
0
4
1
0
1
0
0
16
1
0
0
0
5
5
9
1
0
1
6
1
7
4
2
2
5
28
328
0
14
1
2
5
12
4
4
7
5
115
3
27
0
29
1
3
0
1
3
4
1
26
0
2
4
0
2
1
20
26
0
3
5
3
3
11
2
0
20
6
2
3
0
2
0
0
5
1
3
0
0
2
1
2
9
3
22
12
13
1
0
7
1
0
38
6
6
0
0
3
1
9
1
2
0
3
38
14
6
35
10
7
13
19
4
2
1
1
8
1
7
0
0
1
3
24
14
13
21
2
0
0
1
1
4
6
4
7
1
1
20
1
0
2
9
0
0
9
1
75
2
0
45
5
1
5
1
2
0
1
1
12
4
6
0
14
5
0
2
0
1
2
0
11
2
1
3
0
3
19
0
6
1
8
4
1
5
7
1
1
1
9
1
1
1152
1
1
10
1
0
8
3
0
7
2
12
3
0
5
8
6
1
0
3
0
0
14
5
34
3
1
34
2
1
12
1
4
9
4
4
6
1
6
1
5
2
14
0
1
8
9
1
1
2
0
0
0
22
1
2
12
0
11
62
1
1
2
3
5
2
1
0
2
1
4
38
1
0
1
3
3
0
1
0
2
5
2
7
1
1
4
3
1
24
6
74
1
0
0
1
3
1
1
2
5
5
4
0
0
1
2
8
1
1
3
0
21
0
1
2
6
1
0
2
0
0
9
2
3
1
0
21
31
1
16
0
2
4
14
0
1
4
3
3
10
1
8
5
15
0
0
0
1
4
0
3
35
1
2
43
0
8
0
18
3
0
83
1
0
24
18
2
0
5
1
2
13
0
1
2
0
7
3
0
1
0
2
0
7
1
0
1
5
0
34
3
0
0
2
0
0
2
0
3
8
0
25
6
5
11
0
2
0
1
0
6
2
1
0
5
1
2
57
2
2
0
1
0
9
1
13
1
1
127
2
0
1
2
8
4
34
12
3
1
26
3
2
1
17
0
1
3
63
11
8
0
9
0
12
3
0
7
0
104
0
0
4
2
0
53
12
2
0
0
8
23
2
62
1
0
0
9
0
1
0
306
1
221
0
11
0
0
2
2
1
4
2
1
9
2
2
3
1
9
1
1
2
4
0
7
0
1
0
4
1
0
1
0
0
16
1
0
0
0
5
5
9
1
0
1
6
1
7
4
2
2
5
28
328
0
14
1
2
5
12
4
4
7
5
115
3
27
0
29
1
3
0
1
3
4
1
26
0
2
4
0
2
1
20
26
0
3
5
3
3
11
2
0
20
6
2
3
0
2
0
0
5
1
3
0
0
2
1
2
9
3
22
12
13
1
0
7
1
0
38
6
6
0
0
3
1
9
1
2
0
3
38
14
6
35
10
7
13
19
4
2
1
1
8
1
7
0
0
1
3
24
14
13
21
2
0
0
1
1
4
6
4
7
1
1
20
1
0
2
9
0
0
9
1
75
2
0
45
5
1
5
1
2
0
1
1
12
4
6
0
14
5
0
2
0
1
2
0
11
2
1
3
0
3
19
0
6
1
8
4
1
5
7
1
1
1
9
1
1
1152
1
1
10
1
0
8
3
0
7
2
12
3
0
5
8
6
1
0
3
0
0
14
5
34
3
1
34
2
1
12
1
4
9
4
4
6
1
6
1
5
2
14
0
1
8
9
1
1
2
0
0
0
22
1
2
12
0
11
62
1
1
2
3
5
2
1
0
2
1
4
38
1
0
1
3
3
0
1
0
2
5
2
7
1
1
4
3
1
24
6
74
1
0
0
1
3
1
1
2
5
5
4
0
0
1
2
8
1
1
3
0
21
0
1
2
6
1
0
2
0
0
9
2
3
1
0
21
31
1
16
0
2
4
14
0
1
4
3
3
10
1
8
5
15
0
0
0
1
4
0
3
35
1
2
43
0
8
0
18
3
0
83
1
0
24
18
2
0
5
1
2
13
0
1
2
0
7
3
0
1
0
2
0
7
1
0
1
5
0
34
3
0
0
2
0
0
2
0
3
8
0
25
6
5
11
0
2
0
1
0
6
2
1
0
5
1
2
57
2
2
0
1
0
9
1
13
1
1
127
2
0
1
2
8
4
34
12
3
1
26
3
2
1
17
0
1
3
63
11
8
0
9
0
12
3
0
7
0
104
0
0
4
2
0
53
12
2
0
0
8
23
2
62
1
0
0
9
0
1
0
306
1
221
0
11
0
0
2
2
1
4
2
1
9
2
2
3
1
9
1
0
0
0
0
34
1
3
2
20
0
4
0
17
3
0
3
2
2
1
0
17
1
0
40
2
15
46
58
7
3
2
4
0
9
2
6
1
0
1
0
1
2
4
3
5
6
20
1
7
2
1
2
0
2
1
2
6
3
0
0
0
2
1
4
2
0
15
1
12
16
7
11
1
0
2
10
1
5
1
6
0
0
3
3
3
2
25
3
11
9
0
13
3
6
0
2
3
1
0
12
0
3
2
2
0
4
11
8
57
0
1
0
1
1
0
1
7
0
1
1
163
3
5
9
1
0
1
24
3
3
1
8
0
0
1
0
0
49
16
9
0
2
4
0
5
0
2
0
3
0
7
3
6
2
8
0
2
5
9
0
3
4
2
9
0
3
1
14
2
3
1
0
67
10
2
2
5
3
12
14
1
6
16
1
1
2
8
3
2
114
2
0
7
1
0
1
3
23
0
1
2
2
2
18
0
0
0
1
7
16
3
3
13
2
3
1
2
2
0
9
2
0
6
6
1
0
0
6
0
0
4
1
13
18
4
0
0
23
30
0
11
0
6
1
10
5
12
3
11
0
2
1
1
2
1
59
2
0
0
7
19
2
1
1
10
1
0
4
0
0
5
4
1
3
3
2
0
9
1
11
3
9
37
1
110
4
0
3
10
11
2
0
0
0
1
4
7
1
5
10
9
1
11
2
1
30
23
0
2
0
0
5
29
6
7
0
18
1
106
99
5
3
3
0
5
0
0
0
1
1
2
1
1
12
1
2
14
1
2
3
0
1
1
11
16
15
0
233
53
1
16
3
0
1
22
2
4
3
11
1
0
0
3
0
0
2
2
1
0
6
43
3
5
4
2
0
2
3
1
4
1
1
0
4
0
1
1
4
0
2
69
1
4
21
3
0
3
3
4
3
6
1
2
37
0
3
0
7
2
1
4
2
0
9
0
0
0
6
1
0
11
2
0
0
0
12
20
1
0
5
0
3
182
1
1
0
7
1
2
5
2
16
21
27
10
17
13
7
1
2
9
1
1
4
0
1
0
0
4
2
1
2
3
1
0
1
14
0
1
0
4
35
1
4
2
6
25
3
0
18
3
0
26
91
0
2
0
4
2
2
1
26
5
0
13
9
0
11
7
2
13
1
0
19
0
1
4
16
1
4
4
3
1
1
4
0
3
0
2
2
1
12
0
2
0
0
1
3
0
5
0
2
0
48
7
4
2
9
2
3
4
2
2
1
3
0
26
3
2
14
4
21
2
1
6
3
15
6
2
7
8
2
0
1
0
25
1
16
6
10
6
73
0
6647
3
1
1
0
1
1
37
0
0
2
4
3
2
3
6
3
2
5
3
6
1
2
14
0
0
1
10
3
1
2
4
0
2
1
2
11
4
2
7
0
2
137
676
2
1
0
8
21
15
1
1
1
6
2
6
2
3
22
4
1
1
0
4
5
76
7
3
6
3
0
0
0
0
1
8
2
2
18
1
2
0
0
7
1
0
2
2
5
57
7
1
1
5
0
2
0
3
1
0
1
6
1
8
3
3
1
9
2
0
5
19
7
0
2
7
9
1
0
0
5
2
1
0
2
121
1
5
48
10
3
1
16
0
0
0
1
8
3
40
48
0
0
0
1
17
2
5
17
4
2
2
1
1
5
0
6
40
13
1
8
1
0
1
1
1
5
1
2
0
2
5
0
0
0
8
0
4
1
1
75
1
1
0
1
5
0
4
0
3
9
37
0
1
23
13
2
0
1
657
2
9
1
0
1
0
0
1
2
3
2
32
0
5
0
1
48
1
1
80
3
0
2
26
15
3
2
1
2
0
0
1
1
0
7
0
2
0
3
3
1
5
0
13
5
0
0
4
6
2
19
0
1
3
3
2
5
0
0
0
2
5
25
3
0
7
3
22
3
2
1
1
12
1
3
0
8
2
0
1
0
0
9
10
4
5
3
0
0
0
2
4
4
2
14
2
5
1
9
6
1
0
0
7
0
2
8
0
4
3
3
1
0
6
0
2
0
1
4
1
0
7
7
5
4
0
21
17
18
2
4
0
0
0
0
0
2
0
5
8
642
11
14
2
6
0
3
3
2
0
0
3
3
0
2
41
3
2
0
2
0
1
191
1
0
0
13
6
1
1
3
12
0
5
1
1
0
18
11
26
1
0
7
2
2
3
1
0
1
0
4
9
0
0
0
10
1
2
9
1
1
1
2
3
0
4
0
0
0
0
0
8
2
1
3
5
2
2
1
37
3
2
0
0
4
0
2
0
1
1
0
73
4
2
16
13
2
0
3
6
8
69
44
1
2
4
2
1
28
0
21
11
0
0
30
1
5
17
2
1
1
1
0
2
1
60
11
0
0
5
0
7
5
1
2
15
3
5
0
3
1
9
17
0
2
1
2
5
6
0
0
3
5
2
4
5
0
1
1
3
1
3
0
0
0
0
2
0
1
0
8
0
8
12
2
10
12
8
0
3
18
9
4
1
1
0
1
0
2
10
2
2
0
0
0
0
3
7
2
0
0
0
55
2
0
2
4
22
0
4
19
2
4
0
1
36
0
4
7
2
10
4
0
1
0
0
3
96
2
672
3
4
1
0
3
5
8
5
1
3
4
1
0
4
6
2
0
0
0
0
5
13
21
2
18
2
3
1
1
2
3
3
16
3
17
0
9
1
6
35
6
3
1
9
42
0
0
1
3
1
0
1
1
3
0
5
0
9
1
0
0
2
1
0
0
3
1
11
1
2
3
0
1
0
1
0
16
0
5
4
7
1
1
3
0
14
0
5
16
1
2
8
0
4
13
1
1
7
1
6
0
1
0
2
6
0
0
4
9
46
1
0
20
2
0
6
1
4
3
2
4
5
1
2
1
1
24
49
1
0
4
1
1
2
15
4
18
0
0
15
1
2
3
1
1
6
2
1
2
0
7
2
0
9
2
0
0
0
3
1
151
18
1
1
301
0
4
1
2
2
2
16
0
65
9
5
23
0
0
0
0
1
1
2
0
38
2
1
1
1
14
2
1
2
0
4
26
1
5
0
1
1
1
0
8
2
5
5
0
67
0
2
1
1
6
2
1
3
5
2
3
0
41
8
0
2
8
3
13
0
0
0
0
0
2
65
1
25
0
2
62
0
1
10
1
0
2
1
1
0
0
0
0
0
4
14
0
4
1
70
0
0
0
3
2
15
0
8
27
1
5
27
4
1
9
4
24
2
18
84
24
12
0
1
0
5
0
26
12
1
3
0
3
1
1
2
1
5
4
6
4
0
1
20
10
2
0
5
1
1
0
2
1
2
0
2
6
1
0
0
2
3
6
3
0
1
0
3
0
1
1
1
1
5
3
4
5
19
2
1
2
0
2
0
5
9
0
1
0
0
141
2
1
0
17
5
0
37
1
0
5
3
6
0
3
1
5
7
1
6
3
2
1
5
1
0
1
0
0
0
1
7
3
0
1
5
4
2
2
7
6
0
13
1
0
0
4
8
2
2
4
0
0
1
1
0
1
6
0
0
1
25
1
0
0
0
134
7
25
1
11
2
3
2
0
1
1
2
1
0
4
7
4
6
0
16
3
1
1
6
1
11
0
0
0
4
2
0
32
3
1
5
2
2
1
43
14
2
0
2
0
2
1
3
7
62
12
0
5
0
0
2
0
3
2
0
2
3
0
4
1
1
2
35
4
0
1
5
13
3
12
0
1
1
10
0
2
3
7
4
0
8
0
7
0
0
0
1
0
17
1
20
0
4
39
0
10
0
3
2
21
6
3
1
5
2
4
1
4
1
0
36
0
1
2
2
0
2
4
4
6
1
1
0
5
3
7
2
0
1
7
0
2
36
1
0
6
0
2
3
2
0
1
1
108
1
0
15
5
1
10
3
0
0
3
88
0
95
4
1
0
6
6
3
3
7
3
1
15
6
3
1
0
126
3
5
0
2
36
1
2
2
7
0
2
2
0
0
0
0
4
2
1
1
1299
0
2
1
4
39
0
8
0
0
0
0
1
2
0
5
1
4
0
1
19
6
1
2
0
0
0
1
1343
22
119
2
16
2
62
0
0
1
2
8
1
0
0
1
5
21
3
15
7
3
1
10
0
0
1
3
1
2
2
1
1
1
1
5
1
10
2
12
0
5
38
0
5
1
4
1
3
93
2
0
1
0
0
1
1
0
2
22
1
2
1
0
0
12
61
13
1
0
0
0
7
2
1
6
0
8
3
13
3
7
0
0
3
0
1
0
0
4
0
6
0
0
0
3
2
2
3
1
21
13
0
3
3
22
0
5
0
4
8
2
0
18
8
6
1
11
2
1
4
13
0
1
6
0
241
1
1
2
1
1
1
0
186
5
3
2
0
2
3
1
1
0
4
0
0
0
15
0
1
3
8
1
1
0
2
0
0
0
2
6
2
61
18
2
3
10
12
20
1
19
0
19
5
12
1
4
1
71
1
0
0
1
0
1
3
6
2
2
5
8
0
250
10
13
0
0
5
3
27
6
1
3
1
3
15
138
0
5
0
0
0
5
3
8
7
11
0
4
50
1
47
0
0
6
0
11
8
1
0
2
3
3
9
2
1
2
2
2
0
7
6
5
2
87
2
14
19
25
4
4
73
9
2
9
823
9
14
3
0
0
0
13
0
0
0
0
4
0
3
26
0
7
9
0
0
0
0
6
0
0
0
2
2
43
8
9
0
0
17
7
2
30
1
29
37
8
3
5
20
1
0
17
6
4
1
1
1
4
0
30
0
1
1
3
5
58
2
48
3
26
0
0
6
2
0
4
4
35
48
0
3
0
0
2
1
3
6
1
13
23
0
1
6
25
0
1
0
10
32
7
0
0
0
1
0
5
1274
0
299
1
3
13
2
2
4
20
11
8
8
3
10
4
0
115
14
2
0
2
1
8
0
1
1
0
0
6
6
4
3
1
0
1
1
0
4
0
2
3
2
4
11
11
28
0
2
0
0
2
3
2
4
1
1
1
7
0
1
9
6
5
2
15
0
4
11
3
0
80
63
5
5
1
0
7
0
3
7
1
2
1
0
5
10
7
1
15
1
2
4
0
0
30
0
0
0
0
4
0
1
1
1
0
1
0
0
4
2
4
0
2
5
4
15
1
4
4
0
9
9
2
10
0
0
1
5
1
5
1
0
3
5
16
3
6
16
10
2
2
1
3
1
3
11
0
4
1
7
8
0
2
0
5
0
5
10
1
15
4
0
0
1
5
3
2
1
0
2
0
7
2
1
17
6
2
21
0
3
11
0
4
0
0
2
11
6
4
4
1
0
1
8
9
2
18
2
5
27
0
61
7
18
18
1
0
23
21
1
6
29
0
3
16
0
2
3
4
0
2
0
6
19
0
2
12
0
4
9
2
20
1
1
4
0
1
1
0
0
4
0
3
12
1
1
0
1
6
14
0
8
3
1
0
0
3
55
1
0
3
3
4
2
1
0
1
19
16
1
5
1
1
1
2
10
3
0
6
2
0
7
0
1
0
1
0
0
4
3
2
4
2
5
0
3
2
0
10
0
32
1
5
11
1
1
6
0
0
2
1
0
2
36
0
12
68
2
7
1
0
24
6
2
0
2
4
12
7
1
1
2
1
3
16
17
0
19
5
11
2
0
0
1
140
5
0
0
2
1
30
0
2
0
1
1
0
7
4
3
4
4
2
1
0
17
21
3
1
0
0
0
8
0
3
2
1
3
2
0
266
0
45
0
1
4
26
0
2
0
48
0
4
1
1
0
5
0
1
1
8
5
1
5
705
1
16
15
2
4
1
37
0
8
0
3
3
0
1
1
1
0
7
6
0
12
2
11
1
4
17
1
0
0
15
1
0
1
0
1
0
3
0
0
0
4
0
2
2
0
3
2
0
3
11
2
27
1
0
0
1
1
5
3
0
126
4
2
0
1
0
4
0
2
1
1
1
6
0
9
1
2
2
0
3
6
0
1
5
5
1
6
1
5
0
0
2
0
4
5
3
0
0
17
0
3
3
4
3
0
1
2
2
0
1
34
0
5
34
6
0
2
4
4
9
84
28
2
0
0
0
24
4
4
4
15
9
38
6
2
30
8
8
1
1
11
7
3
2
1
3
2
1
0
0
0
5
1
7
0
4
11
74
3
2
11
6
9
4
2
64
0
2
5
0
0
0
0
0
0
6
2
0
0
2
11
15
6
20
3
2
13
12
4
11
1
21
0
0
2
0
0
7
4
0
2
1
2
1
0
102
0
2
9
4
5
3
5
6
1
0
0
0
2
0
4
9
2
10
1
186
2
22
35
0
1
26
20
4
10
53
122
4
3
20
1
2
3
4
7
1
1
0
0
2
19
1
1
1
14
42
0
0
8
1
1
0
1
27
3
2
151
1
6
0
1
4
22
2
1
19
3
1
1
9
0
1
2
1
13
5
0
55
10
1
1
1
3
0
56
7
0
2
2
0
0
11
4
6
11
6
0
5
13
1
4
0
3
13
2
1
1
0
2
3
0
14
5
5
1
3
2
3
9
11
7
1
1
2
6
11
2
3
0
35
0
6
3
1
1
0
6
1
0
23
4
3
5
1
17
0
0
45
6
3
3
0
1
1
12
17
0
3
0
1
3
4
5
1
0
4
27
1
281
1
3
0
2
1
0
1
3
0
8
1
19
3
5
2
5
6
1
0
21
2
1
1
2
3
1
38
6
0
0
2
3
15
4
9
17
0
2
1
6
1
8
7
8
1
0
0
2
1
64
0
8
5
1
25
4
24
6
0
4
0
2
2
108
1
1
1
0
0
34
1
3
6
5
3
10
4
3
0
1
3
53
4
17
8
1
0
3
1
0
7
0
5
2
41
6
1
1
0
7
0
170
1
0
1
2
2
2
1
0
6
3
0
79
3
48
9
3
6
19
0
6
3
0
1
5
3
26
0
4
1
0
3
1
0
2
7
12
3
1
2
0
6
26
10
2
0
0
6
1
1
1
3
5
0
0
1
14
0
5
12
0
1
11
6
14
2
12
3
1
5
2
0
0
1
45
0
5
1005
0
1
2
3
3
2
1
1
7
7
0
0
2
34
3
2
0
19
2
3
2
0
7
0
7
22
0
3
0
12
0
6
2
0
1
3
0
0
0
1
0
0
4
30
0
16
2
9
3
29
0
0
3
15
1
8
2
2
0
0
0
0
1
5
0
2
7
1
0
2
10
0
1
0
0
1
1
8
0
0
13
8
2
4
1
7
12
2
1
0
138
28
8
13
5
7
7
5
6
1
2
2
1
0
11
2
10
0
6
3
1
50
0
0
6
3
13
2
2
1
0
3
4
1
11
2
1
0
0
0
1
0
39
2
1
3
0
1
3
1
0
13
1
103
0
29
0
2
19
9
32
6
1
2
1
0
4
8
7
0
23
0
1
16
5
1
14
0
2
4
3
49
0
0
0
13
2
23
9
5
6
0
0
1
6
0
3
8
0
2
0
0
3
7
5
2
8
0
1
1
5
2
1
13
39
1
0
2
0
1
3
5
15
0
18
22
0
79
1
2
11
2
5
48
3
2
594
2
6
3
1
3
50
1
1
0
12
0
2
1
1
1
7
1
0
7
2
11
13
1
1
0
0
1
2
1
0
2
21
1
4
0
2
1
2
5
0
1
14
2
12
12
13
0
5
24
2
8
4
1
3
0
1
1
1
4
1
0
2
8
0
0
5
0
4
0
1
4
0
14
7
4
2
0
2
2
3
4
3
4
2
1
0
1
0
120
2
6
153
3
3
2
0
15
2
2
21
53
0
2
1
0
3
33
4
73
9
3
1
18
0
9
15
2
0
0
60
0
3
5
0
2
12
12
0
4
0
5
26
1
10
2
9
0
3
2
11
2
2
1
5
133
21
1
0
2
0
7
1
9
4
3
0
5
4
0
1
3
3
3
0
1
17
28
0
0
7
5
3
3
2
10
0
1
3
1
0
2
2
2
0
2
9
3
1
1
9
0
8
5
1
18
8
1
15
0
14
0
0
4
0
1
0
2
0
3
3
5
0
5
31
7
1
7
7
12
1
4
2
0
6
0
4
0
1
0
1
4
5
31
0
0
0
4
5
4
0
1
6
6
12
10
1
0
5
16
0
0
6
39
24
2
3
113
3
16
4
0
9
0
4
5
1
0
0
6
53
1
3
3
0
14
0
1
0
1
2
3
18
1
6
0
0
0
1
2
24
3
8
0
0
2
2
15
57
11
3
7
2
24
2
21
0
11
3
1
1
72
3
2
3
8
0
8
1
23
1
0
0
2
3
23
1
1
1
1
4
1
1
1
0
1
26
0
0
20
0
0
2
18
0
1
2
0
9
10
5
3
1
1
8
1
4
5
0
8
0
1
4
1
0
2
1
0
0
0
2
2
4
2
0
0
3
1
10
14
0
7
4
2
141
0
1
0
4
4
1
2
0
3
0
1
0
10
1
1
3
1
3
13
6
1
56
6
0
2
18
4
3
11
5
1
1
0
4
7
5
0
2
15
5
5
5
10
2
4
1
0
0
9
9
3
0
7
5
1
2
0
1
23
14
5
1
6
6
7
14
8
5
19
2
1
1
2
1
6
316
0
1
14
1
0
164
53
1
7
1
19
27
1
57
9
0
0
2
8
6
5
7
0
6
1
4
1
0
0
0
1
3
2
5
5
7
2
10
0
0
1
3
1
10
9
0
2
0
2
17
0
0
2
3
2
5
0
2
0
11
4
2
1
2
1
6
15
4
282
1
0
0
1
0
51
0
2
2
2
0
10
0
0
0
1
1
175
3
3
66
0
2
4
1
1
7
1
10
4
11
2
1
34
0
8
6
57
1
21
0
0
3
4
1
4
1
2
5
1
5
2
4
4
0
3
0
2
1
0
0
0
4
18
7
17
6
7
0
68
2
9
0
9
1
4
2
4
1
4
5
0
7
2
0
2
1
0
2
9
31
3
6
2
1
0
0
0
2
2
0
1
2
7
0
1
1
0
22
9
0
7
3
1
6
4
68
0
3
7
10
9
2
11
2
7
10
1
76
11
7
0
1
1
6
4
9
1
1
1
853
2
0
8
8
1
0
2
2
2
0
2
1
1
3
2
1
0
21
3
1
6
0
1
4
114
0
1
11
2
1
3
16
4
2
2
7
4
5
1
1
1
1
13
0
0
61
1
1
2
2
3
15
88
3
1
1
9
1
3
2
0
1
11
2
42
0
14
1
2
0
44
5
0
1
2
1
1
0
5
1
7
4
1
1
1
6
2
1
0
1
1
0
14
7
13
2
0
2
16
13
3
2
309
0
1
2
4
2
1
9
1
0
0
2
1
0
4
0
2
3
0
12
1
5
20
0
0
3
1
1
3
5
49
22
5
20
1
1
7
1
10
1
0
15
5
23
0
4
4
0
1
6
0
0
24
0
1
4
110
6
4
0
0
8
1
0
16
27
1
2
5
17
1
7
0
6
0
5
2
0
5
2
1
16
0
1
6
16
1
5
10
0
1
2
3
0
1
7
2
0
1
7
12
7
4
0
0
38
5
0
4
1
1
19
2
0
1
2
2
0
42
3
1
3
4
38
0
52
3
6
1
1
1
5
18
3
1
0
0
0
0
3
3
6
2
1
1
0
31
2
0
9
7
1
2
1
9
1
6
0
11
4
2
10
1
19
18
1
11
1
2
0
4
3
7
2
4
5
2
1
1
0
3
0
1
0
1
0
1
2
1
6
0
1
14
5
2
1
12
2
4
10
7
1
76
2
1021
0
1
0
1
15
4
2
1
1
42
0
0
17
14
1
4
1
1
2
9
0
5
20
0
110
0
1
0
4
6
0
112
6
5
2
1
0
1
5
2
6
0
1
7
2
2
15
0
0
7
5
1
3
2
5
1
2
7
1
16
1
7
11
2
1
5
4
0
5
2
1
4
0
0
1
2
5
6
38
2
11
5
4
1
0
9
4
5
2
79
2
9
91
5
0
6
2
57
3
0
0
9
6
0
1
0
0
1
3
2
3
6
1
0
0
10
6
39
0
5
1
4
2
11
0
0
5
0
4
6
0
2
0
1
6
2
3
2
133
0
1
2
2
2
0
25
13
45
50
1
23
0
0
8
33
5
0
15
0
0
0
2
35
0
0
0
0
2
1
2
17
0
2
5
2
0
8
5
9
0
0
1
2
2
0
0
4
5
3
25
1
9
0
12
2
4
5
13
7
1
0
1
0
4
4
40
2
0
0
5
1
6
0
0
0
3
7
1
2
1
0
0
1
1
2
4
57
5
0
1
47
0
2
8
16
8
3
8
3
1
3
3
2
3
4
1
0
0
4
3
6
3
2
4
12
4
2
3
4
3
0
0
1
26
1
2
4
2
3
728
0
1
2
0
3
8
3
2
0
3
5
0
0
44
1
0
0
0
6
9
0
3
1
0
4
2
45
4
1
3
0
0
1
0
0
0
6
1
0
6
2
1
3
3
7
9
6
1
0
0
10
3
3
3
1
3
3
10
176
0
0
2369
12
6
3
7
0
13
2
2
0
0
1
34
6
3
4
0
1
0
7
2
0
3
0
6
6
2
0
36
0
0
224
0
1
5
0
79
3
0
2
1
2
5
3
105
1
19
4
185
3
9
4
6
1
2
2
69
1
0
0
1
0
24
3
7
3
8
8
0
0
4
0
1
16
1
0
1
3
2
2
5
0
1
2
3
0
758
5
30
0
2
13
2
8
7
1
2
5
3
0
2
1
2
0
7
11
7
1
1
6
0
10
1
0
13
0
4
0
1
5
0
2
62
43
8
3
1
1
2
2
0
0
6
0
2
1
12
2
19
5
1
1
0
0
0
1
3
1
1
0
0
0
4
44
6
2
3
4
0
6
7
203
0
0
0
7
0
14
3
0
7
1
0
7
0
0
1
5
1
4
27
3
20
2
1
12
9
81
0
1
7
0
2
0
2
4
14
5
1
4
0
2
0
375
3
11
238
1
6
35
0
2
1
1
2
7
5
3
0
0
23
6
4
1
1
33
2
1
1
2
0
4
19
5
4
11
2
3
1
0
5
6
13
8
4
44
8
3
0
1
3
3
2
2
7
1
2
0
26
8
16
8
0
10
5
1
4
1
3
9
5
4
4
9
2
17
20
2
3
0
17
0
0
4
7
1
0
2
122
0
6
0
0
0
0
0
0
0
9
14
2
35
2
1
8
5
0
10
11
1
1
0
0
0
1
5
1
9
0
2
3
2
4
0
1
0
4
4
4
0
13
51
5
4
3
10
1
2
1
2
6
0
4
2
0
1
3
26
0
7
1
1
1
5
1
5
1
6
1
2
64
3
3
1
0
213
5
3
1
1
1
0
0
7
0
0
1066
1
7
11
1
1
3
51
773
1
2
2
5
1
27
0
4
432
2
2
8
0
277
0
0
2
1
0
1
6
2
0
6
0
0
0
0
1
13
2
1
2
0
1
0
2
8
14
0
1
10
3
0
34
0
4
2
0
1
1
1
1
1
2
16
5
3
1
4
14
5
0
2
0
3
1
5
10
0
3
8
44
0
1
86
1
9
1
1
6
1
0
4
2
0
1
1
0
2
114
2
8
0
15
18
3
3
15
5
3
8
17
39
4
21
1
1
4
3
22
2
0
1
63
3
2
7
22
2
1
1
4
16
12
0
5
1
0
8
7
1
0
5
0
1
7
1
5
7
7
33
0
3
5
0
6
2
22
1
4
0
12
160
0
0
10
1
3
14
3
1
4
2
13
5
3
0
0
6
1
5
5
1
0
2
0
1
2
4
0
29
14
0
18
17
2
0
0
2
0
0
0
6
2
1
3
5
0
1
2
10
1
3
10
7
1
0
5
2
1
2
1
4
5
18
0
1
6
2
4
0
0
1
0
7
0
1
17
1
4
1
0
3
7
0
15
1
0
4
0
7
2
10
2
16
0
11
6
0
1
8
6
3
0
3
3
11
0
0
2
0
2
3
0
2
1
1
2
1
0
1
27
1
2
1
4
2
13
0
1
0
2
47
0
0
0
0
19
2
1
1
0
155
18
0
3
0
26
0
5
2
0
1
0
7
1
40
2
34
0
2
2
0
1
7
0
4
1
0
3
1
2
0
3
13
0
4
6
0
4
4
5
1
0
0
1
1
7
2
57
3
2
1
0
6
1
1
8
2
3
4
8
5
0
4
1
2
0
19
1
10
2
0
61
5
1
3
2
3
125
3
0
0
1
0
4
0
1
0
1
1
0
3
12
7
0
4
9
2
0
0
0
11
0
1
5
14
0
2
0
11
16
22
1
1
0
3
2
2
0
0
2
1
3
0
0
0
10
1
0
3
0
2
2
494
0
17
10
1
0
1
21
0
7
0
0
0
5
0
59
0
0
1
2
11
1
2390
0
0
0
55
6
1
207
19
9
3
2
6
0
8
0
0
16
545
1
4
9
6
9
5
0
0
11
1
3
2
1
1
2
1
0
0
1
4
2
0
0
0
61
0
2
1
4
0
2
1
0
0
1
0
0
3
3
2
1
2
2
5
3
6
121
1
1
1
3
4
0
2
1
5
14
1
0
2
3
1
8
1
1
0
1
4
5
2
87
5
0
369
0
1
1
0
2
24
4
5
5
1
0
5
2
2
2
0
0
12
8
0
3
0
0
0
1
0
0
3
7
2
0
1
1
2
1
16
5
1
2
10
4
15
3
2
0
5
0
0
0
3
1
3
0
0
0
0
3
8
1
14
9
1
2
0
3
1
8
4
1
1
13
2
0
18
1
4
1
0
74
8
0
29
2
1
57
0
15
2
12
1
6
2
0
3
1
11
0
1
2
0
5
1
0
0
88
1
0
7
14
0
2
2
0
7
2
1
0
0
4
0
16
2
5
1
77
0
4
2
4
6
1
8
1
5
12
1
22
6
3
20
1
0
0
17
3
2
0
8
3
1
4
0
1
0
2
3
1
2
2
0
1
1
4
0
14
1
4
270
4
2
9
3
10
1
4
0
3
0
7
1
0
1
1
5
27
0
2
0
12
1
10
4
1
3
4
2
1
2
0
6
1
0
0
11
4
51
1
0
61
134
29
0
8
68
0
3
1
14
0
0
1
0
3
10
5
3
2
1
3
9
79
0
4
2
1
8
2
0
0
0
5
0
0
4
0
1
3
16
0
12
2
2
0
1
13
23
2
0
1
4
1
6
3
9
21
7
3462
0
5
1
1
11
4
2
11
15
0
12
2
23
0
6
10
7
0
3
2
1
1
1
1
8
0
1
1
0
13
133
3
5
2
0
3
17
1
0
24
16
0
2
1
7
62
0
19
1
131
32
0
2
12
0
4
1
5
7
3
1
12
18
0
10
2
49
2
5
7
7
3
0
288
2
0
3
1
2
12
31
1170
0
2
3
4
28
0
2
0
0
0
0
16
33
0
0
8
1
3
1
3
2
0
3
3
27
7
10
0
0
15
25
1
0
1
3
0
62
4
1
2
13
23
0
5
115
1
23
0
2
18
1
1
1
0
2
0
1
1
0
1
1
1
0
0
4
0
21
0
11
6
31
3
0
0
32
1
1
7
0
3
2
1
0
3
8
4
0
0
23
1
2
3
1
0
6
3
4
2
7
0
3
6
10
22
11
0
7
0
0
1
11
2
15
0
1
0
4
6
3
20
0
1
11
0
16
17
6
1
0
1
2
0
1
0
3
30
1
1
0
1
5
16
138
4
0
0
0
2
8
71
4
2
0
0
47
0
0
5
1
5
15
0
0
1
6
1
6
0
3
17
16
14
49
0
0
0
1
4
3
1
9
4
1
7
10
4
1
1
7
0
7
8
1
1
2
0
2
0
231
0
0
2
17
0
2
0
33
127
25
0
4
2
7
0
3
1
6
3
5
3
227
1
2
7
1
0
2
5
1
1
2
1
97
7
7
1
0
0
26
4
87
9
5
1
0
15
4
0
2
0
1
1
2
0
4
9
3
0
3
0
1
0
4
0
0
0
0
0
0
0
0
1
9
11
40
13
0
5
0
8
4
1
1
8
0
106
1
163
1
0
1
31
1
0
2
3
48
0
1
1
1
1
0
0
4
0
3
8
0
3
22
16
5
5
0
1
2
3
4
1
4
0
1
2
0
1
0
0
1
0
6
5
1
1
1
0
3
0
2
8
1
0
6
8
3
0
0
3
1
3
3
5
0
18
1
1
23
1
2
47
58
0
1
2
0
1
0
5
19
5
0
2
4
11
8
0
2
18
6
5
2
2
60
5
0
12
251
0
9
0
1
6
4
6
0
4
2
21
4
9
6
1
0
2
0
1
2
216
8
2
1
41
0
3
7
23
5
0
3
6
11
2
1
11
10
0
9
6
8
5
2
0
8
1
4
8
0
1
0
4
2
10
14
2
6
12
3
0
329
35
2
8
13
4
0
3
0
2
0
3
5
1
1
4
3
0
83
4
2
1
1
2
6
4
5
8
3
0
0
9
5
25
713
2
16
1
0
10
0
2
2
0
2
1
1
0
0
0
0
5
4
0
19
3
2
31
1
1
4
0
2
8
0
3
2
0
1
7
2
6
0
3
0
0
3
1
0
0
13
11
1
1
1
2
2
0
179
3
22
7
2
0
0
10
2
10
2
9
20
2
5
1
5
36
4
170
0
2
0
2
1
44
28
0
0
6
12
2
1
49
10
0
0
5
1
2
3
0
1
1
1
3
3
4
35
0
0
0
0
0
13
0
1
3
7
3
12
1
0
4
9
3
3
0
2
35
0
357
8
1
32
0
4
1
6
1
2
0
0
3
0
0
3
15
1
8
1
4
1
1
1
1
3
2
2
15
0
8
2
2
2
3
1
0
15
2
4
5
3
19
0
28
6
2
9
8
1
1
4
1
0
8
77
2
2
0
4
4
1
1
1
8
0
0
1
9
1
0
4
4
3
0
7
9
13
16
3
0
6
1
4
7
24
1
3
3
41
3
0
0
6
5
1
1
0
1
1
2
4
5
0
0
10
0
1
1
1
21
1
3
13
1
1
13
1
2
3
1
13
0
1
1
1
4
3
17
0
0
3
14
1
1
19
6
9
3
3
9
0
10
22
0
1
1
16
1
1
0
2
4
0
12
2
1
0
3
8
3
13
8
5
1
13
1
4
0
0
0
3
17
0
14
82
1
0
1
3
1
2
6
0
6
1
2
12
4
0
6
0
0
1
3
2
1
2
1
2
1
1
2
0
113
0
0
6
0
0
0
18
0
0
0
0
0
0
2
5
2
0
4
0
5
0
1
2
3
0
0
0
0
3
1
1
1
3
2
5
1
2
28
12
1
1
2
0
3
1
2
16
20
7
0
3
0
8
0
4
1
0
250
1
3
2
1
0
2
13
5
0
4
15
2
21
13
98
7
2
4
42
6
0
0
11
0
1
7
1
0
4
1
0
0
1
2
0
3
3
0
1
2
2
3
2
5
6
0
1
9
1
3
2
2
2
1
4
3
2
20
2
1
2
7
2
0
3
3
4
0
0
23
1
2
16
1
3
30
4
10
9
4
3
1
0
425
3
5
2
2
14
0
3
29
17
4
0
2
2
4
3
4
1
0
0
0
1
3
3
1
2
0
1
2
9
2
0
12
1
35
0
6
0
0
0
1
0
0
1
2
52
2
1
5
0
1
34
3
3
0
1
0
2
0
1
1
1
4
2
0
1
82
0
4
2
4
3
6
0
1
1
13
32
6
5
3
29
0
0
223
1
0
4
2
29
115
0
5
2
3
1
1
0
7
23
8
3
6
4
5
0
2
28
5
0
5
0
4
0
0
10
5
3
1
1
1
5
0
4
2
4
2
1
1
12
2
2
0
0
33
0
29
20
1
1
298
0
0
8
186
0
2
0
3
8
5
1
0
1
3
2
1
21
1
0
21
1
1
4
2
0
1
0
4
4
1
0
2
1
2
0
6
3
7
4
0
1
59
1
2
0
0
2
5
24
3
13
4
0
96
9
1
1
5
0
1
2
6
9
2
6
4
7
8
2
1
3
1
5
0
5
1
18
1
0
0
20
7
2
5
2
0
52
7
34
0
0
0
13
6
3
2
2
0
0
0
31
3
3
6
1
2
18
5
0
2
6
3
1
3
0
0
1
182
0
1
0
2
6
0
2
0
1
0
0
3
2
7
2
25
0
13
2
1
3
1
0
17
1
1
1
2
4
0
3
3
0
0
5
6
13
1
3
1
2
0
0
0
7
0
0
1
0
0
22
0
1
3
80
2
0
8
0
0
0
1
2
2
3
72
2
0
3
4
6
0
6
2
6
1
10
1
0
2
0
0
0
0
0
0
1
13
2
3
0
3
0
2
1
0
0
0
0
1
7
4
1
0
0
0
0
1
5
0
7
2
139
6
3
0
1
3
9
16
2
4
8
1
2
2
3
5
0
1
2
1
20
0
9
0
16
8
0
2
4
2
1
2
4
0
7
0
1
0
4
1
0
1
0
0
16
1
0
0
0
5
5
9
1
0
1
6
1
7
4
2
2
5
28
328
0
14
1
2
5
12
4
4
7
5
115
3
27
0
29
1
3
0
1
3
4
1
26
0
2
4
0
2
1
20
26
0
3
5
3
3
11
2
0
20
6
2
3
0
2
0
0
5
1
3
0
0
2
1
2
9
3
22
12
13
1
0
7
1
0
38
1
5
0
5
2
0
0
5
5
0
1
3
3
2
1
3
0
3
4
20
6
2
6
9
1
6
10
6
0
50
1
12
10
10
0
4
1
1
17
0
10
17
4
0
1
8
2
0
16
2
4
1
5
5
0
45
14
0
0
15
1
1
4
23
1
4
0
24
21
0
20
1
5
1
3
0
0
1
3
0
0
8
460
2
4
2
1
4
8
1
1
0
7
0
6
0
0
2
1
0
1
0
1
97
3
0
4
0
11
2
1
3
0
23
1
0
4
1
0
3
4
3
0
15
6
1
8
1
51
0
2
0
5
1
0
0
2
17
1
13
0
6
9
1
4
0
1
1
7
20
0
1
1
1
13
0
2
59
9
2
0
1
1
21
0
15
18
4
7
1
4
0
0
0
4
1
5790
2
2
50
4
2
1
15
0
0
3
2
0
0
5
0
4
0
0
149
2
7
0
3
1
1
3
16
4
4
0
2
3
0
7
3
0
2
3
1
2
4
212
2
2
0
1
1
3
6
5
3
3
2
0
12
4
17
3
5
1
0
11
295
2
71
3
1
1
6
1
3
2
1
13
1
2
2
3
9
1
4
3
0
0
33
42
4
2
5
0
3
18
19
2
3
1
6
4
3
3
8
2
1
49
9
1
11
2
1
0
0
0
2
4
16
0
2
13
2
4
23
4
4
16
2
1
1
5
0
2
342
7
2
10
8
0
18
125
1
2
19
3
0
9
0
0
2
1
4
4
1
1
1
1
6
0
0
2
0
2
0
4
0
11
15
26
0
1
1
0
3
1
1
1
0
4
1
0
3
31
2
0
0
3
2
0
0
5
6
20
1
2
2
1
7
7
3
1
5
1
2
17
1
6
3
11
8
2
1
4
9
1
29
10
1
0
3
0
11
1
2
0
2
2
3
2
3
0
1
4
2
40
22
0
1
3
3
0
2
0
1
0
1
1
17
0
5
2
63
1
2
2
7
2
5
0
0
17
6
1
3
0
0
11
0
1
3
