21
34
35
27
27
28
26
19
37
25
16
38
26
11
22
20
25
20
29
42
30
20
30
54
18
35
20
43
19
21
24
14
24
21
24
21
23
43
25
37
28
24
31
25
37
27
31
33
27
28
17
28
19
28
17
64
21
16
43
19
40
53
21
33
38
32
30
24
37
23
20
13
38
37
37
37
30
21
38
21
26
27
37
30
23
34
89
52
14
25
15
25
22
20
19
22
14
28
19
26
20
19
30
19
20
19
15
33
28
30
25
26
28
30
20
37
41
16
42
30
21
41
23
17
21
15
18
25
17
27
23
44
40
26
12
32
24
23
24
38
24
27
31
26
34
32
18
36
21
21
33
34
61
25
22
25
26
25
24
24
34
20
28
31
19
70
21
28
28
43
13
23
47
28
22
28
37
55
28
32
23
54
25
20
18
34
16
29
35
23
280
32
32
58
24
31
76
19
13
23
20
51
29
24
38
84
31
81
44
27
39
28
23
21
24
20
21
24
164
26
29
25
27
25
15
21
11
24
27
30
29
22
23
24
25
29
25
31
28
27
20
31
15
25
19
23
42
37
20
42
32
27
24
23
29
35
29
32
22
30
49
39
30
31
20
12
41
28
19
23
18
34
27
26
35
28
46
175
28
12
32
14
30
16
18
18
41
26
30
27
18
26
31
14
18
15
23
32
21
29
35
57
57
20
22
26
20
44
18
21
14
33
26
33
33
25
27
18
28
13
20
13
14
140
29
26
15
39
29
24
27
37
28
28
21
23
23
19
33
21
12
33
81
26
51
34
26
19
18
18
15
30
19
18
39
44
20
22
17
17
17
32
34
31
25
35
23
63
43
28
19
30
22
20
41
18
29
35
29
24
25
15
20
22
23
26
35
18
20
27
55
25
29
19
32
22
16
24
19
28
30
39
73
22
22
50
16
27
20
81
38
38
254
1294
22
36
32
46
27
18
24
28
27
24
16
22
31
16
19
53
36
36
20
17
25
106
74
25
34
35
31
22
20
35
23
21
36
28
24
36
105
23
38
19
20
31
20
20
47
23
17
21
24
19
28
13
51
17
24
28
23
14
42
21
34
35
27
27
28
26
19
37
25
16
38
26
11
22
20
25
20
29
42
30
20
30
54
18
35
20
43
19
21
24
14
24
21
24
21
23
43
25
37
28
24
31
25
37
27
31
33
27
28
17
28
19
28
17
64
21
16
43
19
40
53
21
33
38
32
30
24
37
23
20
13
38
37
37
37
30
21
38
21
26
27
37
30
23
34
89
52
14
25
15
25
22
20
19
22
14
28
19
26
20
19
30
19
20
19
15
33
28
30
25
26
28
30
20
37
41
16
42
30
21
41
23
17
21
15
18
25
17
27
23
44
40
26
12
32
24
23
24
38
24
27
31
26
34
32
18
36
21
21
33
34
61
25
22
25
26
25
24
24
34
20
28
31
19
70
21
28
28
43
13
23
47
28
22
28
37
55
28
32
23
54
25
20
18
34
16
29
35
23
280
32
32
58
24
31
76
19
13
23
20
51
29
24
38
84
31
81
44
27
39
28
23
21
24
20
21
24
164
26
29
25
27
25
15
21
11
24
27
30
29
22
23
24
25
29
25
31
28
27
20
31
15
25
19
23
42
37
20
42
32
27
24
23
29
35
29
32
22
30
49
39
30
31
20
12
41
28
19
23
18
34
27
26
35
28
46
175
28
12
32
14
30
16
18
18
41
26
30
27
18
26
31
14
18
15
23
32
21
29
35
57
57
20
22
26
20
44
18
21
14
33
26
33
33
25
27
18
28
13
20
13
14
140
29
26
15
39
29
24
27
37
28
28
21
23
23
19
33
21
12
33
81
26
51
34
26
19
18
18
15
30
19
18
39
44
20
22
17
17
17
32
34
31
25
35
23
63
43
28
19
30
22
20
41
18
29
35
29
24
25
15
20
22
23
26
35
18
20
27
55
25
29
19
32
22
16
24
19
28
30
39
73
22
22
50
16
27
20
81
38
38
254
1294
22
36
32
46
27
18
24
28
27
24
16
22
31
16
19
53
36
36
20
17
25
106
74
25
34
35
31
22
20
35
23
21
36
28
24
36
105
23
38
19
20
31
20
20
47
23
17
21
24
19
28
13
51
17
24
28
23
14
42
35619
17
26
44
105
49
27
24
22
37
24
15
19
19
20
14
26
38
27
37
23
25
26
18
18
37
18
22
27
15
30
21
23
25
22
58
20
40
18
33
30
23
32
21
27
18
24
34
38
32
17
57
27
28
26
313
28
31
18
16
19
30
42
64
16
16
23
25
59
24
66
18
27
24
13
29
31
22
21
18
70
43
25
18
27
40
20
24
22
30
15
13
49
35
33
25
30
19
48
22
27
41
29
24
23
47
20
22
27
23
29
23
24
35
20
77
25
17
25
49
24
19
37
28
13
54
23
15
15
192
67
23
32
23
30
32
36
24
26
118
26
21
24
12
34
20
20
9
16
20
13
14
46
20
18
30
19
37
38
20
38
22
50
102
19
16
23
18
60
21
24
26
22
17
28
25
34
24
25
38
26
21
44
22
24
37
22
23
29
10
28
38
33
23
14
33
17
22
84
35
36
22
38
22
45
260
15
22
21
16
34
36
29
25
76
21
54
15
48
27
25
24
18
20
31
59
47
34
41
12
40
24
23
24
31
29
19
23
23
47
18
288
30
22
17
37
34
28
18
20
30
56
38
25
102
24
18
42
29
38
23
18
19
15
31
36
27
28
27
28
29
32
25
28
26
35
31
33
24
23
47
53
38
32
26
189
38
20
36
27
21
31
25
64
24
30
20
29
31
32
21
20
19
40
17
47
30
31
25
24
24
28
22
14
44
22
36
19
12
20
22
18
31
22
21
18
34
31
30
24
29
19
17
32
72
24
21
59
31
19
21
13
28
22
26
36
28
14
26
48
10
30
44
21
43
19
28
31
24
58
27
32
13
20
23
22
21
17
27
18
41
20
20
23
20
34
23
26
66
17
50
17
29
24
31
22
22
22
32
31
40
15
35
29
35
17
25
24
25
71
29
23
16
33
50
21
18
36
19
19
93
3264
23
45
15
23
31
28
29
28
21
37
26
25
32
43
31
44
15
17
24
25
17
30
16
24
28
30
26
34
30
30
40
26
36
22
32
18
29
27
19
22
26
54
31
28
22
44
18
27
16
24
18
28
32
25
22
55
16
17
21
28
29
19
49
30
23
26
38
37
18
14
38
27
24
32
24
26
94
31
33
20
20
14
33
33
22
18
19
18
23
28
11
25
11
19
15
28
16
16
32
23
37
32
39
19
25
19
24
23
31
13
33
49
47
24
30
33
17
22
27
53
24
28
24
50
56
24
25
21
16
28
44
43
25
26
46
27
21
36
22
21
51
21
24
36
26
22
31
27
39
22
12
129
14
46
19
29
23
25
33
29
15
26
34
33
34
42
13
18
29
26
19
21
31
25
21
23
22
24
20
24
28
19
20
39
39
37
18
25
19
58
25
21
22
23
27
49
35
41
21
20
26
26
26
49
93
17
117
26
22
20
28
29
87
22
30
25
30
59
42
68
27
24
81
21
49
21
35
15
22
43
23
27
21
15
19
31
21
20
32
22
29
28
14
29
27
32
29
18
27
43
23
36
17
18
20
26
20
22
15
42
25
68
40
18
19
20
46
19
15
56
15
18
29
18
31
21
29
41
25
34
37
29
36
65
28
24
33
28
16
23
27
18
25
34
30
23
23
30
28
19
26
25
16
26
52
22
38
20
32
32
32
19
23
32
26
46
30
37
27
50
94
27
23
31
23
23
31
26
22
16
17
29
25
80
30
32
20
20
13
22
39
34
45
36
8
20
22
32
34
20
27
22
24
31
12
30
13
26
27
12
13
37
191
34
113
22
23
16
29
21
28
20
263
27
14
27
28
34
25
31
21
47
39
26
21
27
21
31
19
21
24
84
18
29
26
33
34
29
28
23
22
26
35
19
59
16
19
27
16
30
18
48
52
54
38
20
31
26
32
29
28
26
25
39
30
33
22
65
41
28
30
32
16
33
21
21
55
23
24
33
23
93
78
18
161
18
24
17
69
26
24
18
23
19
41
34
15
21
37
14
16
28
24
30
28
20
29
25
22
29
21
24
22
23
23
28
28
24
25
28
29
25
29
25
22
22
35
54
26
16
26
18
23
28
24
18
44
51
28
28
23
33
21
24
32
24
10
22
18
23
48
22
31
39
18
15
31
23
36
32
56
20
31
26
42
24
20
34
32
34
24
22
20
18
40
37
32
22
18
28
25
34
32
27
14
41
21
28
27
92
20
40
15
12
26
33
30
25
37
15
17
27
24
17
18
37
31
53
35
30
23
40
26
26
20
37
32
26
15
18
25
21
34
18
30
37
26
23
29
22
30
20
18
36
26
22
109
22
50
38
34
15
22
45
45
18
33
23
23
28
39
33
22
28
22
28
22
27
21
29
80
24
50
40
22
31
36
47
20
33
25
25
42
17
50
35
16
21
34
17
21
41
17
19
90
20
16
26
44
21
29
49
18
21
33
21
34
29
30
39
24
30
75
20
68
44
25
27
26
17
31
40
28
12
25
23
32
32
25
26
22
31
29
37
23
24
21
19
34
50
30
23
18
24
31
31
48
61
47
21
30
25
16
29
23
20
45
25
43
43
31
22
25
22
20
27
18
26
15
25
26
27
20
18
33
26
22
25
20
23
33
32
41
24
78
22
36
23
31
26
20
23
26
24
27
57
13
22
25
46
28
50
49
24
25
38
31
44
34
20
59
31
29
38
24
40
56
23
36
27
34
45
31
31
18
21
19
54
26
34
21
34
30
33
17
44
28
24
25
53
37
24
46
34
28
32
28
20
27
24
33
21
37
26
25
15
19
29
24
44
16
18
28
34
21
28
23
33
35
34
32
32
42
74
26
23
36
22
35
56
24
35
14
53
17
21
31
26
22
23
33
19
33
46
21
50
19
26
15
46
28
29
29
20
19
224
24
23
26
20
43
29
23
22
25
24
22
17
51
18
30
41
20
76
39
25
40
15
32
13
18
37
34
20
31
23
28
26
26
18
40
46
88
26
31
32
93
127
27
20
23
31
23
21
29
27
42
31
26
26
19
23
25
34
32
14
30
22
26
22
38
20
51
23
45
23
27
41
21
21
24
22
28
22
27
28
27
30
21
12
9
17
91
24
32
35
26
33
20
18
18
32
27
28
33
11
28
23
31
22
31
15
23
31
19
19
50
37
28
20
23
17
14
27
34
28
36
25
20
24
31
30
17
24
22
24
22
23
11
33
17
21
34
32
23
29
34
17
30
28
24
16
37
33
26
91
33
10
8
42
64
20
21
17
33
24
23
37
29
31
53
21
31
23
27
23
21
69
38
25
35
37
16
12
26
17
21
18
19
21
20
26
29
17
17
33
18
16
17
13
23
20
19
74
16
28
23
24
24
36
25
25
26
22
20
25
29
28
24
36
22
16
25
30
40
23
19
40
19
19
23
29
23
19
42
24
34
27
29
22
34
34
27
16
28
14
23
103
31
31
40
21
18
19
27
52
15
20
17
21
28
28
26
125
18
30
26
18
38
37
30
14
43
26
22
23
25
29
19
25
18
21
35
18
15
16
32
21
30
25
34
28
24
51
18
38
30
21
24
28
24
20
21
50
23
36
16
27
18
25
24
25
32
20
19
20
39
37
27
41
32
23
37
30
71
18
23
25
25
16
21
34
38
19
83
25
40
20
12
37
17
49
15
16
35
32
31
32
22
24
20
31
26
28
27
30
32
21
29
24
30
30
24
25
23
35
34
51
26
65
16
29
47
32
34
10
15
19
30
23
25
21
36
15
27
46
20
20
29
38
42
30
13
23
27
56
23
39
22
30
32
21
17
24
24
25
85
47
31
34
25
43
21
22
38
17
46
30
24
19
23
46
27
23
31
22
14
36
18
39
22
25
11
130
18
22
49
24
18
39
26
30
11
18
46
20
25
20
22
25
19
19
22
42
28
22
33
34
49
17
48
42
41
22
30
24
19
27
20
15
30
23
36
19
27
26
112
31
20
28
63
27
20
31
37
23
18
27
33
16
29
39
31
45
22
24
39
83
19
20
34
28
41
27
26
13
22
36
31
251
19
21
51
21
24
28
27
30
26
23
25
20
29
23
32
28
28
22
68
19
22
38
31
50
116
21
56
22
35
22
20
24
28
22
32
20
27
28
24
49
45
31
37
50
97
51
25
19
30
32
43
31
28
21
32
21
28
30
21
61
27
35
28
36
20
32
31
20
25
21
185
49
35
29
14
21
32
23
17
23
31
19
12
36
24
18
19
31
10
26
25
55
40
35
23
42
27
87
31
32
23
22
26
22
17
20
29
16
28
29
24
30
17
28
29
31
27
30
37
17
26
37
32
17
137
36
15
17
21
36
25
33
18
29
18
34
22
28
30
77
17
16
33
27
46
22
876
33
24
29
68
18
19
21
50
25
19
26
20
27
21
21
44
21
32
17
30
38
27
46
32
35
22
21
31
22
59
18
28
26
30
25
47
21
21
25
29
37
23
41
65
35
32
33
37
46
30
31
22
42
25
23
38
41
37
21
19
19
16
16
28
28
23
27
320
19
31
29
23
17
24
23
23
23
40
27
31
22
33
39
20
128
13
34
24
20
19
36
33
26
26
41
30
41
34
27
20
71
28
11
50
21
21
48
25
26
58
25
55
25
42
18
38
19
16
33
22
37
15
21
56
23
31
48
38
28
34
40
32
78
77
32
18
26
27
24
21
17
19
32
22
22
20
23
37
24
31
31
20
31
35
20
28
54
47
11
35
25
31
29
27
33
35
16
20
74
30
34
20
30
49
20
20
15
18
39
38
40
29
23
24
23
37
15
26
26
25
18
34
24
17
21
27
3634
32
29
22
45
47
14
34
16
45
36
34
29
38
16
32
28
42
40
23
13
18
37
24
54
24
44
36
21
24
13
22
20
23
24
35
25
16
16
49
16
21
23
40
48
67
24
17
20
21
32
22
50
66
35
24
38
17
30
27
21
16
16
28
38
37
50
38
161
23
21
21
25
35
22
22
30
31
30
22
20
27
15
30
21
30
24
16
60
22
19
30
23
30
52
34
16
19
31
17
25
24
18
21
38
25
42
89
36
26
18
35
36
30
27
29
26
14
25
21
28
64
30
24
29
16
30
19
19
28
21
17
52
22
25
23
20
27
26
22
21
43
21
34
26
29
73
58
22
30
27
36
24
31
27
31
47
24
25
26
54
19
26
20
29
17
15
29
25
28
17
19
23
14
21
32
30
19
50
26
46
22
14
27
25
20
22
26
14
23
32
13
28
24
14
28
19
36
31
27
121
39
21
21
27
37
24
31
21
39
33
25
22
33
17
19
33
23
22
21
26
24
34
36
35
16
176
22
40
25
21
19
22
52
25
24
22
42
104
25
21
29
26
32
32
18
20
32
25
38
16
21
21
31
35
22
18
20
26
46
38
65
30
26
25
19
26
18
24
21
27
21
17
20
29
16
24
28
26
28
25
24
23
104
135
45
21
25
45
17
42
26
44
40
15
21
36
25
31
20
17
38
25
20
79
32
23
24
30
24
18
26
30
25
37
59
28
29
48
31
19
20
23
32
24
14
20
33
27
30
46
25
23
35
28
26
30
15
23
32
34
33
29
193
19
33
17
21
17
16
26
40
22
88
38
54
36
22
36
568
22
27
31
24
24
29
19
21
32
25
27
24
18
34
33
25
21
26
29
24
35
35
32
39
17
20
37
42
44
24
51
28
23
16
26
30
29
27
30
27
18
29
58
23
33
39
42
22
42
26
29
17
29
22
30
23
43
30
18
17
17
24
27
19
34
22
30
26
18
14
20
24
41
18
17
15
18
34
32
22
27
35
24
22
24
42
19
14
41
27
33
38
21
19
32
25
23
28
25
27
18
23
28
23
28
27
112
28
25
27
27
35
34
18
22
66
27
51
25
26
28
16
24
27
24
23
35
19
19
49
18
19
33
48
23
27
23
39
24
16
25
17
26
28
31
32
34
226
34
21
28
34
28
30
22
23
23
44
32
43
40
26
47
15
43
30
23
24
42
29
19
49
30
20
63
30
17
17
58
14
35
26
35
283
26
28
16
28
34
21
26
30
13
25
34
44
21
23
35
25
18
19
24
27
24
25
41
23
27
20
28
34
18
22
27
15
21
18
29
31
28
34
28
26
17
13
78
28
28
21
39
26
31
19
27
49
17
25
21
123
25
29
33
27
28
25
21
32
20
17
31
35
78
24
29
27
24
35
16
33
72
35
29
23
21
18
35
29
23
19
30
23
29
17
21
50
33
21
19
24
33
25
29
42
81
24
39
32
45
20
22
42
19
20
55
17
128
31
21
25
31
23
26
19
23
29
33
17
20
37
20
31
11
37
29
26
20
25
30
27
136
28
27
17
36
30
19
26
19
81
16
27
55
37
26
48
19
21
23
26
73
266
167
24
56
14
26
17
59
24
129
31
20
25
20
25
30
23
39
57
25
29
17
38
32
27
190
23
38
11
23
29
25
23
32
40
10
30
21
21
41
36
40
34
20
22
28
28
28
39
56
15
29
35
46
31
33
15
12
18
95
17
33
21
27
25
26
31
31
34
27
30
33
23
62
16
28
19
34
21
20
30
23
25
34
18
38
23
25
30
27
11
37
57
26
19
42
15
24
33
23
24
71
35
19
27
28
35
28
28
99
17
34
77
22
20
28
13
23
18
40
26
16
23
17
37
51
23
30
27
24
22
43
27
26
22
23
25
26
22
20
31
21
29
22
27
17
27
15
15
24
25
16
27
35
29
15
28
32
19
24
24
28
22
24
58
23
19
29
34
37
17
21
22
22
26
27
27
34
46
20
25
17
28
25
16
21
12
29
32
41
31
38
38
38
46
17
20
32
67
18
20
19
17
28
36
31
20
34
27
28
22
12
26
16
18
18
14
70
19
31
27
21
27
29
33
25
22
18
66
20
25
16
18
23
30
16
24
15
29
12
29
19
22
22
39
28
21
29
50
32
33
16
20
34
21
24
25
27
23
20
21
21
23
26
555
39
41
24
28
40
22
20
27
31
28
26
33
30
34
28
25
80
17
16
15
49
35
112
74
35
22
54
111
21
18
50
21
12
22
18
27
19
16
40
23
33
9
18
22
31
19
28
23
30
33
32
26
32
17
37
39
29
18
24
29
22
24
22
21
49
21
23
24
19
19
23
35
32
42
21
21
18
16
18
19
24
24
46
41
12
34
28
27
34
30
307
32
25
29
30
15
17
100
33
37
14
30
34
23
19
20
23
26
23
21
22
15
19
39
21
23
14
22
17
21
33
38
20
18
18
306
22
30
17
25
20
27
108
28
17
31
34
32
19
28
72
26
38
20
50
25
18
18
21
26
19
26
15
34
21
28
25
29
15
28
34
22
26
27
26
20
17
29
35
50
19
16
19
54
17
24
18
13
34
24
22
38
18
15
24
20
18
20
30
27
22
22
24
25
27
18
13
27
27
23
26
57
30
26
19
35
176
16
97
60
24
380
19
30
19
19
23
72
137
65
45
44
24
19
19
21
34
26
27
23
23
14
15
47
37
15
39
17
34
11
18
26
20
30
30
17
25
20
18
29
42
23
20
23
28
20
23
12
37
29
28
151
22
18
24
28
50
33
32
19
48
17
21
32
22
33
34
422
25
22
18
21
29
21
20
28
24
23
24
19
23
47
14
23
24
780
21
28
32
22
17
29
24
18
29
25
25
23
23
33
18
30
20
36
20
37
47
20
74
21
51
17
19
20
30
30
19
26
42
26
25
19
21
22
18
29
25
20
49
20
22
25
28
46
28
36
318
16
22
24
29
31
25
14
24
16
26
18
21
25
37
16
35
45
20
29
64
34
49
41
82
27
21
29
21
15
58
27
44
38
23
23
24
45
29
56
17
13
19
25
24
28
25
26
26
30
25
24
36
34
24
33
31
44
43
10
56
32
14
43
27
18
45
21
39
40
26
43
35
23
16
26
26
25
29
20
23
18
27
16
19
25
21
14
26
30
19
41
36
45
37
22
33
16
28
36
28
44
24
44
20
28
26
21
24
26
34
37
20
31
21
22
21
25
47
25
19
26
16
50
23
29
45
31
24
20
18
27
12
18
41
33
29
22
26
35
27
33
45
42
24
164
21
20
76
16
26
16
17
25
26
37
22
27
22
28
41
55
118
31
28
20
30
27
31
26
37
107
30
16
31
17
24
27
34
21
16
29
12
28
18
32
25
21
35
19
127
28
21
17
45
41
37
18
18
19
32
21
19
54
32
26
20
42
28
23
45
18
32
20
33
20
37
26
23
42
39
22
27
18
21
24
31
20
24
27
27
24
24
25
43
15
23
25
33
31
25
21
42
71
17
23
24
23
21
26
25
23
21
38
17
61
20
19
45
30
38
48
41
29
27
24
16
32
29
14
19
57
25
23
24
61
32
16
26
29
29
34
20
33
24
37
31
35
26
22
33
34
27
24
29
16
27
15
29
23
49
26
17
23
21
21
32
27
28
26
27
39
16
28
35
28
48
20
25
22
20
17
48
93
23
32
18
17
42
53
22
16
18
23
26
30
61
19
20
42
27
26
34
46
18
23
22
29
25
27
37
80
41
25
41
64
24
17
40
32
19
30
13
22
24
50
15
41
20
21
28
21
15
34
31
27
37
21
27
27
33
23
30
25
29
27
23
22
29
66
30
30
31
37
23
23
116
31
21
20
32
25
19
25
24
45
18
30
47
39
28
23
23
25
32
16
20
29
37
20
19
19
24
22
21
27
25
19
26
31
30
26
26
13
35
19
33
30
25
42
20
21
26
17
42
54
38
36
25
40
18
23
30
26
25
53
26
32
35
28
26
14
29
36
25
27
26
22
57
18
20
35
21
31
20
26
18
22
22
24
45
18
29
16
21
17
17
27
24
23
14
22
44
23
24
28
33
10
29
32
43
29
19
61
20
20
22
17
20
34
16
28
27
31
17
28
26
27
22
21
23
15
32
17
28
21
26
18
17
32
20
38
67
36
20
26
28
39
20
23
38
63
57
24
13
29
29
24
15
17
22
19
25
36
30
22
20
48
20
22
21
24
29
26
54
19
28
24
33
61
33
32
32
38
26
18
42
22
32
27
38
28
18
19
28
14
46
26
21
21
20
26
20
25
26
30
27
58
36
18
40
31
32
24
20
28
17
35
20
14
55
27
38
30
19
46
34
69
59
360
27
17
23
30
26
42
28
34
16
47
25
30
24
14
23
26
23
31
32
21
21
14
28
15
59
45
32
20
21
34
24
52
32
29
34
19
20
23
27
47
17
48
20
15
32
71
12
23
18
17
27
22
23
22
9
18
11
29
28
39
21
32
41
46
25
25
16
23
22
35
37
23
36
29
15
26
44
23
21
35
20
34
30
36
26
21
92
24
26
15
45
18
45
14
24
73
29
31
19
25
19
40
24
32
23
19
36
29
26
23
27
29
40
24
33
34
30
45
48
26
21
19
20
50
30
23
27
66
25
20
14
33
30
28
33
26
127
17
33
25
20
22
13
24
27
17
23
17
18
22
22
26
19
23
27
41
21
28
30
27
21
18
43
28
28
18
38
34
26
21
58
26
39
20
21
36
7
38
39
28
41
34
20
26
47
21
133
21
22
24
45
17
18
38
19
53
28
23
54
28
27
22
18
20
21
20
16
39
22
25
39
33
21
38
28
27
18
28
24
14
30
29
23
41
22
18
21
29
14
19
85
25
18
20
29
96
21
22
42
25
20
18
27
25
41
26
21
39
20
27
26
24
514
29
57
26
28
13
28
823
30
21
38
25
36
110
17
30
30
23
28
17
22
31
29
18
29
24
33
34
25
31
60
29
34
49
20
38
19
21
39
265
21
21
52
49
17
29
24
23
31
25
30
28
26
19
35
17
27
16
58
39
25
20
23
180
52
27
26
31
14
18
11
24
41
24
26
11
24
17
6
23
35
20
25
29
41
27
25
45
23
252
24
19
20
29
18
39
24
18
22
18
34
20
28
36
19
27
45
38
13
21
62
36
15
21
20
14
21
40
58
22
18
22
24
32
27
25
37
38
95
26
37
164
22
44
35
31
40
31
22
28
42
41
32
32
30
22
24
16
17
26
29
23
37
26
23
31
32
23
17
39
23
150
18
22
16
24
27
21
19
29
29
22
34
24
51
22
81
25
32
17
24
25
39
21
23
29
25
22
25
29
21
30
23
18
12
25
24
22
27
22
35
20
22
28
40
92
37
24
32
38
19
23
30
57
235
35
203
20
21
14
21
12
20
24
15
32
54
23
16
20
45
18
12
21
74
31
22
21
37
19
16
23
40
22
21
29
24
21
24
33
25
21
18
23
37
25
29
21
30
26
22
26
25
19
20
39
53
18
33
51
84
14
20
40
132
25
43
36
22
20
25
33
43
21
13
15
26
15
30
20
131
15
50
27
30
31
40
341
15
30
32
29
24
30
31
20
21
27
23
28
28
22
88
33
23
25
33
12
30
23
20
30
359
19
20
24
16
25
31
39
38
44
27
27
31
18
39
19
42
50
28
39
18
18
32
19
29
20
28
27
28
31
73
18
29
20
40
13
81
38
28
22
18
19
28
22
35
36
47
23
18
32
128
22
23
22
30
46
31
15
24
30
20
27
21
16
22
14
25
28
27
22
21
26
21
37
22
24
22
70
13
21
34
19
25
27
31
25
21
24
20
24
21
35
46
45
79
25
30
21
96
26
29
21
56
23
22
21
26
26
20
29
25
19
26
19
28
26
21
23
27
24
24
98
59
92
48
27
23
24
120
15
137
149
30
27
22
30
18
25
29
27
28
20
22
25
38
21
24
18
24
33
16
35
37
24
33
35
23
29
17
45
24
31
19
41
61
16
38
20
24
31
44
22
19
39
25
19
75
26
26
29
37
15
18
17
24
20
29
106
27
521
44
30
24
35
21
23
24
34
19
17
123
21
39
25
45
42
21
13
27
35
33
13
28
23
36
21
12
23
37
22
20
21
25
23
25
37
20
21
15
17
29
31
32
53
46
19
19
22
31
38
25
104
14
17
37
23
25
28
23
30
19
31
32
41
29
22
16
31
16
34
26
24
28
38
16
17
408
30
22
22
27
46
18
18
32
36
22
22
34
43
16
68
34
30
37
62
39
88
33
25
31
44
37
19
21
30
25
20
28
11
26
19
23
28
24
40
23
19
20
25
27
24
31
18
23
211
20
11
39
17
18
30
32
53
26
30
21
28
23
14
23
16
36
21
26
27
19
32
33
46
21
28
14
27
19
19
16
24
22
22
33
20
24
38
16
36
26
20
30
32
27
28
20
15
33
27
26
20
14
31
39
20
22
34
24
36
22
19
27
16
16
15
23
118
16
21
29
25
18
23
25
48
34
29
18
30
25
27
49
35
18
34
57
24
27
24
19
20
30
16
27
29
37
23
30
24
22
28
21
13
19
22
20
22
23
30
17
13
13
29
31
16
21
28
38
19
33
21
31
21
22
20
25
14
27
31
18
25
30
28
16
136
6
42
28
20
22
18
45
31
36
33
38
28
88
23
42
21
19
13
91
17
33
24
25
24
22
21
23
30
27
32
17
34
15
29
23
48
14
10
28
33
22
32
29
29
22
37
23
21
21
22
15
34
12
22
14
32
16
51
15
11
37
28
17
23
11
19
23
17
33
16
21
25
84
51
24
33
40
29
30
22
25
26
20
28
16
22
31
21
21
24
26
21
23
58
24
37
41
22
17
28
30
45
39
31
13
26
37
24
43
34
26
19
43
33
29
46
27
40
24
18
32
20
21
16
36
50
22
15
23
41
41
11
32
14
34
59
22
15
27
22
29
18
23
23
20
19
18
22
44
87
27
18
32
38
23
55
26
31
54
36
21
15
18
24
56
18
29
26
24
22
41
26
15
25
17
24
36
43
48
50
29
25
130
40
35
29
27
26
21
18
18
21
23
44
31
66
25
285
26
22
22
22
49
25
29
36
28
36
29
18
11
28
25
28
32
57
30
23
66
33
33
28
26
27
26
20
20
37
33
18
24
30
19
33
20
74
25
37
19
56
26
29
40
17
10
54
29
22
30
19
28
33
81
19
23
31
37
14
24
29
27
16
17
20
165
41
20
49
37
25
27
19
20
21
21
24
24
27
22
16
24
21
25
125
18
22
32
28
17
22
24
35
33
19
23
25
37
24
23
43
21
35
28
30
16
31
25
20
13
17
16
35
30
31
31
30
17
48
18
19
13
19
24
23
17
33
37
25
52
38
19
38
23
25
39
28
27
15
29
30
37
25
23
15
25
31
31
32
17
33
64
26
19
89
27
11
24
20
23
164
26
27
29
16
18
24
23
24
33
25
25
31
25
29
25
64
26
28
23
47
23
25
38
52
32
27
26
20
17
18
29
21
23
15
76
33
102
20
30
24
27
24
25
36
20
47
22
18
18
29
63
32
38
21
14
32
18
37
19
31
16
34
43
31
25
23
25
23
40
41
202
19
37
26
30
19
18
17
28
36
15
46
26
25
30
12
86
25
17
28
15
38
37
28
23
13
31
84
36
34
29
25
25
31
27
21
31
34
25
20
21
17
35
33
26
41
33
32
20
21
21
32
34
18
27
14
24
28
19
33
23
21
75
24
83
34
25
23
33
91
48
24
18
17
131
31
18
81
30
23
27
27
24
31
25
28
16
26
23
20
23
26
14
16
21
21
27
20
28
22
51
27
25
48
28
19
33
12
30
31
14
20
46
33
20
28
13
26
19
40
30
42
35
37
12
29
17
32
24
28
17
22
49
33
12
12
22
119
29
38
39
17
29
21
23
18
20
43
22
25
75
18
45
13
7
20
17
21
22
25
25
56
19
23
21
30
20
26
49
34
27
26
28
20
40
39
19
21
34
32
49
24
17
13
39
26
30
26
28
47
20
22
27
43
16
21
41
25
27
30
26
23
34
37
22
14
18
23
29
24
23
19
22
25
21
33
23
23
18
22
39
21
27
24
27
27
29
25
24
83
29
36
25
33
24
22
19
37
20
29
19
22
32
23
28
28
26
29
26
60
29
28
37
22
20
24
25
23
24
46
20
24
26
19
32
32
28
30
13
32
26
54
22
108
21
23
26
33
23
29
26
28
17
19
24
26
29
27
16
16
28
26
24
26
35
15
17
21
17
25
16
24
32
40
25
21
33
25
32
22
20
36
45
41
29
54
23
25
30
26
23
24
25
25
44
93
18
20
21
24
38
26
42
21
24
26
31
15
18
25
31
126
27
38
44
36
20
36
30
18
28
54
54
30
26
24
18
28
48
21
14
26
31
27
32
21
22
40
21
32
23
29
24
22
21
34
29
23
67
36
40
22
33
18
34
54
29
35
29
27
18
31
13
23
24
27
31
15
28
38
16
31
15
28
17
37
20
22
22
25
26
25
12
30
29
15
31
39
50
25
19
18
15
26
43
33
13
15
36
24
86
40
28
25
138
41
38
32
16
24
18
24
155
16
44
27
16
8
66
27
23
22
30
41
18
19
27
33
16
26
25
28
27
28
25
33
27
40
21
31
28
22
27
48
23
13
26
30
21
21
28
25
30
23
30
22
22
29
23
30
42
27
18
30
31
68
79
20
27
60
26
17
34
22
23
22
22
29
17
47
22
24
32
24
45
36
33
22
20
23
13
23
25
46
28
28
21
38
57
73
23
22
22
33
24
24
32
24
19
18
61
25
30
27
14
64
28
20
21
33
18
19
27
34
64
40
39
16
23
19
28
33
52
26
27
33
37
30
30
33
31
28
17
23
19
27
27
38
22
182
23
19
16
24
34
43
37
15
31
47
33
22
22
63
32
32
26
22
23
24
31
32
24
37
20
20
26
18
23
31
53
28
48
39
28
30
30
40
18
33
22
19
24
23
26
20
27
30
152
26
27
31
21
27
29
23
23
39
22
30
29
24
21
21
31
29
27
28
19
139
25
23
47
37
18
21
30
27
18
34
24
34
25
26
59
29
16
38
37
30
27
28
50
18
21
18
32
18
31
29
19
27
23
386
27
15
26
20
25
18
16
13
22
24
31
24
27
26
37
39
20
25
30
24
27
35
20
48
23
25
42
24
30
24
24
43
24
34
26
21
34
68
41
15
32
22
28
22
22
19
34
15
30
29
15
16
17
31
15
34
38
42
31
25
30
79
20
16
12
20
19
24
35
37
25
13
26
27
28
14
28
61
28
35
90
15
344
37
20
25
26
28
32
23
76
28
29
22
22
22
32
28
32
25
29
205
138
29
32
43
44
13
28
36
135
27
22
26
25
19
15
41
31
32
33
24
62
17
40
33
17
28
27
27
20
17
21
17
33
18
22
29
16
23
16
15
35
25
43
22
20
18
21
29
39
22
18
12
32
22
27
26
20
247
29
34
16
22
41
22
27
20
31
14
19
26
30
13
26
44
29
30
24
24
26
16
30
20
26
16
30
35
23
15
42
29
65
23
26
43
31
53
29
73
41
18
18
26
16
18
39
33
35
22
11
29
29
34
14
32
27
29
44
29
47
21
36
24
80
20
34
34
22
27
42
29
28
16
18
25
39
19
13
22
19
33
28
38
26
25
24
22
13
28
33
28
25
34
17
30
28
36
23
19
80
31
33
19
22
22
22
40
415
23
21
17
90
30
34
19
19
32
37
23
24
36
32
20
25
15
19
19
15
35
25
28
28
20
27
20
22
23
34
22
34
23
21
11
18
31
18
36
31
28
28
54
20
27
23
24
20
29
35
21
27
30
80
32
23
30
49
22
34
22
26
33
28
16
47
25
26
21
38
20
36
26
34
22
34
25
32
36
24
39
23
28
22
23
38
23
22
18
27
21
37
30
16
37
21
24
24
28
36
24
26
29
25
26
27
20
64
30
30
47
29
21
26
28
41
75
39
50
20
27
20
29
22
28
25
19
39
29
26
19
35
17
39
14
22
21
20
53
20
31
35
31
20
18
21
29
33
26
20
28
27
30
23
34
34
63
17
75
25
71
20
30
29
22
32
24
15
65
42
38
75
16
32
30
22
31
42
28
42
14
30
109
28
17
29
35
35
46
22
19
38
12
24
30
28
15
23
139
28
24
78
97
22
32
15
21
21
24
61
19
15
29
17
116
12
24
20
12
15
12
48
29
24
41
28
26
32
18
20
27
191
30
39
25
26
17
27
40
19
11
32
40
24
34
19
23
39
22
25
26
45
33
20
21
30
21
56
19
22
98
21
20
33
24
40
26
22
22
18
16
38
19
21
24
50
22
31
48
34
35
20
23
23
31
21
23
27
26
28
27
32
36
21
27
21
26
28
33
54
29
20
19
30
21
24
22
23
12
16
43
26
24
28
23
20
24
26
37
18
14
52
24
35
23
24
28
25
34
51
30
28
11
25
30
19
22
28
26
29
16
23
67
36
31
94
28
26
22
34
17
34
17
23
49
33
22
29
28
71
112
18
69
30
24
31
93
42
46
66
25
50
19
19
21
32
33
35
19
21
24
27
21
27
24
95
34
24
20
20
31
23
26
27
25
23
27
20
21
17
32
17
30
22
34
22
23
27
22
19
19
30
16
23
23
30
25
27
39
17
21
19
53
26
27
13
36
35
31
80
39
23
94
23
32
22
34
87
43
53
20
21
27
41
15
19
38
28
30
40
24
14
27
24
15
24
32
26
24
89
33
11
30
23
31
27
32
41
27
30
30
19
23
26
36
45
24
23
25
58
26
31
138
29
27
11
23
25
19
23
26
33
17
20
16
44
24
13
29
32
52
27
50
17
60
27
38
20
32
114
21
25
51
17
12
23
22
17
30
24
43
20
20
24
45
23
16
14
25
41
20
25
22
29
19
22
22
37
32
22
22
26
18
35
31
28
23
24
23
25
20
9
22
36
37
14
23
41
27
24
47
25
19
71
22
29
28
17
22
33
20
27
30
25
19
27
39
25
17
16
24
32
21
37
26
17
27
92
16
23
18
20
23
13
247
17
29
26
30
97
15
25
50
34
24
21
28
32
21
19
40
30
21
14
28
42
19
32
36
16
20
44
54
74
27
15
22
18
21
30
30
18
49
21
43
50
14
38
19
16
17
31
21
41
21
18
17
28
31
32
34
33
17
16
32
48
23
23
19
29
23
22
77
25
23
23
21
101
18
19
71
22
29
20
23
32
20
48
28
76
24
24
36
30
27
40
31
41
35
27
29
19
26
15
26
25
23
27
33
73
86
27
19
40
41
22
18
22
40
37
36
46
20
24
33
23
34
39
30
31
48
19
16
28
13
16
16
18
21
50
28
35
30
40
20
21
27
38
32
14
25
29
22
22
22
27
19
49
41
26
29
26
28
20
20
28
71
29
32
23
26
13
22
44
29
24
15
21
14
16
20
18
29
11
27
19
34
39
28
55
21
22
29
44
23
40
15
32
17
26
31
24
41
42
35
135
21
22
24
30
25
38
35
26
35
26
35
14
28
32
34
23
21
35
46
30
30
22
50
32
40
34
7
36
27
34
32
26
17
22
29
26
14
39
26
33
17
16
43
24
24
18
34
22
38
36
31
33
19
20
22
23
22
36
17
16
15
27
28
25
27
14
31
32
46
17
21
24
40
26
37
29
39
25
34
110
19
19
20
20
84
39
43
21
26
28
54
23
26
26
16
22
30
21
54
12
1149
12
29
52
36
29
23
24
21
115
25
29
20
28
20
25
26
101
28
27
19
23
53
30
17
33
25
19
38
17
26
30
48
14
17
30
21
25
15
34
22
23
45
31
35
21
39
30
26
13
13
23
29
56
32
32
42
19
28
35
30
23
17
30
30
28
23
19
27
25
17
18
26
22
70
21
34
35
27
27
28
26
19
37
25
16
38
26
11
22
20
25
20
29
42
30
20
30
54
18
35
20
43
19
21
24
14
24
21
24
21
23
43
25
37
28
24
31
25
37
27
31
33
27
28
17
28
19
28
17
64
21
16
43
19
40
53
21
33
38
32
30
24
37
23
20
13
38
37
37
37
30
21
38
21
26
27
37
30
23
34
89
52
14
25
15
25
22
20
19
22
14
28
19
26
22
18
30
36
25
21
21
24
14
20
29
24
14
24
21
18
20
18
17
13
35
22
35
28
15
20
23
19
53
23
21
21
32
33
27
20
32
33
27
25
19
59
29
26
23
21
28
42
19
21
15
29
39
24
20
48
23
26
20
42
24
32
33
24
22
15
28
36
25
18
30
25
26
19
31
16
25
31
20
29
22
33
39
45
28
34
31
38
30
20
32
36
22
14
27
17
176
32
25
26
95
28
27
28
21
22
19
32
20
34
21
26
28
1024
20
23
19
20
35
35
79
33
20
39
26
52
31
30
17
29
25
21
40
29
21
29
31
25
38
27
32
27
26
33
33
14
30
22
26
23
35
18
29
29
23
23
28
42
19
15
29
31
124
27
14
14
42
74
21
21
14
17
24
19
33
31
19
34
32
24
25
73
14
19
101
31
37
27
19
30
36
31
30
33
32
20
18
32
24
35
32
28
16
16
31
22
22
17
25
30
22
15
31
198
37
41
44
16
26
40
39
66
20
28
115
20
34
18
117
22
29
24
22
24
623
54
35
17
43
17
42
13
24
17
17
26
25
41
16
25
28
19
38
29
20
41
52
12
41
27
42
17
32
35
55
17
29
44
20
30
36
62
13
17
26
25
25
21
35
42
33
17
26
24
34
28
33
65
17
23
26
22
19
29
27
27
31
27
29
29
21
28
40
26
28
37
13
23
36
31
30
36
42
37
20
49
18
25
23
19
28
41
34
43
36
226
14
15
23
36
17
41
25
22
20
18
17
20
16
30
21
31
23
20
17
12
22
23
21
27
50
33
30
16
25
29
46
28
31
28
22
21
104
17
53
15
24
19
21
18
25
21
19
23
47
21
16
25
15
27
23
25
16
23
12
34
23
24
18
31
9
20
21
11
25
23
35
17
30
15
