2
5
5
1
15
0
1
1
5
6
1
5
0
0
22
1
0
0
2
6
7
15
1
1
2
6
3
9
6
5
3
6
41
400
3
24
2
3
10
17
6
5
11
5
146
5
34
0
38
1
7
0
8
9
7
3
42
2
2
8
0
3
3
31
38
1
4
7
7
3
21
4
2
27
10
4
3
1
3
1
0
6
1
4
1
3
4
1
3
11
10
34
15
25
1
0
9
3
0
40
13
12
0
1
6
1
11
1
6
3
3
46
23
11
48
12
7
17
29
8
5
3
1
14
1
11
0
3
2
5
26
21
27
32
4
3
2
3
1
8
9
6
12
2
2
31
4
0
4
11
3
1
16
1
85
4
3
58
11
3
8
3
3
2
1
4
17
6
8
1
15
10
0
5
0
4
5
2
12
2
5
3
0
4
25
2
8
2
9
4
3
10
13
3
2
1
11
2
2
1307
1
2
14
1
2
8
5
2
10
3
15
4
2
8
11
9
1
2
3
0
1
23
10
48
4
3
42
3
2
14
3
6
12
4
4
9
2
9
2
8
2
18
2
2
11
14
4
2
2
1
1
0
31
2
4
18
2
13
74
1
4
2
4
7
2
5
3
3
1
6
49
1
0
2
6
3
2
3
0
6
9
4
12
1
1
10
9
3
32
8
105
2
2
2
2
4
1
4
3
6
8
6
1
1
1
3
11
2
2
5
1
25
2
3
3
8
3
1
3
1
0
16
5
6
2
1
24
43
2
22
1
3
6
17
2
3
5
5
5
19
6
8
9
20
0
0
0
2
7
1
6
45
1
2
51
0
9
1
22
4
0
110
3
0
32
22
3
0
10
2
4
14
0
1
3
1
10
6
0
3
0
8
0
9
3
3
4
6
3
42
4
5
0
3
0
0
4
0
8
12
0
35
7
6
15
0
2
2
2
0
15
2
1
0
8
2
4
73
5
2
0
3
0
16
2
15
1
4
149
2
2
1
3
8
5
49
18
4
2
34
6
10
1
24
0
2
7
80
16
15
2
13
1
13
8
0
8
1
132
0
1
6
6
0
71
15
4
1
1
9
36
2
79
2
1
0
21
0
1
1
381
1
271
0
12
1
2
6
4
1
5
5
1
13
4
5
4
2
16
2
2
5
5
1
15
0
1
1
5
6
1
5
0
0
22
1
0
0
2
6
7
15
1
1
2
6
3
9
6
5
3
6
41
400
3
24
2
3
10
17
6
5
11
5
146
5
34
0
38
1
7
0
8
9
7
3
42
2
2
8
0
3
3
31
38
1
4
7
7
3
21
4
2
27
10
4
3
1
3
1
0
6
1
4
1
3
4
1
3
11
10
34
15
25
1
0
9
3
0
40
13
12
0
1
6
1
11
1
6
3
3
46
23
11
48
12
7
17
29
8
5
3
1
14
1
11
0
3
2
5
26
21
27
32
4
3
2
3
1
8
9
6
12
2
2
31
4
0
4
11
3
1
16
1
85
4
3
58
11
3
8
3
3
2
1
4
17
6
8
1
15
10
0
5
0
4
5
2
12
2
5
3
0
4
25
2
8
2
9
4
3
10
13
3
2
1
11
2
2
1307
1
2
14
1
2
8
5
2
10
3
15
4
2
8
11
9
1
2
3
0
1
23
10
48
4
3
42
3
2
14
3
6
12
4
4
9
2
9
2
8
2
18
2
2
11
14
4
2
2
1
1
0
31
2
4
18
2
13
74
1
4
2
4
7
2
5
3
3
1
6
49
1
0
2
6
3
2
3
0
6
9
4
12
1
1
10
9
3
32
8
105
2
2
2
2
4
1
4
3
6
8
6
1
1
1
3
11
2
2
5
1
25
2
3
3
8
3
1
3
1
0
16
5
6
2
1
24
43
2
22
1
3
6
17
2
3
5
5
5
19
6
8
9
20
0
0
0
2
7
1
6
45
1
2
51
0
9
1
22
4
0
110
3
0
32
22
3
0
10
2
4
14
0
1
3
1
10
6
0
3
0
8
0
9
3
3
4
6
3
42
4
5
0
3
0
0
4
0
8
12
0
35
7
6
15
0
2
2
2
0
15
2
1
0
8
2
4
73
5
2
0
3
0
16
2
15
1
4
149
2
2
1
3
8
5
49
18
4
2
34
6
10
1
24
0
2
7
80
16
15
2
13
1
13
8
0
8
1
132
0
1
6
6
0
71
15
4
1
1
9
36
2
79
2
1
0
21
0
1
1
381
1
271
0
12
1
2
6
4
1
5
5
1
13
4
5
4
2
16
2
0
0
1
0
43
5
7
5
35
0
6
6
33
6
2
3
4
7
2
0
19
2
1
49
3
21
64
73
9
3
3
8
0
13
5
9
1
1
2
2
2
4
4
3
7
10
26
3
9
5
3
3
0
7
3
3
6
5
0
1
2
6
2
7
3
0
21
2
13
24
10
14
2
0
3
14
3
8
2
9
1
1
7
5
7
8
33
7
12
16
0
21
3
6
2
3
5
1
1
19
3
6
3
4
0
5
16
12
71
0
4
0
2
2
2
3
13
0
3
2
195
6
8
9
5
0
2
30
3
3
3
14
1
1
3
0
0
67
17
11
0
5
9
1
10
0
4
0
5
0
14
5
7
3
14
3
4
8
11
0
5
6
4
12
1
5
1
21
4
4
2
3
93
13
2
3
7
4
22
18
3
9
20
3
3
2
10
8
3
131
3
1
10
5
1
2
5
35
2
3
4
5
5
29
1
0
0
5
8
22
7
6
17
3
6
1
2
3
0
10
6
3
8
9
1
1
0
11
0
1
6
1
16
19
5
2
0
35
40
0
11
0
7
5
15
11
12
5
14
2
3
1
2
4
2
86
4
0
1
8
26
7
1
4
12
6
0
8
0
1
6
6
2
3
6
2
1
12
1
17
4
10
51
2
130
5
1
5
16
18
5
0
2
0
2
6
11
1
13
16
12
1
12
4
2
41
30
0
2
2
0
8
41
12
15
0
26
1
130
142
8
6
6
2
6
0
0
1
2
2
5
2
2
20
2
3
27
2
3
3
0
1
2
18
25
19
1
287
60
1
24
3
1
2
31
3
7
12
16
1
0
3
6
0
4
5
5
3
4
8
50
4
7
4
2
2
7
4
3
6
4
3
1
7
1
1
1
8
2
4
86
2
9
24
3
0
6
4
9
4
7
1
3
45
1
6
5
10
6
1
7
5
0
13
0
1
0
8
5
1
14
2
1
1
0
21
25
1
1
9
0
4
239
1
1
2
7
1
2
8
2
29
37
34
19
22
18
12
1
4
14
2
1
6
1
3
1
1
8
3
1
3
4
3
2
1
21
1
2
0
9
58
4
6
4
8
37
4
0
24
5
1
30
117
0
5
1
4
2
2
2
41
7
1
19
10
0
12
12
3
17
1
1
27
0
4
8
21
1
10
4
4
1
2
6
1
6
1
4
5
1
20
0
4
0
0
1
4
1
6
0
4
1
64
13
10
6
11
3
4
4
7
4
2
4
0
38
7
5
16
7
28
3
2
11
3
18
7
5
9
12
2
0
3
3
34
3
19
6
15
7
91
2
7580
4
4
2
0
1
5
49
0
2
5
4
3
4
5
9
5
2
8
5
8
1
7
23
0
0
1
10
5
3
2
6
0
2
2
3
17
6
7
10
1
8
167
774
5
2
1
13
30
19
6
1
1
8
3
9
3
6
28
6
5
2
0
9
9
96
7
6
10
4
0
1
1
0
1
16
3
2
25
2
7
2
0
10
1
2
4
3
10
71
9
1
2
6
2
3
3
5
1
1
2
9
4
11
9
4
2
13
3
3
7
27
10
3
3
11
13
2
1
0
7
5
2
0
7
142
1
7
64
15
3
5
25
2
1
1
1
10
6
56
65
3
1
1
3
22
8
9
24
5
3
3
1
1
6
0
6
62
18
4
9
1
0
2
2
2
7
4
5
2
4
8
2
0
1
16
0
5
1
1
89
2
3
1
2
7
2
4
0
3
18
42
1
4
40
20
2
2
2
758
3
13
2
6
1
1
1
1
2
5
2
42
3
8
3
1
65
3
1
99
5
0
2
30
22
4
4
2
4
3
2
3
3
0
7
1
3
4
8
4
1
11
0
20
8
0
0
9
9
3
22
1
3
6
6
3
10
3
0
1
6
7
36
7
0
16
8
26
4
2
1
1
19
5
6
2
12
5
0
1
1
1
15
12
4
6
5
0
1
0
2
8
8
4
15
2
6
2
10
10
2
1
4
9
1
3
11
0
5
4
4
1
1
7
1
4
0
8
9
2
4
9
11
6
7
1
23
20
30
3
4
1
0
0
0
4
6
0
9
10
782
19
21
5
10
0
5
5
4
0
0
4
4
1
3
59
4
3
2
4
0
1
230
1
0
0
18
7
2
1
3
13
0
8
2
3
1
26
12
32
2
2
10
4
2
5
1
1
1
0
5
13
0
0
2
11
3
6
9
2
3
1
2
6
1
5
1
2
0
0
0
12
5
4
4
7
2
5
1
42
7
3
0
0
6
0
2
3
1
4
1
86
10
2
19
20
3
1
5
10
11
81
53
1
4
7
3
8
38
0
26
16
0
1
38
3
8
25
5
2
4
5
1
3
3
85
15
2
1
7
0
11
8
4
2
22
5
5
3
5
2
12
22
0
2
4
3
7
10
0
1
7
10
4
6
10
3
3
2
4
2
7
0
0
1
0
5
0
1
0
11
0
11
16
6
14
17
11
0
3
22
12
7
5
4
0
1
3
3
16
3
4
0
4
1
1
8
9
6
0
0
0
70
3
1
5
9
26
1
7
32
5
6
3
4
47
0
5
9
2
15
4
0
3
0
0
6
119
3
803
4
7
3
0
7
7
13
8
5
7
5
4
1
6
9
3
1
0
0
0
9
20
28
3
21
4
5
2
3
3
8
4
17
4
26
1
12
4
10
42
7
4
2
10
52
1
1
3
3
2
2
1
1
6
0
7
0
13
1
0
0
3
2
0
2
7
1
14
4
2
7
0
1
1
5
1
21
2
5
6
9
2
2
3
0
20
2
7
20
1
3
10
0
4
15
2
2
8
2
9
0
2
1
4
14
5
0
8
10
75
2
0
25
3
1
7
3
5
5
4
7
7
1
3
2
2
33
62
2
1
5
5
3
3
16
8
20
0
0
20
5
3
8
1
3
11
4
1
3
1
12
2
3
14
6
0
2
0
6
2
192
21
2
4
350
1
8
1
6
5
2
21
1
75
17
7
28
0
0
1
0
3
1
3
0
52
4
1
3
2
17
2
1
3
3
5
36
2
12
0
3
4
4
0
9
3
10
8
0
85
0
2
1
1
11
3
2
8
9
2
4
2
57
10
0
3
11
3
21
1
0
2
1
1
4
87
1
30
0
4
70
1
3
14
2
0
2
2
5
0
1
1
2
0
6
25
1
6
2
90
2
0
0
6
4
19
0
11
34
3
5
31
5
5
12
5
37
2
28
109
29
18
1
1
0
8
0
31
17
2
6
0
3
1
2
4
7
7
5
10
4
1
1
26
14
4
2
10
2
2
0
2
3
3
1
5
8
1
0
0
4
3
9
5
0
4
1
6
0
5
2
3
3
10
5
6
5
25
5
2
3
2
5
0
7
10
0
3
0
0
183
3
2
1
22
7
4
49
4
1
8
6
7
4
9
1
13
14
3
11
5
3
1
7
4
1
2
0
0
2
1
7
6
1
1
10
5
4
2
10
10
4
22
2
2
3
5
18
3
2
5
0
1
1
2
1
3
8
0
0
1
38
3
1
0
1
174
14
38
1
16
4
4
4
0
1
1
6
2
2
6
10
6
10
0
23
6
3
2
9
2
16
1
0
1
5
2
0
44
4
3
6
3
3
2
61
18
5
0
4
1
5
4
4
9
75
15
0
5
1
1
6
2
5
5
5
4
6
1
6
2
1
2
38
9
2
1
7
18
5
16
3
2
1
12
0
4
7
12
7
5
15
0
18
1
0
0
1
0
21
2
30
2
5
46
0
13
1
4
4
34
7
6
3
5
5
6
2
6
2
2
53
2
2
4
3
1
4
7
7
9
3
3
1
12
4
10
2
0
4
14
3
6
48
2
2
10
0
2
5
2
0
3
5
131
5
1
17
10
4
18
8
0
2
4
110
3
110
6
1
0
8
7
5
5
10
6
2
22
12
6
4
0
165
6
12
1
3
42
1
2
4
8
0
2
4
0
2
0
1
4
2
1
2
1460
0
3
3
5
48
0
8
1
0
1
0
1
2
0
8
3
7
3
2
31
9
1
3
1
1
2
4
1629
27
146
4
19
5
75
0
0
2
2
15
1
3
1
3
10
26
5
29
12
8
1
16
0
0
4
5
2
5
4
3
2
2
3
7
3
12
2
17
2
7
45
0
6
3
7
3
6
127
6
0
2
1
1
3
2
0
5
24
1
5
1
0
1
16
81
20
1
3
0
1
13
2
1
13
2
13
3
23
4
13
0
0
5
1
4
0
0
5
1
8
2
3
0
3
4
5
3
2
32
17
1
4
4
27
1
8
0
5
14
4
1
24
14
9
2
15
4
2
5
17
1
2
9
0
266
2
1
2
3
4
2
0
241
6
6
4
0
3
5
3
2
2
4
1
0
2
22
0
1
5
13
2
1
0
3
2
2
0
2
7
4
82
24
4
6
15
16
33
1
28
0
27
7
15
4
5
5
77
1
0
0
1
0
2
4
12
6
5
7
15
2
291
12
19
0
2
8
4
32
10
2
4
3
5
19
168
1
8
1
0
1
10
5
10
9
13
2
7
66
2
64
0
1
11
1
14
15
2
1
2
4
5
13
3
1
6
3
2
2
14
10
9
6
118
2
16
24
35
8
7
84
10
3
14
956
16
31
6
2
3
2
18
4
1
0
0
7
0
3
33
3
10
13
1
0
1
2
7
0
0
1
5
3
52
11
10
0
1
22
11
6
39
2
37
50
9
4
9
32
3
2
20
11
8
1
1
4
9
2
46
0
1
3
4
9
72
5
65
6
38
0
0
10
3
1
4
8
53
64
0
3
1
1
4
1
3
12
2
17
37
0
2
6
33
3
3
0
17
43
13
0
2
0
3
0
8
1413
0
392
2
6
21
6
2
5
32
14
11
14
4
15
5
1
153
20
2
1
3
2
13
1
2
5
1
2
6
10
7
4
2
3
3
3
1
5
0
4
9
8
6
12
22
34
1
3
0
1
2
3
5
6
2
3
6
9
2
1
14
15
8
5
18
1
8
15
5
0
103
81
8
7
1
1
10
0
5
16
1
5
3
3
6
13
7
1
20
5
3
6
3
1
36
0
0
2
1
5
0
2
4
4
3
6
2
2
7
3
4
1
2
6
8
21
1
4
9
2
14
13
5
13
1
0
2
6
1
6
2
1
10
7
21
6
9
33
11
7
4
2
10
1
3
13
2
9
3
10
11
0
4
0
10
2
6
17
3
25
5
0
0
3
6
6
3
4
0
3
1
10
7
4
27
8
3
24
0
5
17
1
9
1
0
3
22
7
7
6
2
2
2
10
14
3
28
2
7
30
1
82
13
27
25
2
0
31
28
2
9
42
0
6
23
1
3
4
6
0
2
0
12
30
2
2
18
1
5
11
6
27
5
2
6
1
1
3
0
0
7
0
4
16
1
3
0
2
7
18
0
12
3
3
1
1
3
65
2
3
4
4
6
11
4
2
1
25
23
2
7
3
1
2
7
11
4
0
10
2
1
13
1
2
1
2
0
0
6
5
4
10
2
8
1
4
4
1
15
0
41
7
7
20
2
4
9
3
0
5
2
0
5
47
0
15
87
3
12
3
3
35
10
8
2
3
5
15
11
4
1
4
2
6
22
22
1
27
9
14
3
0
2
1
167
5
2
3
6
1
37
0
3
0
1
2
2
9
10
3
4
6
2
5
0
30
30
4
4
0
2
1
15
1
5
4
1
7
2
0
333
1
55
0
1
5
35
0
3
0
61
0
6
7
2
0
7
1
1
1
9
9
2
6
831
3
23
24
2
5
2
55
1
8
0
4
4
0
3
1
1
1
9
10
0
18
4
16
3
6
21
3
0
0
21
4
1
5
0
2
0
4
1
0
0
7
3
5
3
0
5
6
2
8
19
2
36
2
0
1
2
2
5
4
2
153
6
5
0
6
0
8
1
2
1
3
3
8
1
16
2
5
3
1
6
7
2
1
6
7
1
10
2
6
1
1
3
0
9
5
5
5
0
26
1
4
8
8
8
3
2
2
5
3
4
45
0
5
41
8
0
3
4
11
15
93
32
4
0
0
1
37
11
8
6
22
9
47
11
4
38
13
11
3
2
12
12
4
3
3
4
2
1
0
0
0
6
1
9
0
5
14
83
5
5
19
10
13
8
6
83
0
4
10
0
0
1
2
0
3
8
2
3
2
3
19
17
7
32
5
4
23
13
9
12
1
26
0
1
4
0
3
14
4
1
3
1
2
1
1
122
1
2
17
6
5
7
9
7
1
2
0
3
4
0
6
15
5
21
5
231
4
29
41
0
2
34
29
4
17
73
144
8
4
32
1
5
6
4
10
2
4
2
2
3
22
2
4
4
23
53
1
0
11
2
1
4
1
32
6
3
178
2
7
4
2
8
29
4
2
22
3
2
4
13
0
1
3
1
21
8
3
63
14
2
3
2
5
0
76
9
0
3
2
0
1
18
6
13
18
13
1
6
16
1
5
0
6
20
3
4
1
0
2
3
0
19
5
12
1
6
6
5
12
21
10
1
1
7
7
15
7
5
0
42
1
6
4
3
3
0
14
4
0
28
6
6
8
2
19
0
0
62
7
5
7
2
2
1
14
22
0
5
1
3
3
9
6
2
2
4
35
2
340
1
6
1
3
3
0
3
4
2
10
3
29
6
7
2
8
9
1
3
30
4
1
3
2
6
4
51
9
0
0
7
5
22
5
20
21
0
4
1
10
3
9
8
11
5
0
0
4
1
77
0
12
8
1
37
8
37
13
2
5
2
2
5
121
3
2
2
2
3
45
5
5
6
6
4
15
6
3
0
2
7
62
7
23
10
3
2
3
2
0
15
1
8
3
53
11
2
4
0
12
0
225
3
1
1
4
5
2
1
0
13
5
1
99
5
64
12
4
11
31
1
7
3
4
2
7
4
31
1
7
3
2
4
3
0
3
16
18
8
4
5
0
8
34
15
6
0
0
6
1
2
1
3
8
0
1
4
23
0
7
13
0
1
17
12
16
2
19
6
1
7
4
0
3
3
56
3
7
1154
0
2
3
7
6
4
2
1
11
10
0
1
4
46
3
2
0
26
2
7
5
2
13
0
8
28
6
5
2
17
1
11
2
0
1
8
1
0
3
4
1
1
6
40
0
28
3
13
8
39
0
0
10
19
3
11
4
3
3
0
2
0
3
7
0
5
9
2
0
2
20
0
2
1
1
1
3
9
0
0
21
16
3
7
3
10
14
2
3
1
160
40
9
18
6
14
11
9
8
1
3
4
5
1
14
4
13
0
9
8
1
66
2
3
8
3
18
2
4
3
4
7
11
1
17
3
4
2
1
3
1
0
47
3
1
5
1
1
9
1
1
22
5
129
0
36
1
2
23
14
45
8
3
2
1
2
7
11
11
2
34
1
1
24
14
2
21
4
2
7
6
68
0
0
0
17
2
30
10
6
11
2
0
1
10
1
9
11
1
5
0
1
4
12
6
4
17
0
2
4
5
3
3
17
50
4
0
4
1
1
4
9
17
4
25
30
2
95
1
3
16
3
7
60
6
2
732
3
7
5
5
3
65
3
3
0
17
0
6
2
2
1
12
3
0
11
6
13
16
2
5
2
1
3
8
1
0
4
26
3
4
1
3
2
2
7
1
3
21
6
15
18
24
0
8
33
5
10
8
2
7
0
2
3
2
5
3
0
2
10
0
0
7
0
6
2
4
7
1
16
10
7
2
2
4
3
6
4
4
4
2
4
0
1
1
164
4
17
187
6
4
3
2
20
2
5
32
68
0
3
2
1
8
45
4
91
9
4
1
28
0
18
24
2
1
3
71
0
5
8
4
5
19
15
0
5
2
6
32
2
20
8
14
0
4
3
13
2
6
2
5
186
26
1
0
4
0
11
2
14
7
5
0
10
7
1
1
3
5
4
1
5
21
36
3
1
8
7
3
6
4
17
0
2
4
1
2
5
4
7
1
3
13
3
1
2
12
1
11
7
2
22
14
4
23
2
20
0
0
5
1
2
1
4
0
4
5
6
1
6
42
9
2
8
8
20
1
5
3
3
8
1
8
1
3
0
2
8
7
35
0
0
0
7
9
10
1
3
12
8
16
16
1
4
7
20
0
0
11
45
34
5
4
144
7
24
6
2
11
1
8
11
2
3
1
8
67
3
7
3
0
22
0
1
0
4
3
6
29
3
7
2
0
1
2
5
28
8
12
1
1
7
2
17
79
17
3
11
3
31
5
27
1
13
4
2
1
89
6
2
7
9
1
14
1
32
6
1
0
2
4
35
2
3
2
1
6
3
3
1
0
2
42
3
5
25
2
1
3
28
3
1
3
1
14
15
6
4
2
3
12
2
6
6
0
11
0
2
6
3
1
4
1
1
1
2
5
4
6
2
0
0
6
2
13
17
4
8
6
4
169
1
4
1
7
7
1
6
0
4
0
1
0
17
2
2
4
1
6
16
7
1
64
9
0
4
26
7
5
15
5
4
5
0
5
14
6
2
2
22
5
11
6
14
4
4
2
0
0
18
12
6
0
9
11
3
3
1
2
26
21
6
6
9
9
11
23
12
9
28
4
3
3
2
2
8
372
1
3
22
2
5
192
63
2
9
4
31
32
1
79
17
0
1
3
12
8
7
10
3
7
2
7
4
1
1
2
4
5
4
10
9
8
4
11
0
0
6
6
2
15
13
0
2
2
3
29
0
1
4
5
3
6
1
3
2
14
6
3
3
2
5
8
18
5
312
1
1
0
6
0
72
0
2
3
3
0
14
0
2
1
1
3
214
5
7
77
1
5
5
2
2
13
4
13
8
16
4
1
40
1
12
11
65
2
24
0
0
6
5
2
6
2
4
9
3
8
2
9
8
0
6
1
6
3
0
1
0
4
32
12
24
6
11
2
89
4
10
1
14
4
5
4
5
2
6
10
0
15
3
1
4
2
2
4
13
38
5
11
4
5
1
0
3
3
3
2
1
5
10
2
1
2
3
30
10
2
9
3
4
9
7
77
0
7
11
23
14
4
18
3
9
14
3
100
16
15
0
1
4
9
6
10
3
2
2
959
2
1
11
12
3
1
3
6
2
0
4
3
1
6
3
2
0
28
3
4
8
1
5
9
145
0
3
15
4
3
7
25
5
2
3
10
7
8
4
3
1
3
17
0
1
78
3
1
5
5
5
19
105
4
1
1
14
1
6
2
0
2
16
3
71
0
27
1
4
1
61
8
0
5
2
2
2
0
6
2
8
6
5
2
3
9
6
1
0
2
2
0
15
8
21
4
1
5
21
21
5
2
354
1
3
5
7
5
3
15
2
0
2
3
2
0
4
0
3
3
2
21
2
7
31
6
1
4
1
3
5
8
62
24
7
30
3
1
11
1
18
3
0
21
6
31
3
7
5
1
2
8
0
0
27
0
1
9
127
6
4
2
2
13
2
1
23
32
2
3
7
24
3
10
1
7
1
8
7
1
7
2
5
21
0
4
13
25
1
8
15
0
3
3
7
1
2
7
3
2
2
9
19
10
4
2
0
49
8
2
6
2
1
26
4
2
4
3
2
3
58
3
4
8
5
47
0
68
4
8
4
1
4
9
29
4
1
0
0
1
2
5
6
10
4
3
2
3
46
7
1
10
13
1
4
1
10
2
11
2
15
8
4
17
1
25
33
2
12
3
3
3
6
5
12
5
5
7
2
2
3
2
4
0
3
1
1
0
1
3
1
9
1
2
20
6
5
3
14
4
6
16
9
4
92
3
1255
1
1
1
4
20
7
6
5
4
49
3
1
25
17
4
5
3
3
5
13
1
7
25
0
128
0
5
1
6
10
1
142
9
9
3
2
2
3
11
5
8
0
2
7
3
2
20
1
1
14
6
3
6
5
6
4
6
8
1
21
2
7
17
3
1
8
4
2
6
4
1
8
2
1
2
10
9
7
50
5
16
8
5
2
0
11
7
8
3
92
5
16
112
8
1
6
3
81
6
1
1
13
10
1
2
1
3
1
9
8
4
12
5
0
0
11
10
52
2
5
1
5
4
20
0
0
6
0
10
10
1
4
2
1
6
4
5
4
174
1
1
3
2
4
1
38
17
52
64
3
30
0
1
12
39
7
1
25
0
1
2
3
51
1
0
3
1
3
1
3
23
0
2
6
4
1
10
7
10
0
0
1
4
6
1
2
10
8
9
43
2
10
1
16
3
7
6
17
10
2
0
1
0
8
6
49
4
1
0
8
2
11
1
2
0
5
15
2
7
5
2
0
2
2
6
7
77
10
0
1
64
0
3
10
18
12
5
10
4
2
3
5
3
5
5
3
0
0
8
4
8
3
5
4
17
5
2
5
4
3
0
0
1
34
1
6
5
5
6
818
1
3
5
0
5
13
4
2
1
5
8
1
0
60
2
2
3
1
6
11
2
6
3
0
10
8
61
5
3
6
0
0
2
1
1
2
8
4
1
10
3
2
6
5
12
14
7
1
2
0
14
8
7
6
1
3
8
11
208
1
1
2656
15
9
4
12
3
17
7
4
2
1
2
41
6
5
9
2
3
0
10
2
0
5
1
10
8
5
3
44
0
0
282
0
2
11
0
105
5
0
3
2
3
5
6
129
4
28
5
236
4
17
5
9
3
4
3
80
1
1
2
3
0
30
6
10
6
10
10
0
1
4
0
3
20
2
0
2
3
2
5
11
2
2
6
4
0
935
7
43
1
2
13
5
19
9
3
4
10
6
1
7
3
3
0
12
15
11
1
1
7
0
15
1
0
19
0
5
2
2
8
0
3
75
57
10
7
5
6
2
5
1
0
11
2
6
1
20
2
24
6
2
1
0
0
0
1
7
1
1
0
0
1
5
49
7
4
8
4
0
11
12
231
1
0
0
11
0
23
5
0
9
1
2
11
2
0
3
7
4
5
38
5
30
4
3
19
13
108
0
2
18
0
2
1
4
5
21
9
1
4
0
3
3
438
6
13
280
1
7
49
0
4
2
2
5
14
7
4
0
0
29
10
7
8
1
40
2
1
1
4
1
5
30
7
6
16
5
4
2
0
7
7
16
11
6
55
13
4
1
1
5
4
3
3
10
1
3
1
36
13
19
15
3
16
7
2
8
3
4
10
7
6
6
16
6
26
29
3
6
0
22
1
1
6
12
5
0
3
150
2
8
1
1
0
0
3
1
4
10
21
2
40
3
4
12
7
0
21
21
2
2
0
1
2
1
7
1
17
0
4
4
8
5
1
2
0
8
6
11
0
15
77
7
4
6
14
4
4
4
4
10
0
9
4
1
7
5
34
1
10
3
2
1
6
4
7
1
9
2
2
77
4
11
3
0
260
12
5
4
4
3
3
1
9
2
1
1208
1
10
18
1
1
6
58
956
3
6
4
7
1
38
3
7
518
2
8
12
0
333
1
2
5
2
2
1
7
4
1
9
1
1
2
1
3
21
3
2
2
0
2
1
3
10
18
1
6
16
5
1
43
1
5
4
0
3
4
4
1
1
3
20
9
3
2
6
25
7
0
5
0
3
4
6
15
0
3
9
55
0
1
122
5
13
1
2
10
2
1
6
8
0
2
2
0
4
148
4
10
0
21
28
9
5
22
8
3
10
23
48
6
24
3
3
6
8
31
2
0
2
70
4
4
8
27
4
3
2
7
20
19
0
8
2
0
15
11
3
0
6
0
1
9
1
9
9
11
45
1
5
7
1
15
2
31
2
6
0
18
201
1
4
14
3
3
18
6
1
5
3
20
5
5
1
0
12
1
5
6
3
0
3
4
1
4
9
0
39
20
0
27
21
2
3
0
2
2
0
1
6
7
4
11
8
0
3
2
16
4
3
16
10
1
1
7
5
2
5
3
7
9
21
1
1
9
4
6
1
2
1
1
8
1
4
24
3
8
2
0
4
7
0
27
2
2
6
1
9
3
19
4
20
1
15
9
0
6
18
9
8
0
10
3
17
2
1
2
0
2
6
2
2
1
2
4
4
1
2
40
1
5
2
8
3
19
1
5
0
3
63
2
0
0
1
29
2
2
1
0
188
30
1
6
1
32
0
7
3
0
2
1
12
1
56
6
39
0
3
4
0
3
9
0
5
3
0
5
2
2
2
3
20
0
7
12
1
7
4
10
4
0
0
5
2
11
10
86
5
3
2
0
11
2
1
11
4
3
6
17
7
1
7
3
4
0
24
1
14
2
2
84
6
1
6
4
5
136
5
2
1
1
1
9
1
1
2
4
5
1
4
21
8
1
4
12
7
0
5
2
20
2
3
7
16
1
3
4
13
24
28
4
3
0
3
2
3
2
0
4
2
4
0
2
2
16
1
2
7
1
4
5
595
1
23
12
4
1
6
29
4
15
0
2
0
6
0
81
1
0
4
3
18
3
2751
4
0
3
73
8
3
241
22
13
3
3
7
2
9
2
1
19
617
2
6
10
8
15
7
1
3
12
1
3
5
1
2
5
2
1
0
1
7
8
1
2
1
76
2
4
3
11
0
6
2
0
1
1
1
2
5
9
5
1
3
4
9
3
8
148
2
4
2
5
5
0
3
2
9
20
1
1
3
6
1
10
3
2
1
3
7
10
7
105
9
2
430
1
1
3
4
5
30
5
11
6
1
3
8
2
4
3
2
0
16
16
1
7
3
1
1
2
3
2
3
13
2
0
1
4
7
2
20
7
2
7
13
7
23
6
3
3
6
1
0
0
7
1
4
0
2
3
0
5
11
3
21
11
2
4
2
6
2
12
6
3
2
21
3
2
22
1
7
2
0
96
11
0
46
8
2
64
0
24
2
16
3
7
2
1
5
2
19
0
2
4
2
6
3
0
1
107
1
0
11
17
1
3
3
0
8
3
3
0
0
6
1
23
2
6
2
93
1
5
5
11
8
2
13
5
6
18
4
32
9
3
25
2
0
1
19
4
3
0
11
5
1
7
1
1
1
4
6
6
6
2
2
1
3
7
2
21
3
7
322
6
3
17
9
13
2
12
0
4
0
14
1
1
1
5
5
38
1
5
4
16
5
13
7
3
5
9
4
4
3
1
11
1
3
3
21
4
63
2
0
79
168
39
1
11
85
0
7
4
23
0
0
5
0
3
12
9
5
6
2
3
15
103
0
6
2
4
9
3
0
3
1
7
0
2
6
2
3
3
22
1
16
9
2
0
2
23
36
3
3
1
5
1
11
3
17
25
13
3938
0
12
2
2
15
6
2
14
21
0
16
5
31
0
11
15
13
0
4
4
6
1
3
4
10
1
2
4
0
15
169
6
6
4
1
5
24
4
1
31
21
1
5
3
9
74
0
25
1
161
43
0
2
16
0
7
2
6
17
4
3
18
32
2
12
3
63
6
13
11
13
7
1
325
3
0
4
5
4
18
38
1305
1
7
4
8
40
0
5
0
3
0
0
22
44
0
2
13
2
4
3
5
3
0
6
4
33
11
13
2
0
26
39
2
4
1
9
1
72
5
2
2
16
27
0
10
149
3
33
0
4
22
1
4
5
0
5
0
2
2
0
4
5
2
0
0
9
1
28
2
13
9
41
5
0
0
38
1
2
10
1
4
2
5
0
5
11
6
0
0
27
1
3
3
3
0
8
5
7
3
7
1
6
7
14
26
13
0
11
1
2
2
17
3
24
0
3
0
6
7
6
30
2
4
13
0
25
21
7
2
0
2
4
0
2
0
6
34
2
1
0
6
13
23
185
6
0
0
2
5
14
90
7
3
1
1
54
1
0
9
4
7
23
2
1
3
10
1
11
0
8
18
20
21
65
3
0
0
2
6
6
1
15
4
1
8
16
8
2
3
8
0
9
11
3
2
2
1
6
0
286
3
1
2
22
1
3
1
42
156
38
0
8
2
13
1
3
2
8
3
10
4
272
4
3
12
2
0
5
6
2
2
5
5
131
13
9
5
1
0
33
7
94
11
13
2
1
22
8
2
5
1
2
2
7
1
5
11
4
1
6
0
1
0
6
2
1
0
0
1
0
0
0
1
15
14
53
22
1
7
2
11
6
3
1
11
0
139
2
204
3
1
3
37
4
0
2
3
67
1
1
2
1
4
4
1
7
0
3
11
1
5
28
17
8
9
1
1
4
5
6
1
6
0
2
4
3
2
1
1
1
0
11
7
2
3
3
2
6
0
6
11
2
0
11
11
5
0
0
6
4
6
5
11
1
21
1
3
27
1
2
53
70
1
3
5
0
4
0
5
26
6
0
2
6
12
12
0
2
32
9
7
6
2
76
6
0
16
319
1
12
1
4
9
5
11
1
5
6
28
5
14
9
2
1
4
2
2
2
266
11
2
1
56
1
4
13
27
5
1
5
7
22
5
1
18
16
0
12
7
10
5
4
2
9
3
6
11
1
1
2
9
2
13
20
2
6
15
6
2
378
42
3
12
20
5
1
5
2
4
1
6
5
2
2
4
6
3
93
7
3
4
2
3
10
7
7
11
7
0
0
10
9
35
860
3
25
5
0
11
1
2
4
1
4
1
3
4
1
1
0
8
10
0
27
5
2
39
4
3
10
0
6
13
2
4
2
1
2
13
3
12
1
3
0
0
5
2
0
5
17
12
6
2
3
5
2
1
219
8
27
9
2
0
1
20
3
18
8
14
24
5
10
1
6
54
5
195
2
5
1
3
5
51
38
1
2
7
22
3
2
62
17
0
0
10
1
2
7
0
3
3
3
9
5
5
43
1
0
0
2
0
17
0
2
6
10
7
19
1
0
7
13
3
3
0
4
45
1
429
19
2
53
0
6
2
8
1
6
1
0
5
1
0
7
20
4
8
3
9
4
2
1
3
7
5
2
16
1
10
5
6
5
5
3
0
23
5
10
11
7
27
1
36
9
4
13
14
1
2
7
4
0
12
98
3
5
1
4
6
1
4
2
14
0
0
1
12
1
0
8
11
10
1
16
15
25
20
3
0
10
5
5
9
29
2
4
5
53
9
2
3
9
7
3
2
0
1
1
5
10
11
1
1
14
0
1
5
1
33
3
4
19
2
1
21
2
5
4
4
19
3
1
3
2
9
4
25
0
0
6
19
1
4
21
11
17
6
4
10
0
13
32
1
1
2
25
2
1
0
3
6
3
20
4
1
1
6
11
5
18
11
8
3
20
4
5
0
0
1
5
22
2
17
96
3
4
3
5
2
4
11
1
15
2
4
22
8
2
6
1
1
2
4
3
2
6
1
6
2
3
3
0
135
0
3
13
1
1
0
30
0
1
0
3
1
1
3
6
6
1
7
0
6
0
4
8
6
0
0
1
2
6
2
3
2
4
5
5
3
4
39
20
1
1
3
0
9
1
2
26
23
11
1
3
0
9
0
7
3
0
300
2
6
4
5
0
4
14
6
0
7
30
2
28
18
129
8
4
7
56
6
3
0
14
1
2
7
2
0
5
3
0
0
1
3
0
5
6
0
3
3
2
6
4
7
11
2
4
17
2
3
2
5
2
5
5
4
4
32
3
2
3
9
3
0
6
3
7
1
1
29
1
8
27
2
4
39
4
13
14
5
8
2
0
520
5
7
4
2
19
2
7
35
23
6
3
3
6
8
6
5
2
0
1
0
1
5
6
5
3
0
2
4
11
9
1
17
7
44
1
8
1
1
1
1
1
0
1
5
58
2
3
7
2
1
45
6
7
0
2
0
2
0
1
3
1
7
4
2
2
110
1
6
3
5
5
7
1
1
1
20
40
9
6
4
34
0
2
259
3
1
6
4
38
155
3
13
4
4
1
4
4
11
32
10
3
11
7
6
0
3
39
5
0
7
0
9
2
2
16
9
4
5
7
3
7
2
6
3
5
4
2
1
13
2
2
0
3
47
1
30
22
1
2
372
1
1
13
229
2
4
0
8
11
9
1
2
3
5
4
7
26
3
0
28
2
2
10
3
0
2
0
10
6
1
0
7
1
2
0
10
6
9
4
1
2
79
4
4
0
0
2
7
31
5
19
4
0
114
10
2
3
6
1
2
6
8
15
6
9
7
8
11
5
2
5
2
7
1
7
1
22
6
0
0
30
8
2
7
3
1
68
11
43
0
4
0
19
9
5
4
5
0
2
0
61
4
4
12
2
3
29
8
0
6
9
7
6
5
1
1
3
226
1
1
1
4
8
0
8
0
2
0
2
6
4
8
3
35
0
15
4
5
3
3
0
23
7
2
3
3
4
0
5
5
3
0
6
12
18
2
4
2
4
0
0
1
8
1
3
5
0
1
30
1
3
6
98
3
0
13
0
0
0
2
3
5
8
84
3
0
5
6
11
0
9
7
7
2
16
2
0
8
1
0
0
0
0
1
1
18
3
8
0
8
2
2
3
3
0
0
2
2
13
7
1
0
1
3
2
3
7
3
10
4
152
8
10
0
1
10
11
23
5
6
8
2
4
5
6
8
0
1
3
2
32
2
13
1
26
11
1
4
6
4
2
5
5
1
15
0
1
1
5
6
1
5
0
0
22
1
0
0
2
6
7
15
1
1
2
6
3
9
6
5
3
6
41
400
3
24
2
3
10
17
6
5
11
5
146
5
34
0
38
1
7
0
8
9
7
3
42
2
2
8
0
3
3
31
38
1
4
7
7
3
21
4
2
27
10
4
3
1
3
1
0
6
1
4
1
3
4
1
3
11
10
34
15
25
1
0
9
3
0
40
1
10
0
6
3
1
0
6
8
0
2
7
5
3
3
4
0
5
7
30
12
2
8
12
3
8
12
7
3
66
1
17
13
13
1
13
2
2
21
0
12
23
7
0
2
15
7
1
25
8
5
1
8
7
1
60
16
1
2
21
4
1
6
34
2
8
3
35
29
0
27
5
10
3
4
1
1
4
3
1
0
9
552
4
8
2
1
10
11
1
2
1
11
0
9
0
1
2
3
0
2
0
2
125
8
0
5
0
15
2
5
5
2
30
4
1
6
1
0
3
6
3
2
23
9
2
11
3
59
0
2
0
9
3
0
1
5
24
3
24
0
7
11
5
5
0
2
2
11
29
0
2
3
2
17
1
2
77
14
4
0
1
2
26
4
21
24
7
8
3
6
2
1
1
6
5
6646
3
3
62
6
3
3
23
1
2
5
3
1
0
9
2
7
1
1
185
4
7
0
6
2
2
6
21
6
9
3
7
3
0
11
10
3
5
4
2
3
6
260
2
3
0
1
1
3
9
7
4
8
3
0
21
7
22
8
10
1
0
17
366
5
101
3
3
3
12
3
4
4
3
16
1
5
3
4
11
3
6
4
1
0
39
54
7
3
8
0
5
22
28
2
5
3
12
5
5
6
9
4
2
68
11
1
17
3
3
1
0
3
2
5
27
1
3
17
4
7
28
5
7
18
3
1
2
6
0
3
427
11
4
12
9
0
20
144
1
3
21
3
0
12
1
4
4
2
8
4
1
2
3
2
10
1
1
2
0
4
0
10
2
18
20
42
0
2
1
0
4
3
2
1
0
9
1
2
6
41
7
2
3
4
6
0
0
7
7
29
4
3
2
6
10
11
8
3
6
2
4
18
4
11
3
14
9
3
2
8
12
3
39
15
1
1
5
3
18
2
3
2
3
3
9
4
4
0
1
5
2
53
26
0
1
4
6
2
4
2
2
1
5
1
21
0
6
6
76
4
2
3
9
2
9
0
1
19
7
5
6
2
1
12
2
1
5
