16
42
21
23
52
24
23
14
30
28
18
28
8
22
66
25
21
15
12
25
31
44
26
29
23
28
26
34
37
40
26
37
108
620
23
77
20
24
43
58
35
40
44
22
263
22
108
12
70
29
35
23
43
46
36
29
104
20
35
37
20
24
38
74
74
16
25
29
32
17
76
26
13
72
41
41
31
19
25
15
27
32
23
30
19
22
20
17
28
34
33
101
43
76
31
15
45
26
24
87
48
46
13
24
40
17
45
23
33
32
33
93
69
35
111
43
45
59
73
50
39
47
24
45
14
62
19
33
25
22
56
74
101
77
24
24
25
25
19
49
37
49
47
23
40
82
35
21
29
37
19
20
67
20
168
26
23
158
34
18
41
36
36
42
24
41
58
28
37
16
44
45
16
33
22
25
29
32
44
32
38
33
19
23
76
15
44
28
72
34
23
29
47
31
18
15
34
23
34
1896
24
30
48
13
23
27
41
27
42
22
54
38
23
45
37
41
26
24
26
18
34
58
36
109
26
22
99
36
28
46
28
42
43
17
26
49
28
35
26
38
13
52
25
18
38
70
32
19
23
27
24
10
90
28
26
51
18
43
152
14
31
21
27
25
14
29
27
29
15
33
102
29
16
20
33
27
32
37
17
36
38
25
47
21
23
47
45
19
109
34
210
21
13
26
25
32
20
29
28
37
38
25
16
31
17
28
39
26
24
18
29
55
16
22
38
43
19
16
23
15
11
42
15
34
15
14
73
96
31
72
29
13
35
41
31
34
41
24
20
67
17
37
22
56
11
16
8
22
36
33
35
93
26
32
114
23
30
14
71
22
10
234
24
16
97
76
33
22
44
28
25
55
20
16
31
26
49
21
17
29
13
43
17
43
27
27
38
47
27
102
37
23
27
24
9
16
30
35
34
42
28
74
21
32
37
14
17
24
16
12
71
30
14
16
41
22
28
154
27
28
16
30
15
58
22
40
10
31
242
21
25
11
23
49
19
103
48
38
25
107
43
54
15
55
26
29
39
154
50
31
22
50
22
54
65
21
33
23
252
21
26
39
37
7
152
40
32
20
24
26
115
21
180
25
31
14
61
13
31
10
591
25
417
18
38
28
13
20
28
37
35
40
25
34
30
32
30
23
76
22
16
42
21
23
52
24
23
14
30
28
18
28
8
22
66
25
21
15
12
25
31
44
26
29
23
28
26
34
37
40
26
37
108
620
23
77
20
24
43
58
35
40
44
22
263
22
108
12
70
29
35
23
43
46
36
29
104
20
35
37
20
24
38
74
74
16
25
29
32
17
76
26
13
72
41
41
31
19
25
15
27
32
23
30
19
22
20
17
28
34
33
101
43
76
31
15
45
26
24
87
48
46
13
24
40
17
45
23
33
32
33
93
69
35
111
43
45
59
73
50
39
47
24
45
14
62
19
33
25
22
56
74
101
77
24
24
25
25
19
49
37
49
47
23
40
82
35
21
29
37
19
20
67
20
168
26
23
158
34
18
41
36
36
42
24
41
58
28
37
16
44
45
16
33
22
25
29
32
44
32
38
33
19
23
76
15
44
28
72
34
23
29
47
31
18
15
34
23
34
1896
24
30
48
13
23
27
41
27
42
22
54
38
23
45
37
41
26
24
26
18
34
58
36
109
26
22
99
36
28
46
28
42
43
17
26
49
28
35
26
38
13
52
25
18
38
70
32
19
23
27
24
10
90
28
26
51
18
43
152
14
31
21
27
25
14
29
27
29
15
33
102
29
16
20
33
27
32
37
17
36
38
25
47
21
23
47
45
19
109
34
210
21
13
26
25
32
20
29
28
37
38
25
16
31
17
28
39
26
24
18
29
55
16
22
38
43
19
16
23
15
11
42
15
34
15
14
73
96
31
72
29
13
35
41
31
34
41
24
20
67
17
37
22
56
11
16
8
22
36
33
35
93
26
32
114
23
30
14
71
22
10
234
24
16
97
76
33
22
44
28
25
55
20
16
31
26
49
21
17
29
13
43
17
43
27
27
38
47
27
102
37
23
27
24
9
16
30
35
34
42
28
74
21
32
37
14
17
24
16
12
71
30
14
16
41
22
28
154
27
28
16
30
15
58
22
40
10
31
242
21
25
11
23
49
19
103
48
38
25
107
43
54
15
55
26
29
39
154
50
31
22
50
22
54
65
21
33
23
252
21
26
39
37
7
152
40
32
20
24
26
115
21
180
25
31
14
61
13
31
10
591
25
417
18
38
28
13
20
28
37
35
40
25
34
30
32
30
23
76
22
12
34
19
16
115
38
36
40
93
30
29
37
115
42
29
21
15
24
28
9
76
31
17
101
30
58
153
151
32
23
37
42
17
46
29
43
19
34
18
36
27
34
16
23
43
50
83
48
37
24
27
39
15
33
23
13
34
31
26
24
20
27
26
34
28
14
76
21
45
69
36
35
16
18
34
66
27
50
23
33
32
22
34
23
21
43
85
23
46
64
11
82
28
30
12
29
29
31
31
54
33
45
37
31
16
42
40
34
147
19
37
12
24
17
20
22
48
20
26
31
357
38
43
34
40
9
15
69
25
33
28
41
17
23
17
20
17
181
46
32
23
20
49
18
37
19
36
20
20
11
42
28
30
22
41
28
25
38
54
23
35
20
45
47
16
28
19
76
23
27
26
28
183
38
23
16
25
36
65
49
17
36
37
40
28
35
30
22
42
261
24
21
45
21
27
23
22
85
30
16
35
35
42
99
18
13
14
37
31
72
27
25
53
15
46
29
22
41
29
56
28
22
45
37
37
20
22
55
6
24
35
24
53
57
28
9
21
84
85
16
33
13
21
24
51
44
36
28
43
25
22
20
26
40
21
184
27
18
15
30
69
30
34
25
52
24
36
47
17
20
38
32
17
23
31
23
23
39
33
51
34
32
129
24
208
24
13
28
65
59
35
11
15
21
18
37
42
16
46
66
44
21
50
30
36
98
68
9
17
28
30
25
109
46
62
32
67
22
251
291
36
38
38
31
43
16
13
14
21
24
18
31
34
59
26
22
75
13
29
24
12
16
17
57
64
48
22
458
107
11
65
21
21
7
106
30
26
54
64
19
18
24
36
17
24
20
29
28
21
35
119
24
43
25
30
26
44
40
31
25
24
14
21
31
19
30
13
43
32
39
172
29
37
51
12
18
28
31
42
29
29
15
36
84
17
33
36
54
41
17
33
35
11
48
17
17
20
32
20
30
58
28
9
28
23
55
84
33
13
35
26
31
401
21
12
18
27
14
23
42
16
74
97
65
52
77
43
31
16
39
50
25
17
24
23
22
25
19
48
23
24
33
33
18
29
16
72
21
23
11
38
141
37
27
20
36
105
33
20
60
26
39
84
211
13
43
27
29
17
18
21
134
30
20
64
38
20
26
43
23
50
25
11
63
20
28
51
58
29
49
42
29
26
20
24
13
47
18
26
30
27
70
25
27
19
26
29
25
17
27
20
32
10
142
52
37
35
37
33
34
29
36
28
19
26
20
74
28
14
67
30
83
13
20
40
34
66
37
26
31
41
22
22
26
30
80
25
64
31
46
37
186
17
10499
32
29
17
17
21
33
125
11
26
22
23
24
20
27
42
24
23
45
27
37
28
48
53
13
15
22
30
28
28
18
46
24
26
25
17
53
19
31
29
24
44
273
1089
27
27
35
40
77
57
42
26
23
29
24
45
25
37
71
44
33
19
20
54
39
175
23
23
42
22
12
20
27
29
29
53
18
28
64
26
37
27
27
53
21
31
24
24
42
174
51
28
20
34
19
29
25
43
25
16
23
28
20
38
46
25
21
43
24
32
28
68
41
26
24
57
48
30
18
19
37
37
21
22
36
233
23
24
121
48
31
33
57
18
26
9
10
34
34
131
150
29
34
15
21
55
35
34
87
41
24
25
17
21
21
20
25
142
45
34
42
17
14
23
25
18
39
25
30
13
25
29
24
12
29
58
23
27
19
28
182
24
15
25
30
24
19
28
26
22
42
80
19
26
110
63
24
14
24
1109
32
47
20
27
18
18
24
31
31
34
25
93
33
52
15
14
143
39
25
170
25
16
30
105
63
24
28
34
25
23
17
19
27
12
43
22
21
21
44
31
20
43
17
59
32
6
26
41
41
28
62
24
17
49
36
32
34
28
14
21
32
37
80
40
20
63
40
63
33
36
20
25
70
26
40
19
35
40
7
10
13
23
47
45
24
18
25
23
25
30
26
35
32
25
48
16
29
26
38
38
20
15
26
31
25
37
43
8
25
36
23
25
25
32
23
28
10
35
35
23
15
52
50
32
41
25
65
64
84
25
26
12
19
25
23
31
37
12
35
39
1314
61
66
28
38
14
33
17
28
28
19
32
29
20
30
115
30
39
32
39
22
26
371
20
30
16
55
55
20
20
28
51
19
20
19
26
25
75
35
58
31
21
46
20
34
50
17
26
18
12
28
42
11
18
33
44
30
31
42
27
21
12
29
40
19
32
28
22
15
15
16
39
32
35
24
35
18
27
19
86
35
33
12
22
27
19
23
16
24
31
22
178
34
19
46
54
21
30
28
49
38
154
102
24
27
31
29
38
84
13
56
67
23
13
107
26
37
58
42
21
31
31
15
26
32
191
51
27
19
30
22
45
34
19
31
67
44
34
30
36
21
37
57
16
25
32
29
54
39
18
19
32
37
21
25
57
26
29
15
25
23
36
22
20
15
16
23
27
14
19
29
11
43
46
33
40
40
45
18
33
43
44
46
43
26
18
17
22
35
43
18
24
11
21
25
19
50
38
32
17
16
16
126
42
22
28
29
75
19
38
90
28
56
23
19
92
12
15
33
25
62
17
16
30
26
23
33
212
32
1289
33
42
26
28
36
37
44
39
18
26
27
20
26
25
35
23
25
20
20
17
47
73
82
41
58
21
22
17
27
30
41
21
49
21
64
19
31
29
50
102
41
22
21
42
115
22
18
27
24
23
19
18
17
35
16
47
12
35
20
12
20
23
23
11
22
32
22
43
23
14
21
21
15
13
38
17
45
32
27
34
43
22
18
24
19
58
27
38
65
28
24
47
12
30
43
18
16
24
24
41
18
13
25
14
34
37
32
39
30
181
35
16
59
21
26
31
20
31
25
30
42
29
19
25
23
20
81
121
27
21
34
33
16
36
57
32
56
24
18
47
30
22
35
17
25
52
22
15
27
21
49
18
27
47
34
25
28
15
22
34
362
75
33
15
593
15
33
21
28
43
22
48
19
122
65
21
66
13
17
10
15
32
18
26
20
122
22
23
21
22
50
36
27
40
17
21
79
20
52
18
23
36
27
18
42
29
44
26
15
177
15
24
22
18
43
32
24
42
51
30
30
30
135
53
22
21
35
20
63
24
15
21
12
21
23
152
14
84
23
19
124
16
34
35
37
16
21
26
38
13
19
36
15
22
22
72
11
37
25
152
7
22
18
40
32
72
10
35
75
27
39
92
39
20
54
34
104
26
61
209
77
69
17
33
19
36
20
76
51
33
41
24
28
19
13
30
33
32
21
33
31
30
24
66
34
45
19
41
24
33
18
19
21
28
17
34
36
20
17
8
38
25
28
19
24
18
30
37
16
19
24
23
25
32
28
30
19
93
25
21
35
26
32
18
30
38
25
35
8
17
333
22
18
15
50
39
22
115
30
23
30
39
29
37
33
18
40
56
34
45
25
24
11
40
20
22
19
13
23
17
32
39
44
21
22
39
29
21
22
52
59
27
66
16
26
22
28
75
26
23
22
23
22
30
24
24
24
43
29
28
15
91
29
27
13
18
270
57
89
20
52
34
28
21
17
24
17
37
29
17
20
42
47
39
21
58
36
32
17
32
23
50
24
12
25
29
29
26
94
34
30
32
18
21
45
137
79
25
20
40
23
30
41
24
35
155
72
16
30
28
22
27
21
38
43
41
30
42
16
26
22
15
22
91
40
18
17
29
47
31
59
31
20
14
38
17
31
38
34
34
38
59
17
63
13
16
20
26
23
47
18
102
23
39
81
22
30
20
30
21
80
31
24
40
33
33
30
35
19
24
27
119
14
23
47
30
18
29
35
31
37
27
30
17
51
30
38
26
25
27
59
19
38
120
13
17
45
11
21
35
31
22
25
30
229
27
21
48
28
43
70
49
18
32
23
198
21
188
42
23
20
44
26
26
33
39
43
13
64
43
46
32
11
330
27
60
16
20
98
34
32
27
42
14
16
26
23
22
20
32
24
24
19
18
1932
6
29
23
23
104
21
44
17
19
26
10
18
20
16
26
24
27
24
24
106
35
26
31
21
20
32
32
2544
76
274
32
65
40
162
16
15
27
21
71
15
26
21
23
40
55
36
86
48
35
16
45
12
23
35
32
19
30
19
32
31
23
28
30
30
71
39
54
23
36
120
15
24
25
36
33
39
252
30
15
19
18
21
34
20
21
28
50
32
25
25
11
19
43
160
65
16
22
21
19
67
18
12
42
19
59
27
80
26
38
21
19
31
23
25
20
15
33
14
47
32
27
16
22
26
40
29
22
81
36
21
28
35
70
23
37
12
28
67
37
23
72
59
41
13
40
26
30
33
43
13
19
37
18
384
15
17
35
28
44
19
10
432
42
26
25
22
37
32
21
28
19
23
22
14
22
57
13
16
45
43
22
22
19
26
31
18
20
22
32
38
167
50
27
38
60
48
86
26
61
17
76
34
51
26
15
24
123
18
11
17
22
21
18
23
34
42
33
44
55
34
490
57
54
17
27
35
23
73
37
17
27
21
27
44
293
24
35
17
13
19
46
27
53
43
47
27
29
144
24
124
21
18
41
24
41
51
35
21
32
33
25
37
22
16
26
24
21
16
51
31
32
40
204
31
77
51
96
39
27
141
24
21
63
1400
65
80
33
19
25
37
50
25
19
16
26
35
22
20
65
23
62
56
28
22
35
30
24
24
22
17
25
38
108
36
47
15
17
90
32
43
88
16
98
124
39
37
41
81
25
30
42
49
38
14
21
33
41
23
97
9
20
23
32
46
184
34
126
49
92
9
10
39
25
20
20
30
122
144
20
34
24
13
42
12
20
48
17
59
105
12
21
46
90
32
15
18
54
88
57
17
26
17
23
17
40
1824
15
670
23
35
60
39
29
51
71
44
41
46
32
44
35
31
314
71
25
19
33
27
49
21
14
39
26
20
27
62
37
37
24
35
29
30
17
41
14
20
37
32
30
55
80
91
18
37
16
14
18
33
31
32
30
14
41
36
22
28
52
47
30
36
55
20
36
41
34
32
182
136
36
34
15
27
43
11
30
61
8
30
33
29
39
36
30
29
43
28
18
40
25
18
79
26
11
28
21
31
27
23
24
24
19
33
27
15
32
28
32
19
21
28
28
58
24
19
50
25
41
49
29
45
20
12
29
29
32
31
23
28
45
47
57
31
52
97
39
43
22
26
47
20
20
49
20
24
23
34
41
13
37
23
41
22
33
67
28
61
46
14
15
38
35
23
22
28
14
30
22
34
32
22
70
42
11
81
27
48
69
14
32
26
23
41
57
39
45
44
19
25
36
46
47
22
92
24
26
70
28
172
66
79
85
14
18
63
67
13
38
78
31
24
62
21
21
32
35
14
24
22
34
84
13
27
77
11
36
37
31
79
29
25
27
17
30
28
23
14
39
20
26
55
25
26
16
34
39
54
20
45
14
16
30
40
21
126
27
24
36
17
30
43
37
19
24
82
66
32
46
32
19
28
36
43
27
20
46
34
26
51
18
20
14
27
21
15
27
36
23
40
41
30
15
33
43
20
59
15
97
29
31
74
20
34
32
29
15
33
18
30
31
123
16
47
160
28
41
30
28
77
42
39
25
31
26
60
40
28
33
24
32
35
75
48
19
88
32
72
28
27
23
21
284
26
28
21
25
16
99
11
25
12
25
25
19
31
46
36
31
45
24
40
17
108
75
22
29
18
23
24
67
30
42
22
16
40
32
10
514
10
132
16
14
38
66
20
29
13
114
18
27
26
23
10
33
29
20
14
40
48
25
27
1244
21
78
64
38
22
50
149
14
33
15
29
34
14
22
26
9
19
36
38
9
58
19
50
32
27
57
23
25
15
93
23
21
23
9
31
18
24
34
17
13
32
22
31
16
12
30
39
20
38
74
32
76
18
20
31
26
26
37
29
14
274
35
28
15
37
35
41
15
21
24
39
17
23
12
52
25
22
25
18
38
32
25
20
46
33
15
45
34
48
32
20
33
19
47
18
32
22
21
82
24
33
35
44
33
21
22
39
40
19
40
113
19
33
94
32
20
33
29
48
39
138
69
25
23
20
24
74
36
39
28
60
28
111
50
29
126
49
33
23
27
44
56
32
24
15
33
25
11
22
27
24
32
15
39
17
21
39
158
28
34
63
38
48
30
30
187
13
21
38
16
16
21
20
10
31
39
31
33
25
29
64
36
41
84
36
17
70
47
56
50
22
59
18
17
24
21
25
69
35
17
20
18
16
32
33
192
19
20
59
33
29
39
33
44
22
40
22
21
29
15
23
54
27
59
29
435
33
73
69
17
24
99
98
12
47
139
238
42
23
71
23
42
29
31
29
17
27
27
24
17
57
15
29
35
65
102
26
29
45
15
24
31
26
79
34
23
269
36
32
26
20
40
83
27
16
50
37
20
32
41
8
19
14
17
50
33
27
145
43
15
28
17
24
25
160
50
14
37
22
11
24
54
22
42
60
50
21
25
57
7
19
17
41
63
39
22
11
14
14
24
8
59
34
40
27
40
33
27
47
65
32
14
25
32
42
37
23
39
12
95
20
30
25
27
29
29
42
27
21
69
35
31
42
23
59
27
25
132
39
33
40
21
17
30
72
71
20
30
18
25
21
28
33
11
38
30
88
22
498
20
25
26
19
25
26
31
23
18
25
33
76
28
55
23
29
39
21
16
75
44
19
24
16
44
25
103
34
9
11
30
27
58
24
84
64
28
21
21
47
19
32
30
41
39
16
19
21
24
123
15
59
58
25
94
36
97
47
23
24
23
14
38
215
34
39
15
31
22
107
42
38
33
30
34
56
33
24
17
22
33
122
53
67
44
23
23
32
34
15
51
19
28
29
99
35
27
24
12
38
10
402
18
15
32
34
20
24
16
22
42
28
23
211
29
129
49
49
48
67
14
37
28
24
36
30
34
74
14
32
40
14
25
21
26
24
55
63
42
32
32
15
53
89
55
34
12
12
31
18
21
24
20
25
12
26
32
79
14
41
34
14
20
48
37
71
31
80
26
23
47
25
12
27
25
94
37
38
1636
16
30
20
32
40
19
22
24
40
34
15
30
21
107
30
31
20
79
15
27
33
12
46
24
37
76
48
29
28
58
22
37
25
24
13
45
21
10
25
26
21
30
27
72
16
107
29
41
25
115
20
20
57
67
21
62
37
40
36
16
21
16
26
32
26
32
35
22
25
41
60
22
24
22
15
27
30
48
14
16
66
59
29
24
16
44
41
29
35
16
238
89
35
61
32
60
43
43
29
20
36
33
30
22
38
30
33
20
24
39
27
129
28
31
29
20
49
21
28
26
21
30
47
18
49
40
48
24
13
26
20
25
79
27
11
40
23
15
29
19
11
84
32
250
21
67
10
20
57
65
117
56
23
32
18
21
30
33
47
22
89
14
19
60
66
17
58
35
23
33
27
145
10
22
21
50
28
107
39
37
37
20
18
14
39
21
41
30
14
40
12
22
35
46
29
42
58
21
21
23
27
23
23
59
103
23
17
25
40
13
37
55
53
33
76
82
25
190
23
21
52
25
31
127
24
18
1206
23
56
37
25
22
129
31
20
7
50
9
41
34
34
21
57
19
19
49
37
49
48
25
20
29
20
22
42
18
15
28
70
24
24
9
24
27
32
37
13
28
46
27
58
59
76
17
41
79
29
30
51
34
45
12
22
27
29
23
28
20
22
41
17
14
33
11
22
17
32
40
11
51
58
30
26
31
32
35
27
19
30
23
26
24
10
20
19
323
30
66
332
36
31
31
12
52
17
23
80
134
17
33
20
17
47
100
29
188
46
30
15
100
31
51
61
26
19
23
125
15
27
38
28
32
79
70
18
33
21
35
55
24
53
40
41
25
21
19
47
24
24
23
36
353
77
30
14
22
14
45
17
62
36
35
18
53
28
25
32
21
31
30
12
31
52
73
32
15
38
35
21
40
41
64
26
17
30
17
29
30
36
29
27
34
54
18
29
24
41
16
50
30
18
60
56
28
54
20
58
45
9
38
15
12
19
33
18
20
26
31
36
27
84
35
26
41
54
52
15
26
25
38
32
18
45
23
24
27
28
33
43
72
13
15
24
32
46
35
17
18
44
36
48
41
22
31
32
47
14
15
34
87
86
34
34
275
27
74
41
21
28
19
37
64
17
29
21
48
125
34
27
15
24
67
12
25
13
19
36
42
92
23
32
26
13
30
16
26
69
35
54
12
16
41
25
52
182
53
21
43
27
75
34
70
25
57
27
26
18
159
33
28
41
37
10
51
29
92
29
25
21
24
20
86
21
34
17
26
32
25
18
22
8
25
106
17
17
53
30
19
29
94
27
33
21
22
54
52
28
36
27
33
43
24
37
41
18
50
12
24
31
33
29
30
18
26
29
23
21
26
21
23
21
23
34
17
46
60
16
40
35
19
270
11
50
19
35
26
29
25
20
17
13
35
21
51
38
24
28
12
24
41
36
12
110
39
18
25
67
37
33
61
27
26
32
29
37
44
34
35
21
55
22
53
22
55
23
31
27
18
19
58
47
50
11
56
48
15
25
8
16
72
59
32
28
61
27
43
82
35
32
86
32
18
40
28
25
31
630
18
35
57
20
35
340
104
25
30
29
129
91
24
163
57
24
14
20
55
33
39
44
20
28
26
39
43
21
25
29
29
29
30
33
38
35
27
41
25
16
32
25
22
39
40
13
26
24
26
68
10
24
20
27
38
32
17
16
22
41
25
19
23
22
32
38
54
21
489
17
20
26
32
21
180
13
23
27
21
20
48
19
10
23
17
26
366
29
43
162
34
26
29
30
19
47
32
56
38
65
22
30
93
20
42
52
106
31
68
11
21
34
36
20
28
22
44
42
32
44
28
32
28
12
29
16
49
29
20
14
18
28
80
45
55
37
42
23
201
25
34
20
39
33
38
28
28
21
29
38
27
56
36
21
33
24
15
16
38
70
18
43
17
39
28
16
19
28
33
33
21
29
55
24
15
47
31
69
40
22
46
32
25
34
41
154
23
45
39
68
53
25
61
12
42
52
33
187
42
43
25
29
21
42
28
52
44
18
40
1317
23
22
60
40
28
14
20
37
23
9
28
11
22
37
33
20
13
73
28
33
38
10
35
47
313
17
27
46
35
21
38
95
33
19
21
44
36
40
20
28
26
26
48
27
24
181
26
18
18
34
44
38
197
27
11
18
55
20
28
26
20
27
42
28
174
23
64
8
31
22
121
39
15
34
25
24
25
16
40
23
25
25
33
19
34
45
32
24
16
22
22
12
64
33
56
21
34
27
57
66
20
13
531
19
44
32
26
37
26
49
27
19
28
28
23
21
33
23
27
24
22
72
31
43
82
27
17
32
22
32
44
41
124
65
34
69
19
16
50
33
52
35
19
50
34
76
34
18
34
34
26
42
21
20
61
15
16
35
198
41
34
19
23
51
29
27
80
88
23
22
39
75
17
38
36
31
15
36
36
12
35
21
32
52
16
36
59
58
19
31
71
13
32
16
40
28
30
42
29
21
17
45
74
46
34
24
17
109
30
25
35
12
12
81
20
23
36
25
20
19
139
28
39
35
30
94
17
142
19
27
43
17
33
39
76
30
16
18
17
11
24
19
40
42
31
18
17
16
96
60
20
35
57
20
36
16
28
24
56
22
48
46
34
56
35
78
90
30
38
34
20
38
30
34
53
40
28
50
22
19
19
16
40
24
26
23
22
14
21
30
20
34
16
18
54
25
28
27
58
21
21
53
42
19
186
24
1985
15
15
12
18
45
49
26
28
32
101
20
20
66
46
36
26
33
25
39
44
22
23
80
18
258
13
35
20
27
36
20
258
30
35
33
27
19
23
45
27
43
13
17
37
18
36
45
20
25
46
41
23
29
41
34
26
41
45
20
44
16
24
51
37
19
38
35
28
36
23
22
40
26
19
9
42
40
42
111
31
72
40
31
29
16
57
45
37
34
197
32
33
199
38
28
28
22
220
34
23
21
27
28
20
19
21
15
23
43
38
26
56
31
32
23
52
46
116
18
39
17
24
31
61
12
21
30
31
52
41
17
25
19
25
46
26
35
30
279
13
18
22
30
27
21
83
43
103
145
31
67
14
14
44
92
36
13
85
20
14
28
14
131
19
24
25
12
32
14
24
55
20
15
30
37
21
26
34
29
17
19
19
33
46
20
30
51
28
44
100
32
53
14
47
21
39
31
63
56
25
15
14
26
31
29
113
38
16
18
38
29
46
13
21
19
20
59
20
40
35
19
14
27
31
32
31
202
46
20
18
154
12
32
38
51
43
15
33
43
18
20
31
33
31
35
32
13
24
38
37
40
26
20
28
53
35
28
37
28
25
13
19
12
71
21
44
35
29
33
1125
13
30
18
27
31
28
26
25
24
29
40
12
9
125
32
35
24
23
37
27
23
39
37
9
43
32
108
37
33
39
19
17
32
16
25
25
28
39
29
51
33
19
25
26
53
49
33
13
18
18
68
42
43
32
19
20
33
46
343
12
22
3609
59
42
28
43
28
69
42
19
24
22
24
103
37
31
53
24
24
15
38
23
17
30
19
54
32
36
37
104
21
13
540
13
18
40
16
179
37
12
24
29
20
28
45
239
18
85
24
350
41
77
33
44
30
21
16
138
16
28
38
27
26
72
36
33
42
26
51
18
19
23
23
31
66
23
25
28
24
23
46
42
29
32
31
28
13
1566
32
102
14
17
47
24
70
19
25
21
42
29
19
33
21
32
24
42
37
34
19
13
29
13
44
15
23
42
12
21
20
26
44
13
29
151
157
47
24
26
24
17
30
21
21
67
25
20
24
51
36
90
29
19
17
16
26
13
22
39
22
18
15
24
25
16
98
45
44
31
34
24
46
54
406
23
17
16
41
23
66
31
19
32
39
20
40
26
14
17
24
21
31
79
32
102
22
21
64
46
206
11
30
51
17
19
13
38
38
57
49
18
17
18
43
22
708
44
53
427
19
18
90
28
20
24
25
30
54
32
30
34
19
79
49
35
45
22
72
16
7
15
38
13
19
89
28
41
54
24
25
30
19
22
45
45
41
36
136
51
29
20
18
38
27
19
22
37
25
25
25
76
55
64
39
20
55
51
16
36
25
39
43
42
24
36
49
39
78
69
27
30
18
82
19
16
41
43
24
23
31
228
34
48
13
16
8
11
22
23
29
32
69
25
99
32
24
47
43
10
76
54
18
17
20
19
15
16
38
20
51
7
26
24
37
34
29
26
16
47
34
43
21
42
181
45
28
35
81
26
24
35
25
55
16
37
38
19
27
30
83
16
28
22
26
16
30
35
57
14
37
23
19
157
28
45
21
14
394
77
47
27
36
33
27
19
39
31
25
1673
9
51
51
35
39
26
116
1656
16
36
26
26
25
78
35
40
776
25
46
58
13
492
22
18
28
47
22
25
40
28
22
29
22
13
35
27
30
61
27
29
21
31
26
17
31
54
66
25
45
41
38
15
100
12
34
18
10
30
31
23
22
17
20
52
51
31
28
30
62
29
15
24
8
25
31
20
42
13
26
30
119
18
13
311
25
60
14
20
47
40
27
21
43
15
21
24
17
35
269
31
44
16
65
81
38
31
72
25
13
39
61
115
21
54
24
26
46
28
87
17
16
20
132
23
27
34
78
50
32
23
32
62
73
21
36
26
13
76
41
45
16
28
12
16
33
35
41
33
37
112
27
43
31
20
41
20
75
19
39
18
64
392
14
40
42
28
17
61
24
27
16
26
44
24
31
23
27
42
15
38
32
26
20
25
43
17
34
50
18
104
64
17
61
61
19
28
11
15
31
22
18
33
27
19
38
36
16
24
22
73
21
27
53
47
32
13
23
27
24
38
40
40
29
61
25
17
44
23
33
23
17
12
11
37
25
27
64
22
43
24
15
20
28
23
70
20
19
38
24
35
32
54
39
56
19
52
52
17
29
69
55
33
17
49
31
47
18
12
22
25
22
24
23
25
12
27
28
34
20
27
99
22
27
22
40
26
63
17
52
23
28
165
27
18
15
19
93
23
14
26
26
318
75
17
23
15
83
12
38
30
20
18
20
55
31
114
38
93
13
21
28
18
36
37
16
35
18
23
31
18
24
21
27
52
20
28
30
21
32
34
29
37
8
16
27
24
50
40
165
34
23
29
28
50
19
24
49
33
32
39
57
36
41
29
20
26
17
57
17
45
29
23
183
30
20
28
30
24
229
20
25
32
22
20
26
25
33
23
24
25
19
23
53
46
14
30
30
36
9
28
27
80
19
25
34
36
12
12
31
56
64
78
24
24
10
20
13
17
28
18
35
26
34
20
18
21
77
14
22
29
26
43
42
1056
20
56
45
23
21
45
76
18
66
14
18
17
32
32
186
19
14
25
34
57
22
3880
30
13
34
148
35
21
398
43
45
17
16
35
13
28
38
24
60
906
32
33
43
34
57
39
16
29
44
17
41
25
39
43
27
18
22
22
21
27
27
29
34
20
135
27
26
34
56
10
28
25
19
27
13
28
24
39
28
29
25
18
20
43
17
32
258
23
33
22
42
22
19
35
34
45
69
15
25
18
40
18
38
40
14
24
21
34
50
33
205
36
22
609
14
15
24
29
23
77
23
64
27
21
24
36
23
28
17
23
8
34
66
14
36
24
24
27
22
16
19
29
51
20
14
25
24
40
21
58
41
23
33
48
39
54
43
26
23
24
16
15
20
30
22
37
13
21
17
32
23
50
32
67
44
16
21
30
39
20
65
22
36
19
64
19
18
58
9
31
20
16
211
44
22
122
29
22
138
26
46
23
49
21
42
18
10
26
32
70
26
24
25
8
30
23
21
22
210
27
13
38
61
19
15
22
15
26
25
26
9
19
21
26
87
17
38
23
156
16
45
36
38
26
32
51
28
35
70
35
102
35
25
38
17
18
24
51
28
30
11
55
30
20
28
17
21
25
25
23
23
26
22
42
19
28
36
38
73
20
42
561
28
25
57
38
50
23
42
13
28
17
44
19
24
17
28
31
84
26
35
27
53
30
52
39
24
27
47
29
28
16
7
46
16
28
24
58
20
133
24
13
124
244
102
18
65
155
14
34
26
65
22
16
23
21
29
53
30
35
28
21
27
60
259
13
37
29
24
46
34
16
23
15
39
22
29
36
25
25
24
77
20
67
56
30
17
24
85
76
24
39
27
48
18
58
25
75
56
52
5305
17
47
20
21
58
36
14
41
58
16
53
33
77
24
52
34
47
12
40
20
29
30
20
37
47
30
28
22
12
66
303
31
40
30
24
28
63
34
29
68
65
19
26
31
29
153
23
67
17
241
114
15
23
59
14
39
18
27
64
37
30
67
82
25
43
24
147
40
56
39
50
49
19
489
27
5
42
26
21
42
107
1770
18
32
30
26
103
19
29
16
32
16
24
57
112
10
23
25
17
26
25
39
16
12
32
23
81
36
44
14
19
82
94
24
26
16
30
9
139
24
29
18
36
74
13
40
269
30
114
25
37
60
15
21
23
5
25
22
41
15
7
26
38
49
15
14
33
18
68
13
42
50
91
35
18
15
73
21
24
33
25
32
12
26
20
31
37
52
28
9
79
24
34
25
30
12
29
44
29
27
47
14
46
41
42
54
45
23
42
29
27
25
53
18
55
22
30
10
37
48
34
74
21
30
62
14
73
63
41
21
10
25
28
12
31
16
51
82
21
24
13
24
60
43
322
21
10
13
21
35
70
204
46
18
27
20
100
9
18
40
30
31
94
17
21
40
44
13
55
21
39
77
64
55
144
23
10
24
35
32
22
14
55
20
34
38
46
34
27
31
33
28
46
41
29
27
33
20
23
12
489
28
12
40
66
12
29
21
85
275
126
27
43
25
53
28
36
28
53
35
41
29
417
52
30
49
20
17
52
19
19
19
24
37
286
50
47
25
22
23
108
30
155
47
67
26
21
76
31
23
22
20
24
24
32
26
45
36
17
25
33
32
28
17
21
26
30
14
19
36
12
26
26
23
74
38
142
84
20
33
14
33
24
29
20
30
9
259
27
349
23
17
42
89
22
22
30
37
152
21
19
25
17
48
29
20
40
13
34
39
18
27
61
34
43
28
21
25
27
17
34
13
30
18
30
27
25
24
18
25
20
22
37
33
18
24
21
21
28
9
31
34
17
21
48
33
33
18
22
43
25
30
23
31
14
59
25
32
63
17
13
104
165
19
26
34
10
39
26
39
69
37
20
30
29
45
39
22
12
90
46
17
36
26
124
37
15
53
563
31
74
16
32
46
31
30
13
23
32
72
42
58
46
24
22
39
19
19
19
451
50
15
29
148
11
28
58
76
25
16
30
40
83
27
13
45
66
14
40
25
40
20
26
28
26
54
37
46
21
20
21
42
21
56
56
24
32
36
29
24
540
89
24
47
65
33
18
19
20
32
33
39
40
22
26
20
36
29
180
35
33
31
22
28
32
47
36
45
37
18
12
52
31
85
1382
28
62
32
19
39
14
24
27
11
28
20
19
37
16
22
10
41
43
20
59
32
25
88
35
20
49
26
30
56
29
35
21
26
24
47
31
68
21
27
14
16
31
19
19
29
45
36
41
20
15
39
25
23
384
36
82
45
25
12
25
57
24
64
37
48
60
30
55
28
30
113
30
329
22
37
15
40
24
121
90
20
25
49
63
36
22
105
59
16
19
29
28
19
22
25
36
18
25
42
39
32
94
20
21
27
26
20
51
28
22
30
57
41
63
24
23
40
50
24
27
17
20
96
23
672
49
23
113
20
28
23
56
20
25
24
30
33
22
19
34
47
32
22
22
36
26
30
14
14
25
24
29
39
26
39
28
34
27
20
23
11
63
32
41
43
32
87
22
79
38
33
65
38
16
23
36
25
27
60
167
35
26
21
24
34
17
28
30
45
10
24
24
47
17
21
44
38
51
17
63
34
90
50
20
20
56
33
35
37
55
19
21
20
119
46
22
30
30
44
23
26
15
22
22
40
35
54
18
15
46
24
22
28
9
94
31
20
43
25
26
89
16
30
26
24
65
21
17
34
22
29
37
66
17
13
22
42
16
18
53
46
52
22
47
42
12
54
71
14
20
18
88
27
31
30
29
35
25
62
21
23
19
32
46
36
58
45
44
26
60
28
36
10
30
20
23
73
23
55
165
31
30
34
31
15
27
50
25
67
24
22
80
41
19
25
24
15
30
26
30
26
19
19
27
17
20
24
19
198
14
25
42
15
21
25
80
11
27
13
17
8
14
40
29
32
14
33
20
22
15
20
42
36
22
22
26
22
36
33
27
23
29
21
46
29
17
89
70
39
13
30
24
42
21
17
70
72
24
11
19
16
44
16
36
29
13
488
15
36
24
32
18
26
53
25
11
33
88
26
89
57
288
27
26
58
132
40
35
14
72
20
24
30
25
19
27
19
29
7
23
26
9
26
38
19
31
28
30
31
24
30
61
14
25
58
49
25
40
24
18
29
46
28
46
83
23
17
24
49
38
13
30
22
53
17
25
71
20
43
85
17
23
118
22
46
40
32
45
17
14
806
28
33
31
33
49
33
31
87
73
33
22
27
35
41
45
42
31
20
30
14
25
27
22
20
27
25
22
22
51
37
18
83
36
111
20
43
17
11
28
20
25
33
18
21
97
19
22
30
19
18
101
27
38
21
33
24
30
12
17
28
22
41
26
22
24
204
25
38
29
30
33
40
13
10
43
75
95
42
38
22
79
20
10
371
19
26
19
25
113
318
30
47
29
42
20
34
28
32
88
49
14
42
29
29
30
21
74
23
24
29
16
56
25
23
50
48
24
30
41
33
40
19
37
29
32
26
13
23
28
23
17
13
34
113
34
61
55
31
18
677
30
15
48
391
25
22
25
42
50
41
12
29
21
35
47
37
50
14
22
59
21
18
37
32
12
24
25
49
35
29
23
52
15
34
17
50
39
46
21
21
25
177
33
41
23
22
13
37
84
25
60
31
19
195
42
17
30
35
17
39
27
49
41
34
51
48
28
32
20
45
31
21
35
24
33
19
78
37
15
16
64
26
29
41
23
12
164
52
89
17
28
17
41
44
24
23
44
12
32
22
140
46
36
45
20
21
93
21
17
32
35
43
30
43
16
11
10
373
23
15
15
31
31
17
32
17
18
17
22
30
32
37
25
90
17
63
28
29
16
25
15
59
26
15
26
14
21
24
33
33
40
15
29
43
61
29
26
20
29
17
20
28
40
23
19
34
16
23
88
32
28
43
181
18
22
43
15
8
18
22
22
20
29
159
16
26
33
25
39
17
32
38
41
33
52
21
21
44
30
27
6
25
16
26
26
58
32
44
20
38
28
22
18
18
25
22
30
19
45
23
22
14
21
35
21
18
27
19
45
38
224
40
33
20
18
35
46
54
36
29
41
24
29
34
27
28
34
15
30
28
82
36
44
21
84
52
14
24
30
23
16
42
21
23
52
24
23
14
30
28
18
28
8
22
66
25
21
15
12
25
31
44
26
29
23
28
26
34
37
40
26
37
108
620
23
77
20
24
43
58
35
40
44
22
263
22
108
12
70
29
35
23
43
46
36
29
104
20
35
37
20
24
38
74
74
16
25
29
32
17
76
26
13
72
41
41
31
19
25
15
27
32
23
30
19
22
20
17
28
34
33
101
43
76
31
15
45
26
24
87
8
40
21
29
28
17
22
30
35
11
23
38
26
19
16
32
18
36
23
80
47
42
39
42
22
33
45
30
29
109
15
78
59
41
15
47
21
27
70
22
44
65
27
30
11
53
43
15
81
30
39
23
25
26
11
112
66
27
22
50
30
25
24
72
16
52
28
113
86
24
56
32
34
11
32
22
21
30
20
20
17
35
888
47
28
21
18
32
31
14
23
24
51
16
42
22
27
24
24
10
20
22
20
227
46
38
39
13
45
26
28
31
29
84
35
15
31
29
13
18
27
22
19
70
33
20
51
25
121
19
30
9
35
35
19
19
37
84
25
60
18
49
44
31
37
17
35
28
46
93
19
12
29
23
58
16
26
186
46
27
7
17
28
82
35
64
84
28
34
40
27
26
22
30
32
29
9618
26
38
136
36
26
34
53
17
27
32
21
27
24
40
23
28
23
24
312
28
27
16
24
14
29
40
54
27
47
26
40
36
13
38
43
23
59
31
24
34
17
410
25
27
19
18
24
25
35
24
42
39
27
31
75
45
71
28
38
25
10
64
652
24
220
36
24
30
38
30
27
20
37
38
15
25
32
37
49
29
33
24
33
11
80
109
34
17
36
9
29
73
62
25
31
21
47
25
35
45
58
28
40
175
43
19
49
23
23
19
9
39
21
33
106
16
18
64
36
39
88
33
41
66
28
20
23
31
19
25
755
43
27
53
44
12
70
237
26
34
49
32
14
40
19
30
18
19
34
26
26
16
18
24
37
22
15
17
16
24
8
32
26
65
51
129
20
24
19
16
33
26
25
21
9
42
12
36
36
87
38
24
23
24
22
19
19
35
44
86
32
28
33
37
34
54
41
30
45
18
21
47
18
49
22
47
35
31
28
36
42
22
84
49
17
27
26
32
59
27
22
20
26
22
34
24
34
20
36
28
14
127
89
26
19
17
28
26
23
18
20
12
35
27
73
8
27
35
159
32
15
34
51
34
36
15
23
64
54
22
27
26
24
34
17
23
30
