63
110
71
78
122
78
94
76
76
100
82
94
66
70
131
77
75
70
75
78
81
95
79
98
93
94
76
98
94
102
85
97
192
731
88
144
82
77
95
124
92
114
104
89
346
80
179
86
126
82
106
83
109
102
101
99
166
71
89
79
73
87
108
150
132
69
104
96
108
78
152
89
70
146
107
115
104
79
92
77
83
88
88
85
93
77
68
72
99
89
92
171
87
147
97
73
111
84
86
164
119
106
70
71
99
70
106
83
97
88
95
169
148
106
191
114
110
113
142
108
95
121
68
95
67
133
72
95
80
80
123
137
187
133
103
89
77
80
86
124
111
129
106
105
101
139
94
75
97
99
64
62
127
77
247
83
75
248
90
65
92
91
92
103
84
102
126
87
97
67
113
89
67
91
86
68
79
101
120
93
102
107
77
89
147
83
106
81
143
87
72
79
101
102
77
88
99
92
98
2091
85
92
101
75
73
82
99
86
95
87
122
113
92
98
93
97
68
85
84
71
93
111
104
183
90
94
171
82
84
106
115
98
95
80
90
101
86
97
90
87
71
116
89
81
106
143
99
80
78
84
89
73
150
82
79
125
75
107
212
63
92
74
93
91
67
88
96
82
71
103
166
82
72
86
103
95
92
100
80
85
99
79
128
77
87
100
110
95
176
97
304
90
71
95
80
92
69
80
80
108
105
85
67
86
68
85
111
90
96
85
86
108
72
77
106
100
66
87
78
69
67
122
68
88
64
83
122
153
101
136
92
79
91
111
96
85
91
83
74
136
76
93
83
117
74
63
73
75
110
104
95
159
78
87
185
95
85
69
123
83
69
325
95
80
177
147
108
80
112
92
92
118
84
78
81
99
113
81
84
81
78
106
85
107
89
81
94
118
84
171
93
89
102
83
62
72
88
94
88
115
105
138
92
73
103
67
62
84
86
62
155
91
70
84
113
81
69
231
88
83
86
86
74
110
85
101
69
82
330
75
91
61
95
118
80
165
106
86
96
189
122
118
66
121
83
88
104
219
118
85
79
112
84
114
131
75
95
73
342
89
92
112
93
79
227
101
95
76
87
81
180
84
275
87
91
86
111
69
87
54
687
90
502
69
104
93
66
81
102
109
96
122
83
94
86
78
94
78
132
71
63
110
71
78
122
78
94
76
76
100
82
94
66
70
131
77
75
70
75
78
81
95
79
98
93
94
76
98
94
102
85
97
192
731
88
144
82
77
95
124
92
114
104
89
346
80
179
86
126
82
106
83
109
102
101
99
166
71
89
79
73
87
108
150
132
69
104
96
108
78
152
89
70
146
107
115
104
79
92
77
83
88
88
85
93
77
68
72
99
89
92
171
87
147
97
73
111
84
86
164
119
106
70
71
99
70
106
83
97
88
95
169
148
106
191
114
110
113
142
108
95
121
68
95
67
133
72
95
80
80
123
137
187
133
103
89
77
80
86
124
111
129
106
105
101
139
94
75
97
99
64
62
127
77
247
83
75
248
90
65
92
91
92
103
84
102
126
87
97
67
113
89
67
91
86
68
79
101
120
93
102
107
77
89
147
83
106
81
143
87
72
79
101
102
77
88
99
92
98
2091
85
92
101
75
73
82
99
86
95
87
122
113
92
98
93
97
68
85
84
71
93
111
104
183
90
94
171
82
84
106
115
98
95
80
90
101
86
97
90
87
71
116
89
81
106
143
99
80
78
84
89
73
150
82
79
125
75
107
212
63
92
74
93
91
67
88
96
82
71
103
166
82
72
86
103
95
92
100
80
85
99
79
128
77
87
100
110
95
176
97
304
90
71
95
80
92
69
80
80
108
105
85
67
86
68
85
111
90
96
85
86
108
72
77
106
100
66
87
78
69
67
122
68
88
64
83
122
153
101
136
92
79
91
111
96
85
91
83
74
136
76
93
83
117
74
63
73
75
110
104
95
159
78
87
185
95
85
69
123
83
69
325
95
80
177
147
108
80
112
92
92
118
84
78
81
99
113
81
84
81
78
106
85
107
89
81
94
118
84
171
93
89
102
83
62
72
88
94
88
115
105
138
92
73
103
67
62
84
86
62
155
91
70
84
113
81
69
231
88
83
86
86
74
110
85
101
69
82
330
75
91
61
95
118
80
165
106
86
96
189
122
118
66
121
83
88
104
219
118
85
79
112
84
114
131
75
95
73
342
89
92
112
93
79
227
101
95
76
87
81
180
84
275
87
91
86
111
69
87
54
687
90
502
69
104
93
66
81
102
109
96
122
83
94
86
78
94
78
132
71
71
103
71
77
187
91
99
101
175
84
89
101
174
104
89
82
66
74
92
70
151
91
72
171
91
127
237
223
95
79
99
114
72
120
92
108
69
93
67
92
92
101
83
77
107
130
151
115
110
84
78
109
68
99
84
69
100
78
94
98
68
88
70
92
85
76
145
83
92
141
89
93
81
78
87
134
90
108
81
99
90
80
85
74
80
108
158
77
101
122
73
138
77
88
61
85
87
85
96
112
82
109
79
74
83
103
102
99
222
71
107
60
89
81
61
74
111
81
87
86
448
96
91
84
99
69
65
141
95
79
90
104
72
77
77
88
79
258
104
86
80
77
119
67
92
77
101
71
97
58
97
91
91
89
108
88
95
100
116
88
96
73
111
112
73
102
77
142
88
83
86
106
254
98
85
70
72
114
122
133
87
103
101
101
93
88
79
93
104
343
84
79
99
86
90
68
85
135
105
71
89
103
100
162
78
74
74
105
92
125
84
68
114
65
118
90
85
93
84
117
80
84
111
114
96
73
75
118
71
93
95
85
94
123
97
63
81
158
159
74
91
66
68
90
118
106
118
81
100
79
88
83
84
99
72
254
83
71
72
95
137
95
104
81
108
79
109
120
87
89
84
88
70
87
91
88
96
103
99
106
102
97
205
80
271
83
61
84
144
121
99
75
79
93
80
96
106
72
110
133
109
83
119
107
107
155
133
75
69
84
79
85
183
102
134
100
121
69
324
387
97
98
106
89
96
59
68
79
88
78
81
90
100
120
77
80
143
71
83
71
68
82
73
119
127
110
78
542
174
71
125
81
83
61
175
94
93
132
137
91
70
91
98
81
89
82
81
97
69
83
190
97
110
80
92
78
124
104
105
77
93
70
69
96
78
94
62
90
99
103
235
93
103
121
76
86
95
104
87
84
93
86
95
167
69
100
88
126
108
57
79
90
62
113
79
69
71
78
93
87
123
85
50
79
81
121
150
99
69
98
79
83
486
81
75
80
88
65
95
98
84
147
154
135
119
144
102
94
80
92
118
93
70
70
99
77
74
73
101
68
90
98
83
82
86
72
123
69
78
64
91
219
98
93
84
104
167
103
70
130
88
100
154
282
73
107
83
87
86
71
85
220
84
71
128
99
77
89
98
95
120
85
84
135
79
86
121
127
83
108
113
94
83
80
78
70
103
70
91
90
81
129
86
85
87
90
92
102
66
89
83
88
71
211
118
107
106
100
104
98
92
83
89
80
82
87
134
87
86
141
87
142
63
70
96
99
147
98
86
107
100
72
76
88
73
145
81
120
103
122
103
255
75
11150
96
93
67
77
75
88
232
87
79
80
86
77
79
101
110
94
80
102
92
121
88
119
119
77
76
86
87
91
86
80
107
93
88
92
65
127
79
96
94
82
101
350
1216
103
84
109
89
142
123
110
84
92
86
97
122
83
110
142
92
99
76
85
131
98
243
73
87
97
87
61
71
92
87
98
141
78
82
123
91
93
94
81
122
78
86
73
84
97
250
104
72
80
95
76
86
89
82
84
79
86
94
72
94
113
88
95
101
107
91
82
142
108
85
101
117
105
90
79
78
108
97
78
77
103
291
80
88
178
104
103
93
124
77
91
60
63
96
105
197
217
82
109
85
92
116
105
100
152
100
90
94
71
87
63
75
73
221
121
113
97
76
66
73
91
70
109
88
88
77
75
85
76
67
112
118
80
87
73
101
263
82
79
94
97
82
76
92
87
79
92
144
73
78
181
122
78
74
84
1240
98
105
99
97
71
72
84
96
87
100
82
158
97
122
65
74
212
115
81
235
91
78
92
167
137
82
89
121
90
80
75
81
85
71
106
93
89
81
104
86
74
101
66
112
92
55
86
106
101
87
122
91
82
123
103
89
94
109
68
102
86
92
141
106
84
132
95
134
81
99
83
85
142
86
103
71
93
96
59
66
63
82
107
115
82
60
90
93
81
102
86
97
88
94
130
75
84
96
101
94
81
76
84
89
82
94
117
53
73
89
82
84
84
98
76
90
61
94
106
82
73
113
109
92
112
80
132
123
149
77
82
75
76
81
82
85
84
70
97
97
1454
119
130
82
113
84
83
73
82
88
80
93
92
88
94
195
93
114
86
98
79
97
452
92
85
83
104
127
65
80
77
123
63
65
66
79
85
136
101
126
78
88
105
75
90
124
87
84
83
56
76
100
61
77
98
125
86
94
112
71
75
76
83
104
102
93
81
88
83
78
78
98
92
93
81
95
74
84
83
169
94
96
60
86
86
92
75
79
84
94
80
239
99
79
104
115
71
94
83
104
100
215
164
92
71
89
93
96
159
65
131
160
88
78
159
81
102
109
97
93
96
97
77
80
77
274
98
85
69
73
84
124
91
88
85
124
104
100
96
102
67
92
117
96
89
90
96
125
100
78
69
89
101
72
88
127
79
86
84
97
81
110
85
78
62
76
79
79
69
72
95
63
96
121
84
105
110
107
72
97
108
124
129
98
94
75
75
78
111
111
95
94
65
66
91
80
121
102
88
81
69
81
180
96
78
89
101
154
82
110
149
96
124
82
67
164
76
66
99
100
119
82
70
84
90
79
101
311
87
1447
103
104
90
103
115
101
109
94
63
82
74
73
85
86
84
83
79
82
78
57
108
131
147
105
115
85
70
82
91
93
99
77
109
101
144
73
89
77
110
167
116
77
85
102
177
87
84
95
91
88
75
71
72
116
66
108
70
93
81
70
78
88
81
69
80
98
72
105
78
80
90
72
67
68
111
57
97
98
83
93
89
89
65
92
79
114
93
100
137
91
73
113
78
82
80
67
75
82
79
106
63
72
83
63
86
85
93
94
92
237
107
74
115
74
97
91
76
95
86
85
99
87
77
81
87
66
147
194
79
74
96
100
74
96
107
83
126
93
65
104
85
82
81
75
94
119
72
75
84
79
132
77
94
110
89
81
94
75
90
89
457
134
89
70
706
72
90
79
82
95
92
114
75
188
131
88
135
66
86
57
73
94
77
74
65
189
86
77
80
86
123
99
85
105
69
76
136
78
122
80
94
99
89
71
98
101
108
75
64
267
76
75
81
79
95
99
78
103
112
86
85
105
209
133
88
79
106
69
128
89
77
80
68
79
88
232
80
150
92
82
191
69
89
100
99
67
79
100
101
70
73
86
55
89
94
151
67
105
77
219
70
100
82
102
87
132
64
87
143
75
110
154
109
79
121
108
175
80
112
280
145
124
75
99
81
96
76
131
110
101
98
76
83
81
73
92
100
96
94
90
89
92
85
134
106
116
80
100
79
100
73
77
81
91
71
90
85
77
77
72
111
76
99
56
87
81
95
110
77
75
80
84
81
88
77
99
67
160
79
85
98
93
90
73
105
89
79
93
59
81
418
67
73
77
105
103
92
180
95
76
82
103
94
92
101
81
109
112
107
101
81
95
60
114
73
86
76
77
82
83
89
94
105
76
74
106
99
83
93
114
128
88
126
71
89
84
99
152
79
82
91
93
80
83
73
88
85
104
91
78
83
160
94
72
77
75
339
110
164
85
107
87
84
84
79
96
84
97
80
69
83
95
113
110
83
119
96
99
72
93
72
122
95
66
96
87
96
89
148
89
83
92
71
93
115
213
143
85
76
102
82
103
93
85
95
229
129
74
88
80
80
82
85
93
112
111
87
101
86
70
79
70
86
142
87
74
73
98
118
88
123
105
70
66
101
73
94
96
93
99
92
121
79
117
65
81
76
87
93
110
81
169
79
105
146
94
90
71
101
84
147
96
83
97
97
100
81
101
65
85
93
189
71
85
119
85
89
101
91
74
91
77
92
67
110
96
100
79
100
78
116
74
101
185
84
77
98
62
72
91
94
87
87
88
318
94
76
106
91
103
141
110
92
103
73
265
77
250
106
101
73
106
84
96
97
100
103
79
129
110
101
87
76
442
92
136
71
80
154
100
83
80
97
77
69
88
86
86
80
91
80
100
61
78
2110
66
79
83
70
154
95
110
76
75
76
73
66
82
97
84
86
82
82
79
194
98
79
88
89
87
96
86
2775
162
336
91
129
108
251
79
81
93
82
151
62
80
91
102
103
112
105
144
96
93
71
113
61
78
99
97
76
86
82
85
87
78
84
90
100
140
105
121
77
114
193
74
69
83
105
91
94
326
82
77
70
79
75
91
69
73
88
117
97
86
87
58
95
103
225
131
61
80
83
60
159
79
64
92
82
144
85
151
82
107
78
73
80
89
94
76
84
95
62
108
88
88
65
69
91
103
90
74
155
106
73
96
102
135
90
103
61
86
136
99
92
138
117
105
64
89
94
87
91
106
78
88
98
66
470
63
70
95
85
102
80
68
532
112
89
91
91
110
93
77
82
81
84
75
71
82
121
64
66
115
113
79
83
75
90
106
63
75
96
100
106
242
124
89
98
151
117
169
99
122
70
142
88
116
81
74
91
202
83
80
77
95
92
75
88
87
96
106
100
125
82
591
136
118
65
78
115
81
133
90
75
87
85
88
120
360
82
99
73
67
88
104
95
128
113
109
94
93
200
97
198
89
90
90
82
110
113
99
80
98
97
90
99
82
69
79
77
82
76
114
85
108
108
280
89
139
116
153
104
77
213
97
79
124
1551
129
130
92
77
89
105
109
92
58
82
74
87
78
83
138
80
132
120
94
78
102
88
93
79
85
77
86
84
190
97
116
65
74
163
97
113
159
71
158
179
106
92
108
155
82
96
97
108
93
72
75
89
111
69
154
49
75
85
115
112
257
104
190
99
165
59
60
106
104
101
72
82
204
239
81
104
71
81
90
75
81
122
81
113
187
65
73
94
150
94
80
76
119
145
125
87
87
74
85
74
99
1965
70
777
97
107
137
103
85
104
133
106
102
116
83
113
85
95
412
141
86
80
101
95
120
77
65
103
84
79
86
131
98
97
66
100
92
81
67
99
89
78
95
101
95
114
152
151
68
91
80
61
71
87
98
84
93
71
104
101
74
93
109
114
85
97
125
84
98
104
101
93
255
211
108
100
72
91
111
69
87
131
79
84
114
88
107
92
85
110
105
96
73
104
84
81
151
77
64
96
77
89
95
87
93
89
74
104
100
67
88
102
86
62
95
92
78
139
78
88
102
74
82
111
79
104
92
53
95
86
104
95
66
89
107
120
115
76
115
177
103
112
85
84
107
72
74
120
77
75
88
105
107
63
88
88
100
80
96
121
96
131
116
65
80
117
82
96
76
89
68
103
77
92
97
87
162
109
77
149
69
114
123
63
95
88
88
117
137
87
117
100
80
76
109
104
113
78
167
81
76
122
72
255
128
149
166
74
71
118
131
80
102
139
74
86
139
76
85
102
93
71
87
81
90
156
70
77
147
73
103
103
102
142
89
96
78
84
84
89
92
77
118
86
87
114
71
97
78
88
102
123
61
112
67
79
87
105
91
196
77
80
100
70
95
112
93
68
90
154
121
95
94
92
92
80
84
93
85
73
113
92
91
114
60
81
62
91
82
79
92
102
81
93
110
93
85
99
115
88
124
82
154
93
96
140
91
93
97
88
70
93
85
97
78
187
74
94
216
77
107
71
104
147
95
99
79
101
80
118
101
83
110
81
101
101
152
119
85
139
90
142
71
90
89
73
374
90
81
63
79
63
163
59
78
67
72
95
83
98
104
113
78
111
69
99
72
174
128
79
91
70
75
100
147
101
108
70
81
112
96
59
603
66
213
77
75
107
117
92
89
80
172
83
93
87
85
71
89
97
78
67
97
99
99
85
1372
89
146
129
86
86
107
218
65
93
63
86
89
71
79
90
68
72
104
117
57
123
77
102
97
99
123
89
91
70
161
85
78
79
75
104
77
83
101
73
62
95
67
95
79
63
95
100
79
100
149
87
141
84
71
91
83
74
94
89
81
363
101
95
62
95
102
111
78
86
91
105
76
67
79
118
85
77
106
81
89
89
79
74
105
79
68
120
98
109
97
81
85
85
101
82
98
81
77
154
88
80
86
90
85
80
76
103
118
78
97
197
85
109
155
81
84
107
87
117
96
207
145
73
77
76
80
150
99
108
92
118
97
169
101
75
193
116
91
76
87
102
110
89
93
80
99
75
61
78
70
75
88
78
108
79
84
101
219
88
93
135
100
120
91
102
243
71
82
87
79
61
77
78
60
86
97
76
99
85
90
130
101
94
159
92
64
133
109
112
107
90
131
76
86
76
73
88
134
110
75
78
71
85
96
91
270
82
77
120
98
97
111
83
94
82
99
77
82
99
95
80
121
83
134
89
529
90
125
118
78
84
160
174
57
107
214
318
106
95
129
87
118
99
104
90
65
76
93
85
80
120
76
105
96
124
175
85
92
104
77
75
88
75
145
114
81
344
106
99
76
80
91
151
93
67
116
98
82
102
107
63
80
71
55
110
90
82
220
106
64
107
86
90
83
240
111
91
94
87
73
76
124
93
97
119
115
91
71
106
60
63
77
115
129
111
83
63
56
70
93
66
120
103
102
89
108
89
97
103
138
86
86
97
87
121
89
80
95
67
155
75
95
87
82
78
91
111
95
76
140
91
90
106
84
136
83
88
209
113
100
95
76
72
95
135
144
85
90
73
84
82
100
92
72
99
82
147
83
590
88
90
90
85
95
93
82
74
79
80
88
146
88
122
71
86
92
78
77
138
109
86
66
80
117
78
159
76
57
77
81
89
126
96
157
130
86
76
89
109
71
92
78
105
115
85
83
73
86
185
76
131
129
89
155
90
163
117
93
75
88
66
102
288
88
91
72
90
87
174
114
99
89
92
91
129
95
94
81
75
74
204
127
125
101
79
90
81
99
75
115
81
85
74
170
94
87
107
58
83
82
494
81
67
93
107
76
72
70
76
115
81
72
290
93
203
113
110
110
130
78
95
91
83
119
83
97
144
68
92
108
58
80
84
76
81
106
118
93
80
90
62
137
165
118
95
81
81
97
80
81
89
94
77
83
79
89
143
71
87
95
83
83
105
99
133
86
148
81
68
111
69
72
79
88
164
98
91
1820
80
96
81
103
97
86
91
74
112
93
65
77
75
179
91
99
69
160
68
82
90
68
107
74
108
123
114
81
80
118
82
105
83
86
72
94
99
56
82
90
76
85
103
138
83
195
83
95
86
184
85
79
120
132
75
123
94
105
99
72
68
63
80
86
72
95
113
85
95
100
133
81
93
88
57
90
87
119
67
78
121
111
98
88
68
106
107
94
88
84
303
171
90
137
89
121
103
102
92
83
114
85
105
74
107
91
79
82
79
104
91
194
81
92
93
68
121
86
92
94
83
88
116
91
110
85
103
82
55
87
93
100
145
91
64
119
72
90
76
80
64
160
84
361
76
124
73
99
122
131
178
138
81
88
77
84
96
89
104
70
153
75
78
125
133
72
126
101
92
88
95
210
80
67
69
125
81
157
99
99
82
71
72
66
107
72
94
89
81
99
68
88
84
115
107
99
126
68
90
89
89
82
83
127
167
78
75
80
96
72
103
107
119
87
135
149
77
287
79
86
105
95
104
202
95
91
1361
78
128
82
90
70
211
83
71
68
109
53
120
91
98
84
112
78
83
122
94
114
113
77
59
83
78
83
106
92
57
88
147
89
74
74
93
98
103
96
82
93
118
84
121
130
148
62
109
149
80
77
123
93
107
80
78
87
84
75
86
71
93
96
79
80
96
69
86
73
87
100
81
110
121
89
81
95
94
105
95
76
86
68
81
90
62
77
77
426
83
123
422
106
101
95
74
106
67
87
149
199
59
106
63
76
95
163
104
269
104
92
69
169
100
100
128
83
94
88
208
62
90
96
85
80
153
125
85
101
69
89
114
76
110
95
113
87
84
84
97
76
65
72
102
460
154
81
80
76
71
97
72
132
103
93
87
102
90
85
90
82
81
96
68
89
121
154
96
71
90
97
63
99
106
138
82
81
89
62
77
94
113
78
90
88
117
74
84
78
99
85
117
83
73
112
111
78
104
97
121
115
66
98
62
66
77
108
89
81
82
96
97
73
137
89
86
101
123
113
62
76
91
94
86
83
95
91
88
85
78
89
106
140
70
86
86
108
100
103
88
73
114
97
109
114
79
96
79
109
78
71
91
154
147
112
90
353
97
129
110
61
82
73
99
125
71
90
83
108
194
82
82
67
76
117
60
87
63
97
94
107
156
84
93
78
74
83
92
87
136
92
118
48
80
108
85
131
257
128
81
103
76
153
109
121
96
127
91
101
73
239
107
77
92
107
57
109
107
152
95
96
81
88
94
149
70
93
82
83
100
91
74
95
70
87
192
78
68
105
81
69
82
157
91
84
98
78
122
103
78
105
93
97
102
75
91
108
88
123
65
93
92
92
83
93
77
90
89
78
78
72
75
98
79
70
108
79
115
124
76
114
102
84
354
73
120
66
86
93
92
92
81
70
76
108
78
138
103
84
81
73
82
91
93
71
167
105
73
85
115
101
113
126
83
84
85
85
93
113
95
93
78
121
74
115
83
116
85
76
82
69
74
115
114
121
81
131
107
64
103
69
67
125
123
96
97
118
95
113
142
114
84
165
102
81
99
79
78
105
737
65
92
110
73
100
428
159
81
97
95
201
159
83
249
126
77
69
84
116
103
96
103
81
97
103
126
97
74
92
101
93
87
98
72
111
100
88
108
98
80
96
82
79
110
100
80
88
77
89
131
63
88
86
91
108
92
78
68
98
101
70
86
76
76
98
100
111
73
592
73
75
86
104
95
259
79
74
74
83
82
122
79
74
74
61
80
447
84
92
236
96
76
88
81
84
111
106
117
99
121
84
110
155
88
101
111
173
82
142
62
79
86
84
68
99
84
115
104
109
109
82
94
72
76
93
81
107
94
85
71
82
85
142
112
108
87
103
66
273
93
87
83
97
86
103
97
102
73
93
88
104
120
101
90
101
78
82
52
93
113
72
99
72
102
83
77
81
83
93
90
74
77
122
74
72
107
87
134
105
84
124
93
75
104
109
208
70
115
97
129
116
85
127
69
107
130
96
278
89
109
79
90
92
92
80
116
98
76
107
1435
81
79
127
98
85
85
77
104
98
71
78
74
98
109
100
65
79
124
84
111
111
79
100
102
401
61
103
109
100
79
102
181
85
70
63
95
78
97
81
98
87
82
99
86
90
257
91
77
71
98
103
100
262
90
79
78
123
80
102
84
71
84
113
101
251
92
137
61
91
77
186
118
83
104
86
69
90
83
105
96
75
79
89
91
96
109
91
90
71
84
87
62
118
99
127
66
100
101
128
125
74
60
627
82
112
96
82
104
88
116
81
74
97
84
77
85
102
82
88
80
96
121
90
98
155
83
76
90
86
85
112
103
189
129
105
136
81
81
109
95
129
93
80
107
93
144
92
73
91
102
92
108
79
84
119
61
69
97
269
101
101
62
69
126
103
78
165
142
85
79
106
139
77
98
92
91
81
104
113
57
99
80
99
99
65
97
129
126
84
81
134
74
97
63
87
81
85
97
91
81
87
117
141
116
83
81
68
192
109
86
97
70
55
152
90
75
109
85
84
77
216
91
110
97
79
159
77
228
89
89
115
68
100
107
138
85
74
77
77
66
82
67
104
102
86
71
85
80
156
146
78
104
120
70
100
70
100
91
122
84
97
107
85
123
98
133
158
92
97
99
78
104
102
98
137
98
96
117
85
82
65
69
111
80
82
90
94
89
64
90
88
83
63
76
116
77
89
84
111
87
100
129
105
80
251
87
2205
65
73
75
79
102
129
86
95
89
169
81
78
130
114
80
76
89
83
93
113
87
74
156
74
344
67
102
81
88
88
87
329
74
82
107
90
98
85
120
75
101
87
68
98
84
96
113
75
98
92
91
85
98
96
89
81
100
101
84
104
89
80
106
105
86
109
109
91
82
82
83
106
87
76
75
99
100
114
188
93
143
97
73
102
79
129
114
104
86
286
87
102
281
98
90
88
83
314
89
72
80
81
97
78
77
76
83
77
108
108
86
126
92
89
83
123
123
185
75
88
93
91
83
117
67
78
91
92
112
99
68
81
65
85
95
86
86
100
363
78
72
77
106
87
90
150
99
178
222
95
121
60
51
98
160
97
84
160
78
79
96
65
189
85
64
86
67
96
76
76
118
85
75
96
88
85
81
96
93
71
80
77
91
112
90
89
109
90
96
152
93
95
53
97
80
112
108
123
124
89
51
81
85
92
104
174
101
63
84
113
107
114
79
78
77
88
114
77
99
97
62
73
83
94
90
99
254
123
72
70
230
59
98
104
125
109
64
95
115
74
76
100
90
91
95
97
66
85
111
99
116
92
82
90
127
114
82
98
87
75
61
81
64
137
76
122
102
92
90
1247
59
89
78
95
83
79
94
92
80
92
117
81
69
207
92
83
81
85
94
90
98
117
95
52
88
102
159
84
82
105
79
88
93
67
91
79
100
104
102
98
105
73
99
88
129
122
86
68
82
83
123
104
101
102
79
85
96
109
437
67
85
3855
117
114
97
117
103
134
98
71
81
84
83
177
88
81
112
82
83
64
101
94
68
105
93
121
86
104
104
171
87
75
660
75
83
93
72
261
94
59
88
94
67
87
121
317
79
153
74
413
96
153
94
102
84
80
73
211
87
90
100
86
82
141
111
91
118
80
104
86
76
91
88
86
147
81
87
95
79
65
113
98
92
88
90
103
55
1759
95
168
84
83
107
93
135
73
78
74
97
95
100
110
72
91
83
110
99
87
70
76
86
77
122
69
82
110
69
69
76
83
104
69
101
224
245
108
91
84
77
76
83
55
76
145
68
89
87
127
105
160
93
75
82
82
92
74
86
95
82
84
70
83
82
70
169
108
117
96
112
89
106
123
483
77
87
84
93
84
133
91
75
99
101
87
90
83
68
74
77
70
92
140
105
144
72
73
130
102
289
76
81
100
74
82
65
98
90
117
103
81
80
69
104
80
812
119
138
496
82
81
156
98
83
82
114
73
125
101
99
114
56
141
135
104
105
74
138
74
64
67
92
71
83
162
77
102
102
80
83
86
77
101
119
108
125
93
226
128
85
80
77
100
88
84
86
91
83
76
95
129
124
135
94
83
129
125
76
88
95
93
118
111
81
113
110
102
140
117
102
88
86
147
78
73
113
93
98
87
89
289
100
99
64
63
80
56
76
86
95
101
133
80
184
105
83
103
115
68
134
126
84
65
82
75
66
69
107
83
122
64
94
95
92
114
92
87
77
110
108
97
79
116
261
120
104
106
171
82
105
99
80
122
69
84
91
74
93
87
155
77
79
78
82
72
106
93
124
79
90
86
92
203
90
112
84
70
488
149
120
86
88
94
76
90
92
83
83
1846
69
125
110
87
116
91
184
1879
68
83
89
93
92
139
106
84
898
99
117
127
58
578
90
73
83
109
83
63
105
84
85
105
85
63
101
90
105
136
93
89
87
89
84
68
91
119
139
110
107
101
93
68
174
77
88
94
55
107
96
75
85
85
79
110
127
89
98
95
116
99
90
76
68
80
90
74
100
69
90
78
189
72
72
410
94
112
69
89
116
87
87
75
97
76
83
95
77
105
342
95
108
69
130
132
93
101
133
90
62
104
129
170
85
113
92
80
95
76
146
68
75
81
197
71
83
100
140
118
94
82
94
114
149
83
90
102
80
140
98
101
80
89
97
88
97
112
94
95
121
184
82
107
97
90
104
75
144
78
100
72
119
491
72
103
108
92
84
115
86
94
79
97
99
96
106
82
94
117
51
101
86
105
72
86
111
68
98
104
91
154
128
68
116
119
82
94
61
60
92
60
80
88
86
79
94
91
70
86
88
132
87
76
120
115
89
66
79
88
98
117
106
104
80
132
79
69
101
75
92
82
74
69
64
104
86
93
139
77
117
91
90
67
101
77
132
75
80
97
95
97
95
125
114
120
77
107
115
78
78
147
119
113
89
102
74
124
81
65
81
90
87
79
83
89
69
100
91
101
81
84
163
72
97
87
90
88
126
60
115
78
73
237
93
76
69
79
158
77
58
85
97
406
140
74
76
80
162
63
100
101
76
79
73
128
95
170
106
173
72
79
87
75
98
107
70
102
76
77
86
68
81
94
96
115
94
97
90
74
108
108
90
108
70
68
86
89
121
109
231
81
80
101
87
120
87
87
100
99
98
107
144
106
112
78
84
94
78
117
91
110
98
77
266
84
81
72
92
88
302
77
80
92
72
90
77
97
91
75
86
98
67
80
115
120
55
94
98
110
67
78
86
157
59
76
98
94
71
61
98
122
123
138
81
83
49
91
69
78
121
73
99
99
96
88
66
90
156
81
86
93
87
114
100
1235
62
128
104
93
78
114
144
72
122
75
71
78
93
81
264
69
69
78
110
125
83
4154
77
63
93
214
98
71
484
114
105
84
77
112
64
87
116
76
126
1006
118
96
100
86
113
105
77
85
102
77
93
80
114
105
99
87
72
98
84
79
88
102
97
90
202
92
78
106
122
66
96
95
73
85
71
88
109
98
95
106
86
77
74
117
82
104
344
81
85
77
96
92
85
100
99
98
137
76
87
71
104
83
86
100
77
87
86
101
117
92
286
102
82
703
75
76
87
107
96
157
75
120
93
79
73
106
89
74
69
76
64
84
118
74
103
90
92
78
91
57
82
83
115
71
73
71
89
98
77
128
100
83
90
119
94
128
109
79
75
74
75
83
79
82
96
92
66
74
93
87
71
111
94
136
113
75
83
88
90
80
133
85
120
78
133
77
92
120
61
97
71
68
286
95
83
206
94
80
212
79
109
88
115
90
129
71
66
81
99
144
79
82
83
56
86
94
72
82
285
82
73
94
137
72
74
64
78
79
94
93
75
67
67
82
146
79
104
82
223
72
112
98
93
89
87
109
83
101
138
86
170
90
84
92
81
64
88
131
83
83
77
109
74
79
91
62
83
74
84
98
86
75
78
117
65
90
107
99
140
72
99
671
90
86
122
105
119
82
101
75
104
85
106
71
82
81
82
101
152
68
102
92
127
89
119
90
71
80
122
79
75
93
54
111
67
87
72
112
64
217
84
66
190
300
169
76
140
235
64
87
88
114
69
91
86
84
98
111
102
89
88
75
88
132
352
72
113
86
80
102
98
70
88
83
109
83
80
93
66
93
74
146
72
126
125
97
71
85
160
129
91
107
107
106
56
124
87
133
130
111
5640
71
118
72
77
117
85
73
115
110
78
110
101
137
85
114
97
121
69
104
77
101
93
86
103
110
80
96
92
59
141
395
99
109
95
77
90
146
95
100
124
141
79
87
100
87
235
84
130
90
323
195
71
80
132
77
93
61
78
127
102
84
126
148
87
113
92
226
123
111
104
130
108
73
585
78
52
96
73
75
101
170
1930
86
97
73
74
178
80
103
74
88
81
73
116
176
59
78
91
78
82
98
90
80
63
94
84
163
98
116
76
68
147
151
85
91
76
90
61
206
77
94
81
84
149
85
115
375
86
192
93
100
118
64
73
78
53
87
93
110
78
57
75
97
115
67
79
101
99
133
73
105
123
172
91
76
64
132
75
97
97
79
95
70
91
73
106
94
114
88
79
153
91
89
86
89
69
80
109
94
104
105
75
106
123
105
111
101
71
104
93
87
89
114
85
123
86
85
62
90
110
95
142
80
93
128
74
150
118
93
84
81
80
77
75
101
81
134
140
73
103
66
76
123
107
403
82
65
79
70
92
123
277
108
80
76
63
168
72
61
112
83
79
169
66
94
100
112
81
129
98
89
156
127
118
219
86
71
79
95
93
84
62
131
72
104
111
106
95
80
100
88
93
106
92
90
73
104
72
80
73
598
111
76
118
127
86
73
84
157
357
212
102
102
76
114
97
104
84
124
96
88
75
509
124
87
111
91
61
120
82
76
75
90
98
381
107
105
74
74
89
178
81
202
105
121
82
77
144
104
77
75
74
89
91
92
87
105
99
93
81
101
97
91
93
67
86
83
91
72
90
75
82
78
78
143
88
215
147
87
93
78
76
82
90
94
86
63
348
78
447
87
77
100
154
89
89
97
95
211
96
77
93
65
115
82
82
96
74
94
103
86
111
115
107
92
94
70
98
104
74
72
72
94
72
96
92
81
82
83
84
73
89
92
88
85
71
77
82
97
62
91
94
81
100
102
102
94
85
80
110
71
83
79
89
65
131
77
87
132
65
77
171
237
65
99
94
60
100
95
105
142
98
88
86
86
105
108
90
72
164
111
74
99
101
197
117
65
122
658
80
156
69
99
102
95
106
71
83
100
138
108
117
115
78
50
111
69
71
79
546
116
68
80
227
69
79
118
155
82
60
97
109
155
96
77
111
138
59
108
72
103
88
77
78
89
116
106
101
62
97
72
120
69
103
108
79
89
102
82
81
632
148
79
107
124
91
64
80
83
101
106
102
105
71
86
84
103
93
263
88
98
92
70
89
80
108
110
114
90
88
62
101
96
149
1566
78
132
84
78
107
70
76
91
69
101
73
71
103
68
84
78
108
90
70
119
99
91
150
102
72
117
99
84
121
89
94
85
78
88
110
90
125
74
87
78
68
94
62
89
91
89
94
100
75
72
91
69
81
487
84
152
100
70
76
88
112
83
123
117
110
119
92
124
105
81
190
95
435
100
92
75
101
78
197
157
80
84
111
124
92
77
177
119
73
69
80
96
77
88
91
102
75
69
102
83
99
145
75
82
80
88
86
134
94
73
85
134
106
134
74
83
99
119
80
83
74
85
164
62
782
112
86
171
71
94
91
118
72
87
93
100
98
76
67
96
107
91
73
87
88
77
95
86
76
82
81
85
111
78
98
91
92
94
82
98
62
112
93
98
111
93
144
86
150
106
81
136
105
60
95
94
74
84
128
224
108
88
78
94
94
84
86
101
121
57
73
92
116
74
78
99
109
110
79
137
85
172
103
88
86
136
87
91
110
108
71
80
80
201
112
74
97
83
107
92
81
60
71
70
88
91
110
86
79
107
79
70
95
64
166
90
74
106
92
84
170
84
92
92
69
149
69
77
94
75
79
104
119
87
77
88
104
76
78
119
113
107
83
115
109
66
133
126
56
71
93
149
87
92
108
89
81
89
118
73
84
87
120
117
95
117
106
108
81
128
93
88
66
91
75
76
163
85
112
237
101
89
94
94
69
84
104
109
125
77
80
158
98
86
75
86
82
81
96
91
95
85
81
90
66
79
79
77
259
73
91
94
70
93
85
155
73
92
63
80
55
59
99
85
84
77
102
85
73
75
79
98
105
82
91
76
87
113
99
76
84
90
91
102
88
76
170
128
99
74
79
65
94
72
66
133
144
79
62
93
77
114
58
88
84
68
585
73
86
82
89
85
92
132
71
67
97
159
80
163
128
391
75
92
123
192
98
95
69
136
90
84
92
92
83
88
70
88
64
94
86
69
83
105
88
97
100
95
92
103
78
121
78
81
125
109
75
111
92
84
72
119
100
129
153
84
75
76
116
87
69
94
89
110
71
98
131
82
110
152
75
87
186
78
107
98
103
112
86
55
930
83
93
82
97
120
109
100
157
137
91
82
93
109
101
104
110
106
79
92
73
82
87
88
70
91
81
74
75
114
108
86
157
93
179
80
107
73
59
99
77
97
93
77
75
160
80
96
95
77
78
179
78
115
79
102
77
94
67
72
85
82
106
107
95
74
272
85
101
93
86
105
94
66
58
102
158
155
116
106
80
150
80
73
443
72
86
76
87
165
401
91
106
77
110
85
94
83
91
160
115
81
110
83
92
76
83
129
95
93
90
86
124
81
100
122
104
85
90
100
100
100
76
93
85
85
78
79
76
90
83
89
75
98
187
86
127
126
95
78
800
83
69
106
483
80
77
91
107
113
99
77
90
71
94
118
105
118
71
69
126
83
90
88
102
74
75
91
117
100
78
75
115
71
101
84
111
99
112
79
74
93
246
92
113
100
67
66
92
166
89
142
112
78
273
107
84
100
103
71
97
101
106
120
108
106
114
96
98
69
115
79
97
90
85
99
80
157
100
78
83
135
87
104
117
84
71
234
118
145
74
95
88
107
101
82
79
106
63
89
73
209
124
81
99
75
83
160
70
69
82
97
100
98
114
85
75
66
466
74
74
71
70
97
86
89
73
72
68
80
96
84
91
107
148
81
125
96
95
78
82
64
122
85
75
86
69
88
81
113
110
97
76
80
109
124
86
98
80
103
80
74
87
102
79
76
97
76
73
138
91
85
99
256
73
78
98
86
76
80
68
76
68
87
219
77
81
92
90
100
79
98
102
116
95
119
96
93
101
80
99
71
80
85
91
88
126
100
117
87
111
88
94
74
70
90
83
100
72
110
79
78
63
80
100
75
86
81
79
113
86
274
112
94
86
64
96
111
120
117
96
91
72
92
86
90
98
95
72
78
101
143
98
119
80
166
115
88
80
88
84
63
110
71
78
122
78
94
76
76
100
82
94
66
70
131
77
75
70
75
78
81
95
79
98
93
94
76
98
94
102
85
97
192
731
88
144
82
77
95
124
92
114
104
89
346
80
179
86
126
82
106
83
109
102
101
99
166
71
89
79
73
87
108
150
132
69
104
96
108
78
152
89
70
146
107
115
104
79
92
77
83
88
88
85
93
77
68
72
99
89
92
171
87
147
97
73
111
84
86
164
58
100
74
89
94
69
83
97
98
62
74
101
77
83
66
90
67
98
85
144
115
112
103
100
86
94
111
89
93
173
74
146
111
122
75
108
83
77
143
91
121
112
88
89
67
118
105
81
140
87
107
92
88
83
68
196
139
101
85
103
96
88
80
139
83
121
98
195
175
85
110
89
91
54
93
69
80
96
85
78
72
100
1001
105
75
76
87
95
107
70
78
94
127
70
123
79
72
102
70
74
79
67
68
308
107
112
124
68
90
100
93
84
92
142
105
68
85
79
76
90
93
65
84
135
113
72
89
86
193
73
85
53
100
79
89
89
86
152
84
120
78
120
125
90
96
74
91
105
131
147
85
70
89
88
137
75
99
269
112
79
68
79
82
153
119
121
154
76
88
116
88
81
81
96
89
100
10300
88
101
207
103
74
87
117
71
91
86
83
79
83
103
79
85
72
64
398
88
80
71
92
82
99
106
116
88
107
88
116
105
67
95
106
94
112
77
88
94
82
502
75
93
83
57
82
92
103
95
113
108
77
102
148
111
138
93
88
87
69
134
774
85
295
115
83
96
105
103
93
74
89
94
70
81
108
106
109
87
90
75
95
54
149
183
108
80
91
58
90
142
127
78
89
79
105
88
106
112
114
90
94
239
104
91
105
79
86
85
60
104
78
97
183
70
79
118
93
94
138
85
102
137
85
85
81
78
72
91
910
109
106
109
99
69
133
317
82
100
113
97
88
97
63
85
79
73
91
95
89
91
85
79
98
73
81
91
67
93
59
86
96
133
117
190
82
86
80
73
98
96
82
80
65
99
61
95
90
156
104
85
90
75
84
87
86
86
110
135
92
90
93
101
105
121
101
93
126
68
81
98
73
107
91
104
103
96
98
92
98
86
154
116
67
90
80
95
114
102
72
87
90
84
104
88
96
74
104
84
79
194
149
85
81
64
77
94
83
79
84
69
110
89
149
62
87
91
245
90
67
86
119
104
106
77
87
127
108
83
73
87
87
101
82
80
103
