0
2
4
0
6
0
1
0
4
0
0
0
0
0
16
0
0
0
0
3
4
8
1
0
1
6
0
6
2
2
2
5
24
316
0
13
1
2
4
12
3
4
6
5
112
3
24
0
28
1
3
0
1
2
4
0
23
0
2
4
0
2
1
19
24
0
3
5
3
3
8
0
0
20
5
2
3
0
2
0
0
5
1
3
0
0
2
1
1
9
3
18
11
8
0
0
7
1
0
35
6
6
0
0
3
0
6
1
1
0
3
33
13
5
34
9
5
11
18
3
2
1
0
8
1
7
0
0
0
3
23
13
12
20
1
0
0
1
1
4
6
4
7
0
1
19
1
0
2
9
0
0
8
1
69
1
0
43
5
1
4
1
2
0
1
1
11
3
3
0
13
4
0
2
0
0
1
0
8
1
1
3
0
2
17
0
6
1
8
3
1
4
7
1
1
1
9
1
1
1107
1
1
10
1
0
5
3
0
7
2
11
2
0
4
8
5
1
0
3
0
0
11
4
34
3
0
33
0
1
11
1
4
9
4
3
4
1
5
0
5
2
11
0
1
7
8
0
1
2
0
0
0
19
1
2
12
0
10
57
1
1
2
2
5
2
1
0
0
1
4
37
1
0
1
1
2
0
1
0
1
4
2
7
1
1
4
2
1
21
5
67
1
0
0
1
2
1
1
2
4
5
3
0
0
1
2
8
1
0
1
0
18
0
0
2
4
1
0
2
0
0
9
2
2
1
0
19
30
1
15
0
2
3
14
0
1
3
3
2
8
1
5
4
14
0
0
0
1
4
0
3
31
1
1
41
0
8
0
17
3
0
77
1
0
22
17
2
0
4
1
2
12
0
0
2
0
7
3
0
1
0
2
0
7
1
0
1
3
0
30
2
0
0
2
0
0
0
0
3
6
0
23
5
5
11
0
1
0
0
0
6
2
1
0
5
1
2
54
1
2
0
0
0
9
1
11
1
1
123
2
0
1
2
8
4
31
11
2
1
25
3
2
1
15
0
1
1
61
9
7
0
9
0
12
3
0
7
0
102
0
0
4
1
0
49
12
2
0
0
6
20
1
56
1
0
0
9
0
0
0
296
0
209
0
9
0
0
2
2
1
4
1
0
7
1
2
2
1
8
0
0
2
4
0
6
0
1
0
4
0
0
0
0
0
16
0
0
0
0
3
4
8
1
0
1
6
0
6
2
2
2
5
24
316
0
13
1
2
4
12
3
4
6
5
112
3
24
0
28
1
3
0
1
2
4
0
23
0
2
4
0
2
1
19
24
0
3
5
3
3
8
0
0
20
5
2
3
0
2
0
0
5
1
3
0
0
2
1
1
9
3
18
11
8
0
0
7
1
0
35
6
6
0
0
3
0
6
1
1
0
3
33
13
5
34
9
5
11
18
3
2
1
0
8
1
7
0
0
0
3
23
13
12
20
1
0
0
1
1
4
6
4
7
0
1
19
1
0
2
9
0
0
8
1
69
1
0
43
5
1
4
1
2
0
1
1
11
3
3
0
13
4
0
2
0
0
1
0
8
1
1
3
0
2
17
0
6
1
8
3
1
4
7
1
1
1
9
1
1
1107
1
1
10
1
0
5
3
0
7
2
11
2
0
4
8
5
1
0
3
0
0
11
4
34
3
0
33
0
1
11
1
4
9
4
3
4
1
5
0
5
2
11
0
1
7
8
0
1
2
0
0
0
19
1
2
12
0
10
57
1
1
2
2
5
2
1
0
0
1
4
37
1
0
1
1
2
0
1
0
1
4
2
7
1
1
4
2
1
21
5
67
1
0
0
1
2
1
1
2
4
5
3
0
0
1
2
8
1
0
1
0
18
0
0
2
4
1
0
2
0
0
9
2
2
1
0
19
30
1
15
0
2
3
14
0
1
3
3
2
8
1
5
4
14
0
0
0
1
4
0
3
31
1
1
41
0
8
0
17
3
0
77
1
0
22
17
2
0
4
1
2
12
0
0
2
0
7
3
0
1
0
2
0
7
1
0
1
3
0
30
2
0
0
2
0
0
0
0
3
6
0
23
5
5
11
0
1
0
0
0
6
2
1
0
5
1
2
54
1
2
0
0
0
9
1
11
1
1
123
2
0
1
2
8
4
31
11
2
1
25
3
2
1
15
0
1
1
61
9
7
0
9
0
12
3
0
7
0
102
0
0
4
1
0
49
12
2
0
0
6
20
1
56
1
0
0
9
0
0
0
296
0
209
0
9
0
0
2
2
1
4
1
0
7
1
2
2
1
8
0
0
0
0
0
33
1
3
2
20
0
3
0
13
2
0
2
2
2
0
0
15
1
0
38
2
14
44
55
7
2
2
4
0
8
2
2
1
0
1
0
1
2
4
2
5
5
17
1
7
2
1
2
0
2
1
1
4
3
0
0
0
2
1
3
1
0
13
0
10
14
7
9
1
0
2
8
1
5
1
6
0
0
3
2
2
1
24
2
9
9
0
13
3
5
0
2
3
0
0
12
0
3
1
2
0
4
11
8
51
0
1
0
1
1
0
1
6
0
1
1
151
3
5
9
1
0
1
23
2
3
1
8
0
0
1
0
0
47
16
8
0
2
3
0
5
0
2
0
1
0
6
1
5
2
7
0
2
5
9
0
3
3
2
9
0
3
1
12
2
1
1
0
67
9
1
1
4
2
10
13
1
6
16
1
1
1
7
2
1
109
2
0
7
0
0
1
2
22
0
1
2
2
2
15
0
0
0
0
7
13
3
3
13
2
3
1
1
2
0
8
1
0
6
4
1
0
0
6
0
0
3
1
13
16
4
0
0
22
29
0
9
0
5
1
9
4
12
3
10
0
2
1
1
2
1
56
1
0
0
7
18
2
1
1
9
1
0
3
0
0
4
2
1
3
3
2
0
8
1
11
2
8
37
1
102
1
0
2
10
11
2
0
0
0
0
3
7
1
4
9
6
1
11
1
1
28
21
0
2
0
0
4
27
6
7
0
15
1
101
94
5
2
1
0
5
0
0
0
0
0
1
1
1
12
1
1
10
1
2
3
0
1
0
10
12
15
0
220
51
1
14
3
0
1
18
1
4
3
11
1
0
0
2
0
0
2
2
1
0
6
37
3
4
3
2
0
2
3
1
4
1
1
0
4
0
1
1
4
0
1
63
1
4
19
3
0
2
3
4
3
5
1
2
37
0
3
0
6
2
1
3
2
0
7
0
0
0
4
1
0
11
1
0
0
0
12
17
0
0
4
0
3
173
1
1
0
7
1
1
5
1
16
18
27
10
16
12
6
1
1
9
1
0
3
0
0
0
0
4
1
1
1
3
0
0
1
13
0
1
0
3
32
1
3
1
6
24
2
0
18
3
0
25
86
0
2
0
3
2
1
0
21
5
0
12
9
0
11
7
2
12
1
0
18
0
1
4
14
1
4
3
2
1
1
2
0
2
0
2
2
1
10
0
2
0
0
1
2
0
4
0
2
0
43
6
4
2
8
2
2
4
2
2
1
3
0
24
3
1
12
4
17
1
1
6
2
13
5
2
5
8
2
0
1
0
22
1
16
5
10
6
66
0
6411
3
0
1
0
1
0
36
0
0
2
4
3
2
3
5
3
1
4
3
6
0
1
14
0
0
1
8
3
1
2
4
0
2
1
1
9
3
1
6
0
2
128
647
2
1
0
8
18
14
0
0
0
6
1
3
2
3
18
4
1
1
0
4
4
73
6
3
6
3
0
0
0
0
1
7
2
2
17
1
2
0
0
6
1
0
2
2
5
55
7
0
0
5
0
2
0
3
1
0
1
6
0
6
3
3
1
8
2
0
5
18
6
0
1
5
7
1
0
0
5
2
1
0
2
116
1
5
46
9
3
1
15
0
0
0
0
7
3
37
39
0
0
0
1
17
1
5
16
4
2
2
1
0
3
0
6
39
13
1
8
1
0
1
1
1
5
1
2
0
1
4
0
0
0
6
0
3
1
1
70
1
1
0
0
4
0
4
0
1
8
37
0
0
22
11
2
0
1
638
2
8
1
0
0
0
0
1
1
3
1
28
0
4
0
1
41
0
0
77
3
0
2
22
15
2
2
1
2
0
0
1
1
0
7
0
1
0
1
3
1
4
0
11
3
0
0
4
6
2
16
0
1
3
3
1
3
0
0
0
1
3
23
2
0
5
2
21
2
1
0
1
11
1
3
0
8
2
0
0
0
0
9
9
4
5
3
0
0
0
0
4
3
1
13
1
4
1
8
6
1
0
0
5
0
2
7
0
4
3
3
1
0
4
0
2
0
0
4
1
0
6
7
5
3
0
20
16
18
1
4
0
0
0
0
0
2
0
4
6
619
11
12
1
5
0
3
3
1
0
0
3
2
0
2
37
3
1
0
2
0
1
184
0
0
0
9
6
1
1
2
11
0
5
1
1
0
17
11
25
0
0
5
2
2
2
1
0
0
0
4
8
0
0
0
8
1
0
8
1
1
0
2
2
0
4
0
0
0
0
0
6
1
1
3
5
2
2
1
28
2
2
0
0
3
0
1
0
1
1
0
69
4
1
15
12
2
0
3
5
8
64
43
0
1
3
2
1
27
0
20
9
0
0
30
1
5
16
1
1
1
1
0
0
1
56
11
0
0
4
0
5
4
0
2
13
3
4
0
3
1
8
15
0
1
1
2
5
6
0
0
2
5
1
2
5
0
1
1
2
1
3
0
0
0
0
2
0
1
0
7
0
8
10
1
8
11
6
0
2
18
8
4
1
1
0
0
0
2
9
2
2
0
0
0
0
2
7
2
0
0
0
55
1
0
2
3
20
0
2
18
1
3
0
1
32
0
4
5
2
9
4
0
1
0
0
2
95
2
642
3
4
1
0
2
4
8
4
1
2
4
0
0
4
5
2
0
0
0
0
4
10
19
2
16
2
3
1
1
2
1
2
14
3
17
0
7
1
5
34
4
3
1
9
40
0
0
1
3
1
0
1
0
3
0
5
0
8
1
0
0
2
0
0
0
2
0
7
0
2
3
0
1
0
1
0
16
0
4
4
7
1
1
3
0
14
0
5
14
1
2
8
0
3
12
0
0
7
0
4
0
1
0
1
5
0
0
4
8
42
1
0
16
2
0
6
1
2
3
2
4
5
1
2
1
1
23
48
1
0
1
1
1
2
14
4
18
0
0
13
1
1
3
1
1
5
2
1
2
0
5
2
0
9
2
0
0
0
3
1
146
17
1
1
279
0
4
1
1
2
2
16
0
60
8
5
22
0
0
0
0
1
0
2
0
34
2
1
1
1
14
2
0
2
0
4
24
1
5
0
0
1
1
0
6
1
5
3
0
62
0
2
1
1
6
1
1
3
4
1
2
0
35
7
0
2
8
2
13
0
0
0
0
0
2
59
1
22
0
2
60
0
1
9
1
0
1
1
1
0
0
0
0
0
3
14
0
3
1
69
0
0
0
3
2
11
0
7
24
1
4
27
3
1
9
3
23
2
16
79
23
12
0
1
0
3
0
25
12
1
2
0
3
1
1
2
1
5
4
6
3
0
1
18
9
2
0
5
1
1
0
2
1
2
0
1
6
0
0
0
1
3
5
3
0
1
0
3
0
0
1
1
1
5
2
4
4
18
1
0
2
0
1
0
5
6
0
1
0
0
136
2
0
0
16
4
0
32
1
0
3
2
5
0
2
1
5
5
1
5
3
1
1
5
1
0
1
0
0
0
1
6
3
0
1
4
4
1
1
7
5
0
12
0
0
0
3
7
2
1
4
0
0
1
1
0
1
6
0
0
1
20
1
0
0
0
128
5
23
1
10
2
1
2
0
1
0
1
1
0
4
5
4
5
0
14
2
1
1
4
1
9
0
0
0
4
2
0
30
3
1
4
2
2
1
42
13
2
0
2
0
2
0
3
6
55
8
0
5
0
0
2
0
3
1
0
2
3
0
4
1
1
2
31
4
0
1
5
12
3
8
0
0
1
9
0
2
3
7
4
0
7
0
6
0
0
0
1
0
17
1
18
0
2
35
0
9
0
3
1
17
5
1
1
5
2
3
1
3
0
0
35
0
1
2
2
0
0
3
2
5
1
1
0
3
3
5
0
0
1
7
0
2
32
0
0
5
0
2
3
2
0
1
1
102
1
0
15
3
1
9
3
0
0
2
82
0
93
3
1
0
4
5
2
3
6
3
1
14
6
3
1
0
119
2
5
0
2
36
1
2
2
7
0
1
2
0
0
0
0
4
2
1
0
1249
0
1
1
4
38
0
8
0
0
0
0
1
1
0
5
0
2
0
1
18
5
1
2
0
0
0
1
1293
21
108
2
15
2
61
0
0
0
2
6
1
0
0
1
2
20
2
13
7
3
1
10
0
0
0
3
1
1
1
1
1
0
1
5
1
8
1
12
0
5
35
0
5
0
4
1
3
84
2
0
0
0
0
1
1
0
2
21
1
2
1
0
0
11
56
13
1
0
0
0
6
2
1
4
0
7
2
12
1
3
0
0
2
0
1
0
0
4
0
6
0
0
0
3
2
2
3
1
19
12
0
2
2
21
0
5
0
3
7
1
0
15
8
5
1
10
2
1
2
11
0
1
6
0
233
1
1
2
1
1
0
0
177
4
3
2
0
2
3
0
1
0
4
0
0
0
14
0
1
1
7
1
1
0
1
0
0
0
2
6
2
56
17
2
3
10
11
18
1
17
0
19
5
11
1
3
1
70
1
0
0
1
0
1
3
6
2
1
5
8
0
238
9
11
0
0
4
2
26
6
0
3
1
1
14
134
0
3
0
0
0
4
3
8
5
11
0
4
48
0
43
0
0
6
0
9
7
1
0
2
3
2
7
2
1
1
2
1
0
6
4
3
2
85
2
12
17
23
4
4
65
9
2
9
789
9
13
3
0
0
0
12
0
0
0
0
2
0
3
22
0
7
7
0
0
0
0
4
0
0
0
0
2
43
6
9
0
0
15
7
2
27
1
24
33
7
2
5
18
1
0
17
1
4
1
1
1
3
0
27
0
1
1
3
3
52
2
45
2
26
0
0
5
2
0
4
3
30
42
0
2
0
0
2
1
3
4
1
13
19
0
1
5
25
0
0
0
10
30
7
0
0
0
1
0
5
1243
0
279
1
3
11
0
2
4
17
8
8
6
3
9
2
0
108
14
1
0
2
1
8
0
1
0
0
0
6
5
4
3
1
0
1
0
0
4
0
2
3
2
3
9
9
25
0
2
0
0
2
3
2
4
1
1
0
6
0
0
9
6
5
0
13
0
4
11
3
0
77
61
4
5
1
0
7
0
2
6
0
2
1
0
4
8
7
1
15
1
1
3
0
0
27
0
0
0
0
4
0
1
1
1
0
0
0
0
4
1
3
0
1
5
4
13
1
4
4
0
8
9
2
9
0
0
1
4
0
5
1
0
2
5
13
2
6
16
9
1
0
1
3
0
2
10
0
3
1
6
8
0
1
0
3
0
5
9
0
14
3
0
0
1
4
2
2
1
0
2
0
6
2
1
16
6
2
20
0
3
11
0
4
0
0
2
10
5
4
4
0
0
1
5
9
2
17
2
5
27
0
54
6
15
15
1
0
22
21
1
4
27
0
3
13
0
2
2
4
0
1
0
6
18
0
2
12
0
2
7
1
18
1
1
2
0
1
1
0
0
4
0
2
10
1
0
0
1
4
14
0
7
2
0
0
0
2
50
1
0
3
2
1
2
1
0
1
18
13
1
5
1
0
1
1
9
3
0
5
2
0
6
0
1
0
1
0
0
4
3
2
4
2
4
0
3
1
0
9
0
29
1
3
9
0
1
5
0
0
1
1
0
1
34
0
10
65
2
7
1
0
20
4
2
0
2
4
12
7
1
1
2
1
2
15
17
0
16
4
9
1
0
0
1
132
5
0
0
2
0
28
0
1
0
0
1
0
6
2
1
4
4
2
0
0
15
17
3
1
0
0
0
5
0
2
2
1
2
1
0
248
0
45
0
1
3
24
0
2
0
48
0
4
1
1
0
5
0
1
1
6
5
1
5
664
1
11
13
0
2
1
35
0
8
0
2
2
0
0
1
0
0
5
6
0
11
2
9
1
1
15
1
0
0
15
1
0
1
0
1
0
3
0
0
0
4
0
1
2
0
2
2
0
3
11
2
27
1
0
0
0
1
5
3
0
123
3
2
0
1
0
2
0
2
1
1
0
6
0
7
1
2
2
0
3
4
0
1
5
4
1
6
1
5
0
0
2
0
4
4
3
0
0
16
0
3
2
4
3
0
1
2
2
0
0
34
0
3
33
5
0
2
4
4
6
82
27
2
0
0
0
21
3
3
4
13
9
35
5
1
27
8
6
0
0
10
6
0
1
1
2
2
1
0
0
0
4
0
6
0
4
10
66
3
1
11
6
8
3
1
61
0
2
5
0
0
0
0
0
0
5
2
0
0
1
10
15
6
18
3
2
13
9
4
10
1
19
0
0
1
0
0
6
4
0
2
1
0
1
0
99
0
2
7
3
5
1
5
5
1
0
0
0
2
0
4
7
2
10
1
173
1
21
33
0
0
25
18
3
9
50
114
4
3
19
1
1
1
4
6
1
1
0
0
2
16
0
0
1
12
42
0
0
8
1
1
0
1
24
3
1
145
1
4
0
1
3
18
1
0
19
2
1
1
9
0
1
2
1
12
5
0
50
10
1
0
0
3
0
52
7
0
2
2
0
0
10
3
3
10
6
0
5
13
1
4
0
3
10
2
1
1
0
1
3
0
13
4
3
1
3
2
2
9
9
5
0
1
1
5
11
2
2
0
32
0
6
2
1
1
0
5
1
0
20
3
3
4
1
17
0
0
40
5
2
3
0
1
1
12
16
0
3
0
1
2
4
5
0
0
3
25
1
275
1
3
0
2
1
0
1
3
0
6
1
19
3
5
0
5
6
1
0
19
2
1
1
1
3
1
36
5
0
0
2
3
13
4
7
16
0
2
1
5
1
8
6
7
1
0
0
1
0
62
0
6
5
1
23
4
22
5
0
4
0
2
2
103
1
1
1
0
0
31
1
3
6
3
3
10
3
3
0
1
3
49
3
16
7
1
0
3
1
0
7
0
3
2
40
6
1
1
0
5
0
164
1
0
1
2
2
1
1
0
6
3
0
77
3
42
8
2
5
18
0
6
2
0
1
5
3
25
0
3
1
0
3
1
0
1
7
10
2
1
2
0
3
25
9
1
0
0
4
1
1
1
3
4
0
0
1
12
0
5
9
0
0
10
5
12
2
10
2
1
4
2
0
0
1
45
0
3
962
0
1
2
3
2
2
1
1
4
7
0
0
2
28
2
2
0
19
2
2
2
0
6
0
6
21
0
3
0
10
0
6
2
0
0
2
0
0
0
1
0
0
3
27
0
14
1
9
3
26
0
0
3
13
1
7
0
2
0
0
0
0
1
3
0
1
7
1
0
2
9
0
1
0
0
1
1
8
0
0
11
7
1
4
0
7
12
2
1
0
135
27
8
13
3
6
5
5
6
0
2
2
1
0
11
1
9
0
5
3
0
47
0
0
6
3
13
2
1
1
0
2
2
0
11
2
1
0
0
0
0
0
38
1
1
3
0
1
3
1
0
12
0
90
0
28
0
2
17
7
31
4
1
2
0
0
4
8
6
0
23
0
1
15
4
1
14
0
2
3
2
45
0
0
0
13
2
21
6
4
6
0
0
1
5
0
3
6
0
1
0
0
3
7
5
1
8
0
1
1
4
1
1
12
38
0
0
1
0
1
2
4
14
0
17
20
0
77
0
1
10
2
4
46
2
1
566
1
6
2
1
3
49
1
1
0
12
0
2
1
1
1
7
1
0
7
1
9
12
0
1
0
0
1
1
0
0
1
19
1
4
0
1
0
2
4
0
0
14
1
12
10
11
0
4
22
2
7
4
1
3
0
0
0
1
4
1
0
2
8
0
0
4
0
4
0
1
4
0
14
7
4
2
0
2
2
3
3
2
2
2
1
0
1
0
108
1
6
143
2
2
1
0
13
2
2
16
50
0
1
1
0
3
32
4
64
7
3
1
16
0
9
15
1
0
0
56
0
1
5
0
2
11
12
0
4
0
2
25
1
10
2
6
0
3
1
8
2
1
0
4
122
20
0
0
1
0
7
1
9
4
3
0
4
4
0
1
2
3
3
0
1
16
27
0
0
7
4
3
2
2
6
0
1
3
1
0
2
2
1
0
2
9
2
1
1
8
0
8
5
1
16
8
1
14
0
11
0
0
4
0
1
0
1
0
2
3
4
0
5
28
5
1
6
6
11
1
4
2
0
6
0
3
0
1
0
1
3
5
29
0
0
0
3
4
4
0
1
6
5
12
9
1
0
5
15
0
0
5
35
22
2
3
99
2
15
4
0
8
0
4
2
1
0
0
4
52
1
3
2
0
13
0
1
0
1
2
3
17
1
5
0
0
0
0
2
22
3
8
0
0
1
2
15
52
9
3
7
2
23
0
17
0
9
3
1
1
67
3
2
3
8
0
8
0
22
1
0
0
2
2
21
1
1
1
1
4
1
1
0
0
1
23
0
0
19
0
0
2
15
0
1
2
0
6
10
4
3
0
1
7
1
4
3
0
7
0
0
4
1
0
2
1
0
0
0
2
2
4
1
0
0
2
1
10
11
0
6
2
1
134
0
1
0
4
4
1
2
0
3
0
1
0
9
0
1
3
1
3
13
5
0
51
4
0
2
17
4
3
10
5
1
1
0
3
6
4
0
1
13
4
3
5
9
2
3
1
0
0
9
9
2
0
5
4
1
2
0
1
22
14
4
1
5
4
7
12
7
5
18
2
1
1
2
1
4
295
0
1
13
1
0
157
51
1
4
1
16
26
1
56
7
0
0
1
5
5
5
6
0
6
1
4
1
0
0
0
1
3
1
2
3
7
2
10
0
0
1
3
1
10
9
0
2
0
2
15
0
0
1
2
2
5
0
2
0
9
4
2
1
1
1
4
13
3
278
1
0
0
1
0
49
0
2
2
2
0
10
0
0
0
1
1
164
3
1
64
0
2
3
0
1
6
1
8
3
11
2
1
33
0
6
6
55
1
20
0
0
3
4
1
3
1
2
4
0
5
2
4
2
0
3
0
1
1
0
0
0
4
17
5
17
5
5
0
64
0
8
0
7
1
3
2
4
1
3
4
0
7
2
0
1
1
0
2
8
30
2
6
2
1
0
0
0
2
2
0
1
2
6
0
1
0
0
20
9
0
7
3
1
6
4
66
0
2
7
9
9
1
9
1
7
9
0
67
10
7
0
1
1
5
4
9
1
1
1
819
1
0
7
5
1
0
1
2
2
0
2
0
1
3
2
1
0
20
2
0
5
0
1
4
108
0
1
8
1
1
3
10
3
1
2
7
4
5
1
1
1
1
11
0
0
55
1
1
2
2
2
12
83
2
1
1
7
1
2
0
0
1
9
2
41
0
12
1
2
0
41
4
0
0
2
0
1
0
5
1
7
4
1
0
1
6
1
1
0
0
1
0
13
6
12
2
0
2
14
10
2
2
299
0
0
1
1
1
1
8
1
0
0
1
1
0
4
0
2
2
0
8
1
4
20
0
0
2
1
1
3
5
46
20
5
19
0
1
7
0
10
1
0
13
5
19
0
4
4
0
1
5
0
0
24
0
1
3
107
4
4
0
0
8
1
0
15
26
1
1
4
15
1
7
0
4
0
4
2
0
5
2
0
14
0
1
5
14
1
4
9
0
1
1
3
0
0
7
2
0
1
7
12
5
4
0
0
35
5
0
3
1
1
19
2
0
0
2
1
0
38
3
1
2
3
37
0
47
2
6
1
1
1
5
16
3
1
0
0
0
0
3
3
4
2
1
1
0
27
2
0
8
7
1
1
1
7
0
5
0
11
3
2
9
1
19
14
1
11
1
2
0
1
3
6
2
4
5
2
1
1
0
3
0
0
0
1
0
1
2
1
6
0
1
12
5
2
1
11
2
4
10
5
1
72
2
963
0
0
0
1
15
4
2
1
1
40
0
0
16
13
1
2
1
1
2
8
0
5
18
0
103
0
0
0
4
6
0
106
6
4
1
1
0
1
4
2
5
0
1
5
2
2
13
0
0
5
5
1
2
1
5
1
2
5
1
16
1
7
9
2
1
5
3
0
5
2
1
4
0
0
1
2
4
3
35
2
10
5
1
1
0
7
4
5
1
74
2
8
91
5
0
6
2
54
3
0
0
7
6
0
0
0
0
0
3
2
3
5
1
0
0
8
6
36
0
4
0
4
2
7
0
0
4
0
4
6
0
2
0
1
6
2
2
1
130
0
1
2
2
1
0
20
13
44
44
0
20
0
0
7
32
5
0
12
0
0
0
1
34
0
0
0
0
2
1
1
14
0
1
5
2
0
8
4
8
0
0
0
2
1
0
0
4
4
3
24
1
9
0
11
2
4
5
13
4
1
0
0
0
4
4
38
2
0
0
4
1
4
0
0
0
3
5
0
1
1
0
0
1
0
2
1
53
5
0
1
42
0
2
6
15
6
3
8
3
0
2
3
2
2
2
1
0
0
3
1
5
3
1
3
12
4
2
3
4
3
0
0
0
25
1
1
3
2
3
707
0
1
2
0
2
6
3
2
0
2
5
0
0
40
1
0
0
0
6
9
0
2
1
0
3
2
44
2
1
2
0
0
1
0
0
0
4
1
0
5
2
1
3
3
4
9
3
1
0
0
9
3
3
3
1
3
2
10
168
0
0
2307
12
5
2
6
0
13
2
2
0
0
1
32
6
3
4
0
1
0
7
1
0
1
0
6
4
2
0
32
0
0
209
0
0
4
0
76
2
0
2
0
2
4
2
101
1
19
3
177
3
9
3
6
1
2
2
67
1
0
0
1
0
24
3
6
2
6
8
0
0
3
0
1
15
0
0
0
3
2
1
5
0
1
2
3
0
707
4
30
0
2
11
1
7
5
1
2
5
3
0
2
1
0
0
7
10
7
0
1
6
0
7
0
0
13
0
3
0
1
4
0
2
60
41
7
2
1
1
2
2
0
0
6
0
1
1
12
2
18
5
0
1
0
0
0
1
2
1
0
0
0
0
3
40
5
2
3
4
0
6
6
199
0
0
0
6
0
11
3
0
7
1
0
4
0
0
1
4
1
3
26
3
17
1
0
10
8
76
0
1
5
0
2
0
1
4
13
5
1
3
0
2
0
360
1
11
229
1
6
34
0
2
1
1
2
4
4
2
0
0
23
5
4
1
1
33
2
1
0
2
0
4
13
4
4
11
2
3
1
0
3
6
13
8
4
41
6
3
0
1
2
2
2
2
6
1
2
0
22
6
13
7
0
9
5
1
4
0
2
8
5
4
3
9
1
17
19
2
2
0
16
0
0
2
5
1
0
2
119
0
6
0
0
0
0
0
0
0
8
14
2
32
2
0
7
5
0
9
10
1
1
0
0
0
1
5
1
8
0
2
3
1
3
0
1
0
4
4
3
0
11
49
5
4
2
10
0
2
1
1
5
0
4
2
0
1
3
22
0
6
1
1
1
5
1
3
1
6
1
2
58
3
3
0
0
208
4
3
1
1
1
0
0
6
0
0
1027
1
7
11
1
1
2
50
728
1
2
2
3
1
25
0
4
415
1
2
5
0
266
0
0
2
1
0
0
5
2
0
4
0
0
0
0
1
12
1
1
2
0
1
0
2
5
12
0
1
8
2
0
31
0
4
2
0
1
1
1
0
1
2
14
4
1
1
4
13
5
0
1
0
3
1
5
8
0
1
7
42
0
1
76
1
8
0
1
5
1
0
4
2
0
1
1
0
1
107
2
8
0
12
18
3
3
13
5
3
8
14
36
4
19
1
1
4
2
18
2
0
1
61
3
2
6
20
2
0
1
3
15
12
0
5
0
0
7
6
0
0
4
0
0
7
1
5
7
6
32
0
3
5
0
6
1
22
0
3
0
10
142
0
0
9
0
3
11
2
1
4
2
13
4
3
0
0
6
1
5
4
0
0
2
0
0
1
4
0
28
12
0
17
16
2
0
0
2
0
0
0
6
2
1
2
4
0
0
2
10
0
2
10
5
0
0
4
2
1
2
1
4
5
14
0
1
6
2
3
0
0
1
0
7
0
1
16
1
3
1
0
3
7
0
12
1
0
4
0
6
1
10
2
13
0
11
5
0
1
7
4
2
0
1
2
9
0
0
2
0
2
2
0
1
0
1
2
1
0
1
24
0
1
1
4
2
13
0
1
0
2
44
0
0
0
0
17
1
1
1
0
149
16
0
3
0
25
0
3
2
0
1
0
7
1
37
1
30
0
2
2
0
1
6
0
4
1
0
3
1
2
0
2
10
0
4
5
0
4
4
4
1
0
0
1
1
6
1
52
3
1
1
0
5
0
1
6
2
1
4
7
5
0
4
1
2
0
18
1
9
2
0
59
5
1
3
2
3
122
2
0
0
1
0
4
0
1
0
1
0
0
3
12
5
0
4
9
2
0
0
0
10
0
1
4
13
0
2
0
10
16
21
0
1
0
3
2
2
0
0
1
1
1
0
0
0
9
1
0
3
0
2
1
460
0
17
9
1
0
1
21
0
7
0
0
0
5
0
50
0
0
0
2
10
1
2281
0
0
0
51
6
0
200
18
7
2
2
6
0
8
0
0
14
527
1
4
8
5
9
5
0
0
10
1
3
0
1
1
0
1
0
0
1
3
2
0
0
0
54
0
2
1
4
0
1
1
0
0
1
0
0
3
2
2
1
2
2
4
3
5
117
1
1
1
2
3
0
1
1
3
13
0
0
2
3
1
7
1
1
0
0
3
5
2
80
4
0
346
0
1
1
0
2
24
4
4
4
1
0
5
1
2
1
0
0
11
8
0
3
0
0
0
0
0
0
3
3
1
0
1
1
2
0
15
5
1
1
10
4
12
3
2
0
5
0
0
0
3
1
3
0
0
0
0
2
8
1
10
8
1
1
0
3
0
6
1
1
1
13
2
0
18
0
4
1
0
68
6
0
27
2
1
55
0
13
1
10
1
5
2
0
2
1
11
0
1
2
0
4
1
0
0
78
1
0
7
11
0
2
2
0
6
2
1
0
0
2
0
15
2
5
1
74
0
3
2
3
6
1
7
1
4
11
1
21
5
3
19
1
0
0
17
3
2
0
7
3
1
3
0
1
0
1
2
1
2
2
0
1
1
4
0
9
1
4
257
4
1
8
3
9
0
4
0
3
0
6
0
0
0
1
5
24
0
1
0
12
1
10
4
1
3
4
2
1
0
0
6
1
0
0
10
3
48
1
0
54
128
26
0
7
64
0
3
1
12
0
0
1
0
2
10
3
2
2
0
3
7
73
0
3
1
1
8
2
0
0
0
4
0
0
4
0
1
3
15
0
12
1
2
0
1
11
23
2
0
1
4
1
6
2
8
20
7
3344
0
5
1
1
10
4
1
8
11
0
11
1
23
0
6
10
7
0
2
2
1
0
1
1
7
0
1
1
0
13
123
3
5
2
0
3
14
1
0
22
16
0
2
1
6
61
0
16
1
127
29
0
1
12
0
3
1
5
6
2
1
10
17
0
9
2
43
1
4
7
6
3
0
274
2
0
3
1
1
11
28
1125
0
2
2
4
27
0
1
0
0
0
0
15
31
0
0
7
1
3
1
3
2
0
2
3
27
4
8
0
0
14
24
1
0
1
3
0
62
4
1
1
13
22
0
5
108
0
23
0
2
15
1
1
1
0
2
0
1
1
0
0
1
1
0
0
1
0
19
0
11
4
29
3
0
0
32
1
1
7
0
3
1
1
0
3
8
4
0
0
22
1
1
2
1
0
6
2
3
2
6
0
3
4
10
21
10
0
7
0
0
1
8
2
15
0
1
0
3
6
3
18
0
1
11
0
15
15
5
1
0
1
2
0
1
0
1
26
1
1
0
1
5
16
128
4
0
0
0
2
8
65
3
2
0
0
39
0
0
4
1
5
14
0
0
0
4
0
6
0
1
17
15
13
46
0
0
0
1
3
3
0
7
4
1
7
9
3
1
1
6
0
7
7
1
1
1
0
1
0
216
0
0
2
13
0
2
0
31
122
24
0
4
2
5
0
3
1
4
3
5
3
215
1
2
7
1
0
2
5
1
1
2
1
95
6
7
1
0
0
22
4
84
9
5
0
0
12
4
0
2
0
1
1
0
0
3
8
2
0
3
0
1
0
4
0
0
0
0
0
0
0
0
1
9
10
35
13
0
5
0
7
4
1
1
7
0
102
1
158
1
0
1
28
1
0
2
3
45
0
1
1
1
1
0
0
3
0
3
6
0
1
20
16
5
3
0
0
2
3
3
1
4
0
1
2
0
1
0
0
1
0
5
5
1
1
0
0
1
0
2
7
1
0
6
8
2
0
0
2
1
3
1
5
0
18
1
1
17
1
2
44
51
0
1
2
0
1
0
5
19
4
0
0
4
10
6
0
2
17
6
4
1
2
58
5
0
12
237
0
9
0
1
6
3
5
0
4
2
17
4
9
4
1
0
2
0
1
2
200
8
2
0
39
0
3
7
22
5
0
3
5
11
1
1
11
10
0
8
5
8
5
1
0
8
1
2
7
0
1
0
4
1
9
13
0
4
11
3
0
312
34
1
6
13
4
0
3
0
1
0
3
5
0
1
4
2
0
76
3
2
1
1
2
5
3
4
8
2
0
0
6
5
22
666
2
15
1
0
9
0
2
2
0
1
0
1
0
0
0
0
5
2
0
18
2
1
28
1
1
4
0
2
8
0
3
2
0
0
7
1
5
0
3
0
0
0
0
0
0
13
11
1
1
0
2
2
0
168
3
21
7
2
0
0
6
1
7
1
8
20
2
5
1
4
35
3
159
0
2
0
1
1
42
24
0
0
6
12
2
0
49
9
0
0
5
1
2
2
0
1
1
1
2
3
3
32
0
0
0
0
0
11
0
1
3
6
2
11
1
0
4
9
3
2
0
2
32
0
335
7
0
28
0
3
1
5
0
2
0
0
1
0
0
3
12
1
8
1
4
1
1
0
1
2
1
2
13
0
7
1
2
1
3
1
0
14
0
3
4
3
16
0
24
5
2
8
8
1
1
3
1
0
6
71
2
2
0
4
2
1
1
1
6
0
0
1
9
1
0
4
4
2
0
7
9
13
13
2
0
6
0
3
7
24
1
2
3
37
2
0
0
5
2
1
0
0
1
1
2
4
4
0
0
8
0
0
1
0
18
1
2
12
1
1
11
1
2
2
0
12
0
0
1
0
4
3
16
0
0
2
12
1
1
18
5
6
3
2
9
0
10
21
0
1
1
12
1
1
0
2
3
0
10
1
1
0
2
8
1
9
6
4
0
11
1
3
0
0
0
3
15
0
12
77
1
0
1
2
1
2
5
0
5
1
1
12
4
0
6
0
0
1
2
2
1
1
1
2
0
1
1
0
111
0
0
4
0
0
0
18
0
0
0
0
0
0
2
5
2
0
4
0
4
0
1
2
2
0
0
0
0
2
1
0
1
3
2
5
1
2
28
9
1
1
2
0
3
1
2
16
18
5
0
3
0
8
0
4
1
0
241
1
3
2
1
0
2
12
5
0
3
14
2
20
12
91
5
2
3
38
4
0
0
10
0
1
7
0
0
3
0
0
0
1
2
0
3
2
0
1
1
2
3
2
4
6
0
0
9
1
3
1
1
2
1
3
3
1
18
2
1
2
7
2
0
3
3
2
0
0
20
1
0
15
1
2
27
3
9
8
2
2
1
0
405
2
4
2
0
14
0
2
27
16
4
0
2
1
4
3
3
1
0
0
0
1
3
3
0
2
0
1
2
8
2
0
11
1
35
0
5
0
0
0
1
0
0
0
1
51
1
0
4
0
1
33
3
2
0
1
0
2
0
1
1
1
4
1
0
1
76
0
2
2
4
3
5
0
1
1
12
30
5
5
3
25
0
0
213
1
0
4
2
26
109
0
3
2
2
1
1
0
6
23
8
3
6
4
5
0
1
26
5
0
4
0
3
0
0
7
5
3
1
0
1
4
0
3
2
4
1
1
1
10
2
1
0
0
31
0
29
17
1
0
275
0
0
6
174
0
2
0
3
6
5
1
0
1
3
2
0
19
0
0
17
1
1
2
2
0
0
0
4
4
1
0
2
0
2
0
5
2
6
3
0
1
54
1
2
0
0
1
5
21
3
10
3
0
95
8
0
1
4
0
0
2
5
8
2
4
4
6
8
2
1
1
1
5
0
4
1
18
1
0
0
19
5
1
4
2
0
48
5
32
0
0
0
12
5
3
2
1
0
0
0
28
3
3
6
1
1
16
4
0
1
6
2
1
3
0
0
1
174
0
1
0
2
6
0
2
0
1
0
0
3
1
7
1
23
0
13
2
1
2
1
0
14
1
1
1
2
4
0
2
1
0
0
5
6
13
1
2
0
2
0
0
0
6
0
0
0
0
0
21
0
1
1
76
1
0
5
0
0
0
0
0
1
2
70
1
0
3
2
5
0
6
2
4
1
9
0
0
2
0
0
0
0
0
0
1
12
2
3
0
2
0
1
0
0
0
0
0
1
7
2
1
0
0
0
0
1
5
0
7
2
134
5
3
0
1
3
8
14
2
4
6
1
2
2
3
4
0
0
1
1
19
0
9
0
13
7
0
1
3
1
0
2
4
0
6
0
1
0
4
0
0
0
0
0
16
0
0
0
0
3
4
8
1
0
1
6
0
6
2
2
2
5
24
316
0
13
1
2
4
12
3
4
6
5
112
3
24
0
28
1
3
0
1
2
4
0
23
0
2
4
0
2
1
19
24
0
3
5
3
3
8
0
0
20
5
2
3
0
2
0
0
5
1
3
0
0
2
1
1
9
3
18
11
8
0
0
7
1
0
35
1
5
0
4
2
0
0
2
5
0
0
2
3
2
1
3
0
2
4
18
5
2
6
7
1
5
10
6
0
46
0
11
9
10
0
3
1
1
17
0
9
17
3
0
1
8
2
0
12
2
3
1
4
4
0
41
13
0
0
11
1
0
3
21
1
4
0
20
18
0
19
1
5
1
2
0
0
1
3
0
0
7
439
2
3
2
1
2
7
0
1
0
5
0
5
0
0
1
0
0
1
0
0
86
2
0
4
0
9
2
0
3
0
23
0
0
3
1
0
2
3
3
0
13
4
1
7
1
50
0
1
0
4
1
0
0
1
16
1
12
0
5
8
1
4
0
1
1
6
18
0
1
1
1
10
0
2
58
9
2
0
1
1
20
0
12
18
4
6
1
2
0
0
0
4
1
5604
0
2
45
2
2
1
14
0
0
2
1
0
0
4
0
4
0
0
141
1
6
0
2
1
1
2
16
4
4
0
1
3
0
7
2
0
2
3
1
2
4
203
1
2
0
1
1
3
6
5
2
2
1
0
12
4
17
2
5
0
0
11
279
1
68
3
1
1
6
1
2
1
1
13
1
1
2
2
8
1
4
3
0
0
28
41
4
2
3
0
2
17
17
1
3
1
3
3
2
3
7
2
1
40
8
1
11
1
1
0
0
0
2
1
13
0
2
13
1
2
21
4
3
14
2
1
0
5
0
2
314
7
1
8
7
0
14
115
1
1
18
3
0
8
0
0
2
1
2
3
1
0
1
1
4
0
0
2
0
2
0
3
0
10
13
24
0
1
1
0
2
1
1
1
0
3
1
0
3
29
2
0
0
2
2
0
0
5
6
16
1
1
2
1
6
6
2
1
3
0
1
17
1
5
3
11
6
0
1
4
9
1
26
10
0
0
2
0
9
0
2
0
1
1
2
1
3
0
1
4
1
38
19
0
1
1
3
0
2
0
0
0
1
1
16
0
4
1
62
1
2
1
7
2
4
0
0
15
6
1
3
0
0
10
0
1
3
