26
130
16
25
21
23
16
17
21
37
22
24
16
17
56
59
23
27
25
22
15
30
234
19
40
27
12
31
10
21
40
31
28
28
23
50
17
35
21
13
22
13609
23
66
93
12
25
36
24
17
33
27
42
20
18
27
32
130
44
34
46
26
13
16
15
16
32
40
23
28
9
25
17
91
30
42
24
30
25
18
18
19
21
39
30
23
19
24
36
41
31
57
19
27
161
30
35
19
25
28
24
50
23
19
11
36
20
17
11
36
17
38
20
35
35
29
27
20
31
24
32
17
22
28
26
24
30
23
41
43
7
27
20
34
16
30
37
67
22
22
28
42
42
31
18
25
29
42
34
22
34
28
24
2197
25
17
31
18
40
26
19
21
19
26
26
22
39
23
22
20
43
29
17
23
19
20
16
23
31
22
14
31
46
17
15
41
51
35
15
21
33
33
19
26
32
41
31
12
31
29
13
14
21
35
15
31
28
19
61
39
32
53
42
30
36
26
187
14
19
17
39
9
25
20
19
53
22
16
45
19
21
36
225
15
53
48
35
28
19
32
23
23
23
23
30
34
11
37
29
16
26
56
11
26
52
29
19
46
78
22
30
19
36
21
47
77
45
26
23
159
38
17
74
12
22
75
11
13
23
14
31
38
41
28
29
37
31
27
175
14
25
8
52
14
28
29
48
48
22
6
29
25
29
70
13
24
35
75
23
31
22
28
27
11
20
33
16
38
18
14
25
18
44
12
11
20
20
30
56
25
20
18
19
26
28
16
29
38
32
35
23
23
47
33
18
20
16
13
32
17
21
21
24
33
50
37
12
44
14
17
33
19
29
25
19
16
32
28
151
12
32
42
18
22
21
20
17
28
16
27
103
22
14
23
40
53
308
41
20
11
40
31
51
16
24
21
24
27
29
33
16
24
24
17
33
19
26
29
22
44
20
20
18
48
31
16
19
26
26
16
28
33
21
9
11
18
40
47
51
29
38
17
23
35
64
28
27
42
18
84
54
19
27
24
18
23
25
15
12
19
195
25
32
13
24
22
32
127
88
60
16
91
7
33
64
24
24
36
86
30
38
23
14
53
16
18
27
24
25
17
91
9
21
30
28
17
26
12
13
20
12
64
30
27
29
26
29
17
39
21
26
130
16
25
21
23
16
17
21
37
22
24
16
17
56
59
23
27
25
22
15
30
234
19
40
27
12
31
10
21
40
31
28
28
23
50
17
35
21
13
22
13609
23
66
93
12
25
36
24
17
33
27
42
20
18
27
32
130
44
34
46
26
13
16
15
16
32
40
23
28
9
25
17
91
30
42
24
30
25
18
18
19
21
39
30
23
19
24
36
41
31
57
19
27
161
30
35
19
25
28
24
50
23
19
11
36
20
17
11
36
17
38
20
35
35
29
27
20
31
24
32
17
22
28
26
24
30
23
41
43
7
27
20
34
16
30
37
67
22
22
28
42
42
31
18
25
29
42
34
22
34
28
24
2197
25
17
31
18
40
26
19
21
19
26
26
22
39
23
22
20
43
29
17
23
19
20
16
23
31
22
14
31
46
17
15
41
51
35
15
21
33
33
19
26
32
41
31
12
31
29
13
14
21
35
15
31
28
19
61
39
32
53
42
30
36
26
187
14
19
17
39
9
25
20
19
53
22
16
45
19
21
36
225
15
53
48
35
28
19
32
23
23
23
23
30
34
11
37
29
16
26
56
11
26
52
29
19
46
78
22
30
19
36
21
47
77
45
26
23
159
38
17
74
12
22
75
11
13
23
14
31
38
41
28
29
37
31
27
175
14
25
8
52
14
28
29
48
48
22
6
29
25
29
70
13
24
35
75
23
31
22
28
27
11
20
33
16
38
18
14
25
18
44
12
11
20
20
30
56
25
20
18
19
26
28
16
29
38
32
35
23
23
47
33
18
20
16
13
32
17
21
21
24
33
50
37
12
44
14
17
33
19
29
25
19
16
32
28
151
12
32
42
18
22
21
20
17
28
16
27
103
22
14
23
40
53
308
41
20
11
40
31
51
16
24
21
24
27
29
33
16
24
24
17
33
19
26
29
22
44
20
20
18
48
31
16
19
26
26
16
28
33
21
9
11
18
40
47
51
29
38
17
23
35
64
28
27
42
18
84
54
19
27
24
18
23
25
15
12
19
195
25
32
13
24
22
32
127
88
60
16
91
7
33
64
24
24
36
86
30
38
23
14
53
16
18
27
24
25
17
91
9
21
30
28
17
26
12
13
20
12
64
30
27
29
26
29
17
39
21
16
35
13
38
40
29
26
21
28
19
18
27
24
89
44
29
13
51
34
7
45
138
11
21
19
21
18
22
16
12
27
21
37
26
82
59
1087
19
67
26
19
20
30
61
32
38
25
13
26
14
48
23
22
45
13
33
32
16
32
19
20
25
34
43
62
44
22
31
38
32
26
112
27
40
26
59
33
14
21
28
26
31
24
17
58
40
47
21
23
20
53
18
36
14
95
12
36
8
38
17
63
13
25
62
74
14
54
16
27
16
30
22
21
47
27
42
33
11
30
35
21
153
10
20
20
20
24
25
43
29
19
29
16
69
32
34
23
25
27
34
19
84
27
11
21
25
32
17
40
20
35
54
13
54
74
23
19
9
20
24
27
47
28
14
146
25
40
10
15
51
37
34
28
38
20
33
58
27
25
11
14
15
21
15
27
18
21
54
21
21
39
27
23
20
156
23
33
17
27
27
44
16
37
35
16
22
18
13
32
24
23
18
32
31
25
64
31
28
16
14
15
20
53
25
24
120
19
10
16
28
17
42
18
42
133
23
36
72
22
15
16
34
111
33
35
13
26
42
30
41
11
23
25
33
17
22
23
49
24
77
21
46
30
19
27
20
20
536
132
10
31
19
33
16
20
45
16
30
27
28
31
42
39
29
23
69
20
41
25
45
51
23
18
45
16
60
24
27
39
33
33
35
21
14
18
23
27
12
23
18
42
12
32
24
25
18
12
20
62
46
13
32
16
32
32
27
26
22
23
19
17
41
25
23
38
20
22
24
25
33
20
24
25
28
26
23
55
25
20
18
14
15
20
34
19
14
28
50
27
25
7
24
29
20
27
26
24
19
10
26
21
24
18
31
20
20
17
22
26
19
13
60
32
38
27
16
16
17
23
30
50
19
14
15
35
36
27
12
21
27
22
33
47
7
45
30
30
42
69
18
24
18
16
12
19
21
30
37
23
37
21
34
47
19
21
18
32
19
20
16
25
31
37
38
58
24
26
22
22
24
35
176
30
23
24
26
20
20
26
22
37
203
22
12
17
16
45
28
33
28
24
31
37
18
14
35
22
22
60
69
175
77
30
15
21
15
26
67
27
31
89
32
17
23
16
17
19
21
21
22
31
26
14
33
32
8
18
40
104
17
21
53
36
22
17
22
19
14
44
20
43
18
16
23
6
54
23
18
21
22
31
16
14
19
31
27
28
24
24
29
30
15
28
34
17
29
22
24
14
26
20
20
19
15
24
32
23
53
22
17
52
20
21
27
86
13
15
13
31
19
20
34
36
28
1684
10
16
22
17
23
20
30
374
24
21
55
38
17
121
22
18
9
27
23
23
98
21
25
26
24
17
25
26
44
23
26
29
12
25
34
37
26
40
37
23
24
22
52
21
18
25
19
35
19
25
20
29
20
15
41
23
20
12
23
14
64
34
25
29
41
31
31
83
8
22
13
24
14
26
20
14
12
15
551
28
37
85
54
33
13
23
27
57
20
19
15
31
20
38
14
39
41
27
19
22
42
49
15
30
20
38
53
28
37
36
28
35
51
21
21
22
18
31
34
16
17
63
20
62
29
12
9
17
8
21
21
61
19
23
19
27
66
67
22
26
113
19
22
13
12
19
22
41
50
54
29
30
12
34
25
63
20
21
23
15
23
54
31
95
21
38
27
23
24
45
56
23
17
64
12
22
26
46
15
22
18
29
37
22
22
23
50
19
26
31
40
52
17
34
21
13
22
20
85
27
19
13
31
46
14
21
23
22
52
233
15
80
25
12
30
14
20
19
44
29
26
25
40
21
16
25
21
50
34
13
26
31
41
17
43
46
28
22
12
35
25
22
27
32
32
20
18
22
14
37
28
48
48
26
20
15
31
17
64
28
33
32
25
15
22
18
28
269
4
20
12
24
21
20
35
40
21
49
21
25
11
36
15
27
32
26
27
33
25
30
17
23
12
41
25
18
26
19
27
16
21
20
26
14
133
31
19
26
19
19
56
15
40
25
32
15
43
45
23
27
20
25
29
28
47
20
33
25
17
25
16
30
19
41
20
24
26
32
18
23
41
33
38
29
23
14
16
13
25
17
23
23
220
12
7
19
21
20
33
11
19
44
27
34
19
18
319
13
25
17
31
49
19
23
15
70
35
31
20
25
20
32
31
24
31
15
30
18
13
24
29
22
21
18
146
13
19
26
17
24
19
29
20
14
22
26
25
12
145
23
46
22
83
51
26
15
33
23
22
24
45
18
276
25
12
29
23
11
25
32
23
32
6
29
24
16
45
27
40
44
14
40
21
16
32
26
30
33
31
15
24
24
30
58
38
29
27
34
15
23
23
16
14
22
39
78
16
30
32
12
14
30
22
14
34
27
25
41
57
30
18
64
25
26
7
21
12
19
19
14
15
146
21
12
89
31
26
22
12
20
21
19
17
44
91
25
16
16
16
27
62
22
14
26
24
29
32
26
16
32
15
29
35
17
15
17
22
19
40
20
78
15
9
18
236
40
22
19
22
50
28
83
33
40
44
6
11
23
26
14
35
17
52
24
12
27
10
37
27
23
14
18
35
38
23
43
22
17
21
15
9
36
17
22
29
12
51
22
13
11
36
143
76
24
18
24
25
14
15
21
28
48
63
28
23
41
40
51
22
30
16
38
24
22
41
16
19
32
50
9
19
20
28
23
52
59
24
16
25
26
23
42
27
18
29
42
20
25
126
108
60
43
27
45
33
29
14
12
38
26
39
74
285
11
23
19
36
29
26
32
22
18
34
31
26
13
37
23
30
17
15
51
18
31
23
16
26
43
28
21
27
17
34
21
21
263
24
23
21
109
48
18
16
12
37
26
29
38
17
37
23
8
21
15
71
22
19
30
16
27
15
36
28
27
55
22
21
27
21
15
200
40
27
31
39
65
77
22
9
22
193
19
18
64
21
27
25
16
38
17
22
21
18
26
27
20
25
16
48
50
29
22
8
182
19
24
17
17
40
24
59
25
23
63
37
19
22
25
25
29
23
17
23
15
23
25
22
19
19
16
30
17
66
31
68
17
94
29
22
37
19
22
18
31
15
18
24
31
14
31
19
41
29
44
17
24
37
19
25
17
16
17
12
39
43
86
22
29
62
29
22
40
86
14
30
40
22
31
21
38
40
22
47
30
13
46
30
15
20
16
30
17
27
21
53
52
29
25
15
137
19
28
26
18
17
24
52
36
36
19
26
31
82
17
30
14
38
20
99
23
21
59
17
32
40
19
46
22
13
37
16
25
33
21
44
18
20
20
17
70
15
20
78
20
32
27
12
22
37
30
64
40
25
12
30
16
21
12
35
744
26
15
25
20
28
24
27
39
29
19
28
21
32
430
19
37
21
24
25
18
20
34
17
20
76
43
20
30
15
11
17
24
40
19
28
36
17
33
16
24
20
40
24
15
22
19
29
22
18
26
143
12
26
22
16
24
15
17
15
20
24
160
19
31
36
35
89
38
18
33
32
26
31
25
24
17
27
16
24
47
47
21
18
46
12
77
67
22
34
20
11
31
15
24
39
34
9
21
24
15
25
33
24
22
34
19
28
11
23
43
28
49
17
31
20
16
22
27
46
49
17
40
26
16
24
24
36
16
26
46
108
25
22
34
42
25
51
99
44
23
25
25
13
22
23
14
25
22
30
20
19
24
28
15
29
21
26
24
25
29
36
10
24
30
30
34
28
34
38
42
18
23
42
24
21
408
33
38
17
25
48
39
13
23
13
35
23
12
29
29
15
24
15
20
37
19
21
9
40
16
52
27
13
22
30
95
57
14
21
26
24
99
17
19
18
19
36
38
28
29
6
15
21
28
29
27
14
17
42
22
122
31
70
25
36
15
45
20
53
18
25
39
24
29
27
30
15
20
8
179
4191
14
20
16
26
15
21
32
23
26
35
23
25
21
26
43
25
32
57
10
234
17
19
19
19
58
21
21
28
24
21
81
18
28
14
23
38
12
10
171
52
22
77
22
19
20
30
17
41
24
25
12
26
28
34
17
27
43
21
23
22
28
15
36
28
67
17
15
27
21
24
68
31
19
9
21
77
32
30
19
29
15
25
20
29
16
65
19
25
29
35
25
32
25
30
74
27
29
18
20
28
71
54
16
35
35
242
33
38
13
20
19
14
68
355
11
24
19
10
44
15
23
29
27
23
33
19
21
33
21
88
18
29
22
203
18
30
14
20
41
52
16
32
28
26
41
18
13
20
22
18
18
24
33
49
25
20
13
25
214
25
33
25
13
16
27
20
25
22
22
109
54
14
24
33
11
34
19
12
17
18
21
84
24
10
32
31
47
36
25
91
35
9
44
16
23
30
25
26
20
13
65
22
26
34
54
32
23
16
35
42
21
26
17
164
22
50
23
14
31
12
23
30
34
61
11
17
23
32
13
13
65
24
62
44
12
13
24
14
48
38
10
53
32
49
12
22
25
20
52
11
23
27
106
18
23
34
16
44
34
69
19
32
12
21
32
11
24
57
36
40
48
54
50
22
20
26
39
20
42
22
62
22
18
108
23
17
21
20
114
16
35
20
17
18
27
29
33
19
17
37
19
21
20
31
18
35
34
19
19
116
17
43
35
18
20
23
39
8
26
17
13
20
13
104
20
14
26
23
28
19
106
28
31
20
19
30
111
9
13
46
25
24
14
21
18
27
32
21
36
29
26
52
24
23
84
22
71
37
12
36
30
16
28
22
18
49
19
26
57
12
41
52
29
43
78
18
19
33
15
29
33
46
24
20
21
47
48
15
20
11
10
24
22
12
44
25
28
12
24
33
17
24
17
35
29
33
14
36
54
21
109
108
41
29
15
19
18
21
22
29
19
26
504
18
124
46
40
74
14
52
27
34
59
27
33
27
17
13
20
21
57
24
22
22
41
21
402
24
22
27
20
37
64
1141
21
25
31
18
32
28
22
37
152
116
25
46
20
21
39
206
39
36
26
121
22
57
27
23
26
120
39
26
106
15
38
12
23
29
21
63
45
28
14
13
29
10
29
29
23
20
36
32
32
6
23
48
16
13
34
39
248
49
24
23
98
27
22
11
18
90
20
33
25
23
15
32
10
26
28
45
109
12
15
12
17
5
20
13
29
21
19
28
22
19
20
67
54
93
17
42
31
27
15
19
43
20
29
17
8
33
43
59
32
148
25
24
14
14
18
26
30
41
34
23
27
47
6
16
43
27
20
28
30
17
65
15
48
52
51
23
33
22
24
13
18
33
52
15
7
22
28
15
17
16
29
27
43
53
21
16
26
12
20
17
30
30
16
26
26
10
14
46
29
49
36
15
23
22
40
35
72
21
32
40
23
28
40
21
23
26
20
17
19
18
41
25
21
32
231
43
117
27
29
25
72
24
26
20
25
27
43
16
16
21
15
30
48
24
26
20
26
31
25
29
88
42
49
21
36
32
21
26
38
16
35
16
31
41
20
21
19
50
23
15
52
17
24
65
14
48
18
24
21
22
20
23
26
38
16
16
23
65
20
21
23
922
15
15
32
8
32
33
28
32
20
24
28
15
35
44
19
14
29
31
68
44
27
109
58
28
28
15
34
33
31
32
135
33
21
14
24
17
21
34
26
45
24
18
48
75
19
42
25
28
19
15
29
23
14
20
29
27
12
84
17
17
77
18
31
25
32
17
16
31
191
15
57
21
24
33
9
17
19
28
23
87
12
24
25
26
25
17
35
19
29
27
20
14
46
28
34
36
102
134
35
82
28
25
19
25
34
33
21
25
21
21
17
22
24
46
23
35
60
68
34
15
16
15
293
18
64
103
17
25
38
23
10
14
31
28
151
73
10
37
24
36
54
19
18
18
29
18
29
37
11
15
25
56
33
26
37
25
31
28
67
23
15
33
53
43
33
26
12
41
95
33
19
26
32
28
36
34
16
22
21
29
34
18
37
31
11
29
27
40
28
23
25
163
23
18
20
51
21
23
44
20
16
12
18
30
36
29
34
23
17
22
17
43
40
12
12
14
31
17
20
18
18
34
36
59
31
19
13
28
21
28
17
18
21
44
16
39
763
26
19
34
26
26
30
31
31
49
31
36
49
68
38
33
57
30
42
30
53
32
51
48
58
30
32
18
19
14
52
31
18
18
24
13
16
19
27
25
40
26
17
19
19
24
33
28
61
14
26
23
27
18
21
24
13
13
28
10
31
20
17
28
21
21
30
31
105
53
15
17
16
36
37
25
22
31
35
24
60
55
36
30
31
16
26
21
18
17
25
24
35
17
24
19
22
44
25
27
15
27
42
20
17
16
19
22
28
31
25
42
24
15
14
21
47
40
21
40
19
22
24
17
29
44
86
33
30
27
9
29
34
51
28
10
44
55
22
20
25
26
20
16
30
13
36
31
26
26
21
27
49
41
45
28
37
23
30
21
10
20
23
17
12
22
28
54
23
23
19
15
27
18
55
50
52
74
19
27
30
22
41
26
68
70
19
32
24
26
39
25
24
53
19
22
105
19
36
19
26
49
21
34
33
17
54
33
26
32
16
24
26
40
36
30
16
29
13
32
68
20
16
18
13
21
17
25
32
34
26
34
43
23
19
19
12
48
6722
25
25
19
15
21
57
20
18
20
42
22
24
112
47
36
20
19
18
29
22
19
48
45
61
33
16
20
27
13
49
28
28
14
17
39
25
51
34
15
30
18
23
14
25
21
29
44
27
21
19
26
23
20
19
59
20
40
12
39
18
7
49
17
15
29
76
23
26
26
21
18
25
33
22
34
21
19
22
25
33
27
23
19
23
66
37
27
19
22
55
21
18
35
11
44
34
17
63
32
28
22
19
26
35
22
32
14
41
30
25
24
18
28
39
13
22
48
23
23
30
31
71
25
20
29
29
28
17
21
17
26
34
25
12
33
18
17
39
53
33
27
66
65
42
19
20
19
35
33
21
71
24
24
74
34
30
88
25
30
55
40
12
11
20
19
49
21
24
19
28
24
25
51
13
23
21
25
28
27
43
20
24
46
17
23
69
24
18
25
34
36
64
12
23
26
31
18
22
27
32
17
20
23
112
74
23
16
14
63
29
26
31
27
27
33
23
22
25
52
29
18
49
20
28
103
58
22
30
17
140
20
25
51
23
23
18
33
42
22
342
24
20
30
13
20
18
15
37
104
28
53
25
16
37
13
24
35
41
126
13
22
14
31
20
52
13
35
26
27
45
885
23
68
29
30
20
19
20
25
18
39
23
52
28
13
30
17
61
15
32
27
40
43
72
32
16
26
26
17
26
136
30
29
17
27
41
22
36
15
58
17
25
21
28
45
18
31
11
22
7
79
30
22
27
30
28
23
32
14
128
32
46
56
22
15
16
6
36
17
27
22
21
30
27
15
13
265
29
81
26
26
25
22
62
37
30
8
29
27
88
28
27
30
24
16
23
14
77
31
29
29
18
49
17
45
101
22
23
12
21
14
21
79
16
17
21
20
18
12
18
53
31
12
29
26
27
23
32
17
12
45
11
37
32
23
16
17
14
16
25
42
19
42
33
69
30
21
18
27
26
49
12
14
90
37
32
29
18
38
44
57
48
26
18
22
36
24
21
20
12
13
19
49
42
17
8
24
23
16
40
18
12
139
21
46
24
54
37
15
24
14
50
19
16
31
26
41
17
45
62
20
14
57
23
38
79
54
20
17
24
16
12
20
25
10
25
26
21
17
35
23
69
19
33
77
28
14
13
16
5
13
17
17
28
20
27
42
30
38
25
18
24
30
46
21
25
9
16
17
33
39
23
119
29
27
15
34
35
36
23
13
36
14
34
20
24
55
13
17
106
68
22
20
27
12
14
15
22
25
22
31
30
31
20
50
29
20
14
21
22
46
42
38
36
17
33
47
18
28
41
115
10
27
15
44
30
40
21
47
29
21
128
19
22
30
32
23
17
20
32
36
22
20
24
40
32
19
17
56
31
20
17
55
37
17
23
13
19
36
14
32
375
26
20
25
13
18
17
18
22
46
34
35
59
18
13
43
31
22
32
26
47
22
30
12
31
35
17
39
21
22
28
35
32
34
21
27
15
39
79
23
22
12
20
26
25
10
23
15
15
214
16
30
44
32
35
110
31
32
29
25
16
40
14
29
56
67
23
19
35
16
124
16
31
39
18
37
33
31
34
22
58
28
56
17
33
13
15
44
19
14
18
61
21
35
34
28
21
29
19
38
19
88
17
19
18
1003
21
15
20
33
24
28
58
17
45
37
18
14
26
31
28
17
41
49
17
29
21
17
28
15
29
38
17
19
27
44
11
32
22
15
46
22
27
30
20
65
14
24
20
20
21
68
42
13
41
279
41
21
17
47
41
11
20
28
23
18
26
19
30
22
31
27
16
43
21
45
171
46
34
95
24
22
16
40
28
45
38
63
7
15
21
47
17
23
24
38
22
17
31
96
16
28
16
34
22
15
22
25
18
27
37
22
42
41
20
15
12
39
15
19
31
32
20
16
22
1028
31
9
13
27
29
22
54
50
69
63
19
73
56
19
23
18
24
27
13
26
14
34
21
30
44
62
46
19
23
14
20
42
24
151
22
30
19
22
21
162
19
17
40
34
22
62
148
9
43
12
36
24
21
28
36
58
21
25
51
14
15
35
22
34
29
15
37
32
23
28
15
100
30
14
24
16
23
18
28
35
36
19
10
19
19
20
65
16
13
16
20
22
24
46
18
27
23
22
16
13
29
50
26
16
17
33
31
29
49
35
31
32
22
26
72
16
12
35
19
26
76
23
34
22
35
10
31
15
88
23
47
19
73
11
23
25
13
29
28
7
54
38
22
19
31
10
30
21
21
17
22
14
21
56
12
15
16
17
15
28
60
18
26
26
24
24
36
21
67
31
37
18
36
20
16
37
22
35
28
56
36
13
19
28
30
18
47
58
17
107
51
11
48
46
24
24
27
31
18
21
24
31
70
18
15
60
52
35
23
38
21
32
25
39
15
24
266
16
25
23
36
55
31
12
27
32
23
22
28
7
21
170
33
34
35
22
51
12
31
18
24
24
91
33
22
57
64
90
5
22
18
23
39
21
15
30
37
9
17
23
35
22
11
76
41
35
30
23
23
15
39
23
24
74
37
15
16
20
58
8
22
35
25
17
86
32
16
25
19
10
16
19
26
25
19
67
21
28
29
26
14
19
27
63
16
9
27
15
12
15
22
18
74
30
22
22
30
21
40
29
37
17
27
32
23
40
15
26
25
45
30
206
69
33
10
31
23
53
19
23
16
31
19
21
50
15
24
37
34
31
81
119
30
35
23
23
330
20
20
15
495
14
27
23
24
14
17
21
20
16
52
25
55
23
33
23
49
68
16
49
268
20
52
21
13
11
21
33
334
27
9
16
19
24
22
20
33
11
34
16
242
20
31
19
37
45
80
40
11
42
15
29
41
18
37
28
28
19
39
118
30
26
20
42
8
946
20
40
120
186
24
28
32
48
52
38
30
30
59
89
17
22
18
37
60
18
25
25
17
61
24
9
32
31
74
24
19
9
16
24
40
30
36
18
20
38
30
25
40
16
23
15
31
10
24
16
19
64
18
14
8
18
22
16
23
10
34
22
24
14
14
51
26
18
15
13
21
36
53
39
25
24
28
71
23
25
83
45
32
14
26
45
37
26
23
21
39
19
56
43
23
16
46
15
17
68
35
11
13
39
22
31
21
38
56
70
46
19
81
37
17
77
35
40
21
13
30
10
19
20
36
23
17
27
28
32
51
18
17
21
17
492
54
16
18
18
61
21
44
21
38
18
8
81
22
30
20
27
20
26
29
19
32
21
19
15
50
22
23
36
103
21
83
17
31
33
27
15
19
17
18
21
226
23
38
16
21
16
42
14
30
25
36
19
29
54
30
24
14
20
16
15
11
14
54
31
40
47
24
13
17
93
36
11
55
42
20
98
16
46
249
61
28
15
22
36
19
89
77
13
20
22
21
32
29
21
19
26
13
17
35
12
33
19
22
416
16
25
22
26
56
45
42
19
60
24
54
29
78
35
134
17
55
24
25
24
12
28
27
31
66
28
27
26
22
39
31
37
36
23
31
33
21
22
22
19
38
48
32
23
14
58
35
12
29
32
63
30
24
22
27
27
19
19
26
31
24
19
11
33
14
31
16
33
21
25
34
17
37
30
10
23
24
42
40
15
16
45
16
18
31
18
24
29
24
23
18
115
52
19
62
84
39
17
12
20
32
36
28
21
51
19
41
21
18
29
39
18
38
29
15
18
249
29
15
22
20
35
30
26
41
43
304
27
33
23
64
32
28
31
24
54
78
13
42
31
22
16
23
53
29
11
56
43
35
31
41
47
14
24
43
30
24
61
11
24
37
65
47
21
18
39
24
13
48
16
91
63
29
45
22
26
22
24
50
35
54
15
109
32
20
38
18
37
19
29
16
29
34
33
23
31
13
24
17
7
31
18
21
24
72
17
28
22
28
39
13
35
33
26
18
103
13
37
806
62
24
15
18
24
33
52
12
24
28
58
43
16
14
25
14
47
24
24
60
743
49
127
587
14
36
30
15
24
25
36
12
12
13
38
42
24
24
31
27
28
12
17
27
34
26
19
24
28
46
21
20
20
17
15
16
25
25
31
16
48
20
25
19
34
29
22
29
22
18
18
25
13
17
21
41
38
19
25
30
17
40
118
36
27
9
71
32
14
114
28
17
22
43
13
27
56
47
23
37
23
33
36
19
15
64
24
22
23
29
21
25
53
516
89
22
17
27
52
36
14
43
19
20
64
18
18
15
30
69
14
14
83
29
24
16
43
27
92
19
22
18
16
22
26
24
17
12
28
16
18
55
10
16
31
36
181
28
23
17
23
77
49
48
55
42
22
16
36
37
26
31
42
16
13
9
26
33
221
58
24
19
14
43
25
15
26
39
17
25
15
20
22
27
16
23
27
49
26
18
37
16
28
43
24
15
21
67
21
32
28
15
16
19
52
24
12
12
28
21
34
15
31
26
17
50
17
11
14
27
15
47
24
33
22
20
38
26
48
31
24
11
35
117
17
52
38
46
12
12
13
46
20
27
71
12
50
21
23
13
31
22
26
23
26
26
32
26
45
19
29
27
50
45
8
24
26
28
24
21
69
58
38
33
44
28
31
25
744
12
18
14
16
16
37
23
21
26
21
21
27
40
17
12
15
19
20
17
36
8
47
20
40
16
26
22
25
20
37
31
81
20
23
18
14
24
21
20
19
39
40
20
31
19
32
28
32
21
29
69
26
22
32
19
65
20
24
16
19
32
50
25
15
37
18
15
17
47
136
17
15
18
51
79
30
19
24
27
23
13
24
19
31
33
10
32
74
19
49
19
27
19
30
45
18
34
46
22
31
18
13
34
160
50
11
11
31
28
16
47
13
16
50
41
25
30
18
37
25
13
29
22
54
28
32
43
40
22
49
16
8
27
22
15
144
19
36
25
25
30
20
31
19
21
73
17
27
21
20
29
16
38
23
24
30
20
19
34
42
22
13
63
24
17
16
11
17
20
40
35
18
72
25
22
18
35
28
15
104
16
16
22
29
18
50
18
20
16
11
32
21
36
16
52
85
27
24
24
31
44
42
19
35
43
30
27
15
41
18
21
22
28
38
20
13
50
25
16
153
30
48
22
24
15
27
13
33
23
28
103
18
287
31
50
27
16
21
33
15
12
18
16
24
8
28
53
19
12
31
46
53
24
15
20
19
44
33
29
33
27
32
143
12
21
76
13
42
35
33
24
38
33
47
5075
21
22
38
24
26
35
16
11
19
19
24
15
25
53
27
16
34
25
29
43
42
25
15
34
23
48
28
17
47
25
26
42
25
10
23
19
14
35
21
27
19
45
33
27
41
34
42
36
26
22
16
19
41
26
258
11
19
49
24
12
46
21
13
15
17
12
38
40
33
61
54
27
15
23
42
20
14
19
15
21
10
17
24
29
41
21
22
21
15
20
33
34
23
24
32
29
110
21
36
24
25
10
24
18
40
40
39
26
24
73
24
25
20
23
25
26
107
8
25
16
24
25
24
21
55
18
17
33
17
12
20
28
15
9
28
57
41
102
44
27
893
60
27
32
10
24
34
97
18
21
40
29
75
18
625
15
20
29
21
23
11
20
376
26
37
36
34
30
21
27
27
22
28
49
49
33
35
100
22
34
23
8
27
19
33
17
22
25
18
91
22
21
24
14
20
26
16
28
32
30
42
28
11
35
18
15
15
47
210
7
17
53
22
31
64
31
11
13
30
53
27
21
30
26
16
23
24
32
16
35
22
22
62
15
24
76
32
28
19
41
22
23
19
35
35
9
24
11
37
128
19
25
20
33
42
36
23
49
14
17
96
43
28
22
10
23
31
30
32
20
28
17
26
128
32
23
25
202
28
22
31
21
17
28
44
56
8
46
26
23
18
34
32
34
7
32
31
48
25
28
23
28
20
30
27
19
20
117
17
24
39
28
19
24
51
17
15
25
15
27
27
53
25
19
29
28
35
15
16
18
24
37
8
35
39
16
18
32
71
15
32
26
27
40
111
35
437
32
17
29
16
16
19
53
13
30
20
33
35
23
20
22
29
18
29
29
25
16
21
29
51
30
15
15
47
20
13
78
19
23
28
34
34
25
23
21
35
26
29
27
22
120
7
23
22
28
27
34
17
36
28
21
53
36
13
517
23
24
105
23
21
51
21
42
23
45
15
32
37
32
58
22
27
39
68
31
39
42
30
17
25
14
18
14
42
37
1113
34
30
20
18
30
19
20
18
25
68
31
53
15
23
22
32
28
72
18
30
20
27
21
10
43
47
32
23
26
34
28
25
27
18
38
48
49
68
38
22
5
40
55
30
24
31
19
22
31
12
19
21
24
28
19
18
119
14
47
26
17
44
17
40
30
15
20
16
56
59
27
21
14
18
41
20
22
36
15
21
231
66
33
19
31
21
101
28
49
20
31
14
36
13
31
10
334
19
17
15
38
15
26
39
32
22
64
31
17
30
21
47
28
44
18
25
73
90
22
24
37
20
28
32
29
24
21
12
13
28
17
14
24
141
20
39
38
15
67
17
25
22
38
32
26
32
34
78
35
47
21
30
67
23
22
16
19
25
22
16
25
25
7
12
127
29
15
31
42
32
18
28
98
36
24
29
38
28
23
25
81
15
58
25
26
23
14
17
25
38
26
15
14
37
37
20
19
22
29
29
21
20
18
25
51
180
35
25
31
16
28
65
30
21
29
14
48
33
21
19
31
33
26
18
38
29
16
18
27
20
34
21
31
22
40
16
32
27
23
16
56
31
12
43
77
29
19
50
28
46
19
43
11
23
23
20
23
20
39
38
30
23
68
22
33
16
23
30
30
13
41
26
30
130
22
17
24
38
13
23
17
28
19
605
55
21
21
14
60
14
38
22
12
18
29
174
73
27
13
25
24
27
21
72
18
23
24
23
23
23
32
35
16
13
27
29
30
34
19
17
25
58
41
34
12
54
22
28
18
19
50
13
32
17
17
14
30
27
18
33
18
27
11
33
60
12
24
21
49
31
19
21
33
35
19
35
22
16
16
40
16
17
40
34
14
12
50
22
13
26
7
39
29
30
20
14
29
12
16
34
26
18
19
44
36
325
61
17
15
31
103
26
27
23
23
31
21
26
20
223
20
45
16
85
18
33
34
31
21
77
22
87
28
34
21
23
25
18
62
21
93
13
64
63
22
26
12
17
30
21
26
20
31
54
29
34
44
17
33
16
18
21
23
19
15
40
29
26
44
13
33
49
41
14
23
32
16
46
34
16
35
24
16
36
44
46
21
32
24
16
32
18
17
21
28
42
37
19
102
25
22
25
21
17
27
58
133
42
16
10
29
28
23
17
283
36
32
29
38
13
19
15
31
23
25
16
27
36
28
33
22
36
28
18
33
24
34
27
25
61
14
16
20
26
33
20
71
20
63
41
26
20
24
51
130
82
34
34
18
49
22
21
23
12
23
13
34
24
27
67
34
115
70
24
22
16
18
31
20
28
15
15
31
34
24
22
21
20
35
14
30
37
30
33
27
17
39
17
18
34
35
20
24
27
19
14
10
8
28
15
47
42
15
27
57
23
27
35
26
20
36
39
257
44
20
26
41
14
13
35
38
18
13
19
26
18
21
26
23
46
20
23
25
15
27
30
23
18
12
25
33
49
31
31
31
35
17
25
22
26
49
39
29
28
26
44
99
21
22
24
56
17
15
41
11
32
26
32
71
44
12
17
19
28
40
24
76
10
18
45
21
17
17
17
54
30
23
12
38
12
26
24
33
32
8
55
30
18
28
18
22
21
32
125
35
19
35
46
56
19
23
178
26
80
122
11
25
10
21
44
17
27
35
17
20
22
23
44
22
20
30
19
23
16
23
59
20
24
27
15
18
33
31
19
43
22
15
50
30
21
28
23
25
16
47
23
18
39
18
62
32
31
67
16
19
32
24
69
187
14
27
21
11
19
21
63
63
25
17
17
62
27
19
37
20
34
16
20
22
10
61
39
15
86
20
23
74
18
23
25
24
58
32
16
24
16
13
14
62
37
22
86
21
34
39
19
13
37
24
57
44
94
14
30
24
40
46
31
128
46
21
18
31
16
17
26
31
17
38
45
27
22
40
21
13
28
29
31
14
31
17
49
20
27
32
26
31
20
26
34
26
100
31
36
16
15
32
21
20
24
31
15
46
31
70
41
46
21
26
28
18
25
20
11
39
21
18
54
38
33
33
29
16
44
21
21
18
8
38
30
22
26
39
23
25
35
20
42
18
17
50
28
23
134
23
35
48
49
13
84
23
22
9
43
24
31
298
28
32
28
22
23
74
61
21
38
59
36
56
22
17
15
30
22
44
38
19
15
37
26
16
38
16
38
24
27
26
29
41
29
63
12
29
39
45
112
23
19
21
20
19
15
32
15
20
44
38
40
24
39
12
18
86
13
25
25
43
24
20
21
36
19
49
49
15
22
23
15
17
47
38
19
41
105
38
37
76
23
16
64
30
13
19
36
150
18
46
22
19
25
312
13
18
32
27
24
17
17
19
37
37
19
38
18
45
23
25
21
16
57
14
26
40
25
41
30
27
17
14
48
17
68
28
39
32
38
13
82
53
17
29
55
25
25
24
73
28
46
31
22
24
20
21
104
18
37
9
30
42
35
23
23
38
5
33
11
9
18
41
30
71
37
45
14
21
32
47
37
17
75
31
19
1280
61
29
18
15
30
18
22
15
30
25
21
88
14
28
9
15
54
104
35
20
28
105
42
26
18
50
13
22
40
32
15
32
18
34
20
16
16
98
26
23
60
121
10
16
26
27
24
37
41
19
25
98
17
26
38
143
32
63
86
19
20
26
31
23
25
13
22
15
42
25
18
15
26
20
16
17
28
28
46
33
46
28
6
21
29
29
19
34
27
26
35
29
32
42
21
15
23
35
40
19
111
51
20
21
42
25
28
28
31
745
27
21
17
26
24
42
26
23
26
10
22
28
15
22
22
23
45
18
41
21
27
20
15
15
38
16
27
30
27
26
22
42
26
19
21
28
101
30
18
50
24
37
23
14
47
22
17
33
27
196
25
15
10
16
34
17
31
30
585
14
21
37
15
15
18
36
15
92
31
31
37
36
21
22
17
18
20
19
19
19
12
16
10
17
25
11
18
18
77
20
29
28
18
72
21
21
21
15
17
40
11
15
57
25
58
22
19
9
17
9
20
24
18
62
71
49
93
31
21
83
23
33
21
56
30
29
43
37
45
34
28
49
25
23
31
21
20
24
22
14
29
75
46
18
18
23
34
14
28
27
37
116
35
13
15
292
29
21
19
23
21
22
58
29
37
60
10
27
28
24
26
30
24
21
25
60
26
36
55
25
26
499
15
25
15
21
20
22
82
21
10
10
28
41
20
20
31
24
18
20
13
19
30
15
32
51
32
18
15
26
130
16
25
21
23
16
17
21
37
22
24
16
17
56
59
23
27
25
22
15
30
234
19
40
27
12
31
10
21
40
31
28
28
23
50
17
35
21
13
22
9
28
18
13
24
15
34
10
55
28
19
30
22
24
416
83
26
23
47
30
26
18
31
21
20
19
30
92
19
26
29
96
26
13
29
13
39
17
24
81
32
36
24
31
19
23
36
22
29
25
22
29
36
62
9
14
31
47
46
75
22
19
24
31
20
35
41
45
12
21
22
27
26
18
37
11
17
23
17
27
26
18
14
27
29
28
34
29
18
24
14
129
22
31
17
18
18
31
18
26
15
29
22
37
50
47
25
13
14
36
13
29
24
60
102
27
24
32
75
33
25
43
20
24
19
46
23
24
37
86
28
83
11
15
9
13
15
25
90
23
31
34
25
41
27
24
33
23
27
14
20
50
26
23
18
21
21
18
25
58
28
28
81
24
27
45
17
13
23
18
19
38
19
34
18
91
21
32
25
21
69
23
29
19
79
39
25
13
29
38
27
87
11
28
32
15
24
44
20
103
32
18
27
28
17
16
23
22
31
41
20
37
13
28
51
31
24
9
31
34
14
21
19
33
27
19
26
25
32
48
24
23
69
32
14
26
30
90
13
12
22
24
16
14
47
22
40
25
34
16
32
23
27
36
31
32
40
73
23
21
20
15
25
49
32
34
34
29
22
9
33
20
18
32
16
24
29
31
18
36
20
27
29
46
37
11
21
24
12
35
34
11
34
28
26
36
19
19
22
18
26
27
35
22
44
22
21
21
14
21
22
28
25
8
23
32
82
33
44
36
17
19
24
26
58
24
23
20
33
45
25
23
13
23
23
38
31
52
26
14
21
26
20
37
55
23
26
11
27
68
17
26
18
36
9
230
31
28
17
21
23
25
29
20
22
53
18
81
28
39
13
51
59
17
25
42
31
26
28
9
24
26
42
24
20
33
27
18
63
264
18
21
22
18
45
14
29
17
14
38
18
29
30
42
9
21
26
16
172
28
27
13
24
24
19
27
38
24
13
24
32
52
36
34
17
28
33
20
20
42
23
50
16
26
24
33
23
24
12
27
12
26
46
31
42
22
19
15
21
29
24
14
22
25
15
26
23
49
25
