11
101
5
9
9
8
5
7
6
25
11
12
4
6
27
32
14
10
13
14
3
18
195
5
21
13
3
19
4
5
17
12
13
12
4
25
1
15
7
5
3
12259
10
46
63
2
12
20
10
7
12
9
18
7
6
15
14
89
26
12
28
9
5
6
6
3
21
21
10
11
4
9
3
73
13
18
10
9
6
9
8
4
7
23
13
14
3
8
22
19
11
42
8
7
119
9
21
5
6
11
9
27
9
5
0
15
6
5
4
18
3
18
13
15
16
12
12
9
16
14
16
5
7
14
10
8
9
10
24
21
1
11
7
15
3
12
17
46
7
8
19
14
20
16
4
7
14
19
15
8
17
6
7
1963
9
9
15
2
14
12
5
8
8
10
10
8
20
11
9
13
20
13
1
12
6
4
2
8
10
9
2
18
23
6
3
22
31
19
5
10
15
17
4
13
12
23
15
4
19
9
3
5
7
24
9
14
15
4
39
16
16
34
24
10
20
13
133
8
6
6
23
1
10
8
8
30
8
6
24
3
5
21
185
6
30
30
22
14
5
13
9
8
7
8
20
12
0
15
13
4
15
33
6
11
27
13
9
36
62
7
12
6
16
12
31
52
19
16
11
126
22
5
38
2
8
46
3
4
16
6
13
19
17
12
11
17
13
11
137
5
15
2
40
2
16
18
32
23
8
0
7
9
3
39
5
9
22
47
12
10
7
16
13
2
5
19
3
19
9
4
8
4
26
2
2
6
6
11
37
6
6
6
6
13
12
2
15
25
23
16
15
11
26
11
13
10
4
3
16
6
4
8
14
12
31
26
4
22
2
5
14
9
12
9
5
3
9
11
114
2
18
21
7
9
9
12
6
17
4
6
73
9
1
8
17
29
271
19
7
5
21
12
35
6
5
4
7
13
13
19
4
16
4
4
13
3
14
10
9
29
5
10
9
27
12
4
10
7
7
5
16
11
5
1
3
3
17
24
33
15
14
8
10
17
37
11
10
20
8
61
21
6
9
6
7
6
7
4
5
6
138
7
15
3
8
7
17
103
63
41
8
67
3
14
40
6
11
16
59
12
17
9
5
32
0
8
16
13
13
6
80
2
6
13
13
2
15
0
3
8
5
45
13
15
17
14
14
7
24
7
11
101
5
9
9
8
5
7
6
25
11
12
4
6
27
32
14
10
13
14
3
18
195
5
21
13
3
19
4
5
17
12
13
12
4
25
1
15
7
5
3
12259
10
46
63
2
12
20
10
7
12
9
18
7
6
15
14
89
26
12
28
9
5
6
6
3
21
21
10
11
4
9
3
73
13
18
10
9
6
9
8
4
7
23
13
14
3
8
22
19
11
42
8
7
119
9
21
5
6
11
9
27
9
5
0
15
6
5
4
18
3
18
13
15
16
12
12
9
16
14
16
5
7
14
10
8
9
10
24
21
1
11
7
15
3
12
17
46
7
8
19
14
20
16
4
7
14
19
15
8
17
6
7
1963
9
9
15
2
14
12
5
8
8
10
10
8
20
11
9
13
20
13
1
12
6
4
2
8
10
9
2
18
23
6
3
22
31
19
5
10
15
17
4
13
12
23
15
4
19
9
3
5
7
24
9
14
15
4
39
16
16
34
24
10
20
13
133
8
6
6
23
1
10
8
8
30
8
6
24
3
5
21
185
6
30
30
22
14
5
13
9
8
7
8
20
12
0
15
13
4
15
33
6
11
27
13
9
36
62
7
12
6
16
12
31
52
19
16
11
126
22
5
38
2
8
46
3
4
16
6
13
19
17
12
11
17
13
11
137
5
15
2
40
2
16
18
32
23
8
0
7
9
3
39
5
9
22
47
12
10
7
16
13
2
5
19
3
19
9
4
8
4
26
2
2
6
6
11
37
6
6
6
6
13
12
2
15
25
23
16
15
11
26
11
13
10
4
3
16
6
4
8
14
12
31
26
4
22
2
5
14
9
12
9
5
3
9
11
114
2
18
21
7
9
9
12
6
17
4
6
73
9
1
8
17
29
271
19
7
5
21
12
35
6
5
4
7
13
13
19
4
16
4
4
13
3
14
10
9
29
5
10
9
27
12
4
10
7
7
5
16
11
5
1
3
3
17
24
33
15
14
8
10
17
37
11
10
20
8
61
21
6
9
6
7
6
7
4
5
6
138
7
15
3
8
7
17
103
63
41
8
67
3
14
40
6
11
16
59
12
17
9
5
32
0
8
16
13
13
6
80
2
6
13
13
2
15
0
3
8
5
45
13
15
17
14
14
7
24
7
6
16
2
22
24
14
13
7
17
8
6
14
9
70
26
10
4
26
16
2
23
105
3
8
10
6
6
8
5
2
12
9
17
12
56
36
958
4
45
10
3
9
8
38
13
13
3
3
5
2
32
8
8
22
7
16
12
3
17
7
9
10
15
22
41
22
5
13
17
17
10
81
9
22
16
36
18
3
9
12
11
15
8
4
39
19
24
10
5
10
29
3
22
2
73
1
16
1
22
10
40
6
8
44
44
3
42
8
15
9
15
5
9
28
8
25
17
0
11
22
10
118
4
6
8
3
10
12
21
10
9
14
6
47
20
16
5
12
13
20
7
61
14
2
11
12
17
5
11
7
13
32
3
36
46
6
7
1
5
6
12
30
15
3
108
9
20
3
6
29
15
11
15
16
8
16
32
6
13
1
6
6
8
7
10
5
5
32
8
8
21
13
4
10
104
12
15
7
17
16
29
2
15
13
5
7
7
5
14
10
8
7
15
13
13
35
15
11
6
3
4
9
36
12
4
97
6
4
9
9
5
20
7
20
99
5
17
43
5
6
7
19
80
14
18
4
10
20
12
21
3
8
10
19
6
10
9
31
6
47
8
29
14
5
11
13
9
440
99
2
17
4
23
7
9
21
6
11
15
10
12
22
18
13
11
41
3
20
9
26
21
7
5
23
7
33
10
8
23
14
18
17
11
3
4
7
13
2
14
4
24
4
17
9
10
3
3
2
41
26
4
8
2
15
16
10
13
7
14
8
2
17
11
9
20
8
10
4
9
10
6
11
10
11
12
9
24
10
9
5
0
6
11
17
3
5
9
27
8
18
2
9
15
7
10
6
6
9
2
9
5
7
2
13
1
6
2
7
9
9
4
31
6
16
9
5
5
5
7
6
32
7
2
6
17
16
17
5
6
11
7
19
23
1
20
11
11
19
45
7
11
8
8
7
7
12
17
16
5
18
8
19
27
10
6
2
16
7
5
5
6
12
18
21
33
7
17
10
8
8
18
136
11
5
8
18
7
10
10
9
14
176
9
4
7
6
23
12
16
12
9
14
21
9
4
14
10
11
39
43
139
42
12
3
10
3
9
44
12
13
64
9
6
17
5
5
7
7
9
2
10
12
4
14
12
1
6
17
80
6
12
46
14
10
6
12
3
3
22
6
16
8
1
7
1
33
7
5
5
3
21
2
8
8
17
7
16
11
7
18
11
4
13
13
6
15
4
8
4
11
1
6
9
7
12
13
10
23
9
6
20
9
10
15
59
4
3
6
17
7
5
16
18
15
1460
4
7
11
8
14
9
15
294
5
7
29
16
7
77
4
4
5
14
8
8
65
7
5
8
2
6
9
9
23
11
12
13
4
4
15
13
10
21
13
5
13
6
30
11
6
8
6
16
7
14
8
17
8
6
12
15
5
4
5
3
36
16
11
17
22
11
13
58
3
9
3
11
2
13
7
6
0
4
464
13
12
53
33
18
2
10
10
39
4
3
2
10
3
21
4
25
22
8
5
9
25
27
2
12
9
15
37
11
23
17
15
15
23
7
3
8
5
11
17
7
14
34
9
35
14
3
3
3
1
10
6
43
6
9
7
7
36
49
5
4
80
5
8
2
4
2
8
19
32
37
13
15
3
19
12
38
9
5
10
5
12
31
14
59
7
21
18
13
15
21
27
13
8
42
3
10
5
27
3
10
6
14
16
6
6
7
21
4
12
14
23
24
9
18
6
2
6
8
45
13
9
3
13
28
3
11
7
9
29
185
6
50
10
3
10
2
12
5
23
11
9
10
15
5
7
13
7
29
18
3
14
18
28
9
33
26
8
4
4
18
6
8
15
13
17
5
6
7
7
16
5
24
26
14
8
4
12
8
31
14
16
22
6
8
12
10
14
228
4
12
4
11
11
9
26
22
4
34
10
9
3
18
9
13
17
13
12
19
13
12
12
3
3
19
9
5
12
6
10
5
4
6
11
1
102
19
8
12
7
7
24
5
14
7
13
3
20
24
13
6
12
13
16
13
22
5
15
14
9
7
7
12
7
22
9
6
11
21
5
10
19
12
16
5
10
3
10
3
9
10
3
11
172
3
2
7
6
5
12
0
7
21
13
15
8
4
287
1
7
6
10
29
12
12
4
58
13
18
7
12
7
20
15
8
18
4
15
6
4
7
16
10
11
7
101
4
6
12
7
8
6
11
7
3
8
9
10
3
109
10
26
6
58
34
12
3
15
9
6
7
30
8
232
15
5
15
7
2
10
15
12
15
2
16
10
6
29
12
16
30
4
20
9
5
12
13
13
18
18
2
14
12
17
38
22
12
9
7
3
12
10
2
4
4
25
56
7
13
14
1
4
12
10
6
13
10
9
24
33
17
6
43
6
13
2
10
6
5
3
4
8
111
8
3
61
18
13
7
1
10
5
6
4
16
56
14
5
6
2
6
41
3
5
8
6
12
18
9
3
12
5
11
17
7
5
11
8
4
27
4
54
6
2
6
208
24
10
8
7
23
13
51
11
28
30
1
5
11
9
3
16
6
28
14
2
12
1
17
9
4
4
2
19
21
8
29
7
6
5
7
1
14
5
5
12
5
25
8
6
2
14
120
45
6
4
9
13
0
4
7
17
19
37
13
12
22
21
26
6
12
5
17
14
6
20
4
6
16
24
0
5
3
11
10
33
40
10
5
3
8
16
29
8
2
21
28
5
12
92
84
33
23
9
25
14
10
4
4
21
12
17
57
239
2
8
8
15
13
12
14
5
5
20
15
8
3
24
4
12
6
6
29
4
11
6
5
8
23
13
6
4
5
19
10
13
199
8
13
13
66
27
5
4
2
20
12
14
24
5
16
9
2
4
3
50
10
7
14
5
7
2
27
11
11
33
10
6
11
9
4
149
13
11
13
18
42
51
8
4
7
155
6
11
42
7
8
9
7
21
4
10
8
8
14
11
6
11
6
23
28
9
5
2
142
1
6
5
8
19
9
42
5
15
43
18
6
9
14
5
14
13
3
9
5
12
13
7
3
9
7
12
6
35
13
37
7
72
12
6
17
5
7
9
6
7
9
8
15
4
16
8
16
13
23
7
10
20
7
7
5
7
5
5
25
30
56
10
9
38
10
9
25
68
6
15
22
10
11
10
21
21
11
21
13
4
25
10
8
6
5
11
6
9
6
37
32
11
12
7
99
6
9
9
8
7
9
34
22
26
5
9
12
45
6
10
4
27
6
70
3
9
42
5
19
23
8
28
7
3
21
4
14
18
12
23
6
11
6
5
38
4
6
57
7
21
8
4
4
21
11
44
24
5
3
15
3
8
5
16
665
6
6
14
10
11
11
10
20
13
7
11
7
10
356
6
22
10
16
8
7
7
14
5
12
43
27
1
5
7
4
3
6
20
7
9
15
8
21
5
6
7
20
8
8
4
8
15
7
9
14
106
4
10
8
2
12
6
7
5
7
10
116
10
16
17
15
52
18
2
21
16
10
13
5
8
6
13
6
12
28
23
9
8
31
5
57
40
5
13
3
1
17
7
7
16
16
5
9
10
6
14
19
7
13
23
5
12
1
11
17
16
32
9
12
5
8
6
13
20
23
8
14
12
6
10
10
20
7
8
28
76
11
6
16
18
7
34
75
28
7
9
10
4
5
11
7
8
7
11
7
4
7
16
5
17
9
5
7
5
15
18
3
11
13
11
15
13
13
24
22
5
12
14
15
6
337
15
18
7
11
27
17
4
12
6
16
10
1
10
12
5
13
3
10
27
6
8
3
20
4
37
12
2
4
9
63
35
3
11
13
10
74
8
5
5
8
19
14
16
5
1
4
7
8
13
12
3
7
30
5
87
14
49
11
17
5
16
3
30
9
10
19
11
5
15
16
7
5
3
129
3824
4
6
3
8
8
5
18
11
16
13
5
8
12
10
25
4
14
33
3
186
4
3
7
8
34
10
5
18
11
8
57
7
16
3
5
20
5
2
133
22
11
54
6
2
5
13
7
21
9
8
2
16
12
15
10
16
22
9
12
6
10
4
23
7
45
10
5
12
7
7
45
15
9
2
8
54
15
11
6
8
5
11
8
8
5
35
9
9
10
12
11
13
11
12
50
13
11
4
5
11
46
27
2
20
18
172
14
18
6
4
7
7
48
294
2
13
9
0
25
2
7
11
9
6
10
12
5
8
7
69
2
13
8
152
3
14
6
7
21
31
8
17
17
14
17
7
6
4
9
2
8
7
11
31
8
9
4
8
163
8
17
13
0
1
12
5
12
6
3
87
34
7
9
14
1
19
6
6
8
5
6
58
8
3
18
18
29
18
10
56
17
2
27
6
5
12
9
7
8
6
41
10
12
18
26
19
12
6
9
20
13
13
5
122
10
25
8
5
10
6
10
7
15
37
1
5
13
17
1
6
44
13
38
25
4
8
9
2
29
26
3
28
14
28
2
11
8
4
24
5
9
12
78
3
8
9
8
25
16
42
1
10
4
9
14
0
4
35
13
15
22
25
34
10
7
7
16
6
25
8
41
7
9
87
10
5
12
9
87
9
21
7
4
7
13
12
14
5
4
21
4
11
9
15
7
21
15
8
5
86
3
27
11
5
7
6
20
4
8
6
3
7
2
79
3
1
13
8
13
10
76
8
12
9
6
10
74
4
4
33
13
10
3
6
0
8
16
9
15
13
8
27
6
9
60
6
51
17
5
21
17
3
15
11
9
24
7
14
36
1
21
32
10
28
53
6
9
16
6
16
14
24
12
2
6
32
27
5
6
2
1
13
9
3
26
9
15
2
5
12
7
5
8
15
10
19
2
15
26
9
91
83
24
13
5
4
6
6
7
15
11
13
412
7
95
29
19
43
4
27
16
13
31
13
12
16
9
2
9
7
35
7
6
5
30
7
322
11
2
13
4
21
41
1021
9
12
16
2
21
12
8
15
99
79
6
27
8
9
18
156
16
18
11
82
11
27
13
8
8
99
23
9
80
7
22
0
6
16
6
32
27
14
2
4
8
2
6
14
4
4
23
15
16
1
8
25
9
3
8
15
212
26
10
9
71
14
7
4
6
66
5
15
7
11
6
19
4
12
10
24
76
3
4
6
4
0
11
3
15
7
5
15
2
11
8
43
28
64
9
29
18
13
7
7
21
6
14
3
1
20
19
43
15
111
12
10
5
9
3
3
5
22
17
11
15
25
3
2
24
8
12
13
13
5
46
7
17
36
22
4
13
11
12
5
7
16
27
5
1
4
14
3
7
6
14
6
25
36
6
8
14
5
7
6
12
14
6
11
8
3
5
28
15
27
10
4
13
9
22
14
45
10
15
22
10
10
14
7
9
12
8
8
8
3
19
13
6
14
183
23
82
8
5
12
48
14
9
8
11
8
27
6
7
7
4
9
34
14
15
7
9
13
7
16
65
19
32
7
21
16
7
12
21
7
14
1
12
31
7
6
6
25
10
5
25
2
5
49
6
35
5
13
8
9
6
8
14
20
7
3
9
44
9
5
9
806
7
3
19
3
14
13
15
21
10
13
14
4
18
22
8
4
14
15
53
22
8
80
42
16
10
6
7
15
10
14
116
14
4
6
7
5
8
14
11
24
8
3
33
47
8
16
8
13
6
4
11
12
3
1
10
8
2
60
11
2
54
5
15
16
17
6
6
11
137
7
36
2
8
14
3
6
8
10
13
70
3
7
11
8
11
8
14
2
12
8
6
2
15
14
16
15
69
105
15
52
12
12
8
7
19
15
11
11
3
9
5
8
9
18
6
12
38
45
16
3
5
6
222
2
50
75
5
12
16
9
3
4
13
15
109
54
2
16
11
15
33
10
10
6
6
2
9
25
2
9
10
37
16
13
19
22
13
16
46
4
3
12
32
33
12
10
5
19
70
17
6
10
10
8
20
19
4
6
7
16
13
10
18
12
2
13
8
22
9
9
9
109
7
6
6
32
10
10
22
8
5
3
5
19
13
17
18
5
8
6
4
21
24
3
2
5
13
7
8
2
9
19
20
39
13
3
0
13
8
15
3
6
7
32
6
14
663
9
5
15
17
7
12
16
9
38
12
17
30
42
17
15
32
11
26
11
34
17
23
29
31
11
13
5
5
3
35
18
5
4
5
3
8
10
13
11
20
12
6
13
7
17
9
11
33
2
14
9
11
4
9
7
1
4
10
5
14
10
4
10
8
9
21
18
79
25
5
4
4
18
19
12
8
8
10
11
42
34
19
10
19
2
11
6
8
8
9
8
12
9
10
8
11
19
11
10
5
10
24
7
6
5
9
9
14
19
6
22
4
4
3
11
29
18
5
20
11
9
7
5
10
30
57
17
11
13
3
18
24
32
11
3
30
36
6
10
11
7
5
6
10
4
11
19
9
18
10
14
25
25
30
15
18
8
16
9
0
8
10
9
5
12
16
36
11
11
7
7
6
2
37
31
28
42
4
8
9
8
14
16
52
45
6
12
6
10
16
13
11
31
6
12
80
5
15
6
13
32
8
18
17
7
31
22
11
12
1
2
13
25
13
12
6
16
5
11
42
6
6
6
4
9
6
8
17
12
11
16
27
10
8
5
1
27
6076
17
12
6
5
11
36
6
7
9
20
6
9
78
22
17
10
5
5
9
11
7
25
28
25
18
6
7
17
5
25
8
14
6
10
15
9
40
12
5
10
8
11
5
8
10
18
26
13
5
8
6
8
5
5
32
10
26
3
22
3
3
29
7
3
17
48
6
10
8
10
3
7
15
6
18
8
7
7
14
20
13
9
4
7
49
22
7
6
10
38
6
6
17
2
25
16
4
31
16
11
8
4
13
20
6
16
6
12
11
12
5
11
4
15
6
9
26
12
6
13
13
53
12
3
15
13
13
5
7
10
7
18
13
1
9
0
5
14
36
14
13
48
46
20
4
10
4
15
15
7
42
6
8
50
13
12
65
12
13
39
22
3
1
6
6
25
12
5
10
12
10
9
29
3
9
4
15
11
6
23
2
7
27
8
12
52
12
6
10
16
20
49
4
6
6
19
6
9
8
9
4
8
1
78
48
6
5
4
38
16
9
15
10
12
19
8
9
9
31
16
6
21
6
11
79
38
8
13
6
107
5
7
25
13
4
9
11
20
9
291
9
5
15
5
10
9
5
13
73
10
32
4
6
15
4
10
21
24
102
4
9
5
13
9
33
3
17
13
5
20
751
7
48
9
10
6
7
8
9
3
20
10
28
12
1
13
0
35
7
19
17
23
23
49
14
5
4
15
2
9
107
7
10
6
9
13
5
16
4
33
12
11
6
5
28
11
10
2
6
2
49
8
7
11
15
10
9
18
6
101
15
23
35
6
6
7
1
14
2
6
7
13
11
6
3
6
227
15
37
8
7
12
8
37
19
14
1
18
13
59
9
7
8
14
4
5
5
46
8
5
9
7
21
3
30
73
13
9
2
8
3
10
45
0
5
5
5
5
3
9
36
11
3
15
8
17
7
20
1
3
34
4
15
8
8
4
7
1
3
6
20
6
23
14
40
13
9
4
8
14
25
1
4
66
16
16
9
7
23
23
40
29
12
6
7
15
12
11
5
1
4
9
28
25
5
2
10
7
3
15
9
2
109
5
24
11
30
20
5
7
7
33
6
5
13
11
22
4
28
40
4
4
34
9
20
59
28
11
5
8
6
5
7
8
3
8
10
6
3
12
7
51
7
9
50
10
4
2
4
0
3
2
5
16
4
9
27
9
18
9
6
6
14
26
8
10
2
8
5
16
23
13
87
10
12
2
19
18
21
6
3
17
2
19
10
8
35
5
5
80
51
5
8
14
2
3
7
11
8
8
12
18
20
5
29
8
8
5
4
9
25
21
15
17
6
21
27
6
13
22
74
3
10
0
29
17
20
8
35
15
5
94
9
9
10
17
8
6
9
17
12
8
6
6
15
17
5
7
32
15
7
7
41
18
7
8
2
6
16
2
10
316
12
9
14
2
8
3
6
8
24
15
15
32
8
5
21
14
5
22
10
34
7
11
5
16
22
5
20
6
5
8
22
11
10
8
13
8
24
55
14
8
4
13
12
8
4
13
4
7
156
8
12
20
16
15
75
15
9
7
8
6
22
4
9
33
50
13
9
29
4
92
5
14
21
3
21
15
11
13
6
32
12
38
9
12
2
10
30
3
3
7
41
9
13
14
12
12
14
4
23
7
56
5
8
8
888
9
4
8
16
8
14
34
8
19
18
9
7
11
17
10
3
23
27
8
12
9
6
11
6
16
22
6
6
17
22
4
10
5
4
23
8
9
15
12
41
6
10
8
5
5
42
23
3
14
225
13
4
3
25
23
3
5
7
8
4
15
7
7
4
18
13
5
27
8
31
133
19
15
60
6
12
11
26
14
34
18
33
1
3
6
23
5
9
8
16
8
9
14
78
5
13
5
18
5
6
6
9
2
12
17
6
31
19
9
3
5
23
0
9
17
19
9
9
7
913
13
3
4
14
18
8
27
28
50
37
7
39
42
9
6
6
8
8
1
16
11
16
5
11
19
42
35
3
9
3
8
17
8
95
10
13
3
6
8
130
9
6
24
15
7
45
120
2
29
3
11
8
13
19
15
42
8
8
37
5
6
12
12
16
11
4
22
14
3
9
8
68
12
8
9
11
6
3
11
14
18
9
2
3
4
6
43
3
5
6
4
11
14
28
7
11
9
7
5
1
8
28
9
6
4
17
16
14
26
11
11
16
6
14
46
6
3
9
2
5
59
10
18
7
18
1
9
5
61
14
27
4
47
5
8
15
3
13
6
1
29
19
10
4
8
3
16
9
6
4
9
5
7
30
3
6
4
6
7
15
43
4
8
10
8
6
18
4
49
16
14
3
15
6
8
18
8
20
13
37
24
5
10
10
10
6
29
28
7
89
39
3
25
18
15
6
15
12
7
8
17
15
41
3
5
43
24
13
9
19
7
21
1
27
6
14
203
1
10
4
20
29
15
2
13
11
8
10
9
1
7
136
12
15
19
8
36
1
14
8
11
11
70
15
7
36
44
67
1
10
6
5
27
12
6
9
17
1
8
11
14
6
1
52
18
21
19
4
11
5
16
5
7
47
23
6
5
7
38
6
8
20
5
5
59
17
5
13
5
2
10
7
7
10
15
52
9
10
9
11
2
9
12
39
7
3
12
3
2
3
9
11
51
15
8
10
7
10
22
16
19
0
14
15
6
26
3
10
11
21
9
162
52
10
2
12
8
36
4
11
5
18
12
12
32
7
7
18
14
13
52
87
20
13
6
8
283
8
8
7
420
4
14
8
10
3
6
4
12
6
35
7
35
5
15
10
26
42
1
29
231
2
24
5
5
0
7
17
280
13
0
5
7
12
14
8
13
2
13
3
194
14
15
5
23
22
53
19
5
27
7
8
21
8
22
10
8
7
25
92
12
15
11
22
2
830
7
28
86
145
6
15
13
24
32
22
17
17
41
48
3
5
6
21
40
5
10
12
6
40
11
3
23
10
56
9
7
1
6
9
26
17
14
9
3
15
12
8
27
6
9
6
16
2
10
9
3
41
6
9
1
5
6
5
7
1
16
12
7
1
3
30
8
3
7
3
7
15
33
19
10
7
13
51
9
9
60
23
12
4
10
24
16
9
5
13
16
10
23
16
10
4
28
4
6
53
19
3
6
22
7
20
8
21
38
43
26
4
55
18
5
50
16
24
10
3
13
3
7
11
20
8
6
8
13
11
23
6
6
10
6
410
23
2
7
5
31
2
26
5
23
2
1
65
7
14
6
10
4
4
11
11
16
13
6
7
24
5
9
21
73
10
60
4
16
21
10
6
3
5
7
4
180
8
17
4
6
3
23
7
10
8
14
5
10
34
14
9
4
7
4
4
3
2
37
6
29
28
13
6
10
55
12
1
36
22
6
66
3
29
197
37
11
5
7
18
8
58
49
5
5
12
5
20
18
4
9
16
6
2
20
3
16
8
7
365
3
12
11
9
33
20
19
8
29
14
38
8
46
14
92
9
27
12
13
8
3
9
9
14
40
11
12
7
5
13
15
11
10
4
12
16
6
10
8
6
17
27
18
8
4
40
19
5
11
16
41
12
8
14
10
8
4
4
9
18
9
5
4
23
4
16
7
14
10
4
19
10
23
12
3
7
13
24
15
4
7
27
5
7
4
6
12
15
10
6
11
87
23
9
35
63
19
5
3
10
13
16
9
7
26
9
21
11
5
14
20
3
20
9
5
9
201
11
4
5
9
14
12
14
19
23
255
10
12
8
40
12
12
16
9
30
50
3
22
17
10
8
13
36
16
2
33
30
13
18
14
27
3
8
29
15
11
37
5
8
16
42
20
4
8
19
7
3
24
6
74
38
13
25
10
9
10
7
30
16
36
5
71
10
7
19
3
25
4
13
6
8
21
12
4
15
4
13
7
2
10
7
8
13
58
4
12
9
10
16
4
10
12
11
2
76
3
27
677
34
12
6
8
11
22
32
2
7
12
37
23
7
2
7
5
25
11
10
34
620
29
106
556
5
15
12
3
9
13
20
4
2
5
19
23
12
9
15
11
4
2
5
8
15
9
6
9
14
24
9
5
9
3
5
9
10
10
12
5
21
6
13
2
16
11
6
13
5
8
7
9
4
4
5
18
27
9
4
15
7
18
83
18
9
2
41
17
4
79
14
7
7
25
6
11
33
23
5
15
7
20
16
5
7
42
11
9
6
8
4
7
32
434
71
8
3
7
30
17
2
19
6
7
45
3
3
2
11
48
4
5
60
13
6
7
19
17
59
3
13
3
8
9
12
14
6
3
10
4
12
29
2
3
14
25
142
13
7
6
7
48
36
31
41
19
9
5
18
14
14
12
29
1
4
1
11
12
188
38
10
8
3
22
13
5
7
20
5
6
6
8
8
7
6
8
16
33
10
5
14
1
13
22
9
2
10
38
7
10
12
2
1
5
32
9
3
5
12
5
23
4
16
9
7
30
4
2
6
12
6
24
8
11
9
8
12
19
30
19
11
2
19
78
7
32
13
25
2
4
2
24
8
11
53
6
28
6
7
1
19
7
9
6
10
9
13
8
19
2
12
11
27
27
4
6
12
16
13
10
34
36
19
14
26
16
9
10
642
1
8
3
4
0
18
4
6
10
9
4
12
23
6
4
4
6
10
5
14
1
22
5
14
5
12
8
9
7
18
12
55
8
11
6
3
8
7
8
3
13
24
6
11
6
15
8
17
9
14
51
17
6
8
9
44
6
12
6
8
21
37
9
5
19
8
2
8
28
109
4
6
4
38
57
13
5
10
14
10
3
3
4
11
13
0
22
42
8
31
7
7
7
12
27
6
13
22
9
11
4
4
17
134
28
3
2
10
18
2
30
1
6
25
15
4
9
8
19
5
5
9
12
30
15
11
25
23
13
29
1
2
12
8
8
104
10
15
11
9
13
9
15
4
8
38
5
15
8
7
11
2
17
10
12
10
8
3
20
22
9
3
42
13
5
6
3
4
5
17
20
4
49
5
5
6
15
16
2
89
0
7
5
14
6
24
3
11
3
6
13
8
23
8
25
72
13
10
9
9
22
15
6
24
21
6
7
6
19
5
5
11
13
21
8
5
34
10
7
124
13
22
9
14
6
9
4
20
8
16
82
3
228
6
31
8
10
5
16
2
2
9
5
15
6
11
34
9
6
9
15
32
10
4
3
4
20
14
13
15
12
10
109
4
10
63
2
18
16
9
7
21
14
29
4544
11
7
18
8
5
15
7
4
9
7
6
2
7
31
12
4
16
5
18
23
29
11
7
15
10
25
8
4
23
7
6
24
11
4
2
7
5
14
7
12
3
26
15
10
17
13
27
18
15
5
6
8
12
6
210
2
11
35
12
5
22
7
3
7
4
2
22
16
18
43
32
16
3
10
21
10
5
5
6
4
3
4
9
12
23
9
8
4
3
7
18
25
13
8
15
10
77
7
18
15
8
4
7
3
19
22
25
8
10
38
11
7
6
3
8
8
81
2
8
2
10
9
10
7
30
3
6
15
7
2
10
18
9
3
7
33
25
76
25
12
755
40
14
8
3
6
22
74
7
9
17
11
45
7
511
11
3
11
5
5
2
5
312
14
16
18
13
11
6
8
17
5
10
35
31
9
14
77
9
14
7
1
16
7
14
2
7
15
8
58
9
9
6
4
5
5
4
13
17
13
27
17
4
17
4
4
6
26
172
2
3
33
6
13
38
22
6
2
14
27
13
8
11
13
4
8
8
12
2
16
11
8
50
9
13
38
12
16
2
24
13
9
4
13
12
2
12
3
14
94
8
9
8
25
22
15
12
33
5
9
62
19
9
9
0
7
20
19
12
5
21
1
10
90
18
9
5
158
15
6
15
5
8
7
19
25
1
28
7
9
4
17
15
13
3
20
18
25
11
10
9
16
5
12
14
4
7
81
5
11
21
12
6
7
23
7
6
12
3
9
13
30
7
3
21
16
19
4
1
6
7
22
3
16
19
5
10
17
51
5
20
4
16
18
86
17
372
11
7
14
3
10
6
37
8
17
12
16
17
7
5
13
6
3
11
14
14
6
7
19
33
10
5
7
29
3
7
49
6
8
7
16
17
13
8
5
14
16
8
15
5
83
1
9
12
13
10
17
8
15
14
8
33
16
1
434
8
11
63
7
7
31
6
30
11
24
5
13
17
13
43
5
16
17
38
11
18
16
18
5
17
5
4
3
25
14
1004
17
14
9
7
16
9
4
4
10
45
18
26
3
9
8
20
9
50
7
13
9
15
6
3
22
28
10
12
8
13
16
9
8
7
25
32
21
51
18
10
0
20
34
10
13
14
8
6
18
4
6
12
6
9
6
4
89
4
28
9
4
23
5
23
11
6
5
5
26
35
9
6
4
8
30
10
5
10
1
11
167
38
15
6
18
10
74
12
38
8
10
2
16
3
11
1
281
3
7
5
29
4
14
16
16
8
40
8
5
14
12
22
9
24
12
9
50
69
13
6
21
8
10
21
8
12
12
3
4
16
2
5
11
107
6
14
23
8
42
5
12
8
26
12
9
11
15
52
18
26
11
18
49
13
7
4
11
12
10
5
11
10
0
2
103
7
7
16
27
14
3
9
79
17
5
13
23
19
11
11
52
9
41
15
9
13
3
7
4
14
14
4
5
16
17
4
8
6
16
14
10
9
2
10
33
149
17
7
13
9
11
32
15
8
12
3
32
19
15
6
13
15
18
4
22
15
5
6
13
9
17
11
12
9
20
2
16
8
14
6
32
17
5
26
61
8
5
27
10
27
7
28
4
10
8
10
10
4
18
21
18
11
40
7
21
5
9
12
13
3
24
9
14
99
6
9
6
18
4
16
4
13
8
505
35
5
9
5
34
3
18
11
6
4
12
135
47
14
1
14
6
9
3
52
5
7
8
9
5
9
13
12
8
5
7
10
10
19
3
9
9
29
15
21
3
27
9
14
5
8
35
5
11
3
4
2
16
9
7
17
9
12
2
20
37
2
7
7
25
13
6
6
16
11
4
12
10
3
6
21
4
5
25
17
6
7
35
6
3
13
0
25
18
16
9
6
12
2
6
14
11
7
7
17
21
244
39
3
6
12
77
11
8
10
7
14
6
10
8
180
2
15
5
62
8
17
9
14
9
60
7
67
12
13
8
11
10
9
35
9
71
5
38
36
8
13
1
4
16
9
11
5
15
29
17
12
25
6
13
4
4
3
7
7
5
16
17
11
27
6
18
29
24
4
4
16
2
23
12
5
21
14
3
12
26
31
6
13
8
1
7
6
6
9
12
25
17
9
79
10
10
12
5
6
15
37
95
18
3
6
12
5
11
4
222
21
17
14
16
3
6
2
9
14
12
3
11
16
10
18
10
25
12
5
16
11
15
4
13
36
7
4
8
11
16
4
47
6
36
22
13
4
6
34
97
62
9
18
7
21
4
7
6
4
8
6
14
10
18
45
18
82
44
13
7
5
3
12
6
13
4
2
14
9
8
8
8
7
17
5
13
15
12
11
14
6
19
9
6
22
25
8
12
9
9
1
3
3
18
6
25
26
3
6
34
16
17
20
10
6
21
27
201
19
6
9
28
6
7
12
22
5
8
6
10
8
5
10
14
24
8
8
10
4
6
13
6
5
5
10
18
32
12
11
15
19
7
8
10
13
27
25
12
12
10
26
67
5
7
8
40
5
3
18
3
17
9
13
46
23
0
3
5
11
25
9
47
2
7
24
8
9
5
4
40
14
7
4
17
3
16
8
13
15
4
31
13
5
11
6
6
11
18
80
18
7
12
30
36
3
10
135
10
56
99
2
6
2
5
22
5
8
18
1
8
12
10
21
11
9
16
6
9
5
14
35
6
9
11
3
7
8
15
13
19
7
3
31
17
11
13
9
10
2
25
13
7
19
9
37
14
15
45
2
4
20
9
49
146
3
8
7
7
10
14
40
38
7
6
4
38
9
10
15
5
18
6
8
10
3
42
21
3
61
7
11
50
2
7
13
6
39
14
9
10
8
0
5
38
15
9
61
9
17
19
12
6
19
7
35
15
74
3
12
9
22
26
12
92
24
5
5
13
1
2
12
12
7
20
28
13
10
23
6
2
10
10
13
2
13
8
26
11
8
9
6
17
8
15
12
11
69
12
20
5
4
15
7
8
11
14
4
30
10
37
24
30
7
11
9
5
13
10
2
23
4
8
33
18
23
18
15
1
21
7
7
6
2
20
16
11
13
20
8
15
11
5
25
9
6
26
9
11
99
8
15
20
21
4
59
8
11
1
19
3
12
256
16
11
16
8
8
51
35
11
24
37
16
38
5
3
6
14
9
25
21
2
3
19
12
4
18
5
21
11
9
7
11
20
13
39
5
14
20
24
75
6
5
3
9
5
5
13
2
7
26
22
30
11
12
2
8
61
2
6
8
24
12
3
8
21
5
28
27
7
9
10
4
4
22
19
7
20
75
15
19
47
17
1
51
14
3
6
19
115
4
19
9
7
9
251
2
3
15
15
11
8
4
9
25
20
7
22
5
22
6
14
8
3
37
4
7
14
9
24
14
12
8
5
34
5
40
14
24
15
23
8
59
35
5
13
32
10
7
7
52
10
18
10
7
9
7
11
79
10
14
3
17
24
17
12
7
16
2
13
3
0
2
21
12
44
16
25
5
4
11
28
21
5
53
9
13
1090
31
10
7
5
9
4
5
4
11
12
6
59
1
16
4
4
29
74
10
5
10
71
26
13
12
28
5
5
25
21
2
18
5
16
3
5
3
76
13
8
34
93
3
5
13
10
6
17
23
5
9
68
5
9
23
103
19
41
59
6
7
13
14
10
7
2
7
10
21
10
7
5
13
13
9
5
10
14
25
14
28
14
0
9
15
17
6
18
7
8
16
8
12
28
8
5
10
14
14
6
91
26
9
6
18
9
14
12
14
638
8
4
6
10
11
18
12
13
15
3
6
12
4
8
13
7
24
4
25
5
8
5
2
5
23
7
7
11
5
10
10
23
12
5
6
14
76
11
1
20
8
20
8
6
19
8
2
11
24
154
7
3
3
6
23
8
20
13
478
2
6
24
3
3
7
17
3
68
13
8
14
21
10
7
8
9
3
9
7
4
6
3
3
6
16
1
4
2
48
10
11
13
8
52
7
10
9
5
5
20
0
3
41
9
35
12
5
5
4
2
11
4
3
36
56
28
63
19
9
59
7
11
8
32
11
15
19
21
27
16
10
29
5
6
13
9
5
7
5
6
15
59
30
9
9
11
14
4
12
8
18
87
16
5
2
241
14
9
4
15
10
6
40
22
13
40
0
11
14
10
14
14
6
10
6
38
6
10
32
8
12
420
4
14
9
4
8
12
58
12
2
3
7
21
7
1
8
16
5
8
5
5
10
3
11
27
11
7
7
11
101
5
9
9
8
5
7
6
25
11
12
4
6
27
32
14
10
13
14
3
18
195
5
21
13
3
19
4
5
17
12
13
12
4
25
1
15
7
5
3
2
19
13
5
7
4
14
3
25
7
5
17
11
8
352
57
8
9
27
10
13
8
5
7
3
11
11
62
8
18
9
56
13
4
8
5
17
5
2
54
18
21
3
16
4
11
17
9
15
9
9
16
19
32
0
2
13
36
24
54
4
5
11
12
6
11
24
26
3
8
9
10
13
9
10
1
6
9
2
11
6
1
3
11
12
13
23
9
4
7
5
103
7
11
6
3
4
21
8
12
3
18
13
19
28
20
8
4
4
13
4
12
10
39
77
13
11
17
58
13
13
23
8
10
6
25
3
8
25
53
10
55
2
2
0
4
7
11
71
4
13
18
6
23
7
4
15
10
6
6
9
31
9
8
4
8
9
7
11
39
13
10
57
12
10
21
9
4
8
8
2
23
3
21
10
58
13
13
10
9
51
9
10
3
55
20
19
4
14
19
6
52
5
11
19
7
9
21
10
78
14
8
11
6
7
5
9
3
13
20
13
18
3
12
32
13
9
2
16
22
2
7
7
18
12
9
8
12
19
30
7
10
50
16
2
8
8
72
1
4
9
11
11
3
26
10
25
15
12
5
20
9
9
24
13
16
27
46
10
9
7
9
15
31
13
21
17
12
3
4
9
8
2
16
6
11
12
11
7
19
3
10
17
29
21
2
10
11
2
17
16
4
12
10
10
12
7
6
10
7
10
7
17
9
22
7
5
10
1
7
9
15
11
4
7
19
56
15
27
12
4
9
15
12
37
8
11
6
15
25
11
10
5
8
6
17
12
34
12
4
5
8
7
17
42
13
14
4
11
44
4
13
4
12
1
189
5
11
7
8
7
9
7
5
5
30
8
56
16
23
5
31
33
2
9
19
17
12
11
2
10
6
24
6
7
14
13
8
36
210
5
13
9
8
26
4
13
3
5
18
8
14
18
14
4
11
14
6
134
12
6
7
5
8
6
8
18
6
2
8
14
32
18
17
7
14
13
3
6
30
4
36
4
9
10
15
7
6
2
13
2
9
23
13
25
10
5
4
7
11
10
2
6
10
9
7
9
31
7
