9
24
16
12
9
7
12
2
23
12
5
24
12
2
14
6
10
5
16
20
19
7
7
38
3
18
7
29
3
7
9
0
13
7
13
3
8
20
14
19
12
9
13
16
14
12
14
16
14
11
4
12
4
12
9
41
7
3
25
8
24
37
5
13
16
18
15
5
22
13
6
3
22
11
19
20
15
9
18
8
7
14
10
11
6
18
67
27
6
11
7
12
6
8
8
4
9
11
4
10
8
9
10
5
5
2
4
16
9
9
8
11
4
12
9
15
22
6
20
12
10
20
9
7
10
5
7
9
6
11
6
22
27
7
5
14
13
10
10
22
8
12
15
8
17
13
6
19
8
4
17
18
39
15
7
13
9
7
7
6
18
10
8
23
10
51
9
9
15
31
4
12
26
8
7
17
13
39
11
16
10
39
6
9
7
16
5
12
21
3
248
20
13
40
8
18
53
2
6
10
8
32
10
3
16
64
15
60
22
11
23
10
8
8
12
11
4
7
135
15
10
15
6
10
3
8
2
9
13
10
10
7
7
9
12
11
7
15
9
14
3
12
6
9
6
8
20
23
8
25
15
13
12
12
11
20
16
15
9
9
31
24
11
23
5
5
27
14
6
7
3
14
5
7
21
12
21
154
16
2
14
3
14
5
5
6
20
15
17
8
6
10
15
3
7
5
6
16
2
14
18
36
28
8
4
13
5
22
8
5
4
9
6
15
17
15
12
8
13
3
9
3
6
124
11
11
5
22
18
10
7
20
7
18
5
12
9
11
18
11
2
12
58
8
33
20
6
11
7
5
9
9
8
6
25
28
4
8
3
4
8
19
13
11
8
16
5
48
23
7
5
13
9
8
24
10
14
21
20
12
12
2
9
6
8
10
19
9
7
12
32
8
15
8
16
7
2
6
5
13
12
21
57
6
11
25
3
11
10
58
25
22
221
1204
9
30
14
26
15
9
7
7
12
8
6
5
13
6
1
29
18
18
11
3
4
83
52
4
13
18
11
8
7
13
10
7
17
8
10
22
76
7
26
10
11
13
5
11
28
7
4
3
12
5
15
2
31
6
5
11
9
7
22
9
24
16
12
9
7
12
2
23
12
5
24
12
2
14
6
10
5
16
20
19
7
7
38
3
18
7
29
3
7
9
0
13
7
13
3
8
20
14
19
12
9
13
16
14
12
14
16
14
11
4
12
4
12
9
41
7
3
25
8
24
37
5
13
16
18
15
5
22
13
6
3
22
11
19
20
15
9
18
8
7
14
10
11
6
18
67
27
6
11
7
12
6
8
8
4
9
11
4
10
8
9
10
5
5
2
4
16
9
9
8
11
4
12
9
15
22
6
20
12
10
20
9
7
10
5
7
9
6
11
6
22
27
7
5
14
13
10
10
22
8
12
15
8
17
13
6
19
8
4
17
18
39
15
7
13
9
7
7
6
18
10
8
23
10
51
9
9
15
31
4
12
26
8
7
17
13
39
11
16
10
39
6
9
7
16
5
12
21
3
248
20
13
40
8
18
53
2
6
10
8
32
10
3
16
64
15
60
22
11
23
10
8
8
12
11
4
7
135
15
10
15
6
10
3
8
2
9
13
10
10
7
7
9
12
11
7
15
9
14
3
12
6
9
6
8
20
23
8
25
15
13
12
12
11
20
16
15
9
9
31
24
11
23
5
5
27
14
6
7
3
14
5
7
21
12
21
154
16
2
14
3
14
5
5
6
20
15
17
8
6
10
15
3
7
5
6
16
2
14
18
36
28
8
4
13
5
22
8
5
4
9
6
15
17
15
12
8
13
3
9
3
6
124
11
11
5
22
18
10
7
20
7
18
5
12
9
11
18
11
2
12
58
8
33
20
6
11
7
5
9
9
8
6
25
28
4
8
3
4
8
19
13
11
8
16
5
48
23
7
5
13
9
8
24
10
14
21
20
12
12
2
9
6
8
10
19
9
7
12
32
8
15
8
16
7
2
6
5
13
12
21
57
6
11
25
3
11
10
58
25
22
221
1204
9
30
14
26
15
9
7
7
12
8
6
5
13
6
1
29
18
18
11
3
4
83
52
4
13
18
11
8
7
13
10
7
17
8
10
22
76
7
26
10
11
13
5
11
28
7
4
3
12
5
15
2
31
6
5
11
9
7
22
34424
3
7
26
86
30
10
9
11
21
5
4
8
5
8
2
12
18
14
10
9
9
12
4
7
26
8
9
9
5
15
5
6
11
7
44
7
13
3
17
15
4
11
6
9
6
10
17
20
18
9
50
11
12
10
284
15
18
7
5
8
12
21
46
5
8
6
7
47
10
48
8
7
8
4
12
16
2
5
3
51
24
7
6
15
23
4
10
10
12
3
4
34
19
19
4
12
8
31
6
10
13
12
8
8
25
12
8
11
6
12
8
10
18
10
62
11
2
9
39
9
5
18
12
6
37
6
3
4
155
40
13
13
5
14
12
16
12
13
85
15
7
8
3
10
8
7
2
7
6
4
6
26
8
5
11
7
16
15
6
18
10
29
82
7
1
9
8
33
6
11
17
10
8
13
9
19
8
10
26
12
5
23
12
4
18
11
5
15
3
17
20
18
2
1
19
8
5
63
11
15
8
19
9
22
233
5
10
7
4
14
17
6
12
60
10
34
2
32
12
6
10
5
5
10
47
32
20
24
6
23
11
10
13
16
5
4
11
6
28
9
257
13
8
4
23
17
12
8
8
10
42
18
8
73
12
6
27
13
18
10
9
5
5
16
18
10
5
8
15
12
20
12
11
6
15
18
16
9
5
32
37
21
9
14
165
24
6
19
14
6
7
12
52
6
14
7
10
16
15
8
7
9
15
8
33
10
7
12
8
6
16
8
6
17
9
21
4
3
5
6
4
12
5
8
9
14
12
9
13
14
5
4
8
56
6
11
41
13
7
4
5
15
6
13
15
12
4
13
25
2
18
20
12
22
4
14
13
9
32
13
16
2
11
11
5
9
6
9
6
25
5
6
6
5
18
3
9
51
2
33
3
14
5
22
8
6
3
15
16
16
8
17
9
21
5
9
13
7
52
10
8
4
20
31
11
8
19
5
3
67
3132
9
30
7
3
10
10
12
14
5
14
11
9
14
24
21
30
4
5
16
7
10
7
2
5
12
16
11
14
16
10
24
10
11
7
8
7
13
13
3
6
9
32
16
13
3
27
10
16
6
4
4
15
19
7
4
31
4
3
5
16
11
2
31
18
10
11
16
15
9
5
23
9
9
14
6
9
72
19
14
6
7
3
12
16
6
8
3
6
8
16
3
8
5
4
3
12
5
7
20
12
20
21
19
4
12
6
7
6
17
7
18
30
23
4
15
12
4
10
11
26
9
12
8
35
42
6
8
11
5
14
24
26
10
8
31
14
7
17
9
9
31
8
6
20
9
6
17
10
17
9
2
103
6
29
4
8
11
10
19
9
6
12
17
19
18
28
5
6
14
15
7
8
10
6
5
8
9
11
5
9
8
5
3
18
21
18
8
9
8
40
7
10
8
6
9
23
21
22
10
7
9
10
7
25
74
3
98
11
9
10
9
17
73
4
15
10
7
42
24
48
16
10
65
10
33
9
17
5
12
21
11
12
8
2
4
13
7
4
16
5
15
12
3
9
9
11
13
3
12
20
5
15
2
6
6
10
10
8
3
17
7
46
24
5
6
10
27
9
6
41
6
8
7
6
9
8
13
20
12
20
23
11
12
35
14
10
20
16
4
8
15
7
8
24
11
10
6
11
19
6
14
6
5
13
34
10
17
6
14
18
10
8
8
16
18
29
7
18
12
19
78
10
6
11
12
6
16
5
9
7
8
10
9
59
16
15
9
8
2
3
24
12
21
18
3
7
11
10
10
6
10
10
7
19
3
12
6
8
10
2
8
22
162
14
80
7
7
3
9
5
12
5
236
16
3
9
12
13
15
15
9
22
16
9
16
14
11
9
3
11
5
63
6
15
10
14
21
16
7
4
7
9
14
6
43
3
5
16
1
15
8
28
37
39
13
5
18
12
20
8
16
8
14
22
14
18
8
47
23
12
16
16
5
18
10
2
45
9
11
15
8
74
60
3
139
11
9
4
46
14
6
4
6
4
27
16
4
5
16
5
5
10
10
15
12
7
11
12
9
15
8
14
15
10
10
12
16
11
5
14
9
7
14
7
6
8
18
28
5
9
11
4
5
9
7
2
25
29
9
12
7
13
2
8
15
7
5
10
5
5
30
15
14
27
5
4
10
6
16
16
39
10
10
7
24
5
7
19
9
11
10
9
10
5
23
25
15
5
3
16
15
14
16
13
2
19
7
16
9
80
10
26
7
1
8
11
14
9
18
5
8
13
5
5
5
13
18
40
20
6
9
15
11
5
7
20
15
15
9
7
11
10
16
3
8
22
10
9
9
5
16
9
9
14
8
7
85
10
34
16
7
5
12
22
23
9
21
9
10
13
18
12
3
5
5
13
8
9
8
13
54
7
29
20
6
12
13
23
7
21
8
8
27
4
26
16
9
6
15
6
6
28
10
7
67
7
6
13
28
7
19
25
4
6
13
10
18
12
7
24
10
14
48
9
42
31
5
11
9
4
17
26
15
4
11
10
17
12
10
20
8
14
18
18
9
10
4
7
20
42
16
12
7
7
13
14
24
46
30
11
11
9
5
9
8
9
30
13
22
29
16
5
12
8
7
15
9
6
2
6
14
9
5
8
11
2
10
8
6
9
16
10
19
7
63
5
19
8
12
7
6
10
11
8
9
37
7
6
8
22
7
29
31
7
12
18
13
32
12
5
44
15
14
20
10
19
33
6
15
11
16
24
18
19
7
7
8
41
15
15
5
23
12
15
4
24
10
7
12
39
20
9
27
17
14
14
11
4
15
10
16
9
21
15
10
3
6
14
10
22
4
4
10
18
15
8
15
16
22
12
22
17
26
51
6
9
15
14
11
42
10
19
4
32
8
4
13
15
7
4
22
8
18
29
3
37
9
13
2
27
5
13
11
9
6
202
16
9
13
9
19
7
12
2
9
7
6
8
35
6
13
19
11
53
24
9
28
2
19
3
4
20
20
10
12
10
9
16
8
6
24
18
73
9
16
10
78
101
14
5
7
13
7
8
9
9
32
14
10
10
3
10
12
17
18
3
14
8
11
15
20
7
32
6
27
13
6
17
7
6
11
8
10
7
13
10
10
11
6
2
3
5
62
10
13
10
9
14
7
2
3
17
11
9
16
4
9
5
18
2
16
6
7
15
5
5
35
22
6
5
9
2
5
15
15
9
17
7
8
10
16
10
5
10
9
12
8
10
4
8
5
3
17
11
8
7
14
3
9
13
9
2
21
11
14
73
17
2
1
23
43
6
8
6
10
8
9
17
4
15
27
5
17
13
12
12
12
47
22
9
25
24
6
5
12
7
11
4
6
9
7
13
11
3
6
24
5
2
8
5
9
8
6
57
3
10
8
10
12
27
5
9
12
8
5
13
13
14
8
23
5
5
8
10
22
6
8
20
6
4
14
8
11
8
22
8
9
13
10
9
14
23
13
8
9
5
13
86
15
11
27
9
6
4
7
42
2
9
4
10
10
15
13
99
7
11
5
5
24
20
14
2
19
14
14
7
11
11
9
9
1
5
22
6
1
4
12
10
13
13
19
12
6
33
5
22
11
6
7
11
13
10
13
36
13
18
7
11
5
10
8
14
19
5
7
7
21
23
10
25
21
10
25
13
53
8
9
12
8
6
3
17
22
9
57
8
28
11
3
23
5
24
4
4
20
14
10
20
9
9
8
13
9
9
11
17
20
10
17
8
16
12
13
9
8
15
16
30
7
41
4
11
29
13
18
6
1
9
15
5
14
5
20
5
10
25
6
6
15
20
16
11
6
4
12
41
5
25
4
14
14
5
3
9
9
8
67
30
15
19
7
32
11
8
16
3
31
15
4
4
10
31
9
6
13
4
4
23
6
17
10
10
3
106
4
11
27
7
4
14
8
14
2
5
31
4
10
6
13
12
7
3
7
24
11
7
16
15
34
3
29
18
25
6
19
8
8
12
11
6
16
9
15
7
10
13
93
14
9
10
46
9
7
11
22
10
3
6
11
6
6
22
8
31
12
7
18
59
9
7
15
18
14
16
14
2
8
19
9
223
5
10
37
5
6
13
10
12
7
13
7
7
9
7
14
12
18
8
45
12
8
25
15
27
101
5
43
8
18
8
2
17
14
10
13
6
11
14
8
29
30
11
16
38
82
36
7
9
16
10
21
13
11
7
17
6
8
11
7
34
8
15
13
21
4
18
17
5
11
7
168
24
15
19
2
6
15
4
4
9
15
11
5
18
11
4
6
14
2
5
15
35
15
18
7
27
14
73
21
11
12
11
10
10
7
6
14
7
10
14
7
14
3
14
12
17
12
10
25
6
11
21
17
8
115
24
5
9
7
20
13
13
7
12
3
18
4
12
13
53
8
7
12
14
25
6
821
16
10
17
53
8
6
9
27
6
5
13
7
15
9
5
27
6
14
6
15
20
12
29
10
13
10
10
12
7
46
5
10
12
15
10
32
4
9
9
8
23
13
31
44
23
9
19
21
27
15
15
7
20
8
9
18
23
23
8
3
4
3
4
14
11
9
9
288
8
9
17
4
6
13
8
8
4
23
8
21
7
14
21
4
107
4
15
7
10
4
22
15
9
9
19
14
26
14
9
8
54
8
4
34
9
9
34
7
10
36
7
27
11
21
4
20
6
2
10
6
19
4
6
35
10
12
27
24
8
12
28
16
62
55
15
9
11
9
9
8
10
10
11
10
10
7
5
16
11
11
8
7
12
19
2
7
31
30
0
16
9
12
13
12
11
18
2
10
53
13
13
4
8
28
12
6
5
2
23
18
24
18
5
6
10
13
3
9
13
11
7
17
8
7
8
11
3514
10
9
3
19
27
4
13
3
19
24
20
16
20
6
14
12
22
18
11
5
6
20
11
35
12
28
13
7
12
1
7
9
9
9
15
13
3
7
30
4
5
10
21
38
50
9
6
9
4
16
4
28
42
21
8
19
6
18
8
7
3
6
11
21
24
37
18
144
6
9
11
12
11
8
10
14
13
14
5
3
10
3
9
7
14
6
7
38
8
5
16
9
17
30
16
4
8
14
7
7
7
8
5
17
8
22
65
15
8
7
11
11
15
8
9
7
5
7
10
11
49
11
10
9
3
10
9
7
7
8
5
30
6
13
8
10
6
12
6
6
18
10
14
9
11
55
24
9
12
14
17
10
14
10
11
31
9
12
10
38
5
11
5
21
7
4
8
7
12
6
6
9
0
9
14
17
9
30
11
29
7
2
8
6
6
11
9
5
14
15
3
13
12
6
8
4
16
17
14
101
21
7
8
7
17
10
14
7
21
16
9
11
21
7
10
15
14
3
8
8
6
20
18
18
5
154
5
18
13
8
7
4
33
18
6
2
23
82
11
6
15
10
13
19
5
13
8
8
12
4
5
11
16
17
12
3
11
10
27
15
43
8
11
3
8
14
7
11
8
17
12
4
8
10
4
8
6
13
15
7
7
6
81
109
31
6
10
18
5
28
15
23
20
3
6
13
12
10
4
7
23
6
1
58
17
8
9
10
8
3
13
20
12
12
41
16
10
34
8
6
6
8
16
4
4
4
15
3
9
28
12
11
12
12
9
10
1
6
14
12
14
15
163
6
12
4
10
7
7
12
26
9
53
22
30
22
7
16
518
5
13
13
8
10
11
6
5
14
7
12
12
4
12
20
13
6
8
20
11
14
20
13
23
9
8
24
29
31
8
31
12
11
4
8
9
8
14
18
6
8
8
37
8
12
30
33
9
22
11
12
7
8
10
9
6
27
7
4
7
8
9
8
8
16
13
12
10
8
1
7
9
27
5
6
6
5
18
17
7
13
22
8
7
14
26
6
3
26
12
19
16
8
7
9
7
6
16
6
16
7
10
9
10
11
9
93
15
7
9
11
12
15
6
5
39
12
19
12
12
16
5
8
9
8
10
15
6
7
34
6
8
14
28
9
11
11
23
6
8
16
5
11
11
17
12
22
200
11
8
11
20
18
17
5
8
7
27
9
25
21
10
29
2
30
15
9
9
20
13
4
33
8
10
34
16
7
3
37
5
24
13
21
262
12
9
2
12
16
7
11
12
5
10
17
24
9
5
14
13
12
8
10
14
10
10
19
5
12
6
9
11
6
5
13
3
9
4
10
12
8
19
12
10
8
1
54
16
15
6
25
9
12
3
4
28
4
6
8
100
8
19
21
7
14
9
9
17
7
4
17
13
62
12
19
15
12
14
8
8
44
18
12
7
8
3
19
15
4
5
20
12
14
5
5
32
22
5
5
10
18
9
11
19
64
10
24
11
27
6
9
26
6
6
36
3
110
15
6
7
12
6
10
5
4
16
14
7
3
16
9
23
2
19
12
12
6
10
10
10
110
8
17
5
14
17
1
8
6
58
3
11
28
19
11
23
4
8
7
13
51
232
142
5
32
4
7
5
41
8
110
11
5
10
5
5
8
6
22
36
9
12
5
23
19
8
165
9
23
5
10
16
7
9
17
22
2
12
6
7
27
28
19
21
5
6
9
11
18
24
35
6
8
16
34
10
16
5
3
9
66
9
16
8
9
13
8
16
12
17
12
13
16
7
39
2
13
3
12
2
4
13
10
8
14
5
19
8
6
7
8
4
23
29
12
4
26
2
6
9
4
9
50
13
6
8
14
10
13
12
70
7
16
58
6
6
13
6
9
8
17
9
10
6
6
14
28
9
14
16
12
0
21
13
19
8
8
12
5
12
10
14
7
12
9
13
0
6
5
3
10
9
6
11
13
12
2
15
9
7
11
12
9
9
9
37
12
7
14
17
23
3
8
6
11
11
16
10
15
22
6
12
9
8
6
4
5
3
18
12
24
8
22
26
18
29
7
8
16
46
0
10
6
7
10
15
12
7
14
20
14
5
6
10
3
5
5
1
49
3
8
11
8
7
15
14
15
8
3
41
2
12
0
5
5
14
4
7
5
10
6
10
6
9
7
21
9
13
9
34
18
14
6
7
19
3
10
6
19
11
8
8
5
6
6
509
24
24
3
16
25
4
8
16
16
7
8
10
12
14
15
9
58
10
5
5
28
22
90
57
28
11
27
88
6
0
18
11
4
5
5
8
5
9
13
5
12
3
11
8
16
4
10
11
9
16
20
7
12
3
26
20
12
6
7
8
17
7
5
3
30
9
4
5
4
6
7
23
11
22
10
11
8
7
11
4
8
9
33
23
2
18
15
18
17
15
272
13
10
11
16
7
5
78
25
15
6
7
15
7
9
5
2
10
7
6
5
5
2
24
7
9
5
9
8
9
17
18
10
6
2
283
9
14
4
12
8
12
83
6
2
15
19
17
1
19
51
9
32
10
35
7
7
5
12
7
9
12
5
16
10
10
14
10
4
8
17
11
11
13
7
9
5
8
15
32
11
3
10
34
3
8
10
4
19
7
7
15
10
7
6
7
7
4
16
10
8
6
8
10
11
3
4
7
12
9
15
31
15
8
5
10
153
8
74
45
5
338
4
19
4
5
9
47
121
50
24
25
13
3
7
6
17
14
8
6
4
2
3
40
22
8
25
1
13
6
4
7
7
20
9
2
9
6
10
12
22
4
5
5
14
5
8
2
24
11
8
120
7
6
8
16
31
9
16
3
21
5
7
9
9
18
22
382
10
7
7
6
11
5
7
10
10
8
8
9
2
21
4
14
8
701
3
14
9
7
5
9
13
7
17
13
13
11
9
16
7
14
12
17
8
18
26
6
50
9
33
6
6
9
12
23
4
11
22
9
12
8
7
4
7
8
6
7
35
8
12
10
18
23
15
23
289
9
5
14
7
13
10
4
10
1
8
7
8
12
18
5
23
30
8
15
42
13
41
22
56
14
3
16
9
4
38
9
21
23
4
7
9
20
6
26
7
4
6
3
6
10
9
13
5
14
9
4
13
19
18
16
9
26
28
2
38
16
4
24
15
7
28
5
18
22
12
24
12
10
3
9
17
9
12
10
11
4
6
4
10
9
5
4
11
12
10
28
21
20
26
3
14
4
14
18
15
25
7
29
10
18
11
5
9
9
15
27
9
14
7
9
8
14
32
7
4
5
7
29
7
13
24
10
12
5
7
13
1
8
28
15
13
8
5
22
12
16
24
22
6
129
12
6
60
2
14
7
11
5
5
23
10
15
7
12
24
33
103
7
6
8
6
15
15
14
16
81
6
4
11
7
12
6
17
8
4
14
5
14
7
17
9
4
16
3
105
10
6
8
21
18
18
9
8
6
16
7
6
36
17
10
10
24
14
9
26
9
13
4
16
6
17
10
4
30
16
8
17
6
11
15
16
6
11
8
9
8
7
9
29
4
13
8
18
9
7
8
27
52
2
7
8
11
5
12
11
10
7
16
5
42
6
10
23
13
13
31
22
17
11
10
9
11
9
6
4
43
11
15
11
39
11
7
9
11
12
22
8
13
6
16
10
15
10
7
20
18
8
9
14
2
11
5
13
9
31
17
5
3
9
6
9
15
9
4
11
17
4
9
19
8
35
3
6
6
7
3
27
73
7
10
7
6
25
34
6
7
10
6
10
17
32
6
10
22
9
10
12
23
9
6
7
9
4
10
21
57
23
11
25
46
9
5
27
20
7
16
3
7
9
38
1
23
6
7
11
8
5
26
9
13
16
7
12
9
14
6
13
11
16
6
6
8
15
49
14
12
13
14
7
10
89
7
8
7
11
12
7
15
3
25
5
13
34
19
13
8
7
4
11
5
6
17
19
8
8
7
6
12
3
8
13
7
11
14
19
10
11
0
17
4
18
7
6
25
7
2
12
3
20
43
21
27
11
22
5
9
20
8
9
37
11
11
17
8
11
5
16
13
9
15
5
7
37
9
6
17
7
14
6
6
8
6
4
10
31
5
11
6
6
7
3
12
9
9
3
11
14
8
8
10
7
5
17
17
28
15
13
38
9
8
8
6
8
15
8
12
10
9
5
6
9
13
7
5
7
3
18
5
8
6
16
5
4
15
6
19
41
15
10
7
15
17
2
5
24
43
37
10
3
14
13
13
2
3
9
12
7
26
19
9
5
25
6
9
8
8
9
10
32
10
8
10
13
50
12
19
19
21
11
4
19
4
15
5
22
14
7
5
9
4
31
11
8
4
5
15
10
12
4
5
11
41
23
4
22
11
12
5
7
10
6
13
6
2
32
10
29
13
4
18
15
48
44
325
8
5
13
13
11
24
10
20
7
23
7
16
11
3
9
13
11
12
10
11
11
5
9
3
42
26
14
2
4
17
13
31
11
10
18
7
10
9
16
26
5
35
6
5
13
49
4
7
10
3
10
11
5
7
4
3
3
14
11
24
8
19
17
30
8
12
5
9
10
16
21
5
19
18
4
12
21
11
4
22
5
19
8
16
8
6
63
8
7
4
30
8
25
4
9
45
12
11
7
10
8
19
7
16
10
6
15
12
7
7
10
12
22
7
13
17
15
20
30
13
10
9
11
38
16
7
13
55
12
5
3
17
5
11
20
16
108
3
18
7
5
14
2
9
14
6
7
6
7
9
9
11
8
7
15
15
11
8
15
10
11
5
22
17
12
10
21
18
12
8
36
6
22
8
5
21
1
19
17
10
25
19
10
6
30
8
113
11
9
9
25
8
5
22
7
41
14
10
27
9
8
4
8
10
7
5
4
22
9
10
21
19
10
16
11
10
7
7
13
6
14
9
5
24
5
6
2
15
7
3
69
8
9
8
17
75
6
7
25
12
4
4
15
10
20
11
9
24
8
14
15
7
466
10
29
10
12
4
16
782
11
5
18
6
19
93
8
11
13
6
19
8
6
15
7
3
12
11
18
26
15
20
39
16
18
27
9
24
8
5
19
234
3
10
27
32
4
17
5
10
6
10
19
17
14
5
19
9
5
5
37
19
16
7
7
150
36
8
10
12
4
7
5
7
24
9
10
5
5
3
1
10
17
11
8
16
28
12
8
30
9
220
7
2
8
13
4
21
13
9
11
6
16
7
13
16
4
7
26
19
1
3
40
21
1
8
7
5
3
21
37
12
6
6
7
19
13
12
24
16
70
8
14
136
7
28
13
14
16
14
8
13
22
22
8
17
13
6
15
2
8
8
10
7
20
8
8
12
15
13
6
28
9
116
4
5
1
13
9
5
6
17
14
6
18
12
29
10
61
10
16
6
7
14
19
7
11
8
5
7
10
18
13
14
10
6
3
8
5
11
10
6
13
2
10
10
20
71
19
7
18
26
3
12
17
44
205
19
181
11
7
3
10
6
6
12
5
16
31
11
7
8
29
8
5
5
52
13
7
7
19
4
1
9
23
8
6
15
5
9
11
20
8
10
5
7
16
10
13
6
11
10
10
9
10
6
9
20
30
9
15
34
65
5
8
21
102
12
26
21
9
5
12
18
26
8
7
2
12
5
15
8
105
10
34
5
15
23
12
309
5
16
15
16
9
16
20
9
6
9
8
13
10
10
60
20
8
12
19
5
14
11
10
17
309
4
8
10
4
10
14
20
21
20
10
15
14
3
17
11
27
26
16
18
7
6
10
5
9
8
13
7
9
14
53
9
15
9
23
2
58
16
11
6
8
10
9
4
24
18
25
16
6
11
107
13
12
11
18
29
10
3
14
15
9
13
9
6
10
8
7
17
15
6
5
16
10
12
4
13
7
54
5
9
16
5
5
6
12
14
4
7
5
9
9
13
23
29
60
7
9
4
66
9
9
6
37
5
9
3
10
13
10
17
9
8
14
10
8
10
8
7
9
9
12
71
43
70
28
15
5
11
100
6
119
120
19
3
11
14
4
11
17
15
12
3
4
10
19
10
12
8
11
20
6
15
23
10
12
23
15
8
5
24
7
12
8
26
38
2
20
7
8
17
22
12
7
22
13
9
58
13
7
7
14
5
9
3
10
4
12
90
6
473
25
14
14
18
5
10
4
14
7
6
105
7
20
10
20
20
10
2
12
11
19
2
6
7
27
1
3
8
16
9
6
8
11
9
8
15
6
7
1
9
12
14
12
28
32
12
15
10
14
17
6
74
1
10
14
10
9
9
7
15
8
10
14
26
14
7
5
9
4
20
7
9
14
11
6
3
364
12
11
5
11
21
7
5
13
11
6
8
16
23
7
52
16
9
12
43
18
70
18
12
11
27
23
9
10
14
17
5
13
2
15
6
5
19
9
18
7
8
2
8
8
7
14
7
11
177
5
4
24
4
4
7
8
42
7
19
6
11
6
4
11
5
21
6
10
11
7
7
22
23
6
10
7
10
7
7
5
7
12
6
20
12
8
17
4
24
7
6
21
17
8
7
6
5
13
8
15
4
5
11
18
6
7
20
8
20
8
4
8
4
7
7
10
88
5
10
14
11
4
5
13
30
18
14
10
13
10
10
26
13
7
15
38
6
13
9
8
10
17
7
4
14
20
15
11
4
8
13
7
4
8
8
5
8
8
14
9
5
4
15
17
2
5
10
29
8
19
5
13
5
9
5
12
2
10
13
9
8
20
14
4
106
0
20
10
6
9
10
30
13
15
18
19
17
65
11
26
8
7
3
73
5
18
7
9
11
9
7
8
13
13
8
3
20
5
15
11
33
7
3
12
15
8
12
15
10
8
19
9
9
7
4
5
16
4
5
5
10
1
36
5
3
12
12
4
5
5
8
12
6
12
4
8
11
59
35
6
17
25
6
19
5
4
11
10
16
2
11
13
9
12
9
10
5
6
42
16
17
20
3
11
12
15
30
21
18
2
10
23
7
25
15
8
7
30
18
14
28
8
25
15
6
10
5
14
5
17
35
7
6
9
23
20
3
16
2
17
41
8
6
13
8
14
4
11
6
5
11
7
11
29
69
10
7
16
20
8
36
11
15
34
20
8
2
6
9
47
6
18
10
5
11
19
4
1
11
5
9
18
23
32
26
12
10
105
17
21
13
12
9
10
10
9
8
9
23
21
44
4
250
10
5
6
8
30
6
18
13
17
17
9
6
3
7
12
8
15
37
16
6
46
15
20
9
15
14
10
7
11
20
18
9
11
18
5
13
11
60
11
26
8
41
7
11
20
5
1
40
16
10
13
9
14
13
62
6
9
12
22
8
8
11
6
5
4
8
138
28
10
29
19
9
9
5
8
13
13
11
6
11
9
6
10
3
12
99
4
7
14
12
3
4
12
12
19
10
2
9
17
8
7
27
9
20
12
13
6
14
5
4
2
6
9
17
12
17
18
12
6
27
6
11
3
8
12
6
3
15
14
10
39
22
6
16
12
18
18
16
12
4
17
19
16
8
7
8
8
16
17
11
8
15
48
6
6
68
6
4
10
10
12
141
4
9
7
3
5
9
7
7
18
11
11
16
4
8
10
47
18
18
10
27
16
11
24
35
15
11
12
8
4
5
10
6
7
8
48
18
79
6
11
8
9
4
14
22
6
31
9
4
9
13
43
17
26
5
4
17
6
22
3
20
7
13
27
10
15
7
6
10
24
23
180
7
18
10
4
4
3
10
10
19
1
33
11
9
13
1
69
10
6
13
2
24
19
11
5
5
12
65
18
15
10
9
9
19
13
10
10
16
7
10
5
5
21
20
17
26
13
16
11
3
8
9
16
6
12
4
10
14
7
17
9
8
57
7
56
15
10
12
16
67
40
11
8
4
103
15
4
62
11
9
13
12
6
15
6
12
9
10
9
6
6
9
7
5
7
7
18
4
11
8
33
10
9
21
10
13
14
4
13
11
3
5
30
15
7
12
2
13
9
18
18
22
19
25
6
12
3
20
11
11
3
10
33
15
7
2
5
94
11
21
23
5
8
10
11
6
7
24
3
10
58
5
30
1
1
8
6
4
12
11
9
36
5
4
11
9
3
10
27
17
14
10
10
8
15
20
5
7
19
12
34
3
10
4
21
11
9
5
8
23
4
7
8
28
1
6
23
10
11
13
10
9
14
22
8
3
3
5
12
6
12
7
9
9
9
15
5
10
6
8
17
4
7
13
5
8
7
16
13
65
10
20
6
18
11
8
4
17
7
11
5
11
10
7
12
9
14
6
12
48
11
15
15
5
3
5
11
6
11
31
5
11
5
4
22
13
10
17
2
14
12
35
9
92
10
6
14
19
5
13
13
12
8
6
10
16
14
11
3
3
7
11
6
9
22
4
6
4
5
8
6
11
17
28
9
6
16
11
13
4
11
26
25
22
9
43
11
11
12
10
12
12
18
10
28
74
4
3
11
8
20
7
18
4
6
13
15
6
4
9
7
102
9
14
31
18
9
16
15
10
19
40
34
15
12
9
6
9
33
7
2
12
6
14
17
7
6
23
5
15
7
11
8
3
7
21
12
11
47
19
21
7
17
6
16
31
9
15
17
13
6
17
3
8
11
12
18
4
18
20
7
17
3
11
3
22
2
9
8
10
16
6
3
15
14
5
14
24
32
9
4
6
3
11
25
18
5
4
14
5
68
24
15
8
116
25
16
17
5
15
2
3
130
5
24
8
8
2
48
19
6
10
13
21
6
6
9
14
6
15
11
9
10
10
8
15
7
14
10
17
12
9
9
29
10
4
15
11
9
11
12
8
19
6
10
10
8
13
6
9
28
7
2
16
6
51
67
5
13
45
7
5
12
5
11
9
6
11
4
30
7
7
13
11
30
17
18
9
8
7
3
12
15
28
18
8
10
28
39
62
9
7
7
20
8
9
14
8
6
6
44
13
16
8
3
41
14
8
10
17
15
6
12
9
47
28
21
5
6
6
17
12
31
7
14
11
16
15
23
18
18
12
3
7
6
7
9
25
9
151
4
7
7
11
16
22
24
4
14
29
14
10
7
47
20
8
13
5
8
9
7
7
11
19
9
3
11
10
9
15
37
10
34
18
13
18
9
19
7
12
8
13
10
15
13
3
10
11
114
10
12
17
4
12
12
12
6
17
6
12
12
7
7
13
15
8
10
16
6
117
6
13
29
25
6
8
12
15
4
15
6
21
5
10
36
13
5
17
20
19
13
10
30
8
3
3
11
7
9
15
10
10
7
368
11
2
8
5
13
7
5
3
14
8
18
11
8
11
21
31
5
13
14
12
17
17
4
36
10
14
23
8
16
9
11
22
11
15
6
8
12
51
26
4
19
5
9
10
11
7
24
6
17
10
6
4
8
20
3
22
24
27
16
5
17
62
12
8
5
3
12
11
18
16
11
4
7
8
9
4
10
43
7
13
68
4
312
10
10
11
12
11
14
10
60
11
16
10
2
11
16
12
17
9
10
169
123
14
17
25
22
4
14
22
108
5
7
9
12
7
5
20
13
11
11
9
42
8
22
14
5
11
17
6
4
1
12
4
17
10
8
13
6
9
6
3
23
8
19
9
4
9
11
12
19
14
4
4
14
7
13
7
4
214
15
22
8
9
17
5
15
13
14
4
9
12
14
4
11
22
12
13
12
7
9
8
7
7
8
5
12
14
7
3
16
13
48
15
8
23
16
29
14
58
27
7
10
10
2
9
17
10
19
11
2
9
9
12
1
11
13
12
32
15
22
3
16
8
52
4
9
12
10
6
29
16
12
4
5
7
23
6
2
6
8
8
15
19
15
9
6
8
3
12
12
14
9
16
4
13
10
15
13
4
58
11
14
9
12
4
9
25
386
13
9
3
73
13
11
6
8
14
19
8
7
17
16
8
4
7
9
7
4
15
15
14
12
7
14
7
7
5
12
5
14
17
4
1
4
21
3
10
9
6
10
36
7
11
12
12
5
7
16
8
12
18
59
14
6
15
37
8
14
8
10
12
9
3
25
8
9
11
28
10
18
16
9
11
21
5
12
23
10
19
14
18
5
8
17
12
9
8
14
9
22
11
7
24
11
9
10
8
14
8
12
13
7
8
8
4
42
12
20
34
12
8
13
11
23
61
18
31
6
8
5
11
8
11
14
2
17
9
15
4
18
5
26
4
5
6
4
35
8
22
22
17
10
9
9
12
17
6
8
14
9
11
11
13
18
38
3
57
13
50
5
11
18
1
16
9
7
37
21
22
59
3
19
14
10
17
28
15
23
5
12
93
7
7
5
13
15
31
8
9
20
6
11
11
10
5
9
120
10
2
54
84
8
17
4
5
7
7
39
7
5
15
7
97
4
4
9
5
5
3
28
10
8
18
13
8
14
7
6
11
166
14
22
10
10
8
9
20
8
5
13
23
12
16
6
10
15
12
8
13
29
17
8
10
13
4
31
7
3
83
7
3
18
7
21
15
11
5
10
6
17
4
6
10
28
6
13
26
21
13
7
9
9
11
3
11
16
10
12
9
12
19
9
12
7
16
10
17
35
10
7
5
6
7
8
4
6
2
6
25
4
7
17
8
6
10
12
25
11
4
32
10
22
7
14
13
10
23
32
10
12
0
16
14
7
6
14
6
11
5
11
51
22
16
69
10
7
7
15
3
18
6
8
33
12
13
9
6
49
98
4
48
12
11
17
76
32
28
47
10
41
3
6
11
8
14
21
9
5
13
12
9
10
5
69
21
6
8
9
9
12
6
12
9
8
9
9
3
8
20
6
10
7
16
6
12
13
9
4
9
10
3
7
8
7
10
10
25
6
9
8
37
15
14
7
25
14
14
58
21
4
72
12
13
8
13
78
27
41
9
6
7
25
7
7
28
12
21
22
10
8
9
8
3
7
15
12
10
70
21
2
16
10
16
7
8
22
14
10
10
6
8
8
17
23
9
10
6
39
12
13
113
14
8
3
8
8
9
9
11
15
1
13
4
28
10
4
12
12
27
15
26
5
38
8
20
8
14
86
6
8
37
6
4
6
8
5
10
10
24
7
7
9
31
10
9
2
10
15
9
9
10
17
10
6
8
14
17
5
7
9
3
15
11
10
6
8
8
9
8
1
11
17
19
2
7
23
7
8
32
10
6
49
7
12
10
3
9
12
5
7
8
10
8
9
28
14
7
5
14
20
8
22
4
5
10
73
5
6
6
5
10
3
213
3
10
14
11
77
9
6
35
12
13
8
11
11
10
8
21
14
7
4
4
19
6
21
23
3
5
23
35
55
14
2
6
5
7
12
10
9
30
6
22
29
1
17
8
3
10
17
5
30
4
10
6
8
8
11
9
17
9
2
13
30
12
5
7
13
7
5
55
7
7
4
10
82
5
3
48
9
10
10
9
8
5
33
10
57
9
7
21
9
11
27
10
30
17
13
8
6
11
4
13
9
3
4
15
55
68
8
7
20
27
7
6
9
23
17
17
29
9
8
21
9
21
14
10
18
34
6
4
12
4
3
5
6
3
28
6
16
16
20
6
7
8
17
15
5
6
11
11
12
13
16
9
27
19
15
13
13
7
7
8
13
49
9
20
12
8
3
8
29
9
9
5
9
6
3
5
1
13
6
4
7
20
16
14
21
5
8
16
27
5
18
3
17
6
9
6
1
25
22
18
109
4
5
10
19
9
17
21
12
17
9
20
1
6
14
19
8
14
13
23
7
12
9
32
9
20
17
2
25
11
19
14
5
7
10
13
9
6
12
9
13
2
7
25
7
11
4
14
8
21
19
8
9
5
9
6
6
3
14
4
5
6
11
7
11
14
4
15
20
31
8
6
12
27
13
18
10
18
9
21
92
2
4
6
9
74
17
33
3
12
11
35
8
13
10
8
8
6
5
38
4
1103
1
18
31
15
10
6
7
6
90
9
7
8
8
6
9
15
88
10
12
9
5
30
10
6
22
11
6
28
7
8
18
24
4
7
9
9
12
5
19
8
10
24
17
15
6
18
7
9
3
4
13
14
42
13
24
24
6
9
17
13
7
4
12
19
7
10
5
12
12
6
9
10
9
49
9
24
16
12
9
7
12
2
23
12
5
24
12
2
14
6
10
5
16
20
19
7
7
38
3
18
7
29
3
7
9
0
13
7
13
3
8
20
14
19
12
9
13
16
14
12
14
16
14
11
4
12
4
12
9
41
7
3
25
8
24
37
5
13
16
18
15
5
22
13
6
3
22
11
19
20
15
9
18
8
7
14
10
11
6
18
67
27
6
11
7
12
6
8
8
4
9
11
4
10
10
6
14
20
9
10
8
3
4
7
10
11
5
8
5
4
9
6
4
3
22
6
15
8
3
5
10
8
34
8
8
12
13
11
10
7
11
14
9
7
8
40
14
7
8
9
5
26
7
6
4
10
21
8
9
31
8
10
5
18
6
18
13
6
8
5
10
8
7
9
13
14
7
7
14
7
15
14
1
12
8
19
26
27
11
10
15
14
12
4
17
18
10
4
11
7
141
13
15
9
80
12
9
8
8
3
8
19
6
15
5
14
7
971
8
11
6
5
16
18
63
20
9
23
15
34
15
15
9
15
8
6
19
15
7
12
14
9
20
12
16
13
9
12
18
4
2
10
13
7
14
5
12
13
7
10
14
18
6
5
13
14
101
7
5
2
22
61
7
7
4
6
10
5
17
14
0
18
19
9
15
46
4
7
78
13
18
12
3
15
20
15
11
20
12
12
2
12
9
20
17
16
6
5
18
6
7
6
14
8
13
5
6
172
21
19
22
1
10
21
20
41
5
14
94
7
15
4
94
6
13
13
6
11
559
30
21
2
24
4
28
5
14
10
4
13
14
24
8
13
20
7
19
19
8
23
30
3
22
13
19
4
12
25
38
5
14
33
11
9
14
48
5
6
10
8
11
10
19
21
10
1
10
7
17
15
19
41
3
6
5
9
9
12
9
5
11
8
12
8
8
14
24
8
3
22
1
10
20
15
15
12
19
21
7
34
7
10
8
4
10
22
14
27
14
203
3
4
2
17
4
22
8
5
8
4
6
7
7
12
7
10
10
6
5
1
7
9
9
10
26
19
10
1
12
12
28
18
18
8
13
10
79
10
40
2
8
7
7
8
12
8
4
7
27
9
7
14
4
7
6
11
6
6
4
20
12
5
7
13
5
9
4
3
9
8
12
4
10
9
