35
40
35
66
88
35
17
45
49
33
19
38
30
37
84
40
31
30
26
57
37
38
33
45
32
52
99
32
27
53
30
95
28
26
29
51
36
33
256
26
29
38
28
27
34
43
21
29
24
306
31
50
31
34
36
33
28
30
24
44
29
34
25
52
36
272
35
31
52
35
33
40
44
36
38
28
25
40
30
60
41
37
41
29
37
69
21
51
71
45
25
28
49
33
30
47
39
40
36
45
42
134
57
37
31
29
35
90
53
34
25
60
47
46
34
31
27
40
44
69
70
35
47
31
31
30
35
30
30
25
55
29
45
22
18
25
37
25
66
31
47
58
20
36
174
24
31
40
80
34
33
28
17
27
37
33
29
47
36
46
39
193
24
36
38
48
23
42
398
39
28
35
64
123
33
27
52
36
25
25
35
22
35
34
61
131
38
22
28
28
25
38
26
55
36
30
33
45
28
46
23
31
27
48
45
30
26
30
29
32
27
60
63
39
37
36
28
120
31
39
52
33
29
42
40
25
36
30
106
33
29
31
40
24
24
29
40
36
59
38
21
37
43
41
34
34
32
60
25
28
26
100
30
32
30
47
99
53
36
35
25
45
36
35
27
27
24
41
27
66
158
31
31
32
33
26
38
25
37
32
46
32
129
36
32
29
40
31
29
27
26
20
36
37
97
21
33
36
46
41
25
108
60
41
28
28
27
31
41
56
24
93
30
30
27
54
367
28
27
24
64
55
32
34
28
28
19
31
31
30
45
39
38
40
31
63
27
36
42
38
23
42
126
32
24
33
42
38
30
25
53
29
25
26
27
61
29
46
42
40
36
38
31
36
26
52
34
37
42
31
32
41
456
44
69
33
27
24
46
44
38
31
24
39
40
28
140
49
37
48
22
29
38
43
45
30
24
33
33
32
32
17
24
32
43
32
41
37
38
34
32
35
41
36
38
29
15
37
84
32
38
70
102
31
32
48
76
60
41
29
80
31
41
26
49
34
35
28
31
24
74
125
30
16
201
30
38
27
31
45
65
44
39
25
21
37
52
47
71
24
41
49
31
40
39
138
31
67
22
29
43
23
41
39
26
31
32
22
51
99
47
34
28
930
23
36
28
23
55
50
42
28
26
29
36
40
35
50
26
33
24
27
47
48
30
26
28
41
40
48
27
36
29
27
21
50
30
60
71
31
55
38
49
42
21
30
27
24
24
34
42
24
40
22
59
19
44
41
31
25
41
46
34
25
285
113
38
35
74
26
37
33
42
30
27
30
27
41
31
37
27
36
31
38
480
47
36
33
27
27
1486
31
25
22
24
23
25
27
24
199
30
74
57
38
24
59
34
27
43
31
28
58
43
33
111
34
32
27
43
30
31
23
22
78
191
43
29
35
35
39
41
33
22
26
59
28
43
58
50
30
42
32
44
28
62
38
44
328
42
30
27
43
31
23
38
21
136
24
36
28
41
32
24
33
35
32
29
36
21
61
26
50
37
31
33
30
49
38
28
44
29
23
31
32
41
24
143
26
25
33
46
50
55
34
27
49
41
75
52
47
43
47
25
43
33
28
45
33
21
32
44
48
27
27
53
55
27
28
66
30
47
40
49
34
532
32
36
21
32
29
40
25
32
23
33
28
48
31
29
43
35
23
26
35
23
38
33
76
57
30
51
32
37
47
81
31
32
420
37
32
30
29
31
25
42
41
32
32
22
45
34
35
40
44
37
23
24
42
29
40
25
30
39
38
49
47
35
25
42
26
39
29
27
37
26
59
40
44
20
55
20
18
34
44
30
41
33
27
34
29
24
34
34
23
42
20
42
39
27
36
34
30
45
28
38
32
35
39
48
27
40
24
34
30
25
20
23
38
41
33
50
35
36
30
28
97
31
38
34
49
65
30
31
35
28
97
22
36
56
40
35
34
42
31
32
35
67
29
48
22
100
33
29
27
26
33
28
45
45
31
37
40
36
39
31
35
31
27
37
38
35
40
25
23
38
36
50
53
33
24
32
39
39
40
35
45
48
35
73
46
31
43
34
49
52
43
22
27
30
51
24
24
26
40
52
28
28
38
37
29
36
36
30
25
22
30
25
96
29
83
17
34
33
104
35
52
28
26
48
34
47
25
43
31
23
30
23
18
1402
331
28
31
19
40
34
35
47
48
27
33
42
47
42
32
26
34
32
38
26
26
33
71
112
28
45
42
25
35
46
40
68
31
270
38
34
24
33
49
35
21
59
63
36
36
20
32
32
43
27
26
29
29
27
32
27
29
35
35
48
30
18
25
35
44
51
33
43
25
31
42
42
38
90
31
41
23
19
25
65
36
31
20
21
40
29
27
50
30
78
121
29
36
27
25
25
36
41
26
36
32
22
32
30
34
27
105
37
24
40
40
29
22
28
40
46
32
40
42
40
35
58
49
88
43
51
51
41
28
21
35
37
28
38
29
26
29
49
28
42
29
34
36
48
30
23
28
27
50
23
40
41
32
29
36
22
36
27
39
36
34
29
35
31
26
36
34
45
23
28
37
43
36
47
36
47
26
44
41
38
24
32
24
16
35
28
48
28
32
24
53
39
31
26
47
24
39
30
24
24
34
49
34
38
28
37
43
15
21
40
36
19
32
28
72
38
21
56
33
31
24
50
38
32
42
37
39
24
33
30
33
28
32
30
48
24
38
20
45
46
23
335
75
29
24
28
37
36
48
32
30
24
36
26
35
23
26
27
38
2081
28
39
51
33
40
28
17
36
37
30
46
50
26
24
43
36
39
31
68
56
27
46
37
32
36
78
42
34
25
96
26
26
28
64
28
39
191
34
33
26
90
28
20
30
26
29
28
35
38
26
29
28
40
35
21
64
32
24
41
30
43
44
46
30
37
23
75
21
21
24
21
25
22
42
26
41
111
41
50
25
39
22
39
36
29
44
30
27
22
49
41
36
399
31
32
29
36
28
47
24
31
34
41
33
56
34
61
50
21
33
30
57
35
38
37
74
40
29
24
36
73
23
26
28
40
99
25
26
26
54
28
44
41
32
74
35
127
22
35
117
35
46
25
30
33
28
27
37
26
30
26
35
39
40
30
30
34
29
40
23
54
35
54
27
29
42
24
43
28
15
21
55
20
39
40
37
24
38
26
32
156
28
44
26
43
35
27
24
39
120
160
20
92
28
37
23
28
28
42
20
32
35
45
39
20
39
42
47
26
42
23
34
52
20
32
56
27
31
21
22
24
30
30
35
42
54
64
18
32
39
24
114
26
20
48
54
43
33
27
36
27
22
50
60
23
53
86
32
32
31
33
32
63
50
38
42
16
34
21
52
45
36
47
34
41
40
29
63
53
40
24
32
36
33
28
21
44
38
28
31
27
37
32
34
32
58
44
32
28
40
33
25
45
39
45
28
39
21
33
38
33
36
43
58
31
37
34
35
27
75
31
35
39
217
40
30
30
29
42
62
31
22
24
33
46
40
50
25
35
22
22
29
42
53
34
62
28
29
19
35
28
36
28
30
34
37
34
19
25
27
35
98
25
20
48
45
42
38
38
23
32
45
42
48
45
19
38
30
33
46
51
26
21
42
32
48
45
37
32
32
27
177
34
34
39
14
24
36
30
32
39
33
36
48
28
52
30
25
34
36
24
30
34
32
34
37
31
70
31
36
28
38
26
29
48
34
26
57
28
28
35
31
29
40
23
73
396
29
25
24
17
37
17
48
52
29
30
81
474
28
32
43
34
22
29
37
31
34
53
41
26
29
55
34
58
26
43
32
24
19
14
44
30
34
32
33
34
29
56
34
46
35
20
27
36
28
33
69
34
29
42
51
37
53
37
39
76
95
31
30
50
42
37
49
25
36
35
36
32
35
39
30
34
43
16
35
64
26
40
28
34
28
36
61
20
47
52
57
45
54
23
36
31
14
35
29
21
27
25
52
28
28
17
29
30
60
28
32
28
28
20
40
42
33
26
23
38
26
19
82
289
46
40
57
35
23
44
35
31
41
44
43
19
28
18
62
88
30
33
33
43
41
26
36
26
29
37
24
18
31
46
27
41
39
49
61
38
42
33
37
45
27
35
52
42
30
28
38
41
107
23
50
73
23
44
30
36
28
30
19
33
33
41
35
47
37
41
73
26
30
40
38
44
27
43
30
21
30
37
31
34
36
26
21
54
26
29
75
25
33
28
44
31
36
25
35
62
43
27
67
37
28
29
36
30
28
35
48
33
24
27
32
37
44
26
31
25
32
52
18
30
81
35
31
30
71
22
35
19
55
44
61
50
32
40
35
36
76
33
36
26
91
43
21
24
43
43
61
39
33
34
29
36
28
29
46
36
22
28
49
31
33
24
30
37
45
33
51
41
27
29
36
43
37
37
38
50
29
46
36
26
28
84
35
21
30
34
24
32
45
28
61
25
37
26
27
46
34
41
38
20
37
21
54
24
29
37
29
27
29
38
30
23
33
26
42
46
32
50
33
27
27
24
26
23
26
31
61
34
33
36
29
31
72
28
54
51
30
30
28
29
231
50
35
30
34
39
41
76
44
38
25
27
133
52
35
43
22
47
30
35
75
40
31
37
41
48
43
702
29
37
38
34
31
39
30
43
34
46
49
43
54
29
43
87
19
51
29
27
42
28
32
46
42
26
31
27
46
27
78
35
29
36
17
30
29
30
24
24
34
44
30
46
49
59
40
35
38
27
18
30
34
38
27
35
35
36
37
23
45
33
52
44
22
28
44
41
38
24
29
81
47
38
35
32
30
41
49
23
64
39
51
29
32
33
52
34
36
68
31
45
204
35
40
50
23
34
17
29
33
38
41
42
26
49
26
30
38
22
28
34
46
35
31
41
27
58
63
34
48
17
27
42
27
28
26
27
23
34
62
27
21
39
73
50
80
58
37
23
27
28
48
34
32
35
28
20
47
35
34
72
32
33
59
54
80
28
31
21
34
33
26
65
26
38
27
39
31
23
68
37
2778
38
46
29
39
31
39
34
26
28
35
33
21
27
21
36
33
40
32
46
27
43
40
35
48
35
32
35
48
15
26
43
27
28
73
30
52
50
45
36
75
38
31
30
52
26
52
35
23
35
29
32
27
36
36
31
22
57
33
27
33
33
28
61
75
38
23
40
25
41
96
50
36
23
37
39
25
55
176
30
33
52
39
35
58
118
80
70
33
32
30
33
65
39
157
35
36
44
35
31
47
33
26
32
54
50
42
43
57
29
47
28
50
32
44
54
39
29
45
29
33
25
40
27
53
43
66
39
39
41
24
49
40
40
86
26
23
34
22
29
38
47
33
26
56
24
46
32
35
40
49
77
41
76
39
48
97
29
29
34
27
40
20
35
21
129
42
38
36
42
29
39
21
58
36
48
27
44
58
37
21
39
105
33
33
26
28
59
35
31
28
23
40
38
42
32
35
30
33
41
67
31
34
24
42
37
25
31
23
53
33
25
31
34
58
35
35
26
39
24
55
64
36
57
412
29
22
44
21
41
42
21
53
61
49
45
25
35
31
74
36
68
35
34
30
42
46
38
18
123
39
42
61
35
47
29
35
41
127
48
44
33
40
41
107
74
27
28
36
48
34
46
42
27
120
28
44
36
42
49
29
28
37
20
40
35
26
113
63
37
17
24
33
24
31
36
22
33
25
24
20
25
24
27
31
35
33
58
37
46
98
32
34
27
29
44
40
30
36
34
51
63
28
50
48
32
39
22
442
41
37
31
59
25
42
39
59
44
17
54
25
68
27
39
38
45
32
24
35
43
33
34
42
106
27
29
39
90
41
35
28
40
37
35
40
31
29
26
57
56
39
33
33
32
26
26
53
47
36
155
56
24
32
27
26
47
27
25
40
28
41
24
24
31
29
33
37
46
29
24
26
104
39
44
29
86
73
59
31
29
33
28
31
32
31
34
24
33
31
31
41
51
30
40
32
27
27
41
31
24
23
70
27
28
30
25
41
43
32
31
32
29
33
51
33
29
39
31
25
23
36
43
49
23
38
32
35
31
23
34
74
24
24
25
81
44
63
41
29
34
31
33
29
39
19
43
32
33
43
36
41
25
21
36
26
69
33
51
35
39
56
69
49
45
42
22
85
23
43
31
23
18
36
52
26
33
22
20
37
32
21
77
28
29
26
41
77
40
36
29
39
26
29
29
38
29
67
31
29
49
49
37
39
47
35
34
76
27
36
33
41
57
36
32
36
46
53
48
39
33
38
40
49
37
35
22
38
51
45
34
29
34
60
36
43
36
28
39
29
23
35
31
49
26
36
42
30
22
24
23
30
32
50
31
58
35
34
28
38
28
25
37
27
25
36
33
43
43
32
22
26
31
37
34
103
32
29
48
41
27
18
26
28
27
21
25
560
45
32
35
31
40
24
41
36
46
40
56
36
38
44
29
25
36
46
33
41
35
36
41
45
32
38
71
43
50
21
22
25
35
26
40
28
21
30
87
27
24
40
34
27
44
34
44
35
319
27
31
48
261
32
26
44
42
23
28
52
29
44
30
31
32
32
49
25
24
27
34
29
35
43
34
28
51
42
20
21
166
33
28
45
50
31
65
53
37
36
72
25
114
17
27
39
38
31
19
61
27
30
30
51
39
57
35
44
26
28
50
37
33
24
36
35
32
29
32
35
26
30
34
24
63
40
72
27
20
32
40
33
30
49
33
31
67
45
23
32
24
50
38
78
29
31
23
31
53
37
47
41
39
27
39
32
67
37
31
29
27
28
34
31
34
33
57
29
34
40
24
40
38
42
38
55
29
18
53
36
43
32
41
23
31
42
33
36
34
45
110
40
27
40
31
40
28
60
32
82
26
19
43
45
23
24
64
30
26
27
22
29
32
21
18
21
33
66
33
18
27
35
42
61
34
39
62
37
26
26
34
33
117
26
26
35
45
19
41
36
28
49
31
37
118
50
32
35
31
37
33
37
33
31
26
25
25
36
41
22
24
25
44
34
72
45
25
32
40
36
41
33
36
32
35
31
29
39
38
27
28
33
27
31
30
39
41
31
25
25
39
68
34
57
75
44
43
38
53
44
26
39
48
46
32
26
48
35
28
174
24
29
32
32
35
53
30
41
26
34
98
26
53
33
42
33
24
31
77
32
42
38
37
117
32
40
29
43
113
123
51
36
48
39
32
21
29
52
26
27
33
33
24
37
61
118
44
635
30
25
35
31
25
35
30
23
105
26
33
30
48
106
44
17
39
42
23
18
33
29
20
72
22
45
52
34
60
28
36
19
88
30
26
25
122
24
43
27
31
24
40
52
32
36
47
25
40
23
34
28
26
36
28
33
24
36
45
53
35
20
45
28
21
34
25
28
24
44
39
20
31
20
24
32
26
27
36
29
30
35
40
31
148
34
31
35
38
62
36
56
26
44
16
35
48
32
42
36
80
84
34
84
92
27
45
34
32
21
48
27
51
43
41
36
44
30
25
19
20
34
20
45
28
29
20
33
29
24
64
25
41
30
51
39
39
26
40
30
26
89
37
37
18
25
31
26
50
21
36
26
38
32
27
25
31
58
32
35
40
40
33
37
39
30
35
26
25
35
52
27
25
70
33
22
21
89
51
25
43
24
37
26
30
29
38
27
36
32
34
22
29
40
33
40
31
27
29
40
41
37
35
42
35
24
44
22
43
43
43
36
42
32
37
29
23
44
59
30
32
44
28
48
43
18
40
71
30
33
37
40
33
28
65
52
31
34
36
198
32
23
57
23
28
29
26
57
35
33
28
96
110
79
33
32
37
42
30
27
37
47
29
68
33
64
31
34
24
38
194
32
39
27
32
44
36
31
116
38
28
43
30
51
31
25
34
33
22
19
42
74
49
31
30
29
24
27
68
34
26
35
57
19
37
25
60
63
29
35
25
27
43
36
55
44
50
38
33
37
41
29
25
44
33
69
44
38
57
34
33
41
34
27
26
33
20
54
27
24
97
26
30
44
46
43
45
30
30
26
46
23
32
52
25
25
21
74
33
43
36
24
32
61
23
29
46
38
43
31
156
30
18
28
42
30
26
26
25
97
36
27
28
40
33
25
48
35
42
25
29
35
38
34
33
41
30
28
48
51
33
39
33
34
127
29
40
35
41
28
14
26
31
47
38
73
28
44
19
33
22
38
35
21
28
33
30
32
30
31
29
53
38
41
46
267
30
115
56
30
36
44
73
55
26
45
46
43
25
45
32
39
23
40
32
56
25
42
30
26
38
208
29
29
30
38
34
37
80
26
48
40
35
30
29
25
22
39
59
47
21
91
39
29
38
45
35
78
40
28
33
24
44
29
36
40
35
60
27
25
31
33
77
40
41
156
51
26
35
44
34
62
26
33
20
55
22
46
30
25
36
39
29
46
211
36
39
33
15
539
45
27
27
45
55
19
38
34
42
38
36
33
29
35
34
33
40
30
37
32
19
68
24
40
35
26
34
26
34
32
54
38
99
36
33
143
35
44
34
34
40
45
41
33
15
43
39
37
31
33
32
36
29
62
29
44
24
30
32
37
31
39
48
34
26
29
46
35
30
36
38
36
23
40
50
48
40
39
28
37
38
33
22
33
66
33
26
79
31
50
40
23
60
40
68
28
25
24
38
70
52
25
34
45
33
40
38
37
37
34
49
34
27
23
35
36
38
31
39
40
29
44
34
23
38
31
24
25
33
35
38
43
40
19
41
92
26
32
26
33
70
29
64
31
113
28
45
36
66
37
33
26
38
32
32
34
41
29
37
22
46
26
41
34
34
42
28
29
39
32
79
40
80
30
33
40
69
35
46
27
24
47
29
31
70
42
85
27
51
44
34
35
28
33
29
40
646
42
28
34
40
35
53
31
40
31
24
33
26
23
29
27
19
34
96
30
51
31
38
26
36
44
118
27
40
77
41
29
23
33
56
36
30
41
31
41
32
19
19
53
39
35
38
44
22
26
31
36
39
36
49
25
29
29
23
53
29
37
27
47
33
45
34
50
41
39
20
41
31
52
40
42
49
61
36
47
29
24
40
31
34
35
23
40
43
39
34
36
33
61
28
92
27
35
27
46
33
35
46
53
43
39
36
148
30
69
22
33
40
34
57
35
30
28
22
34
31
48
37
107
47
29
40
29
39
36
178
42
48
28
32
30
39
19
47
27
27
37
27
30
45
37
49
31
26
25
34
31
40
32
28
59
24
53
33
181
77
103
40
20
39
30
21
31
30
35
47
42
29
37
28
56
88
31
26
28
52
30
19
30
49
33
43
34
49
34
45
35
43
24
32
30
44
35
28
56
22
28
31
27
36
60
25
29
28
25
37
45
44
37
28
24
46
60
72
62
29
36
41
30
20
58
66
24
37
25
36
54
44
54
51
34
33
36
23
31
55
27
26
23
31
33
30
40
25
24
44
112
28
30
41
18
40
25
36
38
38
35
37
48
43
41
37
40
34
49
30
42
34
37
30
78
39
32
47
38
61
32
40
30
32
25
31
30
29
55
55
30
106
55
31
29
70
50
19
22
37
23
38
38
49
43
20
34
41
40
105
31
30
40
56
22
35
26
21
51
27
43
36
26
21
48
31
35
67
26
29
27
55
58
29
36
35
24
157
31
48
46
21
41
33
48
33
25
46
29
42
29
28
31
35
36
44
31
23
44
28
26
79
33
33
27
20
36
24
28
49
29
43
36
28
22
31
32
30
46
31
29
34
57
31
45
47
77
20
127
21
36
36
34
26
34
84
27
38
26
32
75
30
180
42
36
44
27
43
28
34
25
25
36
35
30
53
36
27
38
23
44
36
45
26
62
43
28
59
93
38
49
38
52
31
55
59
25
104
38
133
39
38
44
21
27
29
35
53
26
48
28
43
35
57
78
35
24
39
25
36
39
35
32
30
28
49
29
22
38
31
26
27
43
39
29
36
32
33
37
46
34
61
38
38
32
29
29
24
32
27
27
29
46
22
43
56
29
28
58
30
34
33
37
50
87
64
47
36
39
31
53
60
28
18
39
47
51
18
28
32
32
27
99
51
36
27
17
55
31
36
28
34
50
29
19
28
22
36
30
30
32
16
29
27
35
37
22
30
44
25
41
33
19
21
112
24
27
42
39
35
25
40
29
30
23
26
23
40
52
34
29
34
67
47
31
16
17
58
29
37
38
38
82
48
33
31
56
26
25
21
28
29
31
54
25
37
35
40
24
32
70
31
33
28
35
35
49
33
29
34
34
49
145
37
203
42
26
32
45
32
41
35
67
48
32
25
42
47
32
27
36
87
50
33
35
31
58
22
28
61
49
40
30
45
17
33
31
22
26
24
72
32
38
38
32
37
65
29
35
517
28
49
24
51
35
28
34
30
29
28
28
37
27
36
41
30
64
29
113
92
55
25
31
32
25
25
26
25
33
36
30
35
34
23
24
40
32
30
40
39
31
24
40
31
35
33
43
33
47
44
32
19
29
66
40
26
33
184
40
46
36
67
40
35
36
33
32
32
45
25
50
48
50
36
58
83
39
21
32
31
34
32
32
31
26
62
38
74
24
33
23
33
35
43
37
26
35
27
36
37
49
32
37
33
45
38
24
48
42
35
27
41
40
45
58
28
33
34
38
33
24
33
45
18
31
46
33
29
34
49
47
14
26
34
24
33
47
30
41
28
171
23
124
31
24
36
34
28
28
34
37
26
40
36
31
20
29
25
20
32
73
37
55
35
40
43
28
26
32
39
33
27
30
42
177
33
27
22
33
68
28
29
34
33
33
39
34
47
43
29
31
29
43
27
40
39
48
32
37
40
27
34
54
63
38
26
43
28
43
24
19
32
27
37
45
50
26
33
30
32
37
42
43
34
61
43
34
34
33
41
38
37
31
36
45
24
29
45
19
18
33
28
37
44
47
47
37
40
43
33
43
38
27
48
29
48
48
20
21
37
25
37
46
27
17
49
42
264
31
29
30
25
25
47
34
35
53
30
40
51
38
28
27
18
33
26
53
29
52
21
36
39
36
41
31
36
58
93
25
27
29
28
28
23
27
91
52
30
25
31
64
30
45
38
28
30
45
29
36
82
38
29
36
35
84
25
34
29
35
135
46
49
22
33
43
32
31
29
30
33
101
22
29
42
72
42
33
52
19
23
40
60
43
26
55
52
30
22
29
31
39
36
24
70
33
24
38
37
55
41
41
45
35
37
46
20
38
41
29
35
26
44
52
32
34
42
43
37
38
18
42
40
20
29
27
38
32
30
32
44
33
49
36
24
33
40
43
70
28
31
47
26
985
40
27
27
38
31
31
41
38
34
26
29
26
26
20
34
53
110
66
59
23
31
38
39
35
33
35
30
34
46
27
105
30
49
44
30
39
19
42
29
37
38
24
46
31
127
35
38
33
43
26
33
44
31
49
21
23
27
30
35
18
31
43
34
16
32
23
36
33
38
68
47
31
22
29
28
33
47
45
300
24
25
32
71
33
32
23
47
39
64
25
31
29
29
32
31
40
31
31
36
1575
23
32
72
27
44
35
41
38
39
34
64
28
32
26
31
46
29
23
51
46
42
183
214
44
40
67
54
30
31
29
46
48
40
26
142
42
33
44
26
45
32
32
42
33
56
26
44
36
28
52
27
49
30
26
32
49
33
76
38
30
37
33
20
31
72
47
29
32
51
21
60
55
27
28
32
32
29
25
55
36
54
100
36
43
25
25
43
32
169
27
31
30
38
36
27
50
35
50
27
33
38
32
24
31
65
30
37
35
40
29
32
39
18
33
71
46
38
50
73
92
41
30
34
38
31
31
32
34
42
27
26
26
39
55
57
32
36
37
22
34
33
59
22
27
24
22
36
29
21
45
52
34
51
37
21
41
34
34
50
32
27
26
51
39
33
31
36
47
37
31
83
44
47
43
33
23
41
36
40
52
22
36
28
37
25
83
29
57
26
34
34
42
63
38
28
21
31
53
39
30
37
28
31
27
40
23
56
33
29
33
30
40
33
67
45
43
63
81
31
24
46
38
42
23
36
45
50
64
37
31
32
42
28
20
44
26
133
101
25
30
37
29
175
26
33
36
21
28
35
29
33
46
21
47
47
30
23
34
21
43
40
43
39
123
34
36
36
33
43
22
33
34
29
84
32
36
23
39
46
30
37
70
38
31
23
35
25
43
142
95
25
29
38
64
26
39
68
40
80
56
36
64
71
103
103
89
33
40
49
33
31
55
43
59
48
32
15
31
108
41
22
52
30
28
37
45
35
25
29
33
164
50
25
58
29
66
39
40
43
53
42
47
32
36
35
34
51
129
54
23
29
40
26
29
19
34
35
31
43
25
32
25
34
54
26
43
20
34
26
51
46
40
34
27
28
26
41
33
46
23
30
27
30
52
35
31
39
28
77
36
46
26
31
33
34
44
66
47
29
12
30
34
35
27
27
27
26
38
31
54
45
29
33
57
34
209
30
36
25
29
49
27
42
29
17
38
34
32
32
72
31
27
31
23
37
29
34
449
28
34
28
48
30
44
34
76
39
35
35
28
37
42
30
41
22
42
34
66
29
33
50
55
20
31
36
65
41
25
56
18
41
28
22
140
37
41
25
39
32
40
34
21
22
27
27
25
31
28
44
32
33
38
38
100
51
35
32
26
15
92
42
29
33
23
57
32
49
29
28
39
40
34
36
30
45
33
29
42
37
820
111
35
28
35
43
37
53
59
26
32
46
48
40
26
142
42
33
44
26
45
32
32
42
33
56
26
44
36
28
52
27
49
30
26
32
49
33
76
38
30
37
33
20
31
72
47
29
32
51
21
60
55
27
28
32
32
29
25
55
36
54
100
36
43
25
25
43
32
169
27
31
30
38
36
27
50
35
50
27
33
38
32
24
31
65
30
37
35
40
29
32
39
18
33
71
46
38
50
73
92
41
30
34
38
31
31
32
34
42
27
26
26
39
55
57
32
36
37
22
34
33
59
22
27
24
22
36
29
21
45
52
34
51
37
21
41
34
34
50
32
27
26
51
39
33
31
36
47
37
31
83
44
47
43
33
23
41
36
40
52
22
36
28
37
25
83
29
57
26
34
34
42
63
38
28
21
31
53
39
30
37
28
31
27
40
23
56
33
29
33
30
40
33
67
45
43
63
81
31
24
46
38
42
23
36
45
50
64
37
31
32
42
28
20
44
26
133
101
25
30
37
29
175
26
33
36
21
28
35
29
33
46
21
47
47
30
23
34
21
43
40
43
39
123
34
36
36
33
43
22
33
34
29
84
32
36
23
39
46
30
37
70
38
31
23
35
25
43
142
95
25
29
38
64
26
39
68
40
80
56
36
64
71
103
103
89
33
40
49
33
31
55
43
59
48
32
15
31
108
41
22
52
30
28
37
45
35
25
29
33
164
50
25
58
29
66
39
40
43
53
42
47
32
36
35
34
51
129
54
23
29
40
26
29
19
34
35
31
43
25
32
25
34
54
26
43
20
34
26
51
46
40
34
27
28
26
41
33
46
23
30
27
30
52
35
31
39
28
77
36
46
26
31
33
34
44
66
47
29
12
30
34
35
27
27
27
26
38
31
54
45
29
33
57
34
209
30
36
25
29
49
27
42
29
17
38
34
32
32
72
31
27
31
23
37
29
34
449
28
34
28
48
30
44
34
76
39
35
35
28
37
42
30
41
22
42
34
66
29
33
50
55
20
31
36
65
41
25
56
18
41
28
22
140
37
41
25
39
32
40
34
21
22
27
27
25
31
28
44
32
33
38
38
100
51
35
32
26
15
92
42
29
33
23
57
32
49
29
28
39
40
34
36
30
45
33
29
42
37
820
111
35
28
35
43
37
53
59
26
32
27
31
34
28
33
26
134
31
57
25
24
28
38
34
58
35
28
157
30
39
44
31
33
33
48
15
22
26
42
32
73
36
41
23
39
127
17
48
43
124
17
33
33
48
33
40
36
36
49
33
44
29
24
25
45
33
36
26
25
23
54
36
28
36
47
29
40
18
43
72
41
47
29
22
29
54
35
20
28
29
28
39
27
69
53
33
35
39
20
27
35
33
21
34
38
34
44
30
40
24
24
37
42
23
27
23
36
37
33
27
35
28
14
19
29
41
46
33
27
26
37
26
25
44
25
38
76
44
39
30
40
39
53
27
26
31
29
42
35
27
51
20
28
139
39
32
33
38
60
27
24
26
35
59
41
39
17
61
50
40
39
31
55
38
46
29
100
24
31
34
22
57
34
31
448
20
32
29
41
109
38
37
35
21
24
39
23
23
31
46
34
31
33
172
44
34
30
22
30
34
27
49
28
41
37
31
71
40
32
467
31
49
23
27
30
30
34
33
33
54
36
23
34
48
67
66
183
45
33
41
25
41
32
45
39
32
37
42
50
26
61
52
30
41
79
35
39
26
41
26
31
27
36
26
23
29
29
22
48
40
32
30
45
21
61
38
29
29
29
31
40
37
29
46
36
22
25
35
35
26
29
27
21
52
51
40
30
56
36
22
38
30
31
35
28
25
22
34
69
57
40
28
36
27
50
40
26
30
31
25
31
40
54
41
46
24
40
199
34
22
42
292
36
26
26
46
20
34
30
33
29
17
37
29
26
31
34
26
25
32
45
35
26
52
26
36
40
28
45
39
40
83
39
37
47
34
41
31
27
35
30
31
40
37
35
30
37
55
29
29
20
28
24
36
200
22
33
24
48
40
47
48
135
23
24
45
21
60
28
58
46
28
27
41
36
39
27
35
36
43
20
32
29
26
68
27
100
53
38
22
40
26
30
32
31
38
30
25
35
61
46
21
24
37
34
73
29
31
60
41
53
28
57
36
46
51
38
29
23
57
35
33
30
30
80
34
31
32
51
33
24
39
35
29
30
28
23
22
35
18
1221
35
43
41
35
33
35
22
48
45
50
30
34
16
31
41
22
53
29
133
41
44
53
42
26
41
28
22
58
37
41
22
33
32
36
17
30
46
68
79
27
34
42
34
38
30
60
33
29
45
21
40
22
37
32
29
39
22
26
30
75
40
51
20
39
34
151
48
58
49
41
30
28
40
98
28
38
31
24
26
57
36
33
48
28
38
84
92
38
52
48
46
24
43
34
201
54
50
35
27
27
40
28
39
32
35
36
53
38
39
39
32
22
32
34
28
32
21
35
36
52
30
27
94
32
30
45
31
73
36
30
44
32
60
33
32
33
43
36
34
43
35
38
38
36
78
36
123
24
55
23
39
23
25
33
51
33
32
37
42
43
40
40
27
23
68
30
52
27
40
35
33
199
44
27
23
35
33
37
27
49
29
29
32
27
36
67
44
55
23
27
46
32
49
564
68
29
34
25
49
56
36
38
25
49
36
41
20
38
31
42
29
56
260
22
24
86
37
30
33
33
41
35
36
62
36
60
28
38
36
33
47
172
25
109
62
29
36
20
41
39
31
33
40
40
25
51
24
26
39
31
52
29
24
45
34
33
26
27
45
30
40
37
35
57
36
28
26
24
55
57
38
24
36
31
37
80
32
30
38
33
50
60
39
23
36
29
26
28
27
44
28
28
36
33
56
25
33
24
40
33
33
37
56
55
41
30
42
34
30
65
31
40
53
45
30
47
47
20
22
149
18
45
35
32
28
29
23
41
26
20
34
53
42
35
49
34
55
31
30
44
25
33
27
40
32
28
35
51
33
53
36
31
20
87
45
30
37
68
34
27
37
43
49
62
71
55
110
52
30
63
36
27
30
26
41
49
35
43
26
26
39
49
63
42
34
31
32
47
45
38
38
48
40
27
29
41
146
35
33
25
24
35
42
45
394
28
49
32
82
29
30
25
42
27
40
35
29
30
34
36
137
46
28
28
27
31
54
27
66
26
39
21
29
2677
38
33
33
24
20
32
44
53
27
32
25
22
32
107
27
32
31
20
44
41
29
28
29
46
63
48
21
73
46
38
54
30
32
35
126
31
51
18
42
37
40
24
56
32
31
40
25
22
33
22
21
28
28
36
89
32
23
43
33
62
45
18
50
60
21
45
45
37
28
27
35
36
44
32
42
33
41
58
38
39
25
35
22
24
28
40
442
25
44
29
34
26
37
27
27
32
29
113
31
37
16
37
48
21
56
29
43
322
29
42
26
35
31
22
28
38
23
56
136
30
38
32
31
28
24
32
47
40
34
35
19
33
44
67
34
25
32
34
31
28
45
36
20
32
27
46
60
21
23
27
24
31
24
25
25
29
25
38
39
32
50
28
43
34
37
40
53
45
54
37
31
27
30
31
27
40
39
30
31
40
41
25
39
27
26
26
161
35
29
42
40
38
20
33
67
45
19
33
34
363
23
30
37
44
33
37
25
25
50
31
34
24
34
30
22
38
35
32
27
51
40
22
39
440
37
16
40
35
48
35
29
25
53
39
32
44
38
34
30
44
36
40
40
30
45
32
51
38
38
35
35
94
33
22
50
31
24
65
33
24
47
35
28
32
40
34
36
30
26
19
41
22
53
39
27
28
24
38
29
31
33
28
35
39
19
42
20
28
37
38
24
117
38
23
35
43
45
40
30
35
27
38
46
43
32
58
32
60
28
36
21
58
22
34
42
21
36
57
65
35
25
38
38
45
28
32
146
43
32
20
25
51
76
16
35
28
67
35
40
36
31
88
25
60
41
36
38
34
41
28
33
41
45
39
279
22
31
43
31
55
34
40
30
34
34
130
28
33
35
33
29
45
39
29
20
33
73
23
33
19
36
31
50
35
30
134
39
43
29
33
35
30
98
41
41
30
27
38
30
38
34
30
38
22
27
39
41
16
26
29
40
65
37
52
31
34
33
39
40
31
33
19
35
35
44
26
24
33
22
72
22
24
49
31
23
35
39
26
39
41
40
43
40
44
32
50
34
41
37
33
26
53
39
48
31
30
22
48
26
31
30
38
34
31
39
31
52
40
23
36
44
52
28
41
31
28
40
39
30
31
32
29
36
33
27
26
105
39
31
31
27
64
43
40
109
35
93
27
38
36
39
27
35
30
30
37
28
26
35
38
44
37
26
33
486
31
22
48
33
57
46
34
35
36
35
32
36
32
49
45
82
32
36
23
28
30
25
85
40
29
40
32
28
92
23
29
40
22
29
42
38
417
35
97
36
30
33
22
32
27
20
37
32
33
56
31
34
34
51
13
48
44
42
16
49
34
48
32
34
60
25
31
36
39
24
38
32
23
52
27
30
58
43
31
34
22
27
28
35
29
30
38
42
34
51
42
26
34
41
70
51
32
28
56
28
36
26
25
33
26
32
27
45
29
56
33
24
42
30
24
50
52
30
48
38
35
40
38
36
34
44
35
218
35
31
26
274
30
46
38
16
43
35
22
37
39
29
59
32
37
24
61
23
38
44
35
51
36
70
28
55
21
26
34
27
37
40
27
38
33
35
45
39
36
36
96
51
34
32
30
34
48
75
42
43
41
28
49
22
53
29
32
38
39
34
29
41
37
57
37
49
37
38
95
35
19
41
32
34
27
44
26
29
43
29
36
33
159
39
43
20
39
31
26
39
43
27
28
24
40
28
43
28
35
39
44
31
33
28
41
44
27
29
31
44
31
30
20
58
35
33
27
30
44
36
45
48
47
64
24
36
30
41
84
47
50
44
29
41
45
34
39
59
24
36
31
34
47
27
42
69
49
40
30
38
26
28
20
40
56
25
21
34
62
44
30
42
40
63
93
42
43
792
24
26
21
30
37
73
24
37
41
30
35
32
50
36
86
32
34
38
48
39
29
29
35
46
24
44
30
35
36
27
37
39
23
57
42
41
33
40
59
26
129
40
32
20
33
56
21
37
28
34
37
23
31
49
33
75
38
25
30
60
40
48
27
30
33
48
43
36
27
31
34
30
34
60
41
32
100
33
30
18
31
22
118
34
42
46
66
25
46
34
33
44
521
25
37
61
54
49
38
46
38
92
33
31
21
38
36
86
37
54
37
44
43
34
30
47
32
38
16
59
21
21
264
40
136
28
47
34
32
24
48
26
70
23
30
39
38
26
30
30
46
40
40
27
34
24
31
33
40
146
51
31
24
39
33
25
40
30
50
66
31
35
24
25
28
27
42
35
53
38
36
30
36
29
89
30
24
30
33
30
26
31
39
39
40
37
52
28
34
30
91
32
30
49
143
32
40
32
63
34
140
26
329
31
30
96
28
54
35
34
31
24
50
30
21
25
27
22
23
33
53
26
38
45
27
24
35
63
34
33
75
31
27
41
26
39
27
17
30
21
42
43
71
38
36
34
22
47
33
47
26
33
44
66
31
30
58
29
40
23
22
51
57
29
31
39
32
27
32
79
22
39
36
44
37
27
33
29
63
32
40
34
30
28
60
28
39
25
51
25
46
45
39
201
37
57
51
31
33
26
40
24
36
28
37
33
43
26
22
34
28
32
42
25
42
28
35
21
24
31
66
39
40
42
29
29
25
41
84
30
32
25
37
28
38
19
25
27
183
45
65
34
27
22
47
33
47
30
28
41
40
27
34
33
42
30
26
46
31
43
53
40
43
46
40
32
48
20
35
42
30
28
28
31
31
55
46
39
35
32
37
18
28
31
24
37
46
38
27
28
45
36
41
43
61
53
489
34
40
24
40
35
36
32
44
48
33
32
50
36
29
30
32
39
29
45
46
37
75
34
31
30
49
45
64
34
27
57
44
42
21
30
23
40
34
37
21
33
23
33
37
21
40
31
25
38
26
24
27
32
18
37
28
34
29
39
40
134
31
30
34
28
28
26
22
31
32
27
39
42
61
17
33
45
46
31
12
38
79
56
33
27
34
24
32
35
27
50
75
66
34
28
27
55
26
105
44
37
42
50
86
37
35
53
38
30
31
36
36
33
31
35
133
29
26
44
33
49
28
24
33
49
28
20
114
24
16
38
44
30
40
24
48
32
40
43
40
30
23
32
40
29
28
37
45
26
39
37
89
32
32
37
41
41
44
34
48
37
34
25
46
30
38
49
39
24
30
53
29
26
54
48
34
54
41
23
46
42
30
42
27
30
46
52
30
40
29
32
27
21
35
34
29
31
46
38
38
41
26
33
36
26
31
39
60
27
40
38
31
28
25
81
32
35
154
41
37
31
39
29
56
27
27
27
24
39
39
38
43
24
27
24
46
28
36
28
53
31
25
28
97
21
28
43
37
37
47
23
37
27
70
39
48
27
40
38
28
26
26
39
54
29
25
31
36
23
126
70
30
54
47
39
110
29
28
31
37
98
29
31
39
34
33
21
39
81
29
42
37
38
23
30
49
28
61
33
61
34
29
21
27
23
50
33
35
46
31
27
25
22
184
34
45
40
43
79
41
31
32
41
1157
27
101
31
35
22
33
60
36
36
32
27
39
83
29
64
27
27
34
68
36
21
27
40
28
27
30
32
35
20
31
27
43
40
39
57
126
31
30
42
44
58
38
20
46
24
45
54
33
41
30
41
92
39
33
34
30
51
25
44
26
39
36
30
33
38
51
45
34
26
37
63
36
35
40
31
25
71
34
37
30
28
34
25
58
22
37
32
74
33
46
22
42
31
23
32
30
46
44
40
31
25
58
39
39
27
36
35
30
34
41
28
34
25
24
24
32
40
51
31
39
30
49
38
41
40
42
43
134
86
29
38
41
25
34
44
25
34
24
41
34
24
27
24
31
62
47
29
34
46
25
45
43
39
36
33
27
32
45
33
27
33
35
16
34
59
27
43
36
30
59
41
28
32
43
40
38
27
25
34
35
32
23
33
26
30
43
32
46
23
49
39
35
47
33
72
33
25
31
33
32
30
53
38
43
32
38
31
27
23
71
19
21
58
44
40
121
50
32
24
46
32
31
50
322
30
37
28
61
28
41
22
37
36
21
41
88
56
33
46
56
28
73
41
33
26
40
64
75
25
28
20
90
31
30
25
52
51
33
16
26
39
22
32
13
42
43
35
23
31
32
52
34
48
17
39
28
29
34
31
23
25
24
49
48
50
39
23
27
33
116
33
27
23
27
30
56
59
33
38
27
33
65
30
68
45
33
41
29
34
25
22
29
44
39
44
34
44
24
40
41
33
60
54
44
28
33
62
39
17
48
37
36
37
26
22
22
45
53
52
28
33
19
29
43
21
24
33
21
16
62
29
19
54
24
32
14
45
40
75
38
42
48
31
37
46
42
44
32
40
41
20
39
58
28
41
38
38
23
32
47
25
48
30
21
40
37
32
27
35
36
116
44
33
36
42
43
53
23
30
46
26
26
42
35
34
34
33
62
40
28
33
33
33
32
34
26
23
24
30
26
37
28
24
61
16
35
43
40
32
31
32
38
28
39
23
30
30
40
27
25
24
41
31
22
103
27
34
53
125
23
24
91
44
19
40
32
34
21
54
83
36
42
136
28
30
67
26
30
37
33
41
30
42
49
24
52
30
54
46
37
35
38
47
32
37
38
53
36
42
33
27
52
47
36
127
39
27
29
41
36
40
630
36
25
33
1697
25
39
52
90
35
39
231
52
37
31
43
73
33
92
35
29
102
45
37
23
23
29
40
72
32
49
36
40
38
80
33
33
37
22
39
206
31
28
23
37
45
28
33
17
35
61
27
45
29
32
38
53
38
42
37
41
32
32
29
21
24
24
52
28
44
32
38
43
78
42
37
28
43
61
27
23
25
45
28
401
33
47
25
92
31
36
38
48
57
36
28
33
45
24
26
101
32
63
48
46
19
61
38
21
64
19
42
28
48
42
65
26
23
43
50
27
28
55
38
36
38
37
32
44
24
35
61
36
37
18
26
40
50
27
103
46
21
25
36
30
31
27
42
30
31
28
14
35
27
36
33
44
21
28
43
40
35
70
43
35
115
49
68
63
66
41
93
49
23
63
28
30
26
35
40
30
43
64
43
34
47
39
24
28
36
60
45
38
22
65
34
42
40
34
106
54
41
23
30
44
34
42
25
42
48
22
36
33
36
30
49
73
27
20
20
40
24
30
35
29
30
29
37
30
39
55
22
35
46
31
65
39
20
40
46
50
28
36
41
27
31
23
213
48
42
71
30
38
53
30
30
25
39
31
20
22
43
34
37
38
32
19
24
39
41
28
43
52
29
46
28
33
26
30
33
40
32
36
35
31
32
36
27
30
32
42
38
29
39
40
27
35
37
21
29
47
26
40
28
48
35
27
28
39
31
31
79
39
27
28
29
28
29
41
45
36
36
21
19
19
29
27
23
26
194
94
38
46
28
50
37
27
38
28
42
20
23
16
61
54
36
45
24
37
58
25
34
24
66
31
31
38
28
28
42
23
39
32
49
28
41
20
32
31
34
24
35
47
25
26
23
37
34
31
21
27
33
66
27
29
24
30
34
32
67
32
52
33
25
35
38
57
34
66
24
24
46
31
24
39
32
38
189
46
27
47
40
25
25
46
30
25
42
35
44
57
23
32
27
44
20
40
67
29
41
24
25
46
65
23
27
85
28
35
28
40
29
33
45
31
50
63
36
58
71
24
31
47
31
41
43
24
108
49
52
220
24
34
29
32
66
31
30
44
34
25
28
32
34
54
39
33
23
28
26
34
35
32
68
102
46
39
27
41
32
24
43
15
26
28
35
32
33
25
22
27
39
22
32
34
39
123
36
81
31
35
28
35
26
28
31
54
27
31
24
27
31
37
43
45
28
40
30
44
42
54
35
40
31
41
28
23
42
58
25
20
27
40
48
27
30
15
33
32
19
69
16
36
27
45
33
37
28
27
45
87
64
52
95
37
52
32
29
41
29
23
24
54
34
31
58
27
28
58
26
53
63
34
17
31
80
42
38
28
36
42
30
55
86
73
27
114
119
28
29
37
22
31
20
28
28
33
34
38
43
43
46
40
39
27
39
41
47
56
58
27
37
35
27
42
170
70
47
26
23
51
34
61
31
55
38
28
26
26
31
39
117
34
23
34
47
58
29
72
1412
35
112
47
67
28
39
66
24
19
25
400
25
38
266
70
18
39
33
29
33
25
59
20
39
31
39
43
42
62
56
36
20
40
27
34
22
27
40
23
32
141
36
47
101
45
42
499
50
70
28
29
30
65
28
50
28
29
41
49
56
37
33
36
25
29
30
38
42
16
17
23
84
36
37
29
17
61
51
29
34
24
26
34
56
27
45
26
38
42
26
51
53
49
39
33
40
36
18
22
52
22
38
29
45
27
40
742
25
53
30
27
30
53
34
27
48
23
28
27
28
23
43
42
47
62
36
23
76
35
30
75
32
32
155
50
26
58
37
32
28
88
29
30
58
33
41
29
32
38
32
44
44
45
51
31
46
34
36
39
30
31
69
27
51
40
77
34
40
24
23
28
39
50
54
44
28
73
26
38
45
39
39
51
39
35
36
38
41
46
31
36
39
42
27
40
47
34
31
79
41
38
45
18
45
36
33
39
178
49
40
34
32
24
36
28
34
40
28
53
36
41
37
24
19
42
60
63
27
30
97
39
35
34
29
29
45
37
43
55
32
27
52
22
32
26
20
44
41
47
40
636
28
33
33
126
36
47
74
40
35
41
42
32
34
31
37
47
45
34
34
31
24
33
27
29
35
24
33
26
39
34
25
27
30
32
29
34
33
24
44
19
38
26
20
27
26
32
54
34
34
48
30
37
29
21
50
178
39
35
37
38
30
35
147
32
34
32
28
21
41
21
30
157
59
362
113
25
29
30
24
31
26
32
37
42
25
23
40
19
82
34
23
23
26
30
26
28
32
24
38
41
45
169
34
583
18
33
21
38
44
15
40
38
62
20
36
24
40
19
37
38
42
29
27
48
74
35
43
28
33
23
27
24
129
67
38
29
35
53
32
21
50
26
54
44
78
35
30
34
60
55
40
36
37
26
46
31
47
36
31
17
33
33
25
19
29
38
48
24
46
30
49
29
46
28
45
32
32
39
26
32
54
39
30
50
29
37
48
166
23
33
30
37
74
70
37
32
29
26
34
30
43
30
31
44
39
35
39
35
40
31
33
33
44
70
49
49
20
29
43
46
26
41
29
19
21
48
31
42
40
51
49
33
23
296
40
59
63
43
40
42
65
32
45
24
35
41
39
71
52
41
32
39
23
33
23
23
28
49
32
29
32
31
33
25
33
32
34
31
33
43
40
44
41
20
34
22
35
38
138
30
23
33
32
38
51
55
35
25
35
33
37
29
33
75
31
21
42
38
34
33
190
29
40
44
42
55
25
84
40
33
33
18
36
27
34
33
32
44
26
25
52
33
27
23
34
34
45
29
33
29
42
38
41
29
34
27
33
72
33
38
43
39
33
33
24
44
31
32
35
25
39
36
44
34
38
71
30
30
51
26
41
38
22
31
34
25
22
28
35
26
31
24
37
46
26
21
35
37
53
30
34
33
49
46
42
1899
24
23
33
30
21
35
65
28
27
44
33
26
41
30
54
30
51
34
28
52
34
42
27
29
45
37
26
40
25
25
32
39
33
56
36
33
50
22
27
42
29
30
29
122
46
40
83
32
33
24
28
34
34
32
28
37
21
37
30
70
19
32
36
23
53
44
34
30
22
31
76
46
41
30
26
31
30
24
38
28
36
31
27
32
54
46
40
18
24
45
37
37
38
18
29
31
29
31
33
28
54
22
43
34
35
29
27
69
35
238
59
32
63
41
41
23
57
34
34
28
31
54
33
22
35
40
23
41
36
40
43
26
33
33
37
48
43
25
29
33
71
48
34
27
44
31
23
45
86
31
46
59
31
61
34
71
36
34
37
23
33
42
31
29
50
40
33
31
32
60
36
50
28
28
35
62
43
37
19
29
41
49
33
35
42
54
27
61
28
47
24
32
24
29
35
26
23
26
36
140
25
27
45
77
125
30
43
33
26
33
44
30
18
38
34
38
36
57
27
27
27
29
22
25
51
31
32
108
42
28
24
37
46
72
19
41
40
28
41
26
34
81
45
30
34
31
27
39
30
33
29
59
21
46
28
53
43
29
32
15
31
52
31
31
33
38
26
37
37
21
44
32
38
28
25
26
43
19
31
32
26
25
35
36
49
32
32
25
35
36
30
31
40
26
44
34
48
30
30
38
67
54
42
24
36
66
26
17
19
35
43
36
26
35
30
24
37
30
20
26
31
40
34
35
41
35
42
42
41
28
41
50
36
194
34
29
36
35
66
40
39
39
37
39
27
35
40
25
47
105
33
32
49
62
77
22
100
46
32
43
32
29
46
40
35
41
45
38
30
41
48
28
33
66
42
23
24
27
29
16
35
24
43
217
42
28
51
37
31
32
36
18
40
48
17
29
28
40
50
36
43
45
31
58
38
40
20
40
34
30
25
29
34
19
34
33
22
31
32
25
30
28
101
23
39
29
33
37
36
37
71
6597
30
72
21
23
35
32
56
22
52
38
35
22
87
36
34
23
30
29
26
35
42
35
45
28
32
28
36
35
33
27
27
32
32
36
28
27
42
37
31
24
23
29
31
99
32
33
32
23
34
36
65
33
34
27
24
26
41
36
96
33
39
33
57
30
11928
25
26
38
53
58
59
36
31
36
27
35
34
37
33
32
34
36
36
97
31
29
37
30
41
34
31
73
32
45
40
199
44
26
59
32
27
28
29
26
26
24
19
30
47
61
27
28
37
33
23
36
39
29
38
47
27
43
23
32
36
23
186
39
28
23
45
55
25
85
24
40
27
32
39
33
109
47
30
88
49
38
25
28
35
36
53
49
35
29
30
93
47
33
31
45
28
33
29
52
46
28
28
41
28
24
20
30
44
24
26
150
20
33
37
87
74
55
31
33
24
39
30
31
39
53
22
38
33
31
51
19
55
22
31
37
49
28
41
35
37
25
25
18
34
33
34
37
30
25
56
29
28
40
45
77
24
30
38
17
27
24
35
66
35
63
35
51
45
26
58
34
32
33
42
34
47
26
27
40
42
48
49
19
40
36
36
42
67
32
20
42
34
30
55
22
23
35
44
32
45
23
18
32
34
46
21
26
43
29
22
30
39
17
23
28
40
66
23
25
29
37
53
58
45
28
43
38
40
32
44
41
21
68
24
38
41
29
118
84
29
55
52
42
41
33
30
45
24
35
21
43
27
55
23
24
39
26
28
27
34
29
56
38
37
22
29
39
40
23
40
29
28
35
28
51
31
88
30
28
57
46
44
48
38
18
50
47
46
27
29
22
45
30
35
26
88
37
34
34
34
32
38
40
35
39
38
36
26
26
43
42
38
36
44
29
35
33
27
32
25
45
35
34
55
47
23
52
19
30
34
34
37
27
37
44
39
36
25
40
29
24
18
46
42
36
29
40
27
44
28
275
22
33
32
38
75
54
28
34
41
25
32
24
25
38
28
25
32
37
33
26
28
38
326
35
86
45
35
38
23
21
40
54
35
31
30
39
39
36
56
35
27
748
31
40
32
44
31
50
23
38
31
27
44
45
46
52
46
33
38
30
34
50
27
35
37
19
31
40
51
48
32
40
37
39
40
258
25
54
25
43
21
36
47
54
34
40
35
22
40
34
26
31
35
34
47
37
36
54
85
64
26
35
53
44
37
36
29
29
47
39
35
29
48
29
23
140
28
64
33
32
35
119
30
38
33
39
59
34
90
46
73
26
24
39
30
35
35
38
31
26
46
37
53
34
35
27
56
42
28
47
18
29
22
39
49
59
38
53
35
27
59
31
34
31
40
18
20
62
31
34
44
30
38
22
33
60
40
36
31
38
28
280
44
22
31
65
39
32
34
27
37
36
38
40
22
32
43
20
30
31
32
30
37
30
29
28
29
27
24
37
23
42
42
28
32
29
19
71
36
32
38
32
35
26
41
18
23
26
26
30
50
40
49
29
29
289
33
59
38
27
62
32
18
35
37
45
56
44
36
31
45
45
36
50
28
47
31
26
17
72
28
44
38
30
21
38
51
31
48
24
39
46
35
50
39
32
24
31
33
27
44
23
35
25
73
45
38
58
22
31
55
29
33
43
44
49
30
51
37
67
32
36
25
30
37
32
71
35
24
56
25
22
42
45
40
16
30
59
28
31
11
31
49
45
82
57
46
22
39
55
28
56
41
31
49
38
43
42
37
31
72
41
33
44
72
51
27
36
40
30
29
25
27
32
26
18
27
46
118
38
41
24
26
26
36
36
20
46
26
35
21
61
39
44
29
53
44
27
497
34
40
38
66
78
35
39
130
46
37
19
34
27
48
44
39
47
27
37
29
39
82
23
36
38
42
27
32
28
39
745
34
40
23
37
36
21
28
37
41
37
31
28
27
27
36
37
30
26
41
32
19
61
39
29
49
23
49
31
33
31
38
28
50
41
19
27
38
36
26
40
26
35
33
77
22
35
25
30
30
48
33
26
22
47
40
29
55
40
15
35
38
26
40
43
28
28
24
27
32
21
23
50
36
64
62
25
54
31
46
35
27
45
22
32
34
45
34
45
41
59
88
19
23
51
25
24
42
30
39
33
34
35
63
40
35
51
23
38
100
33
64
36
55
28
56
29
26
35
26
49
63
34
37
30
54
30
34
41
37
43
41
27
27
33
45
29
36
29
24
34
38
31
40
41
54
26
36
33
57
45
28
38
40
27
23
33
22
62
109
32
25
22
19
35
40
30
39
288
31
39
36
27
38
19
26
57
22
18
345
34
27
33
41
43
22
56
83
38
45
42
51
156
49
64
28
43
20
14
76
34
26
117
41
36
30
27
48
37
30
23
82
32
30
27
31
35
34
36
55
29
34
32
38
16
30
34
37
40
33
45
29
33
68
50
34
37
34
38
42
54
32
37
23
28
22
25
32
53
64
62
39
33
28
38
20
27
35
39
26
61
29
41
32
55
33
51
69
20
28
18
44
32
40
44
27
23
51
35
26
49
23
42
31
29
22
21
48
40
77
40
34
52
72
31
30
35
45
40
41
31
61
51
32
76
65
45
31
28
22
37
38
18
29
26
48
29
44
26
32
31
25
29
78
79
39
56
47
31
33
26
21
40
34
24
28
25
36
26
39
21
25
36
38
19
42
33
51
18
34
37
32
40
139
26
16
62
39
49
91
25
23
22
35
36
40
29
33
19
89
123
31
51
26
37
55
51
29
28
67
23
32
34
44
29
32
42
29
22
25
31
36
38
34
34
50
33
24
50
40
13
45
24
49
38
50
38
84
38
44
22
37
55
51
30
37
25
47
91
25
18
25
40
36
36
23
25
32
32
32
26
40
36
48
217
31
55
24
46
56
40
35
38
29
21
34
44
28
44
43
38
47
55
28
37
37
32
39
45
27
24
30
51
40
36
39
45
33
122
26
16
40
43
43
22
32
30
32
24
26
36
39
38
30
27
30
44
58
45
46
24
29
33
48
29
30
36
28
25
69
33
29
33
34
25
23
77
34
25
26
24
43
34
33
210
20
29
41
29
211
51
34
28
45
24
42
32
65
19
35
66
22
49
200
52
32
26
29
31
35
30
31
23
44
44
32
24
29
38
31
49
28
51
60
63
33
32
127
59
37
49
38
42
36
34
24
97
30
44
20
35
31
55
36
53
179
31
24
29
28
39
96
26
33
47
30
46
29
33
71
33
35
37
24
65
25
85
53
29
27
39
32
29
42
27
38
69
53
25
31
37
30
47
39
54
52
39
27
29
22
30
21
22
20
27
28
86
51
27
82
51
69
34
32
3137
33
27
71
69
36
48
26
48
45
25
54
25
35
31
46
43
49
36
28
43
29
45
57
45
19
23
28
47
32
35
36
36
39
37
35
41
24
59
49
20
80
41
24
36
49
49
53
62
23
20
34
43
24
29
572
30
31
27
25
54
32
26
50
36
58
46
39
43
33
24
82
53
45
35
24
24
23
294
42
40
32
27
29
37
34
29
42
54
30
30
33
38
33
30
33
35
35
60
32
33
51
47
27
382
51
37
31
33
29
44
36
35
36
159
41
51
28
33
29
43
38
39
33
66
30
130
26
54
45
26
38
35
31
25
21
29
36
64
34
26
28
33
55
27
24
39
61
33
54
33
50
70
24
32
35
52
47
43
44
30
25
42
37
31
30
31
35
38
50
38
41
25
14
51
133
52
45
38
25
26
34
44
28
26
28
32
28
32
21
34
26
23
30
29
33
51
24
23
26
12
45
70
39
29
30
52
38
33
31
40
67
22
63
34
35
32
35
46
19
32
40
31
36
32
39
32
34
38
32
36
71
32
36
48
47
32
18
30
28
54
25
48
27
35
39
38
28
48
83
27
21
36
88
45
36
25
32
31
35
30
262
25
41
25
45
30
88
38
39
35
44
32
43
27
38
28
36
38
56
30
26
28
26
59
48
24
30
40
36
48
26
23
27
94
29
41
57
34
28
51
35
43
34
46
26
24
34
28
116
72
21
40
35
42
38
38
42
34
29
31
36
41
29
32
36
53
45
43
59
25
40
25
26
30
25
33
76
20
33
46
65
37
28
41
41
35
27
41
26
27
37
23
37
26
33
30
44
24
59
28
35
32
157
32
29
20
34
37
34
43
46
63
44
41
50
44
52
48
30
39
50
43
56
20
27
41
36
33
42
33
23
22
113
21
36
21
166
34
48
33
29
34
387
30
56
24
54
67
28
34
31
49
44
32
36
27
35
33
40
50
32
22
51
23
35
44
43
41
51
27
38
37
25
57
53
35
42
23
25
31
33
35
34
23
73
35
44
38
37
45
27
43
28
28
32
54
106
26
58
33
69
19
31
25
38
33
23
33
29
37
37
27
32
18
49
28
92
23
37
27
35
27
44
27
32
30
40
39
48
23
49
34
27
40
51
47
37
73
43
31
30
35
45
34
32
21
38
33
27
54
48
45
51
29
39
31
27
40
20
24
40
31
33
27
37
21
25
88
24
42
38
36
44
30
51
34
43
36
24
28
21
34
34
37
36
33
28
42
36
20
45
39
27
46
53
32
39
59
34
50
33
47
36
29
36
25
25
29
37
46
51
27
40
37
58
25
29
62
39
179
41
25
27
24
43
34
25
33
25
30
30
31
32
35
39
31
32
35
33
23
25
28
24
38
32
47
46
30
34
45
22
29
30
29
33
50
32
35
56
25
23
44
35
41
31
43
32
34
38
31
45
55
42
39
30
41
27
50
39
35
25
34
25
39
92
30
120
24
34
35
35
35
33
39
27
22
26
31
36
15
28
34
28
36
50
37
26
28
42
32
31
27
31
34
45
28
23
25
38
31
34
83
34
26
149
65
40
47
29
29
34
34
58
30
32
35
26
53
30
33
54
22
23
35
16
39
35
38
28
42
29
43
24
51
37
20
41
30
31
43
31
68
37
20
41
69
45
44
59
30
23
24
23
45
34
24
27
38
33
23
35
38
38
24
78
19
38
28
94
25
26
44
84
17
36
54
44
54
62
28
24
40
24
38
38
29
68
25
29
44
65
114
41
55
37
24
33
35
24
32
20
37
22
43
64
33
53
20
35
983
33
44
40
32
29
36
20
39
35
37
30
39
35
41
34
48
35
34
26
25
50
50
48
60
42
25
26
29
40
24
46
50
47
78
31
26
48
26
39
38
26
42
38
31
36
43
37
27
30
105
46
34
30
37
36
76
49
68
18
30
37
27
31
25
27
28
30
27
23
30
44
36
46
31
34
28
34
31
27
28
27
26
34
28
26
76
38
47
31
41
57
27
36
31
30
31
22
28
74
31
30
34
39
54
16
29
31
187
38
30
25
29
35
25
32
763
43
15
55
45
45
38
41
22
41
40
103
30
37
46
21
33
40
26
25
29
54
39
159
22
35
38
48
37
32
30
287
34
65
57
27
33
22
31
50
30
35
29
32
18
42
33
22
35
76
35
25
33
52
37
33
25
23
45
56
30
34
41
38
38
149
17
36
37
26
40
38
31
40
67
46
28
35
21
27
42
21
39
38
28
37
31
58
38
39
239
29
23
33
55
30
39
30
27
24
24
55
66
42
29
32
30
99
59
44
32
27
57
32
22
28
63
43
35
53
28
22
25
46
34
31
103
31
34
70
29
46
30
43
40
31
33
30
44
10
29
31
52
51
30
30
31
70
41
24
32
29
50
39
33
23
28
162
46
41
40
34
36
32
1257
14
26
38
33
81
44
31
19
37
38
50
26
38
41
27
45
30
21
42
27
51
31
41
21
37
28
28
58
38
32
35
34
53
36
36
26
41
97
79
23
23
41
45
29
45
33
39
40
30
35
26
31
25
22
29
39
33
37
31
48
41
46
36
62
60
20
31
28
50
37
24
37
32
36
27
27
27
38
63
46
45
33
44
131
31
31
26
22
41
41
30
45
36
51
36
29
55
71
36
38
31
18
27
27
56
41
44
40
57
42
29
26
42
31
34
40
43
25
45
37
62
31
38
25
49
25
33
72
33
32
68
38
64
38
33
28
34
32
35
31
40
30
28
17
33
37
37
34
88
39
87
98
39
31
43
29
32
55
23
30
37
30
40
21
36
47
25
54
68
31
30
46
46
47
45
29
21
15
33
29
38
41
30
35
21
38
49
46
39
41
37
55
46
54
32
46
29
37
104
38
14
26
28
28
28
30
403
169
39
50
22
32
22
41
42
28
55
43
37
29
24
46
48
40
26
142
42
33
44
26
45
32
32
42
33
56
26
44
36
28
52
27
49
30
26
32
49
33
76
38
30
37
33
20
31
72
47
29
32
51
21
60
55
27
28
32
32
29
25
55
36
54
100
36
43
25
25
43
32
169
27
31
30
38
36
27
50
35
50
27
33
38
32
24
31
65
30
37
35
40
29
32
39
18
33
71
46
38
50
73
92
41
30
34
38
31
31
32
34
42
27
29
28
53
25
29
44
85
35
24
25
31
58
45
26
34
33
35
35
86
36
30
27
40
45
29
63
27
23
28
29
34
29
36
30
34
49
30
53
22
55
32
90
40
40
24
26
28
30
105
31
30
54
38
31
29
44
35
42
34
40
47
20
39
35
25
63
50
41
19
39
88
40
27
64
31
42
119
238
26
48
29
29
24
72
24
56
48
37
27
25
39
32
42
27
33
41
345
20
30
31
54
74
98
26
29
30
34
76
21
49
33
24
32
19
27
34
30
61
60
16
905
42
36
35
35
32
65
21
48
21
30
37
28
38
29
21
32
57
65
24
34
51
31
27
30
41
115
41
443
44
73
36
31
23
30
37
298
17
49
22
27
72
41
28
42
24
32
28
37
58
41
59
29
81
30
30
28
27
33
31
35
27
28
33
48
23
27
33
53
35
48
33
40
27
65
29
38
40
29
35
45
37
49
51
32
38
52
35
34
29
44
33
39
38
105
30
50
28
32
35
40
35
63
29
34
26
33
33
28
25
41
38
34
44
65
28
26
46
37
26
26
35
37
55
61
18
33
33
40
48
31
31
26
31
26
209
36
34
31
27
45
23
25
25
140
27
33
41
69
35
53
27
29
33
39
28
44
45
42
26
35
49
40
35
50
50
53
61
36
37
34
32
27
46
39
91
37
35
32
31
