1
60
0
1
2
1
0
1
1
11
4
4
0
2
9
22
9
4
4
0
0
7
139
1
7
7
0
4
0
2
8
4
7
4
0
13
1
5
1
2
2
10028
0
26
26
0
2
10
3
3
2
1
5
5
2
4
5
64
16
5
13
3
3
3
0
1
3
12
6
5
0
3
1
45
4
6
3
2
1
2
2
0
3
12
5
3
1
4
14
3
3
21
5
2
83
2
8
1
1
3
2
15
1
1
0
3
2
1
1
8
1
10
7
7
5
4
7
2
6
2
3
1
2
7
2
1
2
3
9
10
0
2
1
5
2
1
5
27
1
2
7
4
9
4
0
0
5
9
6
5
8
1
1
1598
1
1
8
0
6
2
1
1
4
5
4
3
7
1
3
8
8
4
0
5
2
0
0
0
4
3
1
6
8
0
0
10
10
11
0
4
4
5
0
4
4
8
3
0
7
3
2
2
2
16
2
2
10
0
19
7
3
18
9
2
12
7
90
1
0
1
8
0
4
3
5
13
2
1
5
0
0
7
122
1
11
18
10
2
1
1
4
2
1
2
5
5
0
4
8
1
5
17
2
1
13
8
5
21
43
2
2
2
7
6
10
33
4
10
4
95
8
3
17
0
2
21
0
3
8
1
5
7
8
4
0
7
7
5
93
0
4
1
24
0
7
6
18
11
0
0
4
1
0
20
1
4
13
30
6
3
0
6
4
2
2
12
1
6
3
0
2
1
12
0
1
4
3
3
21
0
0
1
4
6
5
0
7
10
16
4
9
5
17
4
2
2
1
0
7
1
0
2
9
7
13
7
0
6
0
0
4
4
2
0
2
1
3
3
80
1
7
10
4
3
6
2
1
7
1
0
43
4
1
0
4
6
202
2
1
0
10
3
23
2
2
0
1
4
7
11
1
3
0
1
3
0
5
4
2
16
0
3
3
15
3
0
5
1
1
3
8
0
1
0
2
1
2
9
18
7
8
3
2
7
13
4
1
11
4
34
6
1
5
1
0
2
3
1
1
0
85
1
9
0
1
2
12
58
36
18
2
48
1
6
22
2
4
4
35
4
5
5
3
11
0
2
9
5
4
4
64
0
0
5
6
0
6
0
1
2
1
25
3
5
8
2
6
3
15
2
1
60
0
1
2
1
0
1
1
11
4
4
0
2
9
22
9
4
4
0
0
7
139
1
7
7
0
4
0
2
8
4
7
4
0
13
1
5
1
2
2
10028
0
26
26
0
2
10
3
3
2
1
5
5
2
4
5
64
16
5
13
3
3
3
0
1
3
12
6
5
0
3
1
45
4
6
3
2
1
2
2
0
3
12
5
3
1
4
14
3
3
21
5
2
83
2
8
1
1
3
2
15
1
1
0
3
2
1
1
8
1
10
7
7
5
4
7
2
6
2
3
1
2
7
2
1
2
3
9
10
0
2
1
5
2
1
5
27
1
2
7
4
9
4
0
0
5
9
6
5
8
1
1
1598
1
1
8
0
6
2
1
1
4
5
4
3
7
1
3
8
8
4
0
5
2
0
0
0
4
3
1
6
8
0
0
10
10
11
0
4
4
5
0
4
4
8
3
0
7
3
2
2
2
16
2
2
10
0
19
7
3
18
9
2
12
7
90
1
0
1
8
0
4
3
5
13
2
1
5
0
0
7
122
1
11
18
10
2
1
1
4
2
1
2
5
5
0
4
8
1
5
17
2
1
13
8
5
21
43
2
2
2
7
6
10
33
4
10
4
95
8
3
17
0
2
21
0
3
8
1
5
7
8
4
0
7
7
5
93
0
4
1
24
0
7
6
18
11
0
0
4
1
0
20
1
4
13
30
6
3
0
6
4
2
2
12
1
6
3
0
2
1
12
0
1
4
3
3
21
0
0
1
4
6
5
0
7
10
16
4
9
5
17
4
2
2
1
0
7
1
0
2
9
7
13
7
0
6
0
0
4
4
2
0
2
1
3
3
80
1
7
10
4
3
6
2
1
7
1
0
43
4
1
0
4
6
202
2
1
0
10
3
23
2
2
0
1
4
7
11
1
3
0
1
3
0
5
4
2
16
0
3
3
15
3
0
5
1
1
3
8
0
1
0
2
1
2
9
18
7
8
3
2
7
13
4
1
11
4
34
6
1
5
1
0
2
3
1
1
0
85
1
9
0
1
2
12
58
36
18
2
48
1
6
22
2
4
4
35
4
5
5
3
11
0
2
9
5
4
4
64
0
0
5
6
0
6
0
1
2
1
25
3
5
8
2
6
3
15
2
0
5
0
11
7
6
4
1
11
4
4
7
3
43
12
5
1
9
7
1
9
69
2
2
5
0
2
3
3
0
2
4
6
3
32
22
716
1
23
4
0
2
4
24
5
2
1
0
1
0
19
1
1
7
1
3
3
0
8
3
1
7
1
6
28
14
1
5
6
4
2
47
4
7
8
11
9
2
1
3
3
3
1
0
18
8
14
3
0
2
11
1
12
0
43
1
5
0
14
4
25
0
1
24
20
1
25
3
6
3
6
1
0
17
1
16
10
0
5
9
3
71
0
1
3
2
2
3
9
1
6
6
2
27
10
6
0
3
1
13
6
38
5
1
4
3
5
3
4
1
6
10
0
14
28
3
0
0
1
0
6
18
6
2
63
4
5
2
0
6
4
0
9
6
2
1
21
3
3
0
1
1
2
2
2
0
0
20
2
3
7
4
1
3
66
4
3
1
11
8
16
1
6
8
0
3
2
0
5
4
0
2
8
1
5
17
8
4
1
0
3
0
23
3
2
67
1
0
2
2
0
12
1
8
49
0
9
22
2
2
0
14
47
7
8
1
3
9
3
10
2
2
1
8
1
7
5
15
5
21
3
15
3
1
7
7
2
304
68
0
6
0
15
2
3
6
0
2
5
3
4
9
12
6
3
20
0
11
2
12
4
1
0
7
4
10
5
4
13
2
6
10
2
0
0
1
6
1
3
0
8
1
8
5
4
1
0
0
34
12
0
2
0
4
6
2
3
0
3
5
0
5
5
2
8
2
4
2
4
5
1
5
3
4
3
1
6
2
2
1
0
1
4
8
0
0
1
6
3
12
1
4
7
1
7
1
4
2
0
2
0
4
0
3
0
2
0
2
3
3
0
10
0
11
2
1
1
0
2
1
16
2
1
0
4
14
7
1
1
7
4
11
8
0
8
2
4
9
19
1
6
1
1
4
1
2
8
9
1
7
1
6
5
2
1
0
6
1
2
4
2
6
8
12
11
1
5
1
3
1
15
94
5
1
3
5
1
0
1
1
4
136
1
1
1
0
11
4
6
4
0
7
10
1
1
6
4
5
23
29
96
18
3
1
3
1
3
36
4
8
35
0
3
7
2
1
2
1
0
0
1
6
2
5
7
0
0
7
50
1
4
28
5
3
0
2
0
2
9
1
7
2
0
2
0
16
4
1
1
1
12
1
1
2
3
1
6
2
4
9
2
0
8
5
2
4
0
1
2
4
0
4
0
0
4
7
4
11
4
2
5
2
1
6
32
0
1
4
6
1
1
10
8
3
1157
1
2
3
2
5
0
6
211
0
0
18
8
2
46
0
0
0
6
3
1
41
0
1
4
0
0
1
4
13
3
5
8
1
0
4
6
3
9
3
0
4
2
13
5
2
0
2
6
1
8
3
9
2
2
3
5
1
0
0
0
19
4
3
7
9
2
1
36
0
3
1
4
1
0
3
2
0
3
365
5
3
28
19
6
0
3
3
21
1
1
0
2
0
9
2
8
8
1
0
1
10
16
1
5
2
4
18
4
16
11
7
3
6
3
0
1
1
3
6
3
7
16
1
20
5
1
0
0
0
4
1
24
1
3
4
2
23
32
1
0
48
3
3
0
3
0
5
10
16
13
4
5
0
10
2
17
0
2
1
3
8
14
3
36
1
7
10
5
4
10
15
4
3
28
0
4
1
17
0
4
2
1
11
2
3
1
9
0
4
4
13
9
3
4
2
1
3
2
21
5
4
0
3
15
0
2
3
3
10
131
1
28
1
2
4
0
4
1
8
3
5
5
3
1
1
1
1
9
3
1
7
14
15
6
20
12
5
0
1
7
2
5
7
7
3
1
2
2
1
6
1
8
16
5
1
1
2
0
12
5
7
13
1
2
6
5
5
152
1
6
0
3
5
1
16
11
3
16
0
3
0
8
1
6
9
2
4
13
5
4
4
2
0
8
2
1
2
0
3
1
0
3
5
0
67
8
2
2
3
1
7
2
2
3
2
0
7
5
2
3
7
7
6
1
8
1
7
10
2
1
2
4
2
10
8
1
5
9
1
2
10
6
6
0
1
1
4
1
4
5
1
1
104
0
0
1
0
2
3
0
1
11
3
7
1
0
236
0
1
2
3
15
2
4
0
31
5
9
2
8
3
9
7
1
5
2
7
1
2
4
6
6
7
0
71
1
2
6
3
1
1
6
2
1
2
1
0
1
73
5
12
1
23
22
3
2
3
5
0
2
12
3
169
3
1
5
1
0
6
6
5
6
0
6
3
1
16
2
7
16
1
5
2
2
1
2
4
4
10
0
5
4
6
21
7
5
2
2
0
5
2
0
0
2
14
37
2
2
1
0
0
3
3
2
2
6
0
10
20
5
0
22
1
4
1
3
1
2
2
0
1
77
3
1
44
6
3
1
1
1
1
0
2
5
40
9
2
3
0
2
26
1
1
2
1
4
13
2
0
4
1
3
6
2
2
3
2
1
13
2
29
1
0
1
159
16
4
4
3
10
8
35
5
15
19
0
1
5
1
1
8
0
17
5
0
5
0
7
4
2
2
0
10
9
4
20
1
1
0
5
0
6
2
0
4
0
7
3
0
1
3
94
27
0
3
0
1
0
0
0
6
8
18
10
5
13
11
7
2
2
2
10
7
2
10
0
0
9
12
0
1
0
5
6
12
17
2
1
1
1
2
13
2
0
6
13
0
1
67
61
16
10
4
16
4
5
0
0
9
6
6
31
185
0
5
1
10
6
5
3
3
3
5
3
2
2
14
0
3
0
0
9
3
4
1
1
2
12
6
2
2
1
6
2
5
137
1
7
6
40
10
0
0
0
6
5
6
8
1
7
2
0
1
0
29
6
3
5
1
3
0
17
5
7
16
4
0
6
1
0
96
6
5
7
8
22
27
2
1
1
111
4
7
26
1
2
4
1
8
0
3
1
4
4
2
1
4
0
11
15
0
0
1
87
0
0
1
2
5
3
28
1
9
24
7
0
3
2
2
6
4
0
0
2
2
0
0
2
3
2
4
1
21
4
21
2
45
3
3
11
2
3
3
0
1
3
1
6
1
7
5
4
2
8
2
2
10
3
2
0
2
1
0
11
15
42
3
2
17
2
1
17
50
1
8
10
4
2
4
7
12
6
7
5
1
11
3
3
2
0
3
2
1
2
25
15
4
8
2
53
5
2
3
3
1
4
17
5
10
2
2
4
27
1
5
0
10
2
49
0
4
21
2
5
10
0
12
3
0
3
2
6
9
4
16
0
5
2
0
21
1
0
31
2
12
4
0
0
12
5
25
15
1
0
6
0
3
1
3
552
2
0
10
2
4
4
3
6
6
1
5
2
5
260
2
6
4
5
4
1
2
2
1
2
16
13
0
1
4
0
0
2
5
3
1
5
2
9
1
1
2
9
1
0
2
0
7
1
0
5
72
1
5
2
1
6
1
1
1
2
0
81
2
7
6
2
33
10
2
10
6
3
2
0
1
0
7
4
7
17
7
0
2
14
3
32
18
1
3
1
0
7
0
4
6
8
0
2
3
1
9
3
3
4
13
1
2
0
8
5
6
21
4
4
1
3
0
6
7
5
3
4
4
1
3
3
7
3
1
14
48
3
2
8
10
1
18
44
14
0
1
2
2
2
3
3
0
1
3
3
0
5
3
0
6
2
2
2
2
6
7
1
3
3
2
4
6
5
9
17
0
1
7
4
1
230
2
6
3
3
12
8
0
3
1
6
3
0
1
5
2
4
1
1
9
3
3
1
6
0
26
4
1
0
3
30
14
1
3
4
1
43
2
2
2
1
10
8
6
2
0
0
2
3
6
8
0
1
24
1
53
4
33
6
10
1
2
0
10
6
3
10
9
0
7
7
2
0
1
67
3210
1
1
1
3
4
0
3
6
6
5
1
0
2
6
12
1
7
14
0
131
1
0
2
3
16
3
0
9
7
2
31
1
4
0
0
9
0
0
86
9
3
29
1
0
1
4
1
12
3
5
0
5
5
5
2
2
7
3
6
1
4
0
14
3
15
3
2
4
2
2
20
6
3
1
1
33
6
0
5
2
1
7
1
1
1
17
1
2
2
2
2
5
5
4
37
3
2
2
0
5
22
8
0
9
6
106
6
7
0
1
1
1
21
200
0
5
3
0
6
0
1
5
3
1
5
5
1
2
0
49
0
4
3
100
0
9
3
2
8
13
2
6
10
10
5
2
1
0
1
0
3
1
3
11
3
0
1
1
106
3
7
1
0
0
7
1
6
2
0
60
19
1
3
7
0
2
2
0
4
3
3
33
2
0
7
7
14
10
3
36
6
0
18
1
1
4
4
4
4
2
28
3
4
9
10
12
2
3
1
10
2
4
2
88
3
14
3
0
3
2
3
2
3
16
1
2
5
8
1
1
27
6
22
8
1
3
3
0
12
8
0
14
3
8
1
5
1
0
15
2
0
6
47
1
2
4
1
14
5
25
1
6
1
1
3
0
1
22
5
8
9
15
20
4
4
1
6
2
8
3
15
4
2
59
3
0
2
2
60
3
11
2
1
2
5
5
8
1
2
10
1
4
1
6
0
9
7
2
1
50
2
18
4
0
3
5
9
0
5
5
0
2
2
50
0
0
4
2
8
2
53
2
3
1
3
4
47
1
1
10
7
3
0
0
0
0
10
4
8
2
2
17
1
0
37
1
28
2
0
10
8
2
2
5
5
8
5
4
20
0
4
19
2
18
25
0
3
5
1
3
5
8
3
0
3
16
13
3
3
1
1
5
6
1
9
4
9
0
2
3
3
2
0
6
3
11
0
6
12
4
72
61
10
2
0
1
1
1
0
4
2
4
310
3
63
13
5
25
2
10
4
6
20
5
6
10
1
2
6
1
20
3
1
1
19
2
210
4
0
7
0
6
21
817
5
6
7
0
11
1
5
4
56
53
2
14
2
2
9
108
3
9
7
50
7
11
11
2
4
63
5
8
54
2
12
0
2
9
2
15
9
5
0
4
3
0
1
7
2
1
8
2
6
0
1
11
0
3
1
7
154
10
7
2
36
3
2
0
2
42
3
6
1
3
0
9
2
1
1
10
51
2
2
1
0
0
3
0
5
1
1
2
0
4
0
24
12
29
5
19
9
2
1
4
9
4
3
1
0
11
10
18
0
67
3
1
0
1
0
1
1
11
7
4
6
6
1
0
10
5
4
3
3
1
30
0
10
21
8
0
4
3
4
0
1
10
15
2
0
0
5
2
2
1
3
2
6
24
1
3
5
0
2
2
4
3
1
3
2
1
2
16
7
8
3
0
7
4
14
5
22
5
11
13
0
5
6
3
1
6
3
1
0
0
11
3
1
4
137
12
43
0
2
2
31
3
2
3
3
4
9
3
4
4
1
3
21
5
5
4
3
3
3
8
52
8
15
2
6
3
3
6
11
5
6
0
4
15
0
1
1
11
3
1
15
1
1
26
1
20
0
2
1
4
0
1
5
7
1
1
4
23
1
2
0
615
1
0
10
2
7
3
6
8
3
3
7
1
10
8
2
1
2
6
32
9
2
55
26
11
5
3
2
6
3
1
84
5
1
3
2
1
5
8
3
7
3
1
18
26
1
3
4
4
2
1
3
4
0
0
3
1
0
33
10
0
31
2
9
8
11
1
3
5
81
2
15
1
1
5
0
1
2
2
4
42
1
1
3
2
3
4
4
0
4
2
2
0
8
4
10
4
36
71
6
24
2
2
4
1
9
3
1
4
0
2
1
3
1
6
2
5
22
22
1
2
3
1
143
1
35
42
2
4
3
5
0
1
4
7
66
31
0
10
2
2
15
3
3
2
1
0
0
18
1
1
0
25
9
5
5
14
6
11
23
0
0
6
17
20
5
3
1
9
41
5
1
2
2
2
8
10
3
1
3
6
5
2
9
2
0
4
4
15
2
5
4
61
1
3
2
19
4
4
10
2
1
0
1
8
4
10
3
0
2
3
0
12
9
1
0
1
5
2
1
0
1
9
5
19
4
0
0
6
4
5
1
3
1
18
1
8
508
3
1
5
8
3
4
7
0
21
6
8
19
19
7
8
19
6
21
4
23
4
9
13
15
3
4
2
1
0
17
7
1
0
3
0
0
2
5
3
7
2
0
3
1
5
3
2
14
0
5
4
4
1
2
3
1
2
4
1
2
4
1
2
4
3
7
5
39
16
2
1
3
9
11
3
0
1
5
4
17
15
11
5
6
0
4
2
2
4
4
2
3
1
3
5
2
10
0
4
0
2
8
2
3
1
1
0
5
7
3
6
3
0
0
3
15
7
2
8
1
2
3
2
3
21
36
5
5
3
2
5
16
19
1
1
18
23
2
1
7
1
0
3
6
0
4
8
5
11
6
3
13
11
20
6
7
2
8
3
0
2
0
4
2
4
9
18
7
4
2
1
2
0
20
11
9
19
0
2
4
1
2
6
27
24
2
4
2
5
5
3
1
11
1
3
52
0
6
2
7
17
2
7
4
0
18
11
7
4
0
1
4
11
6
6
4
5
4
2
18
0
1
1
0
3
0
1
3
3
4
9
13
1
1
0
0
13
5014
8
3
3
3
5
15
2
1
2
5
3
2
49
10
6
2
1
2
5
4
2
11
10
17
6
1
2
5
1
13
3
7
2
3
7
1
28
2
1
7
2
2
2
2
2
11
18
4
2
2
2
3
0
3
12
2
14
0
10
0
0
11
3
1
10
24
0
2
1
4
1
0
3
4
4
2
0
1
6
8
7
7
1
0
27
7
2
4
5
19
2
2
6
0
11
5
0
19
5
5
4
1
5
10
2
5
1
5
3
5
3
7
2
5
2
4
16
5
0
7
7
33
5
1
7
6
2
1
0
5
2
9
1
1
3
0
1
2
18
5
6
23
30
7
0
2
1
5
6
2
21
0
2
26
8
6
46
4
7
25
5
0
0
2
1
10
6
2
3
5
4
2
18
1
6
1
5
4
3
9
0
5
13
2
3
28
6
2
2
6
10
35
0
2
0
11
2
2
1
4
0
2
0
45
30
1
2
0
24
3
4
11
3
6
8
2
3
3
11
8
3
10
2
3
56
21
2
6
1
54
0
4
16
7
2
2
1
7
0
228
4
2
6
1
3
1
0
3
46
2
20
1
0
6
0
3
14
17
59
1
2
1
6
1
19
2
12
2
1
9
589
3
25
4
3
2
1
1
2
0
6
1
15
7
1
3
0
17
1
7
6
12
13
26
5
0
2
4
0
1
73
0
3
1
2
9
1
5
1
16
7
4
2
0
12
4
2
0
2
1
39
1
3
3
9
5
2
5
1
69
4
6
19
4
1
0
0
3
0
2
1
5
8
2
0
2
163
7
19
2
2
3
2
24
7
8
1
6
5
36
0
2
2
8
0
2
3
22
3
4
5
3
6
0
16
37
8
2
0
3
0
4
25
0
0
1
0
0
1
4
18
3
1
2
2
4
0
12
0
1
25
1
5
1
3
1
1
0
0
3
8
1
9
6
19
2
1
0
0
5
14
0
1
38
7
8
2
0
11
13
24
13
4
3
1
4
4
2
0
0
1
4
15
11
1
0
5
2
2
4
3
0
71
1
12
3
16
10
2
2
1
18
1
3
3
6
7
1
22
22
0
1
16
2
10
35
12
0
3
0
2
2
2
1
0
4
3
1
0
3
3
34
1
2
26
4
2
2
0
0
0
0
0
7
2
4
14
1
7
1
1
1
2
9
0
4
1
1
2
4
10
5
59
5
2
0
8
10
7
1
1
6
0
11
1
3
20
1
2
61
34
2
1
6
0
2
2
6
0
3
4
8
10
4
17
1
2
0
1
2
13
13
5
10
0
5
8
0
4
8
41
0
5
0
18
10
8
3
18
7
3
59
2
4
3
9
3
3
4
3
3
3
1
6
6
8
0
4
10
7
2
2
29
9
1
2
0
2
9
0
2
221
4
2
4
1
1
1
2
3
11
2
7
14
0
2
4
7
4
10
2
27
2
1
3
8
7
3
8
0
1
4
10
3
4
4
4
1
16
38
10
3
0
3
4
3
1
5
2
0
79
1
3
8
8
9
40
10
2
3
4
3
5
1
1
17
36
5
3
11
1
63
0
2
5
0
11
6
6
5
3
17
2
17
3
8
1
3
15
0
0
1
21
4
5
2
1
1
2
0
7
2
28
0
0
1
760
4
2
1
5
2
7
16
2
3
6
2
1
6
5
3
0
9
9
2
6
4
2
5
3
8
12
2
1
8
8
0
5
0
1
8
1
1
2
4
27
0
1
5
1
0
23
10
1
7
153
4
0
0
11
11
2
1
3
4
1
6
2
3
0
5
5
1
13
2
9
71
3
5
36
1
4
3
19
8
26
13
13
0
0
1
6
0
3
1
7
2
2
5
56
2
5
3
9
1
0
2
2
1
8
11
1
22
4
3
1
3
12
0
0
8
7
7
0
5
711
4
0
1
4
2
3
7
11
35
21
0
22
22
1
2
2
2
2
0
9
4
8
2
4
7
29
21
0
2
0
1
6
2
55
0
6
0
1
1
79
7
0
11
5
2
25
90
0
20
1
6
1
3
6
11
30
1
1
20
1
1
3
1
2
2
1
16
5
0
2
3
32
7
5
2
7
0
1
3
5
8
3
0
0
2
0
24
0
1
2
1
2
7
11
3
4
4
1
2
0
1
11
3
1
0
9
7
2
12
4
1
9
2
7
23
1
0
2
0
1
47
4
3
1
8
0
1
0
38
8
10
0
27
1
5
10
1
3
1
0
18
6
1
2
3
1
8
4
0
1
5
0
3
18
1
2
1
1
4
9
26
2
3
7
2
0
3
1
27
6
8
1
7
1
4
5
2
7
4
15
14
0
5
2
2
4
14
12
1
57
22
0
12
5
6
2
10
3
1
3
9
4
19
0
1
25
5
1
4
8
3
13
0
17
1
5
137
0
0
1
11
7
7
1
6
4
1
3
2
1
2
94
5
6
8
1
13
0
6
2
4
5
43
6
2
13
21
35
1
3
2
1
15
6
2
3
4
0
3
2
4
1
0
33
8
13
5
1
6
1
7
1
1
27
11
2
1
1
21
4
3
8
2
2
30
9
1
3
0
0
0
0
4
5
5
30
1
3
4
3
1
4
2
21
2
0
2
1
0
0
2
3
35
8
3
2
1
1
10
5
5
0
4
4
3
12
0
2
5
7
3
117
33
4
0
4
4
23
3
1
0
9
5
2
17
2
3
9
5
8
25
56
14
5
0
4
205
0
1
2
295
1
5
1
2
0
2
1
5
1
16
4
19
1
10
3
11
23
0
14
167
0
14
2
1
0
3
2
197
3
0
1
0
5
6
2
6
0
5
1
147
6
9
2
9
9
42
9
0
10
1
2
7
4
6
3
1
3
14
59
5
9
7
10
0
665
3
14
46
97
2
4
5
13
15
9
7
6
19
25
1
0
2
9
29
1
3
5
1
25
3
1
12
2
32
4
1
0
3
2
10
5
2
1
0
4
4
1
15
0
4
1
5
1
3
3
1
22
2
3
0
1
3
1
1
0
6
4
5
0
0
12
4
1
0
0
1
6
19
12
1
0
6
33
2
2
35
10
6
0
5
11
4
4
4
5
7
2
11
5
2
2
13
0
0
27
7
1
5
12
0
6
5
10
22
23
11
1
26
4
0
34
6
4
1
1
3
2
2
4
6
2
1
2
4
2
14
0
4
2
3
272
9
0
2
3
8
0
7
2
13
0
0
53
2
5
3
5
0
0
7
1
5
3
2
2
17
1
5
10
45
3
31
0
3
12
3
1
1
1
4
1
125
0
5
2
1
0
11
2
2
3
6
0
3
15
1
1
0
2
0
3
1
1
19
2
11
15
3
1
2
31
3
0
27
13
1
31
1
17
134
14
3
0
1
5
3
31
33
1
1
3
2
7
9
0
1
7
0
0
13
0
2
1
0
285
1
4
3
4
9
6
3
2
13
5
25
2
25
3
61
1
9
1
3
2
0
1
3
7
27
1
2
2
0
6
7
5
5
0
4
7
2
1
4
3
7
13
6
1
1
32
11
1
2
4
22
5
2
6
4
0
0
0
3
3
3
3
1
5
0
3
0
3
2
0
13
2
9
3
1
1
6
11
2
1
1
17
0
3
0
2
5
8
2
3
3
60
9
1
12
37
4
2
0
3
4
2
0
1
8
3
12
3
1
7
7
0
9
1
0
1
144
1
1
0
2
6
4
5
8
7
189
2
4
1
18
3
6
6
1
13
31
0
11
7
1
2
1
20
4
0
22
18
3
10
5
19
1
4
11
3
8
17
2
1
11
29
1
1
0
4
3
0
10
0
50
25
2
12
4
4
1
1
15
3
24
0
33
4
2
8
0
13
3
4
1
4
6
3
3
6
1
4
3
0
1
1
3
7
31
0
4
2
4
8
0
5
7
1
1
47
0
12
507
14
2
0
2
4
10
16
0
1
2
20
7
2
1
0
0
9
2
2
17
462
8
80
495
2
4
3
1
2
8
7
0
0
1
5
10
2
3
3
4
1
1
2
3
4
5
0
2
8
12
6
1
1
1
2
2
4
2
6
3
8
0
5
0
2
7
1
3
2
4
1
2
0
0
2
8
14
4
1
4
4
6
51
3
3
0
21
7
1
44
7
3
4
12
3
2
19
12
1
4
4
9
4
2
2
21
2
2
2
2
0
1
20
321
40
3
1
2
13
9
1
7
1
1
21
0
0
0
3
25
2
2
44
6
0
2
7
9
31
1
2
0
8
1
6
4
0
0
2
0
6
14
0
2
7
13
111
3
2
0
2
31
23
12
23
10
3
2
7
5
3
3
22
0
0
0
3
4
145
18
2
4
0
11
10
1
1
10
1
0
1
1
2
2
0
1
5
17
3
2
3
0
4
8
2
0
1
17
4
3
5
0
0
0
22
2
1
1
4
1
12
1
6
1
0
13
1
1
1
4
4
13
0
5
1
4
4
11
20
12
1
0
1
49
0
18
6
16
1
0
0
13
4
5
25
1
8
3
4
1
7
1
3
0
2
4
3
1
4
1
9
6
10
12
0
1
4
4
3
5
21
16
9
3
17
7
4
3
481
0
6
0
0
0
7
1
2
4
2
1
3
7
2
0
1
1
4
2
7
1
11
2
5
0
6
2
0
2
14
2
27
0
4
2
1
5
3
0
1
3
12
1
5
2
5
3
5
3
7
32
2
3
2
4
19
1
4
0
4
10
21
2
0
9
2
0
2
12
73
1
1
0
21
34
6
2
3
3
2
1
2
0
7
5
0
8
21
1
16
4
1
1
3
12
3
4
13
3
4
0
0
7
99
12
0
0
1
6
0
10
0
3
11
10
1
0
1
5
0
1
3
1
16
7
2
12
10
7
11
1
0
6
3
2
70
6
6
5
4
6
1
8
1
3
15
1
2
3
6
5
1
6
2
3
1
1
0
10
10
4
1
22
8
0
1
1
2
1
6
12
2
27
1
0
3
5
5
0
72
0
3
2
3
2
12
0
2
1
2
6
1
11
1
16
51
4
2
4
5
12
2
2
13
7
0
1
4
5
3
2
3
6
10
2
0
21
1
1
80
4
10
1
5
0
4
2
8
3
3
60
0
162
2
11
1
2
1
7
0
0
4
0
8
1
5
20
5
1
1
6
18
3
0
0
1
8
5
3
2
6
5
73
1
4
46
1
13
5
1
1
10
4
14
3642
6
3
7
2
0
5
2
0
0
0
2
0
0
13
3
0
5
2
8
8
17
4
1
8
1
17
3
0
9
2
1
12
3
0
0
1
1
3
2
4
1
16
6
3
4
8
11
5
7
2
2
3
3
1
126
0
3
23
6
1
9
4
1
3
0
0
10
6
4
20
20
9
1
3
8
5
0
1
2
0
0
0
3
1
8
0
3
2
2
0
10
22
7
3
6
4
48
0
7
6
3
2
3
0
11
9
12
2
3
27
2
2
1
0
3
2
52
0
1
1
4
3
4
0
11
0
0
4
1
0
1
8
1
1
2
20
10
44
11
3
520
28
5
0
1
3
10
53
1
2
9
5
26
3
367
2
1
4
0
2
0
1
223
8
7
7
4
4
3
3
7
2
3
25
15
6
4
49
4
6
1
1
8
0
4
1
0
9
1
36
4
2
1
0
1
3
1
4
4
4
19
6
1
9
0
1
0
13
104
0
1
7
0
3
24
9
1
0
11
17
5
3
6
5
1
3
2
4
1
5
2
2
45
2
3
19
7
0
0
13
8
1
0
4
5
0
4
0
7
63
1
2
3
13
14
5
4
21
2
2
46
8
3
5
0
1
6
7
5
1
10
1
3
54
4
1
0
112
1
3
5
3
5
3
6
8
0
16
3
3
0
3
4
3
0
14
13
8
1
2
3
6
1
7
7
2
2
38
0
4
8
2
0
1
8
2
1
5
0
3
3
8
1
2
12
6
6
0
0
2
1
7
1
8
9
0
1
5
27
0
8
0
7
7
56
6
272
3
2
4
0
1
1
21
2
8
2
8
6
3
0
3
1
0
4
4
4
1
4
5
20
2
1
3
16
0
1
25
2
1
0
3
9
4
2
1
4
4
4
9
4
39
0
4
4
4
5
8
5
6
4
1
16
3
0
318
4
4
28
0
0
17
3
11
6
16
0
0
8
4
22
2
7
5
25
1
10
10
6
1
7
0
2
0
12
3
803
7
5
3
3
8
3
2
1
4
24
7
7
0
2
5
7
2
29
2
8
0
6
2
0
15
13
6
5
1
3
10
3
1
0
13
19
9
32
9
1
0
4
14
0
3
6
5
1
9
0
2
4
1
5
2
0
64
0
10
1
1
9
1
9
4
2
0
1
11
20
2
1
0
3
17
2
2
2
0
4
100
21
8
2
5
1
44
3
31
4
3
0
5
0
2
0
189
0
1
0
17
0
5
7
4
1
17
2
1
9
4
11
4
12
4
5
29
47
1
0
7
1
1
6
1
5
4
0
0
9
0
0
2
68
1
6
11
1
20
1
6
0
12
5
3
1
4
24
6
11
4
5
29
5
0
1
5
4
2
1
6
4
0
0
74
1
2
7
13
9
0
1
58
5
1
3
13
8
7
4
27
2
18
6
2
2
2
2
0
11
7
3
2
4
9
1
4
2
10
5
5
2
2
3
18
116
8
3
6
4
2
16
5
4
5
1
10
7
5
1
5
4
10
0
11
6
1
2
2
5
6
5
3
3
8
0
5
1
4
5
19
3
2
15
39
3
0
11
3
14
3
16
1
3
3
0
3
0
6
13
10
2
24
2
11
0
4
2
2
0
8
3
4
69
2
0
4
4
1
8
0
9
3
345
22
0
4
0
24
2
4
4
0
2
3
78
34
6
0
5
1
0
0
32
3
5
1
3
2
0
5
6
1
0
0
1
6
9
0
2
3
14
4
10
0
15
4
8
0
3
21
1
3
1
0
0
2
2
2
3
4
3
1
9
20
0
3
3
8
8
1
0
5
2
1
8
6
0
0
11
0
0
10
4
4
3
19
2
2
8
0
8
6
8
3
2
5
0
1
7
1
2
3
2
8
164
21
0
3
3
47
5
2
3
2
7
0
3
2
127
1
6
2
35
4
11
3
3
3
40
2
33
5
3
3
5
2
2
16
5
43
2
18
15
3
5
0
2
6
3
4
0
6
8
5
4
16
1
7
0
1
0
3
1
1
2
7
5
15
3
8
14
3
3
2
9
1
10
2
0
9
6
2
5
10
20
1
2
3
0
2
0
2
4
2
15
10
1
50
4
2
7
2
3
5
16
56
6
0
1
5
2
4
1
143
9
9
6
2
0
0
0
4
4
4
0
3
7
1
5
2
9
3
1
6
6
3
2
5
21
3
1
7
3
7
1
28
0
20
9
5
1
1
14
67
37
2
6
5
13
1
2
1
1
3
2
11
0
5
13
7
56
24
2
3
2
0
6
0
5
1
0
6
5
0
4
1
2
2
2
2
4
5
4
5
1
14
5
1
13
12
2
3
3
4
0
0
0
1
1
9
10
1
2
18
6
7
14
1
0
8
8
137
7
1
2
15
1
5
6
13
1
2
0
2
3
0
4
5
9
1
0
1
0
1
5
5
2
2
2
9
16
4
1
7
6
2
1
1
4
14
5
1
7
1
11
40
1
2
2
25
0
0
8
1
7
3
6
29
6
0
0
3
4
11
3
30
0
4
13
1
4
0
0
27
5
4
0
6
0
6
7
5
6
1
9
2
1
3
1
1
2
9
44
8
1
2
20
24
0
2
89
2
42
60
0
0
0
1
10
0
2
12
0
2
2
4
14
6
1
3
0
1
1
2
18
2
1
4
0
0
0
8
3
9
0
0
19
7
3
5
2
3
0
14
6
0
8
2
27
6
5
35
0
1
10
1
41
87
1
3
3
3
4
3
18
21
0
1
4
17
3
7
4
3
11
1
5
3
1
21
7
0
48
1
1
32
1
3
5
0
14
6
1
2
5
0
1
20
3
2
39
2
8
9
4
0
11
2
21
5
47
0
5
2
8
12
7
55
16
0
1
1
0
0
0
4
1
9
17
2
1
7
0
0
0
4
2
0
9
3
14
4
2
2
2
4
3
3
0
5
45
6
12
3
2
3
3
4
1
5
1
19
3
15
13
22
1
4
4
2
7
6
0
8
0
2
13
10
7
11
4
0
7
2
4
5
0
3
7
2
2
9
1
2
3
1
10
2
0
11
3
2
50
3
3
8
13
0
35
2
3
0
6
3
1
197
8
3
6
6
1
40
15
2
10
22
9
21
1
1
1
9
1
13
14
1
1
8
1
2
8
0
3
3
3
3
3
7
7
18
2
4
8
7
44
2
0
2
1
0
3
5
1
0
11
13
19
4
8
0
3
43
0
0
2
12
3
1
1
11
2
12
11
1
2
0
2
1
9
9
3
8
48
7
12
31
7
0
38
4
2
4
9
68
0
6
4
3
4
167
0
0
0
4
2
1
0
1
13
3
3
8
1
9
2
4
4
0
20
3
1
5
1
15
6
4
1
1
20
1
18
8
3
4
10
0
30
18
0
5
19
5
2
2
29
1
10
2
0
1
1
3
49
2
5
0
3
11
8
3
4
5
1
4
0
0
2
6
4
20
7
12
0
0
3
13
4
0
38
4
4
822
17
1
2
0
3
2
3
1
3
2
0
37
0
8
2
0
14
38
4
1
7
48
11
6
5
14
0
0
7
9
1
7
0
8
2
1
1
47
6
3
14
63
0
3
4
3
0
6
8
2
1
38
1
0
14
76
11
26
46
0
1
4
5
3
3
0
2
0
13
4
4
2
3
4
3
1
2
5
11
5
17
3
0
6
4
7
0
6
1
0
5
1
7
6
0
0
2
4
4
2
72
13
3
1
11
2
7
1
5
458
1
0
2
2
3
6
6
5
4
2
2
5
0
4
6
2
6
0
9
0
2
1
0
0
7
1
0
3
1
3
3
5
7
0
5
2
44
4
0
11
3
7
4
1
6
3
0
4
10
120
1
2
1
1
14
5
9
5
338
0
1
11
1
0
3
8
1
40
3
4
4
14
4
2
4
0
1
2
0
2
2
1
0
1
8
1
0
0
20
7
3
3
3
24
4
3
0
3
2
4
0
2
23
2
15
2
1
2
0
1
7
1
0
20
31
17
38
8
2
25
2
8
0
20
3
11
7
11
13
5
3
8
3
1
4
3
0
2
0
2
7
30
10
3
2
2
3
1
6
1
7
55
4
3
0
177
5
2
0
1
2
0
26
10
7
23
0
2
3
3
4
6
2
3
0
24
1
4
20
4
3
311
1
6
1
1
3
1
41
4
0
1
1
11
1
0
1
6
0
3
1
2
2
0
1
13
2
4
1
1
60
0
1
2
1
0
1
1
11
4
4
0
2
9
22
9
4
4
0
0
7
139
1
7
7
0
4
0
2
8
4
7
4
0
13
1
5
1
2
2
0
7
5
3
2
2
4
1
8
4
3
8
2
0
257
33
1
0
11
2
3
2
2
6
0
5
4
33
3
6
3
15
8
0
3
1
7
0
0
47
8
13
0
8
0
5
6
1
9
4
5
4
6
17
0
0
5
16
10
35
1
0
7
5
3
5
8
6
1
2
1
7
2
1
2
0
1
5
0
2
2
0
0
1
5
6
13
4
3
3
3
68
0
2
2
0
1
13
0
6
0
6
10
9
12
6
2
2
0
4
0
2
3
19
50
3
3
7
39
6
2
12
2
0
2
10
0
1
5
26
2
28
0
0
0
0
3
4
55
1
3
4
2
7
1
1
7
4
2
1
4
16
1
2
0
2
0
2
4
27
9
2
35
5
5
15
5
0
4
0
0
15
0
12
3
33
6
5
4
3
25
5
4
0
30
8
6
2
9
7
1
30
1
3
9
3
4
9
1
51
9
3
2
0
0
1
0
0
4
12
7
10
0
4
17
3
6
0
9
7
0
3
2
10
6
2
5
3
8
16
2
3
29
3
0
1
2
38
0
1
4
6
1
0
16
6
12
1
5
2
11
2
1
11
8
7
13
27
4
5
2
1
7
14
5
7
12
3
1
1
2
1
0
5
3
2
7
1
0
9
2
2
6
15
12
0
4
5
0
6
1
2
3
2
3
4
2
2
4
1
1
0
10
5
7
0
1
2
0
3
4
5
1
0
2
6
36
6
9
1
1
3
6
5
16
3
3
5
5
11
4
5
3
2
0
12
7
12
2
1
1
2
1
4
27
2
7
0
2
28
2
2
1
5
0
140
0
3
0
0
2
2
0
0
1
17
2
33
5
10
1
16
26
0
3
6
9
3
4
0
0
1
15
2
5
2
4
1
17
144
0
4
4
2
13
1
4
1
2
6
0
7
4
3
2
2
4
1
96
7
2
0
0
2
0
4
6
3
1
2
4
16
5
11
0
5
4
1
1
13
1
17
0
5
3
5
0
1
1
5
0
1
5
8
14
0
0
0
3
1
3
0
2
3
3
5
0
17
3
