32
41
23
17
130
25
19
30
15
25
18
19
34
18
44
11
28
20
12
33
14
45
11
15
17
38
22
62
17
21
23
19
10
15
59
33
16
21
37
12
45
41
17
11
22
17
22
17
43
16
42
83
24
30
14
12
24
24
155
14
15
21
26
23
14
39
24
37
12
25
23
17
14
12
52
15
17
21
27
15
19
27
9
22
59
30
28
37
58
74
27
17
26
27
14
14
23
20
32
19
16
17
28
44
45
23
22
18
8
20
15
48
13
12
13
11
25
17
10
37
41
19
33
22
13
25
22
28
39
22
13
19
35
23
21
17
20
28
24
14
76
32
32
27
18
12
18
26
28
39
9
21
16
23
12
68
14
46
14
17
20
28
47
21
15
17
18
29
22
19
25
17
14
13
28
16
49
16
12
21
16
27
21
56
31
28
48
68
15
8
31
28
34
16
21
35
34
47
27
20
15
29
14
7
23
14
119
87
13
12
22
9
164
14
25
20
12
13
25
20
19
32
16
35
35
15
7
22
16
28
23
31
27
109
24
24
21
22
30
11
14
20
20
77
20
27
14
24
31
21
23
53
21
19
12
23
10
34
131
80
14
15
23
55
11
23
49
23
66
43
15
55
56
84
93
75
19
33
37
23
23
42
29
42
31
26
6
17
95
26
13
38
20
12
18
30
25
14
17
16
150
39
12
41
14
54
27
20
30
36
22
32
11
30
17
22
42
114
38
12
23
27
17
10
13
15
21
22
32
18
19
14
22
38
14
33
10
24
15
38
23
27
15
16
14
17
26
20
33
12
18
14
18
37
14
21
27
23
63
26
28
9
19
19
20
23
54
33
11
5
19
20
20
16
16
18
15
26
21
33
30
16
27
44
24
191
19
23
14
21
34
14
27
13
10
18
22
15
18
52
17
18
18
15
28
13
18
439
16
16
15
34
14
29
21
56
27
23
22
17
21
23
21
31
12
32
20
54
19
22
34
43
9
17
22
47
33
16
40
5
29
19
11
132
24
21
16
26
22
28
25
12
16
19
14
16
18
21
19
16
15
23
25
91
37
19
16
14
10
76
25
21
23
13
43
20
40
17
20
27
18
20
21
17
24
20
17
24
29
804
99
27
15
20
26
20
36
38
16
17
32
41
23
17
130
25
19
30
15
25
18
19
34
18
44
11
28
20
12
33
14
45
11
15
17
38
22
62
17
21
23
19
10
15
59
33
16
21
37
12
45
41
17
11
22
17
22
17
43
16
42
83
24
30
14
12
24
24
155
14
15
21
26
23
14
39
24
37
12
25
23
17
14
12
52
15
17
21
27
15
19
27
9
22
59
30
28
37
58
74
27
17
26
27
14
14
23
20
32
19
16
17
28
44
45
23
22
18
8
20
15
48
13
12
13
11
25
17
10
37
41
19
33
22
13
25
22
28
39
22
13
19
35
23
21
17
20
28
24
14
76
32
32
27
18
12
18
26
28
39
9
21
16
23
12
68
14
46
14
17
20
28
47
21
15
17
18
29
22
19
25
17
14
13
28
16
49
16
12
21
16
27
21
56
31
28
48
68
15
8
31
28
34
16
21
35
34
47
27
20
15
29
14
7
23
14
119
87
13
12
22
9
164
14
25
20
12
13
25
20
19
32
16
35
35
15
7
22
16
28
23
31
27
109
24
24
21
22
30
11
14
20
20
77
20
27
14
24
31
21
23
53
21
19
12
23
10
34
131
80
14
15
23
55
11
23
49
23
66
43
15
55
56
84
93
75
19
33
37
23
23
42
29
42
31
26
6
17
95
26
13
38
20
12
18
30
25
14
17
16
150
39
12
41
14
54
27
20
30
36
22
32
11
30
17
22
42
114
38
12
23
27
17
10
13
15
21
22
32
18
19
14
22
38
14
33
10
24
15
38
23
27
15
16
14
17
26
20
33
12
18
14
18
37
14
21
27
23
63
26
28
9
19
19
20
23
54
33
11
5
19
20
20
16
16
18
15
26
21
33
30
16
27
44
24
191
19
23
14
21
34
14
27
13
10
18
22
15
18
52
17
18
18
15
28
13
18
439
16
16
15
34
14
29
21
56
27
23
22
17
21
23
21
31
12
32
20
54
19
22
34
43
9
17
22
47
33
16
40
5
29
19
11
132
24
21
16
26
22
28
25
12
16
19
14
16
18
21
19
16
15
23
25
91
37
19
16
14
10
76
25
21
23
13
43
20
40
17
20
27
18
20
21
17
24
20
17
24
29
804
99
27
15
20
26
20
36
38
16
17
16
19
21
18
19
14
124
16
39
10
11
17
25
15
49
26
16
146
19
19
32
21
26
22
38
7
17
16
24
19
68
26
35
10
24
107
6
32
28
105
9
22
20
34
14
24
17
25
38
20
25
19
14
16
33
21
25
17
13
11
42
26
16
16
30
14
24
8
27
52
33
30
17
14
17
44
22
15
17
19
11
24
16
58
45
16
24
26
8
16
20
19
14
17
25
24
29
18
25
13
11
23
22
12
19
11
21
19
19
11
26
16
9
13
20
29
33
20
14
12
25
16
16
30
15
21
66
24
27
20
26
21
35
16
12
18
16
26
22
11
39
14
14
129
22
22
25
28
51
19
9
14
26
42
28
19
12
50
39
25
30
18
38
27
30
17
80
8
16
20
11
41
19
20
437
7
16
18
33
94
21
22
22
12
14
31
9
13
26
34
18
15
19
160
27
23
20
14
20
21
13
32
20
23
15
19
63
26
18
460
16
36
11
12
16
16
19
15
19
39
28
17
19
38
51
52
170
28
16
24
12
33
19
36
26
19
19
31
30
15
51
34
12
31
68
26
23
14
22
15
20
16
29
12
10
13
15
16
30
26
20
13
29
10
48
19
19
16
17
19
27
23
17
37
22
8
16
19
23
11
22
13
15
36
42
28
17
37
22
11
24
19
19
23
13
11
11
18
54
44
24
11
21
14
26
27
16
20
14
6
17
21
38
24
25
14
25
190
18
11
36
280
13
15
15
26
14
20
16
28
20
10
28
16
14
16
19
15
13
10
28
24
10
36
10
27
19
17
34
30
26
68
28
20
36
22
31
15
6
24
13
20
20
21
22
16
27
44
20
17
12
12
10
22
190
12
22
8
38
29
31
33
128
12
11
27
14
52
18
41
23
10
22
31
25
26
13
23
18
25
9
16
20
13
53
11
88
42
29
9
19
18
21
21
21
25
16
18
12
51
30
13
18
24
18
59
15
16
37
28
39
16
43
24
36
36
22
14
15
45
19
21
14
20
65
25
18
14
34
22
15
24
20
14
17
18
15
15
24
5
1202
17
23
28
19
18
21
8
36
35
32
14
16
8
11
26
8
38
19
120
27
23
35
32
17
19
10
12
44
19
30
10
22
17
20
8
18
31
63
69
9
23
25
18
23
18
43
19
15
29
12
28
7
28
18
19
20
14
14
19
70
27
38
7
22
14
134
41
46
39
24
18
19
27
85
18
17
15
9
14
49
11
19
37
19
25
62
73
24
36
36
32
13
22
23
183
35
38
27
14
10
31
14
34
16
23
22
45
21
25
23
12
13
19
28
13
16
12
22
21
32
18
20
77
18
20
31
17
58
23
22
27
21
47
22
27
16
26
18
21
31
26
30
27
23
62
16
109
11
38
8
31
16
19
13
36
19
17
21
32
26
21
27
15
19
48
19
39
12
24
24
20
183
24
12
10
27
15
27
9
42
14
23
17
13
25
48
32
44
14
15
36
22
36
547
55
15
20
16
37
46
25
23
10
30
18
26
10
26
17
20
22
39
245
17
6
77
24
13
19
25
33
18
28
47
27
52
19
29
20
18
35
161
11
99
47
14
21
11
28
31
22
17
22
21
13
33
17
12
25
15
35
18
9
29
23
19
17
13
29
18
23
24
25
42
26
11
15
18
34
47
24
13
27
18
27
63
25
17
23
19
34
48
27
11
16
15
12
15
11
30
12
18
23
19
46
12
22
12
25
18
14
18
43
37
33
13
28
20
12
56
19
25
36
26
15
30
31
16
12
137
7
34
23
21
12
11
9
28
18
12
23
42
22
15
41
18
37
15
19
32
13
21
14
21
23
17
21
36
19
39
22
21
7
74
31
20
24
49
28
15
22
29
36
52
61
40
98
38
12
49
19
19
16
13
28
31
30
29
12
18
26
34
45
28
22
17
16
35
32
26
21
35
23
14
13
34
135
23
19
10
12
19
25
28
380
12
39
22
68
18
22
12
29
9
24
21
19
16
16
21
120
34
18
13
17
16
42
19
46
12
30
13
20
2662
29
23
22
17
9
16
25
41
11
15
15
7
24
103
14
20
17
12
24
28
18
16
13
24
52
35
7
56
33
26
40
19
19
26
120
24
34
10
34
21
26
12
38
15
20
27
11
13
16
13
12
13
14
23
73
15
10
28
21
48
36
10
38
46
15
33
27
23
14
15
25
18
27
20
33
12
23
45
30
24
14
18
8
18
16
20
423
13
32
18
22
12
20
17
17
14
20
105
17
24
7
26
33
6
46
16
26
307
19
30
10
23
20
8
15
27
12
34
124
20
19
19
18
19
12
17
30
31
15
22
8
20
32
57
14
15
19
19
14
17
35
15
10
18
21
29
42
10
14
16
9
16
14
10
16
20
15
21
23
16
36
19
23
24
23
30
38
28
40
20
15
11
15
19
13
25
30
15
22
29
33
17
29
16
14
16
145
24
15
25
24
16
13
21
58
30
7
15
24
347
14
18
25
24
20
23
16
17
34
19
16
14
20
17
11
25
19
18
18
41
24
7
21
427
26
8
28
18
35
22
17
10
39
29
18
30
24
18
11
22
20
29
22
17
30
19
36
11
26
25
20
79
19
8
38
17
11
50
13
13
34
22
15
19
27
18
24
17
19
9
26
12
37
24
17
11
15
28
19
18
23
16
15
31
15
28
10
14
17
25
13
105
28
8
23
25
32
29
18
21
19
27
32
30
22
41
14
47
13
31
13
44
8
21
35
11
24
43
49
27
13
30
21
32
15
16
133
34
16
12
14
41
54
9
24
11
47
23
26
21
16
70
20
47
30
17
27
16
22
17
14
18
29
25
265
10
20
27
19
36
17
19
16
28
14
118
21
18
24
18
24
22
23
14
9
23
60
13
21
13
23
20
38
22
17
125
27
29
18
21
22
16
79
28
20
13
15
21
20
25
16
17
23
10
17
26
30
7
12
23
24
56
23
28
23
18
16
24
30
22
20
12
22
20
30
14
14
23
11
59
12
12
34
19
19
24
24
17
28
25
26
25
24
33
17
39
22
25
26
25
13
40
28
31
17
21
15
34
11
21
14
19
17
19
23
25
36
23
13
25
26
41
14
26
19
15
26
29
12
21
12
18
22
21
12
9
95
29
15
18
14
52
33
23
88
20
76
16
19
22
24
17
23
12
15
24
21
12
22
31
33
22
14
20
474
22
13
27
20
37
35
18
18
26
19
16
24
17
39
32
70
22
24
8
14
16
19
73
23
15
25
21
17
79
12
16
30
12
15
26
23
406
24
88
20
18
19
8
18
14
11
19
16
20
39
18
23
16
31
9
32
30
27
8
36
19
34
14
21
49
11
17
32
29
17
23
16
12
32
17
16
40
23
19
23
14
10
18
18
20
17
24
28
20
36
25
19
14
28
55
39
15
13
34
16
25
16
11
21
9
20
13
33
14
40
19
10
21
19
12
36
40
16
29
26
15
30
28
21
24
31
18
205
21
21
8
259
17
34
22
7
30
25
10
24
26
11
44
18
24
14
48
11
22
30
18
35
20
64
18
34
14
13
21
16
22
27
20
19
21
25
30
26
21
17
88
35
18
19
18
17
36
65
24
28
28
13
30
12
41
25
24
21
28
17
18
24
22
40
28
37
31
27
83
24
14
21
17
20
19
33
13
14
21
15
23
19
148
22
29
10
22
17
11
34
26
16
21
13
27
17
31
18
19
23
28
18
19
15
27
28
14
12
20
28
15
17
11
48
24
23
11
21
30
22
24
32
29
46
14
23
18
25
62
33
35
30
19
28
30
21
25
38
14
20
15
18
36
14
23
53
30
22
11
19
16
15
8
30
44
14
15
20
51
27
18
23
28
47
77
22
30
780
9
14
10
20
27
58
10
26
17
17
24
24
38
26
77
20
20
23
31
30
21
19
15
30
9
31
22
14
19
9
24
26
10
42
31
30
15
20
46
16
119
23
22
12
24
41
9
24
19
27
29
14
17
31
21
69
23
13
21
47
19
32
13
21
24
31
28
20
14
17
22
18
23
48
29
13
85
13
18
7
20
13
105
21
32
38
51
11
35
22
19
29
512
13
26
49
34
32
22
38
30
74
20
18
15
21
17
69
28
36
25
29
28
20
19
28
19
26
10
40
14
11
256
28
122
23
34
20
18
16
29
19
56
16
12
22
26
15
17
18
29
29
26
14
14
12
18
18
27
140
44
23
18
19
19
11
20
21
35
44
22
22
14
14
12
13
19
19
41
27
23
8
27
19
78
20
14
17
21
18
18
16
21
24
24
21
38
13
18
15
73
21
10
37
129
21
25
22
48
12
131
16
316
25
16
81
17
41
24
19
13
12
32
14
12
16
16
12
15
19
44
13
23
28
15
16
23
51
21
21
59
17
19
25
13
26
18
9
21
10
25
33
64
21
19
22
14
31
15
33
13
21
31
54
16
18
41
17
30
12
12
34
45
16
19
23
17
16
21
67
8
26
25
26
19
15
19
18
47
19
24
24
11
13
43
16
22
14
44
10
27
30
25
189
23
49
33
19
21
10
21
11
20
17
26
17
29
15
10
16
14
20
23
16
25
12
21
8
13
21
48
24
28
30
15
16
15
22
75
17
21
14
21
9
21
5
14
17
163
34
50
20
19
10
32
25
35
17
14
30
22
12
25
21
28
15
16
31
17
33
35
21
24
33
23
17
30
8
25
27
23
17
16
20
18
41
23
27
25
19
22
8
15
17
8
22
29
24
12
19
31
24
24
31
34
37
477
23
28
10
29
19
17
18
29
39
25
11
36
23
17
20
19
28
20
26
35
21
57
20
16
21
32
32
57
23
14
41
28
27
10
19
10
28
27
18
9
19
15
20
23
13
24
21
11
26
18
8
13
20
9
25
15
25
10
30
29
115
12
19
22
17
20
14
9
14
18
16
28
31
45
10
17
34
24
23
4
22
65
42
17
9
22
8
22
22
10
34
66
56
19
16
19
42
10
94
25
21
31
37
70
27
23
38
23
21
21
25
24
16
20
24
108
16
15
28
21
35
17
12
20
27
14
9
106
12
7
23
33
15
31
13
34
19
27
30
26
16
15
21
23
20
11
30
30
14
23
27
73
12
22
22
28
30
28
16
30
26
19
17
31
15
24
29
26
17
15
39
16
17
44
36
27
42
32
16
27
32
12
30
11
17
38
38
19
28
23
21
14
17
16
23
17
17
33
22
27
25
15
20
27
15
23
28
45
12
29
26
15
15
13
71
18
24
137
25
22
21
25
14
33
19
17
15
15
29
19
20
30
12
18
13
30
11
21
14
40
22
14
13
80
10
21
25
23
27
31
13
15
19
62
28
29
14
24
18
18
14
15
26
37
14
8
17
28
13
108
55
16
38
33
25
91
20
22
19
25
89
16
22
26
21
21
8
26
76
21
29
22
18
11
19
37
20
49
19
46
16
13
11
13
7
38
20
25
32
19
13
16
10
174
21
34
29
26
70
27
20
17
30
1145
16
82
14
21
10
20
44
25
22
18
16
24
65
12
49
14
17
20
51
24
10
13
25
17
16
11
22
26
14
17
16
25
24
19
35
113
18
20
29
23
45
23
10
34
12
30
39
22
27
16
33
89
27
23
19
14
33
14
29
10
25
20
21
21
23
35
31
17
14
20
40
23
21
16
19
14
61
18
15
21
18
23
15
49
14
18
20
62
23
24
12
34
16
13
20
18
31
31
25
13
13
50
19
29
17
25
23
14
24
32
12
19
16
10
11
18
22
45
21
20
18
36
22
20
24
29
29
124
74
12
23
26
16
19
22
16
22
16
23
21
12
13
7
19
50
26
14
24
34
13
28
33
23
18
12
18
18
24
25
13
20
23
9
27
43
21
32
24
16
34
23
17
19
32
26
25
16
15
16
19
18
12
18
14
23
29
20
30
9
39
24
18
31
23
54
19
12
16
20
18
18
40
26
23
19
24
18
20
18
55
8
11
40
32
32
117
39
19
12
37
14
14
38
314
16
23
19
45
13
28
10
26
22
5
29
69
42
14
28
44
16
64
33
20
16
29
39
64
16
19
7
72
16
19
15
38
41
22
11
16
26
10
14
6
35
27
21
14
14
15
37
26
29
11
26
18
12
27
19
14
14
15
32
26
34
30
11
13
19
107
24
14
12
14
15
38
44
19
25
16
19
39
17
56
32
16
24
22
17
12
12
17
32
23
29
20
32
11
26
27
15
47
37
36
13
18
47
29
10
35
28
23
25
18
12
11
34
42
38
13
17
7
18
28
11
17
18
15
9
45
18
12
43
14
11
7
29
20
61
23
27
32
15
20
32
27
33
17
20
25
12
28
46
16
30
26
26
12
20
38
12
34
14
9
22
21
20
17
22
13
100
27
21
24
29
30
37
15
16
28
12
19
26
19
18
21
21
53
31
14
23
19
15
22
16
11
12
15
18
18
22
17
15
43
4
24
28
23
22
14
18
23
12
29
14
19
19
21
17
14
16
30
19
15
83
16
19
41
113
11
16
75
30
12
23
20
22
15
43
69
16
29
118
17
13
55
11
16
24
23
29
20
26
33
13
37
16
42
35
23
19
25
31
17
25
21
37
20
25
12
14
38
34
21
117
34
19
17
31
21
28
614
21
11
20
1687
17
28
39
75
22
25
216
39
23
21
27
55
22
80
23
12
82
33
29
16
12
21
25
60
21
36
27
25
26
68
18
17
17
13
28
192
16
12
13
25
34
13
16
11
26
51
14
31
18
20
21
42
18
30
27
28
20
21
14
11
10
13
30
18
33
19
20
30
73
31
24
14
27
45
16
14
11
28
14
392
16
31
12
83
20
21
29
33
43
19
17
16
34
14
12
87
19
54
38
31
10
45
19
8
48
9
34
11
37
31
51
13
8
27
41
13
21
43
25
24
19
23
20
31
12
23
47
26
14
6
12
17
34
12
94
32
12
17
25
13
24
16
27
17
17
20
7
16
20
19
17
26
13
13
25
30
17
62
32
24
107
34
55
54
57
25
76
37
15
45
16
17
14
21
27
21
31
47
32
22
33
28
13
13
21
51
31
23
10
50
20
22
28
18
96
35
26
17
12
28
17
27
13
25
31
12
24
19
22
19
33
64
16
12
10
27
14
11
21
18
18
13
22
14
32
39
12
21
27
20
48
25
7
28
32
37
17
21
25
12
21
15
196
36
29
61
19
28
42
14
17
13
26
14
10
13
20
23
22
24
18
15
12
19
26
9
22
38
14
34
13
20
16
19
23
27
16
27
22
21
22
23
10
19
15
27
22
16
21
22
11
24
20
10
22
40
18
26
17
34
18
15
16
26
17
20
65
19
16
14
17
19
15
31
34
22
22
14
9
7
14
16
12
18
182
73
19
32
18
39
24
12
25
15
21
15
11
10
45
37
22
37
10
20
41
13
19
13
41
17
14
23
13
18
24
14
25
23
40
18
27
11
22
9
25
17
23
38
12
17
11
22
16
20
12
16
23
53
15
17
15
17
23
17
48
20
38
17
18
22
29
48
16
51
14
16
21
21
15
28
14
22
176
37
19
28
30
12
13
26
18
15
33
19
34
44
9
15
14
33
9
30
55
15
27
8
13
34
47
13
14
63
18
23
16
25
14
22
25
14
30
44
23
42
56
13
13
33
21
28
27
12
89
30
39
206
15
25
22
26
48
18
16
21
16
11
11
20
13
44
31
11
17
17
10
21
26
24
56
93
30
23
19
28
22
13
24
6
19
19
27
18
16
11
11
18
22
13
21
19
24
112
20
74
16
27
17
23
12
17
17
33
14
11
13
11
15
20
28
26
20
25
18
30
33
33
21
32
21
21
12
13
23
40
14
13
14
30
31
20
18
9
21
15
10
56
8
21
17
31
16
22
18
15
31
66
42
39
81
19
33
23
17
26
17
16
12
39
24
22
39
17
12
40
15
43
49
17
7
21
66
29
17
16
25
28
17
46
73
53
14
99
105
19
14
18
15
19
9
20
15
17
16
20
31
37
38
28
27
14
22
24
36
47
46
10
24
21
11
29
158
59
32
14
17
34
21
48
11
44
22
19
22
14
21
31
101
17
15
22
32
51
16
51
1405
19
98
34
51
18
30
50
16
8
13
393
15
21
256
59
8
28
13
23
17
14
36
14
21
16
26
33
23
51
45
16
13
24
21
14
16
18
23
17
15
128
18
39
90
29
24
489
36
62
15
21
21
48
12
33
21
20
26
34
45
27
20
27
16
15
18
25
32
5
6
14
71
17
29
16
8
41
41
17
17
17
12
15
37
21
26
17
29
27
13
41
42
33
17
22
26
23
12
14
41
11
22
13
30
19
23
730
14
38
19
12
22
39
17
13
36
14
22
12
17
10
25
26
30
44
23
18
58
21
21
62
24
18
134
39
14
37
20
20
13
79
15
19
49
24
32
19
13
23
15
38
31
33
38
16
29
16
28
26
17
20
53
12
36
28
64
23
29
14
12
15
25
36
36
25
11
55
11
32
35
19
29
33
21
22
22
22
25
31
17
28
25
28
14
22
30
19
16
73
26
31
34
6
32
20
18
21
165
37
25
15
16
11
18
17
15
27
14
37
24
31
20
15
8
32
47
50
13
13
83
26
25
24
17
14
28
23
31
41
20
17
38
14
18
13
10
34
29
36
25
620
18
22
15
117
20
38
55
21
18
31
25
17
13
15
22
27
29
25
22
22
14
16
15
15
25
13
24
13
27
24
17
15
11
15
20
17
19
12
28
6
26
15
11
14
19
19
32
16
27
25
19
28
20
12
30
166
24
14
24
26
24
28
140
17
18
21
17
5
26
13
16
140
40
343
97
15
22
18
16
16
12
15
24
30
7
15
23
13
74
22
14
11
13
18
9
14
20
11
26
27
34
157
18
564
11
20
9
28
29
7
30
25
46
12
24
14
29
13
25
22
26
16
19
32
65
30
27
12
19
12
21
11
122
52
23
13
19
37
23
16
37
8
45
31
62
20
16
17
44
49
29
20
16
15
30
19
28
20
25
9
15
21
17
9
13
24
33
11
32
18
27
15
39
20
33
24
22
27
12
17
37
29
18
38
16
26
25
158
13
21
19
24
57
58
26
16
19
14
16
19
23
23
17
32
25
22
23
19
29
17
24
21
28
54
35
37
8
13
27
33
15
29
21
14
10
41
18
31
33
40
44
21
8
281
27
48
49
32
21
20
55
25
33
15
22
24
23
52
39
27
19
27
10
17
11
13
17
37
21
16
20
16
18
17
21
18
22
20
16
27
17
31
25
6
21
10
22
20
129
18
12
14
20
19
30
34
26
13
20
19
26
12
19
53
10
13
22
27
17
20
178
19
25
36
25
44
17
68
29
20
18
10
26
15
20
26
18
26
10
12
38
17
11
10
17
15
32
19
23
17
24
22
30
19
24
15
22
61
13
27
22
26
20
11
15
33
17
15
26
10
22
17
27
22
27
55
17
15
32
13
29
26
11
19
17
13
16
17
18
16
18
12
17
33
17
9
22
28
39
17
18
20
37
31
27
1879
14
12
15
20
9
22
52
16
15
29
15
10
32
18
41
14
38
28
18
32
14
26
14
20
29
18
12
25
13
13
16
22
26
44
20
27
32
12
19
25
17
18
12
107
29
20
70
23
21
20
14
24
17
19
14
19
10
20
13
55
12
24
25
14
40
30
21
18
11
11
62
29
26
19
14
12
17
15
24
15
24
20
17
17
33
21
24
12
13
29
22
21
22
14
18
23
22
23
19
13
41
12
26
20
23
11
15
54
21
225
41
18
45
29
25
10
49
22
22
16
14
39
21
11
17
24
13
28
23
28
29
13
22
20
26
35
31
13
13
21
52
30
19
13
33
19
12
32
69
18
35
45
17
46
24
54
21
25
27
11
22
33
21
18
34
27
23
16
19
49
25
35
12
12
22
47
23
24
11
17
28
40
22
19
23
37
13
47
17
38
13
20
12
17
19
18
14
11
26
129
11
17
37
66
110
14
28
24
18
20
32
14
9
26
20
19
20
42
13
14
16
13
10
15
34
22
17
87
31
16
11
17
38
65
13
25
30
18
23
15
16
70
33
16
17
25
14
24
16
18
20
44
7
29
15
34
26
17
22
6
21
33
17
20
20
28
18
24
17
14
23
18
23
20
14
14
28
7
17
21
12
15
24
23
37
16
25
21
31
20
22
16
21
15
26
23
34
14
19
29
57
39
31
18
19
50
11
9
10
21
28
24
14
22
14
13
21
15
8
14
21
25
16
20
23
27
28
27
22
14
24
31
24
172
23
21
26
18
52
25
26
26
24
25
16
27
23
15
38
93
20
19
33
52
55
10
88
28
20
32
10
15
32
24
29
30
35
21
17
29
33
17
17
46
25
10
10
18
15
9
19
15
33
199
29
14
35
28
23
18
20
7
25
35
8
15
17
19
36
23
33
30
24
40
31
31
8
30
19
16
15
16
24
8
21
20
10
21
13
15
18
18
82
16
21
13
19
20
21
23
62
6590
17
59
9
14
22
19
37
14
40
26
20
12
79
23
20
11
14
17
16
22
33
15
30
11
17
18
19
19
24
12
18
16
22
19
19
15
34
25
22
11
8
22
19
84
24
19
19
11
16
21
55
19
19
10
8
15
28
28
83
16
24
17
44
19
11918
15
16
19
45
41
41
16
20
22
17
19
22
27
19
15
23
24
18
85
23
17
21
21
22
20
20
58
21
29
28
184
30
19
43
24
15
16
18
9
15
14
12
18
36
56
18
18
23
21
13
20
28
21
24
35
16
28
11
20
29
13
174
32
17
16
33
43
18
74
16
26
15
22
26
22
98
34
16
78
35
23
10
23
24
27
43
37
19
20
18
79
30
21
18
33
17
15
20
37
22
17
17
31
17
14
12
18
28
7
9
137
12
22
28
72
59
37
18
18
10
21
19
19
27
35
16
18
15
12
40
13
40
12
18
16
36
13
19
20
24
15
18
11
20
24
19
28
20
16
42
16
17
31
29
64
15
22
26
9
13
11
25
59
22
48
24
36
24
15
34
24
18
19
31
12
34
15
19
28
25
30
35
7
27
21
29
27
51
22
12
24
18
16
43
11
15
17
37
14
30
12
12
16
27
31
14
17
27
18
11
18
29
8
10
15
23
52
15
10
10
22
37
37
31
17
28
22
23
17
31
24
16
55
7
24
25
16
105
73
16
41
44
21
31
16
13
34
14
23
15
29
14
42
13
16
21
13
13
12
23
19
47
26
28
12
20
23
28
10
31
20
15
27
15
39
13
76
22
19
39
36
26
36
24
7
37
37
32
11
18
13
27
17
16
14
71
23
22
19
21
16
21
24
22
24
25
16
15
17
36
31
26
20
28
23
19
18
12
20
15
34
17
16
39
34
12
45
13
17
20
24
23
11
28
27
24
14
14
27
16
9
7
32
26
23
17
22
20
24
18
257
13
20
18
27
63
43
19
23
30
16
14
12
14
13
17
16
23
19
22
15
14
22
317
16
67
34
25
18
8
9
22
41
27
20
13
25
29
24
47
25
16
736
17
29
22
24
16
34
16
19
15
13
32
30
28
40
27
16
18
13
12
28
17
22
24
12
18
28
40
37
14
31
21
31
24
244
15
40
18
30
9
21
31
37
15
28
22
15
24
18
14
18
26
24
33
20
23
46
71
58
14
21
37
23
20
25
11
18
37
31
29
16
30
20
7
126
14
49
15
16
25
103
20
30
22
26
39
23
74
26
63
15
14
23
17
23
27
25
19
16
32
24
38
24
17
18
43
32
17
41
10
11
7
30
37
45
27
36
19
14
46
18
22
19
26
11
9
49
16
19
31
18
20
11
13
45
28
24
24
18
15
265
30
12
22
55
16
21
22
18
18
20
22
27
6
18
30
12
19
16
16
17
25
19
10
13
20
19
15
23
14
28
28
21
14
16
11
56
25
15
20
23
22
19
28
10
7
16
15
11
36
29
33
19
15
282
20
45
24
13
52
22
9
13
21
29
45
32
23
16
33
28
27
39
18
27
15
15
7
62
18
35
26
16
13
22
42
16
38
13
22
37
26
34
19
15
13
15
19
13
27
12
22
11
51
31
23
50
13
17
35
16
18
27
26
40
19
37
26
57
20
24
15
17
22
18
64
18
16
38
15
12
28
33
24
7
15
43
16
18
7
16
30
29
67
41
33
12
26
39
16
34
32
19
32
23
28
30
23
12
60
24
16
28
62
35
10
15
25
15
20
15
10
19
14
7
17
32
105
20
28
13
12
12
20
22
10
30
13
19
11
47
27
25
18
43
32
17
489
23
25
21
51
67
17
26
115
33
26
11
23
15
31
25
29
24
19
25
17
27
67
11
17
27
24
11
18
13
20
735
17
27
14
23
20
10
15
22
25
23
11
16
19
14
26
27
17
11
20
20
9
43
18
18
36
14
37
19
26
22
25
12
39
22
9
18
26
28
17
28
14
20
25
65
17
24
14
20
22
30
13
17
12
29
23
18
40
22
7
21
21
13
20
34
17
11
13
20
18
8
13
29
17
53
48
13
37
21
25
19
8
32
15
19
20
23
26
28
28
38
72
13
9
44
19
11
28
11
23
19
24
15
47
22
22
35
9
28
81
20
52
18
38
18
40
16
12
24
12
36
52
23
24
23
34
23
17
24
25
34
25
18
13
24
36
19
21
11
14
21
25
16
22
25
44
10
26
26
47
32
16
23
27
14
12
23
15
49
92
19
9
12
7
23
27
21
27
281
18
28
24
9
29
9
13
42
14
8
328
17
18
22
21
26
8
42
68
19
34
23
39
139
39
56
13
38
6
7
61
13
18
105
25
24
23
17
38
23
17
11
68
18
13
15
18
22
19
22
42
14
26
19
27
8
16
25
22
23
24
29
15
16
54
40
19
18
19
26
28
34
17
25
12
12
15
11
21
40
47
50
20
16
20
24
7
19
22
22
14
48
14
28
20
44
20
34
43
11
18
8
33
17
24
31
17
11
28
19
14
35
14
26
21
15
12
8
43
14
62
29
17
40
55
23
16
24
27
24
29
20
42
36
20
59
47
38
18
15
8
30
28
12
23
12
41
14
31
16
18
14
15
20
66
66
20
42
34
21
15
14
17
24
23
13
11
14
25
14
27
12
13
24
25
15
33
20
36
7
22
16
21
31
121
15
8
45
26
33
76
11
13
12
27
16
19
18
19
12
74
105
18
33
16
24
36
35
14
10
59
12
21
20
29
15
14
32
4
13
10
24
20
26
14
24
35
19
12
38
27
7
30
13
39
24
38
22
73
24
34
12
23
41
35
23
24
9
35
75
11
6
10
20
17
20
17
18
13
13
17
18
28
22
32
204
17
47
7
30
41
26
24
25
18
10
13
31
19
28
26
20
28
41
19
22
23
17
24
29
16
15
21
40
28
16
22
30
16
109
13
8
27
27
28
11
21
17
20
11
10
22
30
27
22
16
18
33
36
25
28
8
16
22
30
14
18
24
17
16
50
21
13
25
18
13
14
62
15
18
16
13
25
28
18
198
12
17
29
16
196
40
22
15
28
13
31
19
50
6
26
54
14
38
188
34
17
14
23
24
22
19
18
9
28
28
22
18
19
25
16
32
15
37
40
55
19
17
112
47
28
34
32
22
20
20
10
86
11
26
9
26
19
40
18
38
165
17
15
23
16
26
82
15
17
31
18
26
14
25
60
18
20
28
11
47
14
74
42
15
10
22
19
17
18
18
22
55
43
10
14
17
16
32
23
37
41
27
14
19
7
18
6
10
6
15
18
75
42
10
68
39
46
18
16
3124
22
9
63
57
23
35
13
36
32
18
42
13
25
17
24
34
34
21
13
32
13
32
44
26
9
12
17
31
16
25
19
25
21
24
21
26
9
47
36
12
66
23
15
23
32
28
21
45
15
5
24
31
13
19
558
11
16
17
14
39
19
11
37
24
43
38
26
31
25
16
66
38
22
17
14
16
12
281
32
28
23
19
21
27
20
17
31
36
16
16
22
27
19
18
21
12
27
52
17
24
31
32
16
372
37
23
20
22
17
26
25
22
30
146
32
35
15
18
13
31
17
29
13
48
18
117
10
40
35
13
28
27
16
11
11
17
23
45
22
16
17
20
36
16
11
31
50
22
43
18
35
59
16
16
22
38
32
30
33
14
15
31
20
13
15
21
21
22
40
23
28
10
9
35
120
41
31
29
14
15
15
35
17
16
14
20
12
19
12
22
13
15
20
16
24
42
14
11
18
4
28
56
20
15
18
35
22
19
15
31
53
7
54
21
23
22
18
27
9
15
29
18
23
21
24
15
19
15
18
17
57
24
24
27
40
22
7
18
12
37
16
33
20
23
24
23
16
34
64
20
13
22
78
27
25
19
16
21
23
20
246
12
29
16
32
18
76
19
15
24
32
18
33
13
24
16
23
26
39
23
14
22
15
44
34
10
14
20
20
38
13
12
14
81
17
26
47
14
13
35
18
23
18
31
13
10
27
16
100
61
13
28
21
29
21
19
27
24
8
25
25
17
15
15
21
37
30
36
47
14
31
12
13
14
18
19
68
12
21
34
45
26
22
30
25
23
16
29
15
15
19
8
25
12
20
14
31
16
52
15
24
23
142
17
19
9
13
18
17
27
33
41
24
22
34
25
40
31
17
24
39
32
46
13
15
26
23
22
29
17
8
14
96
6
21
13
149
17
39
23
18
20
378
12
50
14
37
58
16
20
15
36
24
23
22
18
17
15
20
39
18
15
35
8
19
27
33
28
31
12
25
26
10
46
41
25
21
12
18
21
24
21
18
14
62
22
33
31
19
29
18
25
11
16
21
39
96
13
44
16
56
8
17
11
24
18
15
18
23
21
20
19
19
11
32
18
80
16
27
17
17
17
29
19
24
22
30
21
35
16
38
21
19
31
32
33
32
60
32
12
15
17
28
22
13
10
23
18
16
34
34
28
33
26
24
14
16
21
10
10
22
17
22
16
20
11
13
69
19
26
23
20
32
16
33
20
21
25
7
8
9
18
20
26
26
15
14
23
27
11
31
21
16
32
37
18
25
40
23
26
21
32
28
19
23
15
15
10
26
32
34
12
27
28
50
11
11
45
22
166
21
12
22
15
33
19
17
14
15
15
14
24
19
23
28
14
20
23
20
10
14
16
17
22
16
36
27
15
18
27
12
17
12
16
17
36
17
27
50
18
10
34
25
29
16
27
13
21
27
21
32
40
29
18
18
29
16
37
25
26
12
14
15
20
76
16
109
19
23
21
22
19
16
29
15
17
14
17
19
6
8
24
18
22
45
27
13
17
30
17
19
15
15
18
28
18
14
14
23
19
18
68
20
10
132
49
22
37
16
19
20
20
42
17
16
21
9
44
23
18
41
16
11
20
10
29
23
25
19
33
17
32
13
31
21
10
21
20
15
30
25
59
17
6
28
55
33
25
48
13
15
13
13
19
20
13
17
21
19
13
17
24
23
12
69
11
22
17
82
11
16
32
71
8
24
35
30
42
42
17
11
26
22
26
20
15
51
13
19
34
53
97
17
44
25
12
21
22
14
16
8
27
11
19
56
19
42
12
27
962
21
30
26
20
18
18
6
21
19
26
18
31
20
29
20
35
21
22
9
13
29
37
40
47
22
12
19
12
23
10
27
32
36
62
17
16
34
15
20
21
9
25
25
19
17
24
25
21
11
94
32
22
20
19
25
61
33
58
7
17
28
18
17
16
12
13
13
15
10
18
30
20
32
16
19
21
21
12
14
12
12
16
18
17
16
64
25
32
21
25
44
14
17
17
18
14
9
16
60
13
17
21
25
40
6
13
20
180
18
21
11
15
21
11
19
747
32
8
40
32
24
19
27
13
35
29
91
16
25
38
7
19
19
9
12
18
42
22
147
11
21
21
34
18
15
19
273
21
54
45
14
23
12
21
41
15
22
18
19
9
30
23
11
21
62
20
18
20
34
23
22
17
14
28
44
16
21
28
21
26
134
7
22
26
19
29
27
21
29
54
34
19
25
11
13
32
9
25
23
15
16
22
50
26
23
220
13
12
18
32
14
25
16
13
21
16
43
54
31
14
21
15
80
48
27
23
21
38
15
9
16
44
32
17
41
15
12
15
34
25
15
89
20
18
53
16
36
22
28
25
21
22
22
30
6
15
15
40
28
17
12
13
58
32
16
18
12
43
23
24
15
17
147
31
29
22
25
15
21
1235
9
15
17
23
72
28
18
4
17
24
36
17
22
23
14
31
15
8
29
14
36
21
26
13
27
22
14
47
21
16
21
21
37
26
22
9
27
87
61
16
5
22
31
18
32
14
22
26
20
18
14
15
15
13
22
29
15
29
15
23
25
27
25
45
45
13
20
19
37
28
19
33
15
26
12
13
18
21
52
33
38
22
33
116
19
17
15
6
27
20
20
27
18
39
17
16
41
56
17
23
12
12
19
17
43
24
28
24
40
22
9
16
33
21
17
31
29
19
31
22
44
19
29
13
32
13
23
65
19
19
59
23
52
26
11
17
20
17
16
18
26
20
16
9
12
22
21
21
77
24
75
85
24
14
30
16
15
39
11
15
25
14
30
9
22
39
16
43
60
16
17
27
26
30
31
17
14
5
18
14
25
25
21
24
9
30
36
30
27
33
21
41
32
42
15
31
24
16
94
23
6
10
17
15
19
17
387
159
25
32
15
13
14
28
29
19
40
32
25
15
16
32
41
23
17
130
25
19
30
15
25
18
19
34
18
44
11
28
20
12
33
14
45
11
15
17
38
22
62
17
21
23
19
10
15
59
33
16
21
37
12
45
41
17
11
22
17
22
17
43
16
42
83
24
30
14
12
24
24
155
14
15
21
26
23
14
39
24
37
12
25
23
17
14
12
52
15
17
21
27
15
19
27
9
22
59
30
28
37
58
74
27
17
26
27
14
14
23
20
32
19
15
17
43
15
19
32
67
21
13
17
22
44
31
17
22
23
18
27
71
22
9
15
32
28
21
44
15
9
20
13
26
20
15
17
23
35
20
42
15
41
13
71
24
21
16
18
17
19
87
15
21
43
27
21
9
31
22
31
24
34
32
12
25
22
14
55
35
22
14
31
70
23
13
53
18
30
104
224
16
36
16
16
10
59
7
43
33
24
14
12
17
23
20
12
21
27
330
13
16
23
39
58
83
17
16
24
21
65
11
30
23
15
20
13
18
17
12
45
55
7
892
22
15
17
21
22
54
12
32
15
18
23
17
20
20
10
15
44
54
14
21
32
19
11
15
28
100
27
430
30
58
23
16
11
17
25
288
6
29
12
11
59
25
16
30
16
22
19
25
44
29
40
18
69
16
21
17
16
18
15
25
15
17
22
38
11
15
20
39
21
34
12
24
17
51
22
27
29
18
23
35
27
29
34
15
26
38
20
22
19
29
19
25
20
85
18
35
14
25
20
20
20
53
14
19
11
19
25
18
12
26
20
23
25
50
20
14
24
21
13
18
25
23
40
51
13
20
19
30
39
19
21
13
15
10
202
29
20
23
16
28
10
10
11
131
15
24
25
55
16
38
13
21
25
28
18
33
27
36
8
26
35
27
21
38
36
41
44
18
18
18
12
9
32
22
80
20
23
22
19
