14
108
5
9
11
10
8
11
10
26
13
16
6
6
33
37
16
14
15
16
5
23
209
9
28
19
4
21
4
5
20
17
17
14
6
30
7
18
8
5
5
12757
10
50
69
3
15
21
17
7
16
10
23
10
6
16
19
101
30
16
35
11
6
6
9
5
26
27
12
14
5
12
3
75
21
24
12
15
7
11
9
7
10
25
16
15
6
10
25
25
18
44
9
10
126
12
25
6
11
15
12
30
11
5
0
22
8
8
6
22
4
21
14
19
20
13
14
11
18
14
21
7
9
17
15
10
10
12
27
23
2
16
11
16
4
18
18
53
7
9
22
20
23
19
6
10
16
27
18
8
19
6
10
2055
9
11
19
3
19
14
10
9
12
12
12
10
23
12
10
15
27
16
1
13
8
6
6
11
13
9
5
21
30
8
6
25
36
24
8
11
17
18
5
15
15
26
18
6
22
12
7
9
7
26
9
17
17
4
43
20
20
38
28
17
21
16
144
8
8
8
25
2
12
9
13
34
9
9
27
7
5
22
195
8
35
35
25
18
7
18
11
9
9
11
23
18
0
20
19
4
16
40
6
14
34
16
9
38
67
12
18
7
18
14
33
62
23
18
16
132
24
7
47
2
11
55
6
6
18
8
16
23
23
15
15
18
14
13
147
8
17
3
43
2
19
19
35
32
8
2
9
14
5
47
7
11
23
56
14
14
12
19
13
3
6
21
6
20
11
5
11
6
29
2
3
8
6
15
45
7
8
7
7
17
14
4
17
26
25
19
18
13
29
13
15
13
7
4
18
8
8
9
16
16
34
28
5
26
4
7
18
10
17
13
9
5
18
15
127
5
21
25
8
11
10
14
9
19
5
10
81
10
5
10
25
37
290
24
10
5
22
16
39
7
9
6
10
18
16
22
4
18
6
5
15
4
16
14
11
35
6
11
11
30
19
4
11
11
8
8
21
13
9
1
5
4
18
29
40
19
17
9
14
23
41
14
13
24
10
67
34
8
13
9
8
8
10
4
5
10
160
11
16
4
10
8
21
109
66
43
10
70
4
23
50
6
15
19
67
17
22
11
7
34
4
10
20
16
15
9
83
4
9
17
18
2
15
3
5
11
5
51
14
16
21
17
19
8
28
7
14
108
5
9
11
10
8
11
10
26
13
16
6
6
33
37
16
14
15
16
5
23
209
9
28
19
4
21
4
5
20
17
17
14
6
30
7
18
8
5
5
12757
10
50
69
3
15
21
17
7
16
10
23
10
6
16
19
101
30
16
35
11
6
6
9
5
26
27
12
14
5
12
3
75
21
24
12
15
7
11
9
7
10
25
16
15
6
10
25
25
18
44
9
10
126
12
25
6
11
15
12
30
11
5
0
22
8
8
6
22
4
21
14
19
20
13
14
11
18
14
21
7
9
17
15
10
10
12
27
23
2
16
11
16
4
18
18
53
7
9
22
20
23
19
6
10
16
27
18
8
19
6
10
2055
9
11
19
3
19
14
10
9
12
12
12
10
23
12
10
15
27
16
1
13
8
6
6
11
13
9
5
21
30
8
6
25
36
24
8
11
17
18
5
15
15
26
18
6
22
12
7
9
7
26
9
17
17
4
43
20
20
38
28
17
21
16
144
8
8
8
25
2
12
9
13
34
9
9
27
7
5
22
195
8
35
35
25
18
7
18
11
9
9
11
23
18
0
20
19
4
16
40
6
14
34
16
9
38
67
12
18
7
18
14
33
62
23
18
16
132
24
7
47
2
11
55
6
6
18
8
16
23
23
15
15
18
14
13
147
8
17
3
43
2
19
19
35
32
8
2
9
14
5
47
7
11
23
56
14
14
12
19
13
3
6
21
6
20
11
5
11
6
29
2
3
8
6
15
45
7
8
7
7
17
14
4
17
26
25
19
18
13
29
13
15
13
7
4
18
8
8
9
16
16
34
28
5
26
4
7
18
10
17
13
9
5
18
15
127
5
21
25
8
11
10
14
9
19
5
10
81
10
5
10
25
37
290
24
10
5
22
16
39
7
9
6
10
18
16
22
4
18
6
5
15
4
16
14
11
35
6
11
11
30
19
4
11
11
8
8
21
13
9
1
5
4
18
29
40
19
17
9
14
23
41
14
13
24
10
67
34
8
13
9
8
8
10
4
5
10
160
11
16
4
10
8
21
109
66
43
10
70
4
23
50
6
15
19
67
17
22
11
7
34
4
10
20
16
15
9
83
4
9
17
18
2
15
3
5
11
5
51
14
16
21
17
19
8
28
7
7
20
6
24
26
17
16
9
20
10
10
16
12
72
32
14
5
32
21
4
26
115
4
13
13
9
6
10
5
3
13
11
22
16
65
41
1001
7
51
13
5
14
13
44
15
19
4
5
10
2
35
11
9
27
7
20
14
3
21
9
9
12
18
23
48
26
8
18
23
19
15
88
13
27
18
42
23
4
10
12
13
19
10
8
42
21
29
11
9
12
39
5
23
3
84
3
17
1
23
11
43
8
10
50
51
4
44
10
16
10
18
5
10
31
13
28
18
1
15
24
12
127
4
7
11
6
11
16
27
10
9
16
6
51
22
18
10
14
15
21
10
69
15
3
12
15
20
8
16
11
20
37
4
40
57
8
8
1
8
8
13
34
17
4
121
14
25
4
6
36
17
16
16
22
11
20
36
6
16
2
8
8
11
10
12
7
7
39
9
12
25
14
5
11
119
15
23
9
19
17
32
3
22
15
6
11
8
5
18
10
9
7
20
16
14
40
17
12
8
4
7
12
38
16
11
104
7
4
9
12
6
23
8
23
108
8
21
51
7
7
10
24
87
21
21
6
11
25
14
26
4
10
12
21
8
13
9
36
8
51
10
35
17
7
13
15
11
478
113
2
20
8
24
8
12
24
8
14
16
13
15
25
19
13
13
46
7
25
10
30
26
8
5
28
8
38
13
13
26
15
21
19
12
3
7
11
15
4
16
6
28
8
20
10
12
4
6
7
44
29
6
12
4
18
21
12
18
9
16
10
3
20
11
10
25
10
10
7
14
16
8
14
12
14
17
10
26
10
10
7
5
8
14
21
4
6
12
33
11
18
3
16
17
10
14
12
9
11
3
11
7
9
2
16
3
9
3
10
11
13
5
38
11
22
13
6
5
8
9
10
36
9
4
7
22
19
17
6
9
13
8
19
27
1
25
14
15
26
53
7
14
10
11
7
7
12
20
19
7
20
11
22
30
10
8
3
17
11
8
7
10
14
21
26
38
11
19
11
13
12
21
150
14
10
14
21
11
11
13
12
18
183
11
5
9
9
26
15
20
18
15
18
26
9
6
15
14
14
40
47
153
47
17
5
10
3
10
51
16
19
69
9
8
18
7
5
13
12
12
5
12
14
5
19
12
3
10
22
87
7
15
48
19
14
7
16
8
5
28
8
22
9
2
7
1
42
9
7
10
4
22
4
9
10
21
12
18
13
8
21
13
4
16
19
7
18
6
11
6
15
2
8
10
7
14
14
13
30
13
9
30
11
12
19
66
6
4
6
17
9
7
18
22
15
1530
4
8
12
9
15
11
17
324
7
9
36
21
10
96
6
5
6
16
11
10
77
11
11
12
6
6
12
13
29
15
15
17
5
8
21
17
15
23
18
10
15
12
39
14
7
9
7
22
9
17
10
17
9
7
14
16
9
5
8
4
43
19
15
19
27
16
14
64
4
13
5
11
5
18
7
8
3
8
491
14
15
62
37
24
3
12
13
45
7
3
4
13
6
25
5
29
26
13
5
13
29
32
3
15
10
20
43
15
28
17
18
19
28
9
5
9
7
15
23
8
15
40
13
41
16
3
3
6
1
14
7
46
6
11
10
12
45
58
7
11
93
6
11
3
4
4
10
21
33
40
15
17
4
23
14
47
13
6
12
5
12
33
18
72
9
27
20
15
16
27
35
17
9
47
5
15
10
28
7
12
7
17
20
8
9
11
26
5
14
20
27
29
9
21
7
4
9
11
54
15
9
6
16
30
6
14
11
12
34
196
10
59
11
4
12
5
14
6
27
16
13
13
21
8
10
14
10
35
22
7
15
20
30
11
34
27
11
6
6
20
9
9
16
17
20
12
9
8
9
21
9
26
32
17
10
4
14
10
41
17
20
23
8
9
15
10
20
243
4
12
6
11
11
12
29
24
7
34
11
11
3
22
12
16
18
15
13
24
15
17
12
6
5
23
10
8
17
7
11
9
6
7
15
2
115
23
11
12
10
9
32
5
22
10
16
5
26
28
16
10
14
14
19
15
28
10
18
16
10
8
7
15
9
27
12
9
12
22
6
16
23
17
22
7
12
4
12
5
13
10
8
12
184
4
3
9
10
7
16
0
10
32
15
19
8
8
297
4
12
6
16
31
14
13
6
62
18
21
11
13
10
22
15
13
20
6
19
9
5
13
17
13
16
8
112
4
9
14
8
15
11
16
10
3
10
11
13
6
119
14
27
7
68
39
14
5
19
13
9
9
34
10
248
18
7
20
11
2
11
19
15
16
2
19
12
8
33
14
20
34
7
25
12
9
15
18
18
23
20
3
15
15
23
47
25
15
11
12
5
14
10
4
4
7
26
61
9
17
18
3
4
17
11
7
15
14
12
26
37
19
8
51
10
15
3
12
8
6
4
5
8
123
13
5
67
22
16
11
1
13
7
6
6
21
63
14
7
8
3
11
45
7
6
13
10
14
21
11
3
16
5
16
23
9
7
12
10
6
30
7
60
6
2
7
218
26
12
9
9
28
14
64
12
30
34
1
6
14
12
7
21
9
31
17
3
16
1
23
10
8
5
2
23
23
11
32
13
6
8
7
2
19
7
10
15
5
32
9
7
5
18
127
53
12
6
11
15
1
4
12
18
20
41
18
14
25
24
34
10
18
6
20
17
9
23
7
6
22
30
2
6
6
15
10
40
43
14
6
9
11
18
32
13
6
24
33
7
15
103
90
37
28
13
28
18
14
5
7
26
14
23
63
249
3
13
9
22
14
16
18
10
5
25
18
11
5
26
10
14
7
6
35
4
15
11
6
13
26
19
8
9
6
24
12
14
215
12
15
14
76
31
7
7
4
22
13
17
27
6
21
10
3
7
8
57
10
7
16
8
10
4
28
16
15
35
12
7
14
10
7
161
17
13
13
24
46
58
9
6
10
168
8
11
46
8
14
10
7
24
7
16
9
10
17
16
7
13
8
27
34
11
7
3
154
2
7
6
10
24
10
48
12
17
53
25
11
12
19
6
18
14
4
11
6
13
14
7
5
11
8
16
10
44
15
42
7
77
17
9
21
7
9
11
9
9
12
11
21
5
19
8
22
19
29
8
11
23
9
8
6
10
7
6
31
32
64
10
11
40
15
10
31
74
9
19
25
13
13
11
23
21
15
23
17
6
33
14
8
7
8
12
9
13
6
39
36
14
12
10
105
7
12
11
10
9
11
37
26
28
6
12
17
54
6
17
7
29
8
78
5
14
47
5
24
28
8
31
9
4
25
5
15
21
12
30
7
13
8
6
48
4
8
65
8
24
12
5
7
25
14
47
26
8
5
16
7
11
6
21
689
10
7
18
11
12
12
14
24
18
12
14
9
17
389
8
24
11
16
11
9
9
15
6
13
51
30
1
8
9
5
4
8
21
7
11
19
9
24
7
8
8
24
10
9
8
9
17
11
11
15
118
5
15
12
3
13
7
9
7
9
13
121
11
19
21
22
62
22
3
23
19
16
17
6
10
11
15
8
14
31
29
11
13
34
8
61
48
8
19
6
2
20
8
9
22
19
5
11
12
10
15
23
11
15
24
8
15
2
14
25
19
34
10
16
9
9
9
15
28
27
10
18
14
6
11
11
21
8
11
33
84
12
7
18
24
9
38
80
31
9
10
11
4
9
15
8
9
11
13
9
6
10
19
6
21
13
8
8
6
18
21
4
12
19
14
19
16
17
28
24
8
14
18
18
11
363
17
20
8
14
31
21
6
13
6
22
13
2
15
17
8
15
5
12
28
6
12
3
21
8
39
15
4
7
16
68
37
4
13
14
12
79
9
7
9
12
23
19
16
7
2
7
9
10
16
13
5
11
33
7
95
16
52
13
19
5
24
6
37
11
13
24
12
6
17
16
7
6
4
147
3962
7
8
7
9
9
6
24
11
17
14
6
13
14
13
28
9
15
40
5
200
4
3
10
9
37
12
9
18
13
10
65
7
20
3
6
23
5
4
145
25
13
57
8
5
7
15
10
22
10
11
2
17
13
22
11
16
26
10
14
7
13
5
27
9
48
16
6
13
7
9
54
20
10
2
8
58
17
14
8
10
9
11
8
13
8
38
11
14
13
15
15
18
14
15
60
17
13
6
6
14
53
38
3
23
19
195
17
25
6
8
11
11
54
316
4
15
13
2
30
5
9
12
11
9
14
12
6
17
10
74
3
18
9
166
5
20
7
7
26
35
10
24
20
15
23
8
9
6
9
3
9
9
14
35
11
13
5
13
175
11
23
13
0
2
14
9
13
9
6
92
37
7
10
17
1
21
6
7
10
6
6
64
8
3
21
21
31
21
13
67
20
2
32
8
9
15
11
10
11
8
45
14
14
21
35
22
13
8
15
27
14
15
6
135
12
30
14
8
15
6
14
11
18
40
2
6
14
18
1
7
47
15
46
30
5
8
10
4
34
29
5
34
18
31
6
15
11
8
30
6
13
16
86
5
9
15
10
29
20
51
5
16
6
12
21
1
6
43
18
21
26
28
36
13
8
11
22
7
28
10
43
11
10
93
13
7
13
9
93
9
25
9
5
7
14
15
16
8
8
25
7
14
11
17
8
23
19
11
7
97
4
28
15
8
7
9
24
4
9
6
7
10
3
89
6
4
15
13
17
12
87
10
13
10
9
14
88
4
5
37
15
12
5
10
2
10
18
12
19
13
9
32
7
12
67
9
56
21
5
23
19
3
17
12
9
33
10
19
44
5
24
37
13
33
60
9
9
17
8
18
18
28
14
4
10
35
34
5
10
3
2
17
11
4
33
13
17
4
8
19
7
8
10
19
13
23
4
17
31
11
96
92
27
15
6
8
8
7
9
16
14
16
447
8
104
34
22
49
7
34
18
18
38
16
16
19
12
4
13
10
42
9
8
9
32
10
350
12
5
15
6
24
46
1060
10
12
19
3
22
16
13
18
111
87
9
31
9
13
24
170
21
21
13
93
13
32
15
16
15
104
28
11
90
8
28
2
8
23
8
41
32
17
3
6
13
4
8
17
10
6
24
17
18
2
8
28
11
5
15
18
228
32
10
10
78
16
10
5
6
73
7
19
11
13
8
21
7
15
11
29
85
5
5
7
5
0
12
4
20
10
7
19
4
12
10
52
37
72
11
31
21
15
10
11
28
8
15
4
2
23
21
47
17
122
13
12
8
11
4
7
10
25
19
15
16
31
3
2
28
8
14
16
18
8
51
7
24
38
29
8
19
11
15
6
9
19
32
7
1
7
17
7
9
7
16
9
34
37
7
10
16
7
10
6
15
16
8
12
11
4
7
31
16
32
18
6
16
12
24
20
49
10
17
27
14
12
23
9
11
13
9
8
9
6
26
14
8
18
197
28
95
10
9
15
54
15
13
9
12
9
32
7
9
10
4
12
39
15
16
10
14
13
12
17
71
24
38
9
27
21
9
15
25
9
17
2
17
34
12
7
7
31
15
8
29
7
10
55
8
37
9
15
12
13
7
11
14
23
9
5
12
51
9
6
13
845
9
4
23
5
16
19
17
23
11
15
15
5
23
26
10
5
15
16
56
27
10
85
45
18
16
8
10
17
15
20
122
20
4
6
10
7
9
17
12
29
10
9
39
52
9
17
11
14
10
6
13
15
3
5
14
11
3
67
11
3
60
5
16
18
20
10
6
12
156
7
42
5
9
16
4
8
9
14
15
73
3
7
13
9
14
12
14
3
15
11
9
4
24
19
22
19
83
111
19
59
13
14
10
10
24
17
14
17
4
11
7
11
11
23
10
16
44
53
20
5
5
10
248
4
54
84
6
15
22
11
4
8
14
17
120
61
2
17
14
21
40
11
13
8
9
6
12
26
3
10
10
38
19
14
24
22
16
17
48
7
5
17
38
33
15
15
7
22
77
21
8
14
11
9
22
21
5
9
8
20
17
11
19
15
4
14
10
25
10
12
14
127
10
7
8
34
11
15
26
11
6
6
7
20
15
21
24
7
10
10
6
24
26
5
5
7
16
10
10
3
11
23
23
46
16
4
1
14
10
20
3
8
9
36
9
21
702
12
8
19
18
9
15
18
10
42
13
22
34
50
22
18
35
13
30
12
38
20
32
34
36
12
19
7
10
3
40
19
6
7
9
4
9
11
15
12
25
14
9
14
12
18
13
14
40
3
17
14
17
5
11
10
1
6
16
5
16
14
6
16
11
9
23
20
88
33
6
5
5
23
21
13
11
13
15
14
43
38
23
15
21
3
12
7
11
9
9
13
18
11
15
10
13
27
12
12
6
14
26
7
7
5
14
10
16
20
11
27
4
5
6
15
31
25
8
24
11
11
11
8
10
33
60
22
14
16
5
18
25
37
14
4
33
38
10
11
13
10
9
8
12
5
14
21
11
19
11
16
31
29
34
17
23
12
17
12
3
8
12
10
6
12
18
38
13
12
11
8
13
8
39
37
32
53
7
10
12
10
18
19
58
50
10
16
10
12
23
17
13
36
9
14
89
5
23
8
15
37
9
20
19
9
39
23
16
21
3
5
16
30
16
15
7
18
5
13
46
7
10
8
4
10
11
12
19
18
15
20
32
13
8
8
4
31
6307
21
14
7
7
12
43
8
9
11
26
9
13
88
31
19
12
9
6
18
14
7
34
33
30
21
7
9
18
8
29
12
15
8
10
19
11
40
13
6
14
10
15
5
11
10
19
30
18
10
9
10
9
10
7
38
12
28
5
24
4
3
33
10
5
18
56
8
13
15
12
5
8
18
9
22
11
9
14
15
21
18
13
7
9
54
26
10
11
11
41
8
8
19
3
29
19
6
36
19
12
10
7
17
23
9
18
8
16
15
17
7
12
7
20
7
12
30
14
7
18
17
56
14
6
16
15
20
11
9
13
10
21
14
4
14
2
7
17
44
18
17
53
48
25
5
12
7
19
17
12
56
8
12
57
14
12
70
17
16
43
27
4
2
10
7
32
13
6
11
13
11
14
34
5
12
7
19
13
8
25
6
12
32
10
12
55
15
9
14
20
22
52
5
8
9
19
7
12
12
13
6
12
6
91
55
8
6
5
42
19
12
18
15
16
22
12
11
11
37
18
6
27
8
12
82
42
10
17
8
122
7
10
29
15
7
10
15
26
12
305
10
5
16
7
13
11
9
17
82
15
35
8
8
20
4
15
26
26
113
4
12
8
19
12
36
3
20
14
10
25
794
9
53
15
15
10
9
10
17
5
23
12
30
16
1
15
3
41
9
24
19
25
30
56
18
8
7
19
2
13
115
10
19
8
15
16
10
21
4
35
12
13
7
11
33
13
13
3
9
2
58
12
11
12
20
12
10
19
7
109
18
27
41
9
8
9
3
17
5
6
9
16
15
10
5
7
245
18
47
12
10
16
9
38
22
19
1
20
15
68
10
10
11
16
5
9
6
55
8
9
10
10
25
5
33
79
13
13
3
9
4
14
51
3
6
8
8
10
3
11
38
18
5
18
12
18
8
23
6
5
37
5
20
13
11
7
9
3
4
10
27
8
24
15
45
14
11
5
11
15
29
4
5
71
18
18
13
9
26
24
44
33
13
9
9
16
16
14
7
2
6
11
30
30
8
3
10
11
4
17
9
4
120
8
29
14
35
23
6
8
8
34
9
5
17
13
25
6
32
45
8
6
44
15
26
67
34
13
7
13
8
7
9
10
4
9
13
10
4
14
11
58
8
13
56
13
6
3
8
1
4
5
7
18
5
12
32
16
23
11
6
9
17
31
11
15
2
10
6
21
27
14
94
13
17
5
20
21
24
10
4
21
5
22
11
10
44
6
9
90
55
5
9
18
6
4
8
12
10
10
15
22
21
8
31
10
12
6
6
11
31
26
23
21
10
24
31
7
14
23
85
3
14
1
32
18
25
10
36
17
8
102
11
11
11
20
11
7
9
20
23
11
8
7
24
19
6
8
39
24
10
9
43
23
7
11
3
8
21
2
14
334
14
10
17
5
10
7
7
9
27
18
18
42
10
5
23
15
7
23
11
38
9
14
6
18
25
6
25
9
9
11
23
18
14
10
13
10
25
61
16
13
6
14
18
10
5
16
8
9
177
9
17
24
21
22
83
19
16
14
10
8
23
6
11
37
53
15
9
31
7
104
7
16
26
4
26
17
13
18
7
36
15
44
12
14
3
11
32
8
4
9
45
10
19
18
14
14
18
9
25
8
65
6
11
11
925
11
5
13
22
11
16
43
8
20
25
9
8
16
19
14
8
25
32
10
16
12
7
13
8
22
24
9
8
19
30
5
13
6
7
29
9
12
17
14
46
7
13
11
6
8
48
26
6
21
242
20
4
6
28
27
3
7
12
11
8
18
11
12
6
22
17
5
30
10
34
141
29
19
72
11
13
11
28
15
35
25
40
3
3
8
26
5
10
11
20
12
11
15
82
7
15
7
22
8
6
8
11
5
13
21
9
33
21
10
6
6
26
1
10
20
21
11
9
9
955
14
4
6
19
22
9
36
33
53
40
8
47
43
12
8
6
11
10
4
19
12
21
8
14
23
46
39
7
11
4
9
21
11
102
14
18
4
10
8
137
10
8
25
19
10
50
127
3
32
5
13
10
15
20
19
45
9
12
44
7
9
17
15
20
13
6
27
19
5
10
8
80
12
8
11
13
8
5
14
16
25
11
2
5
4
7
48
8
8
6
5
13
14
32
7
15
13
8
7
3
12
30
11
6
9
18
19
15
29
18
14
20
8
18
50
6
3
12
4
10
67
14
20
9
23
2
15
8
68
16
32
6
51
6
12
15
3
17
10
1
33
20
13
5
11
3
18
12
8
5
10
6
9
37
5
8
6
6
7
16
46
6
10
13
8
11
23
5
53
19
21
4
22
8
9
25
11
24
15
42
27
6
11
13
13
7
29
39
8
93
42
6
30
22
16
7
20
15
8
10
17
16
48
5
6
47
31
17
10
22
11
22
2
30
10
14
218
6
13
7
23
35
18
5
15
13
10
13
14
1
9
145
19
19
21
12
37
2
15
8
13
12
72
21
8
39
48
74
2
12
9
11
33
16
10
15
20
3
9
14
18
8
4
56
24
23
19
8
13
7
21
7
10
55
24
7
7
11
43
6
10
22
8
5
66
20
5
15
6
3
10
10
9
11
15
58
11
14
12
12
5
10
16
47
11
5
16
5
4
5
13
11
60
21
12
14
10
13
25
20
22
0
15
17
9
30
4
15
12
26
16
179
56
15
4
17
13
38
6
13
6
19
14
15
35
7
10
23
17
17
63
95
23
18
7
8
302
8
10
9
442
5
18
10
12
5
8
8
13
7
40
7
37
7
16
13
30
47
4
35
242
4
34
7
8
0
8
23
296
16
0
6
9
12
14
8
19
2
17
7
204
14
17
7
23
26
64
24
5
31
7
13
25
10
25
14
11
8
26
99
13
16
11
25
2
870
8
30
94
158
11
17
19
27
37
23
20
18
46
61
8
8
6
24
44
7
12
16
7
42
11
3
26
16
58
12
9
1
9
10
32
18
16
12
8
18
19
11
30
7
12
7
17
2
11
12
4
48
9
9
2
10
11
7
8
3
18
13
13
5
3
36
10
5
9
4
9
18
35
27
15
10
14
56
12
10
69
29
17
6
11
29
18
13
8
13
20
11
26
20
14
7
35
7
7
61
20
6
10
26
8
21
10
27
47
49
31
8
58
21
8
60
16
28
11
6
15
3
11
13
25
9
8
11
18
18
25
8
7
12
7
440
28
3
11
7
37
5
29
7
26
4
3
71
9
15
11
13
6
9
15
14
18
13
8
11
30
8
10
24
83
12
69
9
18
27
12
9
3
6
8
5
194
10
22
7
8
5
26
8
14
9
19
5
16
40
15
11
5
10
4
5
4
3
40
13
33
29
17
6
11
67
19
4
39
30
6
76
3
32
217
42
14
8
9
20
11
65
54
7
5
15
9
23
23
5
9
17
7
5
24
4
23
9
8
388
6
12
12
13
38
26
22
8
39
17
42
8
58
21
105
11
33
13
15
10
3
11
14
21
43
14
18
9
5
20
17
17
14
5
14
19
7
12
11
11
22
35
23
13
4
42
21
5
16
19
49
15
10
15
14
10
5
7
12
22
13
7
4
24
5
16
7
15
10
8
21
13
26
16
5
11
14
25
22
5
8
30
6
9
5
6
13
19
10
8
12
94
32
9
42
63
22
6
6
12
16
19
11
8
32
9
25
13
7
18
25
5
25
16
5
11
208
13
5
5
11
18
18
16
27
25
273
12
13
11
44
15
13
19
13
32
55
3
28
18
15
9
13
38
23
2
37
32
17
20
20
30
5
12
33
16
12
42
7
9
25
46
22
6
10
24
9
5
31
7
78
43
18
32
15
11
15
12
35
21
36
6
78
10
12
21
6
26
6
14
10
12
25
16
4
17
5
15
7
3
13
8
11
18
61
6
13
12
15
22
5
12
15
18
4
87
3
28
728
36
15
7
8
15
24
37
3
13
17
42
28
11
2
12
8
29
13
14
40
665
35
112
566
5
18
12
5
11
13
23
5
2
5
20
28
15
11
18
14
8
5
6
9
19
14
7
12
17
29
10
7
11
4
8
11
12
11
15
6
25
8
15
5
17
13
7
16
6
11
8
12
6
7
9
20
30
11
7
19
7
23
97
19
12
3
52
21
4
87
16
8
10
28
8
15
38
28
8
20
9
21
21
6
9
48
13
11
7
11
6
9
38
462
77
10
5
9
36
18
4
25
11
10
50
5
4
3
17
55
5
6
61
14
8
9
27
19
70
4
15
4
8
11
14
14
8
5
14
4
12
38
2
6
18
30
154
15
11
7
8
56
40
34
45
24
9
6
19
15
18
13
32
2
4
2
13
12
199
41
11
9
4
26
18
6
12
28
7
11
6
8
8
11
7
11
17
37
11
8
18
5
15
27
11
6
13
44
7
12
14
4
3
8
35
12
5
6
16
6
25
6
20
10
11
35
9
2
7
16
7
30
9
13
14
10
20
20
32
20
14
4
22
90
10
38
20
30
3
6
2
32
11
14
57
7
38
10
9
2
21
9
14
7
13
11
17
11
26
3
14
14
32
30
4
9
16
17
16
13
42
41
21
15
29
19
13
12
680
3
9
6
8
2
20
8
10
16
12
7
16
26
9
4
6
8
12
7
17
4
27
7
20
8
17
9
12
7
22
14
64
10
14
8
3
11
8
10
5
17
28
9
14
8
21
11
19
11
19
54
18
8
16
10
48
8
15
6
11
22
43
15
8
23
10
3
9
31
117
4
9
5
41
58
18
10
10
15
13
4
4
7
17
16
0
23
50
13
34
8
14
10
16
33
6
18
28
12
18
7
6
20
144
32
5
3
14
21
3
33
4
7
33
19
7
13
10
22
7
7
10
14
33
15
13
32
27
14
33
4
3
14
10
11
119
13
19
13
12
16
10
18
5
10
55
5
19
10
7
16
4
22
14
14
12
8
5
24
27
10
4
46
15
5
7
4
7
6
23
25
4
58
6
7
7
19
17
2
92
4
9
6
16
7
28
3
11
7
6
16
8
25
9
30
76
14
12
11
17
27
20
10
25
23
9
9
7
25
8
7
13
14
24
9
6
39
12
9
132
17
25
11
16
8
11
4
22
10
17
87
7
250
9
33
11
10
8
19
5
2
10
6
15
6
14
38
11
8
12
18
35
11
5
5
6
21
17
19
20
12
11
118
6
13
65
3
22
22
15
13
25
18
32
4748
12
12
23
14
9
17
10
4
10
8
8
4
8
35
18
8
24
10
20
28
31
14
8
20
10
28
13
6
28
10
8
26
14
6
3
9
7
17
9
16
9
29
17
12
22
15
30
22
15
8
7
10
16
9
221
2
15
37
13
5
26
8
3
8
5
4
25
22
23
46
35
18
3
12
29
14
6
10
8
7
3
4
13
13
28
12
11
7
3
10
21
25
16
10
20
13
82
12
22
19
11
5
11
6
24
27
28
13
13
47
13
11
9
6
11
10
88
2
10
3
12
15
12
14
34
5
7
17
8
5
10
19
9
3
8
38
27
84
29
13
803
43
16
15
5
13
24
79
7
10
26
13
55
10
547
11
4
15
9
10
3
7
334
16
18
22
18
14
9
11
18
8
12
40
35
18
19
81
11
20
9
1
19
9
19
4
9
17
9
67
13
10
8
5
7
7
5
15
18
16
31
21
4
23
5
4
6
32
183
3
5
36
9
18
44
22
7
4
21
34
14
14
14
14
5
9
12
17
2
20
14
9
51
9
15
47
16
20
5
30
13
11
7
16
16
4
13
5
22
103
8
11
11
27
28
19
13
37
8
12
73
22
11
12
2
11
23
22
20
7
23
7
12
98
19
10
9
175
19
8
17
7
8
11
25
33
2
35
11
9
7
21
19
16
3
23
20
29
13
14
9
20
6
16
15
5
7
91
6
14
23
16
7
9
33
9
9
16
5
10
14
34
9
5
22
16
22
5
4
8
11
24
3
20
22
7
13
22
57
5
22
8
18
22
93
21
399
15
7
15
3
10
7
38
9
18
12
17
19
8
7
15
6
4
17
16
17
8
10
20
39
15
6
8
37
6
8
55
8
10
12
20
19
15
10
7
15
17
10
18
8
90
1
12
13
14
13
19
9
18
15
11
41
18
3
463
10
13
77
13
9
34
10
33
14
30
7
14
21
17
46
6
17
22
41
15
24
20
22
5
18
5
5
3
30
20
1047
24
17
11
9
19
9
4
7
12
47
20
31
4
10
11
24
11
57
8
18
13
18
8
3
28
29
14
14
11
16
20
12
12
8
29
35
31
53
22
11
0
24
43
12
13
18
10
8
20
4
8
14
10
12
7
6
101
5
29
12
7
28
6
24
16
6
6
6
33
42
10
7
5
9
34
12
8
14
1
11
189
43
15
7
20
13
80
14
41
9
13
8
19
3
15
1
303
8
8
6
29
5
16
17
18
13
46
13
8
18
12
28
14
29
15
9
54
76
17
9
22
9
13
22
14
17
14
4
6
17
5
9
12
118
9
22
26
11
44
6
15
10
29
16
11
16
20
59
20
28
13
19
52
14
7
6
12
14
12
5
14
15
1
3
108
11
9
19
32
17
3
11
83
22
10
17
28
21
13
14
59
9
44
19
11
13
5
8
10
23
21
5
6
21
20
7
9
10
17
20
11
11
3
12
34
158
22
10
17
10
13
42
19
11
14
4
35
19
19
8
19
19
18
5
24
18
9
8
15
11
20
13
15
10
24
3
19
12
16
6
37
19
5
29
67
13
6
32
13
31
9
29
5
14
9
11
13
5
19
21
20
13
46
11
22
7
12
13
15
3
27
13
16
111
7
11
10
19
6
18
4
15
10
532
38
8
11
5
43
4
21
13
6
5
12
149
56
18
3
15
11
12
4
57
9
9
10
12
9
12
21
18
11
7
14
13
13
22
6
12
15
38
21
23
6
32
15
17
9
9
35
5
15
5
6
2
21
15
11
19
13
14
3
25
39
5
8
9
27
17
9
7
16
16
6
17
11
5
8
24
7
7
27
21
7
9
41
9
4
15
1
27
20
20
10
7
17
3
7
19
18
8
9
20
23
267
44
6
8
15
86
12
10
11
13
17
9
15
9
196
6
24
7
69
10
22
15
15
11
65
8
75
17
14
10
14
13
11
46
10
79
6
44
43
11
14
1
7
18
11
12
9
17
34
18
17
30
8
19
7
8
8
9
8
8
20
18
13
31
8
22
34
26
8
7
21
4
28
17
6
25
16
3
18
28
33
8
13
12
2
9
8
7
16
12
30
22
9
88
17
12
12
9
6
15
39
108
23
4
6
14
7
14
5
241
22
17
15
21
5
6
2
13
14
17
3
15
21
14
24
10
26
12
7
19
16
16
9
14
41
8
5
9
15
20
7
53
10
44
27
16
9
8
37
107
68
15
20
9
25
7
9
7
4
10
6
16
15
21
57
23
93
49
16
12
7
4
15
7
16
5
5
17
12
11
12
9
10
21
6
16
18
17
16
16
6
26
10
7
25
25
11
14
11
10
3
5
3
21
9
31
30
7
10
40
17
20
26
15
9
24
31
225
26
8
11
28
9
7
17
25
6
8
6
14
11
9
15
14
34
9
11
14
6
9
14
7
7
6
15
21
38
16
11
19
23
9
13
11
14
31
28
17
14
13
30
79
8
7
10
42
9
6
24
3
22
11
18
51
30
1
3
5
11
26
11
51
3
9
30
9
10
7
5
42
19
9
6
21
3
18
11
15
18
5
35
17
8
13
9
6
14
19
91
20
10
14
36
43
6
11
152
13
59
102
2
7
2
10
26
8
12
25
5
9
15
11
29
12
9
18
7
11
7
16
40
11
10
14
5
9
16
20
14
24
8
6
34
20
13
17
13
14
3
28
15
9
23
9
41
16
20
48
5
6
23
10
51
159
3
14
10
8
12
17
43
45
9
8
6
45
13
12
17
6
22
8
10
13
4
44
23
4
68
8
11
54
4
9
14
10
44
18
11
11
8
1
8
42
22
13
67
10
18
24
13
6
22
8
36
22
82
3
15
11
25
32
14
105
30
7
6
15
2
3
14
15
9
25
30
15
14
27
9
3
14
15
13
4
16
8
31
12
11
15
8
17
9
19
18
14
82
13
20
6
5
18
9
9
15
17
5
33
16
48
28
31
8
14
10
5
15
13
3
27
7
9
38
24
24
21
17
1
26
10
8
6
2
22
17
12
14
23
8
17
12
7
29
10
9
31
12
16
110
11
16
29
26
5
67
10
12
2
23
3
14
271
17
18
21
11
13
60
45
13
26
38
19
41
7
4
8
16
11
26
25
5
4
21
17
4
21
9
22
13
13
12
12
26
15
45
6
18
23
29
82
10
8
3
10
9
5
13
3
10
28
27
34
12
16
2
10
69
3
9
10
27
13
8
10
24
7
31
35
11
13
11
7
4
26
22
8
25
86
19
22
53
17
3
54
18
5
8
25
128
8
23
9
8
14
269
2
7
17
16
12
8
7
12
29
27
7
24
7
26
7
16
13
4
42
8
9
20
13
27
14
14
10
5
37
8
50
16
30
18
25
9
64
39
6
17
34
11
12
10
59
12
21
11
8
9
9
14
90
11
17
3
19
28
19
12
12
21
2
19
4
1
3
28
15
51
19
31
5
5
14
32
25
9
59
12
13
1151
36
13
9
8
12
8
11
4
15
15
11
64
4
18
5
6
35
78
13
6
13
78
30
14
14
33
6
8
29
23
7
22
9
18
8
7
6
79
14
11
37
102
4
7
15
12
9
20
26
6
12
76
5
9
25
115
21
48
67
6
11
16
17
12
9
2
10
10
26
13
9
6
15
13
9
9
13
15
28
19
30
18
0
13
18
18
8
20
11
11
16
10
17
33
11
6
12
17
19
12
95
31
9
6
24
9
18
14
17
673
12
5
8
11
12
25
15
13
19
5
8
14
7
10
15
12
25
7
29
8
11
5
2
7
27
7
9
15
11
10
10
25
15
9
7
17
82
15
5
27
11
24
9
8
22
9
4
13
24
170
9
3
5
8
26
10
23
18
514
2
9
25
5
6
7
19
6
73
13
10
19
24
11
8
9
10
5
11
10
6
8
4
4
6
18
2
7
4
57
10
14
17
11
57
10
12
11
6
6
25
1
5
44
13
41
16
7
5
9
3
11
9
4
46
63
32
69
22
9
66
9
18
8
34
17
18
25
23
30
20
14
31
7
8
18
12
6
9
7
7
20
61
32
11
9
14
16
4
14
8
25
98
22
6
3
256
17
10
8
16
13
10
43
22
16
44
0
13
16
14
19
18
8
12
11
43
9
15
35
10
13
450
4
14
11
6
11
15
64
13
3
3
11
23
9
4
11
18
6
10
5
5
13
5
16
31
14
9
8
14
108
5
9
11
10
8
11
10
26
13
16
6
6
33
37
16
14
15
16
5
23
209
9
28
19
4
21
4
5
20
17
17
14
6
30
7
18
8
5
5
5
20
14
7
13
6
20
4
33
11
7
19
12
12
370
60
11
10
30
13
18
8
9
10
3
12
12
70
10
19
13
67
15
4
11
7
22
8
8
59
18
28
7
18
5
16
21
12
17
14
11
17
22
40
1
3
17
38
28
58
7
10
14
15
8
15
27
28
3
9
14
12
15
9
12
1
8
15
6
14
10
4
7
18
15
17
24
17
5
9
5
111
11
14
7
6
4
22
11
17
5
21
17
22
33
31
13
4
5
17
5
14
14
47
82
15
14
19
62
18
17
27
9
13
9
25
8
10
29
57
16
63
2
5
0
4
7
11
74
9
18
18
11
24
9
12
20
12
9
7
12
34
13
11
6
10
10
9
13
44
15
14
64
14
13
25
11
5
10
10
6
25
5
22
10
69
16
18
11
10
52
10
13
5
59
25
20
5
17
26
11
64
5
14
23
8
11
25
10
85
17
11
15
8
8
6
14
6
15
28
15
21
5
15
36
15
12
3
18
26
3
11
8
23
15
10
10
13
21
33
10
11
54
17
3
13
12
78
5
4
10
14
11
3
34
11
29
16
20
6
22
10
13
28
19
19
31
50
12
11
9
12
17
38
17
23
19
14
7
4
9
9
3
16
6
13
13
16
8
22
4
11
21
36
23
2
12
14
2
21
20
4
15
14
11
19
7
10
14
9
14
12
19
13
24
8
7
11
1
10
9
16
14
4
9
20
62
18
29
13
7
12
16
13
41
12
14
8
18
31
15
13
6
9
9
23
15
38
15
5
8
9
9
22
44
17
15
4
14
50
6
16
8
17
1
200
12
12
7
10
11
12
12
10
8
33
10
62
17
28
6
39
42
7
15
23
20
12
14
3
14
9
28
9
10
21
14
10
41
228
10
14
11
9
29
5
16
7
6
24
11
14
18
17
5
11
14
8
144
13
9
7
7
12
7
11
25
7
3
12
17
37
21
20
9
16
15
5
10
31
5
41
6
13
14
22
9
9
2
17
4
12
27
19
27
12
6
5
8
14
13
4
7
11
11
13
10
35
12
