8
21
16
12
9
7
11
2
20
12
5
24
11
2
14
6
10
5
15
19
17
7
7
38
2
17
6
28
3
4
7
0
13
7
11
3
6
19
14
19
11
8
11
16
13
12
14
13
13
11
4
11
4
11
9
39
7
2
24
7
23
36
5
13
14
17
15
5
22
12
6
3
22
10
18
19
15
8
17
7
7
14
8
9
6
18
65
27
6
11
7
11
5
8
8
3
9
9
4
8
8
7
9
3
3
2
4
14
6
8
8
11
4
12
8
13
21
6
19
12
9
18
9
6
10
4
6
9
6
10
5
22
26
6
5
14
13
10
10
21
8
10
15
7
15
13
6
17
6
3
16
18
38
12
6
13
9
7
7
6
16
10
8
20
7
49
8
8
15
30
3
11
26
6
6
14
13
36
9
14
9
39
5
7
6
16
5
10
19
3
247
20
13
37
8
16
52
2
6
8
7
30
10
2
14
60
14
58
19
9
23
9
7
8
10
11
4
7
133
15
10
13
5
10
2
7
2
8
10
8
10
7
7
7
11
10
7
15
9
13
2
11
6
7
6
8
16
21
6
23
14
12
11
11
10
20
13
13
7
9
29
24
11
21
4
4
27
12
5
6
2
12
5
7
21
12
19
151
16
1
12
3
13
5
5
6
17
15
17
6
6
10
14
3
7
5
4
16
2
13
16
35
26
8
4
13
5
20
8
4
2
8
5
14
17
15
11
7
12
2
8
3
6
123
11
10
3
19
16
10
7
20
5
18
4
12
8
9
17
11
2
12
56
7
33
20
6
10
6
5
7
8
8
4
22
25
3
6
3
4
6
18
13
11
6
16
5
45
22
7
3
13
8
8
23
8
12
19
18
12
12
2
9
6
8
9
19
9
7
12
28
8
14
7
15
7
2
6
4
12
11
20
55
5
10
23
3
11
10
55
24
22
220
1196
6
29
14
24
13
9
6
7
12
8
6
4
12
6
1
29
17
15
9
2
4
82
52
4
13
16
11
8
6
12
9
5
17
8
9
21
76
6
25
10
10
10
5
10
24
7
4
3
11
3
15
2
30
6
4
10
8
6
19
8
21
16
12
9
7
11
2
20
12
5
24
11
2
14
6
10
5
15
19
17
7
7
38
2
17
6
28
3
4
7
0
13
7
11
3
6
19
14
19
11
8
11
16
13
12
14
13
13
11
4
11
4
11
9
39
7
2
24
7
23
36
5
13
14
17
15
5
22
12
6
3
22
10
18
19
15
8
17
7
7
14
8
9
6
18
65
27
6
11
7
11
5
8
8
3
9
9
4
8
8
7
9
3
3
2
4
14
6
8
8
11
4
12
8
13
21
6
19
12
9
18
9
6
10
4
6
9
6
10
5
22
26
6
5
14
13
10
10
21
8
10
15
7
15
13
6
17
6
3
16
18
38
12
6
13
9
7
7
6
16
10
8
20
7
49
8
8
15
30
3
11
26
6
6
14
13
36
9
14
9
39
5
7
6
16
5
10
19
3
247
20
13
37
8
16
52
2
6
8
7
30
10
2
14
60
14
58
19
9
23
9
7
8
10
11
4
7
133
15
10
13
5
10
2
7
2
8
10
8
10
7
7
7
11
10
7
15
9
13
2
11
6
7
6
8
16
21
6
23
14
12
11
11
10
20
13
13
7
9
29
24
11
21
4
4
27
12
5
6
2
12
5
7
21
12
19
151
16
1
12
3
13
5
5
6
17
15
17
6
6
10
14
3
7
5
4
16
2
13
16
35
26
8
4
13
5
20
8
4
2
8
5
14
17
15
11
7
12
2
8
3
6
123
11
10
3
19
16
10
7
20
5
18
4
12
8
9
17
11
2
12
56
7
33
20
6
10
6
5
7
8
8
4
22
25
3
6
3
4
6
18
13
11
6
16
5
45
22
7
3
13
8
8
23
8
12
19
18
12
12
2
9
6
8
9
19
9
7
12
28
8
14
7
15
7
2
6
4
12
11
20
55
5
10
23
3
11
10
55
24
22
220
1196
6
29
14
24
13
9
6
7
12
8
6
4
12
6
1
29
17
15
9
2
4
82
52
4
13
16
11
8
6
12
9
5
17
8
9
21
76
6
25
10
10
10
5
10
24
7
4
3
11
3
15
2
30
6
4
10
8
6
19
34270
3
7
26
86
28
9
7
10
21
4
3
7
4
7
2
12
18
12
9
8
9
12
4
7
25
7
9
8
5
15
5
5
10
6
42
5
12
3
16
13
4
8
5
6
3
8
16
17
17
6
48
10
10
9
281
11
18
6
4
8
10
21
45
5
8
5
6
47
10
43
8
7
7
3
11
15
2
5
3
49
23
7
6
15
21
4
10
9
12
2
2
34
18
19
4
11
7
30
6
9
13
11
7
7
23
11
8
11
6
10
5
10
16
8
60
11
1
8
39
7
4
17
11
6
37
6
3
4
153
40
11
12
5
14
11
15
9
13
84
13
7
8
3
10
8
6
1
7
4
4
4
25
8
4
11
7
15
14
5
16
10
27
81
7
1
8
8
31
6
10
15
10
8
13
8
18
7
9
25
11
4
23
11
4
18
9
4
15
2
17
19
18
1
1
19
6
5
62
11
14
7
18
9
21
229
5
10
7
4
13
15
5
12
59
9
33
2
30
12
5
9
4
5
10
45
29
19
24
5
21
10
10
13
15
4
4
10
6
24
8
255
9
7
4
22
14
12
8
8
10
41
18
7
70
12
4
25
12
16
10
8
4
3
16
18
10
4
7
13
11
18
12
9
6
15
16
13
8
5
31
37
20
9
13
164
24
6
18
13
6
6
9
51
6
12
6
10
14
15
7
7
8
15
8
33
10
6
10
7
6
15
8
6
17
8
20
4
2
5
6
4
12
4
7
9
13
11
9
13
12
5
3
8
55
6
9
41
12
6
2
5
14
5
13
14
12
3
12
25
2
18
19
11
22
2
14
13
7
32
12
15
2
11
11
5
7
6
9
6
23
5
6
5
4
18
2
9
49
2
32
2
13
5
22
8
5
3
14
16
14
8
15
9
20
4
9
11
6
49
10
7
4
19
30
10
8
19
4
3
66
3110
8
30
5
2
8
10
12
13
5
13
11
8
13
24
21
29
3
3
13
7
10
5
2
5
10
16
10
13
15
9
23
9
11
6
7
7
12
12
3
6
5
32
16
13
3
27
10
16
6
4
3
14
18
7
4
29
4
2
4
14
9
2
31
18
8
10
14
14
9
5
22
9
8
14
4
9
68
18
13
6
6
3
11
15
5
7
3
6
8
14
3
7
5
4
3
10
5
7
20
12
19
19
18
4
12
6
7
6
16
6
18
27
22
4
15
10
1
10
10
25
9
11
7
35
41
5
6
10
4
14
23
26
9
6
31
14
4
17
9
8
29
7
6
18
8
6
16
8
16
9
2
103
6
28
3
7
10
9
19
9
6
12
17
15
18
28
4
4
14
15
6
8
8
6
5
8
8
9
3
8
8
5
3
18
21
15
8
8
8
39
7
10
8
6
9
22
21
22
10
6
9
10
5
24
72
3
96
11
7
10
8
15
73
4
12
10
7
40
22
48
16
8
62
9
33
9
16
5
10
20
10
12
8
2
4
13
7
4
14
4
14
10
2
8
8
10
12
3
11
19
5
15
2
5
6
9
8
7
2
17
7
42
24
4
6
9
26
9
3
39
6
7
7
6
9
7
10
19
12
19
23
11
11
33
12
9
20
16
3
6
14
7
7
24
11
9
6
10
19
5
14
5
5
13
34
10
17
6
14
18
10
6
7
15
17
27
7
17
11
17
78
9
6
11
10
6
15
2
9
7
8
10
8
59
13
15
6
6
2
2
23
11
21
18
3
6
10
10
10
5
10
9
6
18
2
12
6
7
10
2
8
22
161
14
80
7
6
2
7
5
12
4
233
16
3
7
11
13
14
15
9
20
16
9
16
13
10
7
3
9
4
62
5
15
9
14
21
14
7
4
7
9
13
6
41
3
4
15
1
15
5
26
36
38
12
3
18
11
19
8
16
7
14
22
14
17
7
45
20
9
16
15
3
16
9
1
45
9
11
14
6
72
60
2
139
10
9
4
41
14
6
4
6
4
26
15
4
5
15
3
4
9
9
15
12
5
10
12
8
15
8
13
14
10
8
11
16
11
3
13
9
7
13
7
6
7
17
27
5
9
10
4
5
6
7
1
25
26
7
12
7
12
2
8
12
6
5
9
5
3
30
14
13
25
5
4
9
5
15
14
39
9
9
7
22
4
6
18
7
10
10
8
8
5
22
23
15
5
2
15
15
14
14
12
1
18
6
16
9
78
10
24
6
1
7
11
14
6
17
5
6
13
5
4
2
13
18
39
19
5
9
15
11
3
6
20
13
14
9
7
10
7
14
3
8
21
10
9
8
4
16
7
9
14
7
7
84
9
34
15
7
5
10
21
21
6
19
8
9
12
18
10
3
5
4
12
8
8
8
13
53
6
28
18
6
11
13
22
7
19
5
8
26
3
25
13
9
5
15
5
6
26
10
6
66
6
5
9
28
7
19
25
4
6
13
10
17
11
7
23
10
14
48
8
40
31
4
10
8
4
17
25
13
4
11
7
16
11
9
20
8
12
17
18
8
8
4
7
19
42
15
9
7
6
13
14
23
46
28
9
11
8
5
9
7
8
29
11
22
27
15
4
12
7
7
14
8
6
2
6
14
7
3
7
11
2
10
6
6
7
15
10
19
7
63
5
17
7
10
7
6
10
10
6
9
35
6
6
7
21
5
29
30
6
10
17
13
32
11
4
44
14
13
19
8
18
32
6
15
11
14
22
18
17
7
7
8
41
14
13
4
22
11
14
2
24
9
6
11
39
18
8
26
16
14
13
10
4
14
10
15
7
19
14
10
3
6
12
8
22
4
4
8
18
13
6
14
16
21
12
19
17
25
49
5
7
15
13
8
41
10
18
3
32
8
4
12
10
7
4
22
7
17
29
2
36
9
13
1
26
2
13
10
8
6
199
16
8
12
8
19
7
10
2
9
5
6
7
33
6
12
19
10
53
24
7
28
1
18
3
4
19
19
8
11
9
8
15
8
5
24
17
72
6
16
10
78
100
13
5
6
11
7
7
8
9
32
12
8
9
3
8
11
15
16
3
11
7
10
14
19
7
32
6
27
12
6
16
7
6
10
8
10
7
13
7
10
10
6
2
2
5
60
10
12
10
8
12
7
2
3
17
9
7
16
4
9
5
15
2
15
6
7
12
4
5
33
19
6
4
9
2
4
14
15
9
16
6
6
10
14
9
5
9
9
11
8
8
3
7
5
3
15
11
5
7
14
3
9
13
7
2
20
11
13
69
17
1
1
21
43
4
8
6
9
8
9
16
4
15
26
5
15
11
10
12
11
47
21
8
23
24
5
4
8
7
11
4
6
9
7
12
8
3
6
23
4
1
6
5
6
6
5
56
2
10
8
10
11
27
3
9
10
8
5
12
12
13
8
23
5
5
8
9
22
5
5
20
6
4
14
8
10
7
21
7
9
12
9
9
12
20
13
8
9
4
12
83
12
9
27
8
6
4
6
41
2
7
4
8
9
15
12
98
7
11
4
4
23
19
14
2
17
12
12
6
11
10
9
7
0
5
22
5
1
4
12
10
13
12
18
11
5
30
5
19
11
6
7
11
13
10
12
35
12
16
6
11
4
10
8
14
18
5
7
5
20
20
10
24
21
10
23
12
52
7
8
12
7
5
3
17
22
9
54
5
28
9
1
23
4
24
4
4
20
14
9
18
9
8
8
13
8
9
9
16
18
10
17
7
15
12
13
9
8
13
15
29
7
38
4
7
28
9
17
5
0
8
13
5
14
4
20
4
8
23
6
6
14
19
15
10
5
2
12
39
4
25
4
13
14
5
3
8
8
6
66
30
12
18
7
32
11
8
13
3
31
13
3
3
9
30
8
6
11
2
3
20
6
16
9
9
3
105
3
10
25
7
4
12
6
11
2
5
30
3
10
6
12
11
6
3
6
24
11
7
16
13
30
2
28
17
25
5
17
6
8
12
10
3
16
9
13
6
10
11
93
10
6
9
43
9
6
11
21
9
3
6
10
5
6
21
7
31
10
7
14
57
9
6
14
18
13
15
12
2
7
19
8
220
5
8
34
4
6
13
10
12
7
12
7
7
9
7
13
11
18
8
42
12
8
24
12
24
100
4
41
7
17
7
1
16
13
9
12
6
11
13
8
28
30
10
16
36
81
36
5
9
15
9
18
13
10
6
17
5
7
11
5
34
7
14
12
20
4
17
16
4
11
6
165
23
15
19
2
6
14
4
3
9
15
11
5
17
10
4
6
14
2
4
12
33
15
18
7
26
14
72
19
10
12
11
9
8
6
6
13
7
9
14
7
13
3
14
12
16
11
9
24
5
9
18
16
7
114
22
4
7
7
20
12
11
6
11
3
18
4
10
12
51
7
6
12
14
24
6
813
13
9
16
53
8
5
8
27
6
4
12
6
14
9
3
25
5
12
5
15
18
12
28
10
12
10
10
11
7
46
5
9
11
11
9
32
4
9
9
7
21
13
29
42
21
9
17
19
26
14
14
5
20
8
9
16
22
22
7
2
4
2
4
13
8
8
9
284
8
9
14
2
5
12
7
8
4
22
7
18
7
14
20
1
105
4
15
7
7
3
20
14
9
9
18
14
25
14
8
8
50
8
4
32
8
9
33
6
10
35
5
25
10
20
4
19
6
2
10
6
19
4
6
33
8
10
27
23
7
9
27
12
62
54
15
9
9
9
8
8
8
9
10
10
9
7
5
16
10
10
7
7
9
18
2
6
30
30
0
15
9
12
12
9
9
15
2
9
49
12
13
4
8
28
10
4
5
0
20
18
24
17
5
6
9
12
2
8
13
11
6
16
8
6
5
10
3505
9
8
3
18
26
3
12
3
17
24
20
16
19
5
12
11
22
18
10
5
6
19
9
34
11
27
12
5
11
0
6
8
7
7
13
13
3
6
28
4
5
10
21
38
47
9
5
9
4
16
4
27
38
20
7
18
6
17
8
6
2
6
9
18
23
34
17
143
6
9
10
10
9
6
8
14
13
14
5
1
10
3
8
7
11
3
7
36
8
4
16
9
14
29
14
4
6
11
7
6
6
5
5
17
8
21
63
14
7
6
9
10
14
8
8
7
5
7
9
9
44
11
10
8
3
9
9
6
5
8
4
28
6
13
8
8
6
12
5
5
17
8
13
9
11
55
24
9
12
14
16
9
12
10
11
30
7
12
8
38
4
10
4
19
7
3
7
6
9
6
6
8
0
9
12
14
9
30
11
29
6
1
6
6
3
11
8
5
13
14
3
13
12
5
7
3
13
16
14
97
21
6
8
5
16
10
13
7
21
14
9
10
21
7
10
15
13
2
8
5
6
19
16
17
4
151
4
17
11
7
5
3
32
18
5
0
23
79
10
4
14
7
12
15
5
12
8
8
10
4
4
11
16
17
10
3
10
10
25
15
42
8
10
3
8
14
5
10
7
16
10
3
8
10
4
7
6
13
15
7
6
6
80
107
30
6
8
18
5
28
14
23
17
3
6
13
12
8
3
7
21
4
1
56
15
6
8
9
7
3
11
18
12
10
37
15
10
31
7
5
6
8
15
4
3
4
14
3
7
24
11
9
12
12
9
10
1
4
13
11
12
14
162
6
9
4
10
7
6
9
26
8
53
22
29
22
7
15
514
3
13
13
8
8
9
6
4
14
7
10
10
4
12
19
13
5
8
20
10
10
19
13
23
9
8
24
29
31
6
30
9
11
3
7
9
7
13
15
6
7
7
36
8
11
29
32
8
22
9
10
7
7
10
8
6
26
6
4
5
7
9
7
6
15
13
10
10
7
1
6
7
26
4
6
6
5
18
17
7
8
22
8
7
11
24
6
2
25
11
19
14
5
7
9
6
5
16
6
16
6
8
8
10
11
7
93
14
7
9
10
10
15
6
4
38
10
19
12
11
16
4
6
7
7
10
14
5
7
30
3
8
13
27
7
11
10
22
6
7
15
4
10
10
17
12
21
195
9
7
10
17
17
17
5
7
7
27
9
25
18
10
28
2
29
15
9
8
18
12
4
30
7
10
33
15
6
3
33
4
22
13
21
259
11
9
2
12
16
6
11
11
5
10
15
21
9
5
14
12
11
7
10
13
9
9
18
4
12
4
9
10
3
4
13
3
7
4
9
11
7
19
11
10
8
1
51
16
15
5
23
8
12
2
4
26
4
5
7
98
6
18
21
6
13
7
8
17
5
4
14
13
59
11
19
13
11
12
6
7
41
17
9
6
7
3
18
15
4
5
17
11
11
4
4
32
22
5
5
10
17
9
8
15
62
9
22
11
26
6
8
23
5
6
34
3
108
14
4
7
11
6
8
4
3
16
14
5
3
14
7
22
2
16
11
12
5
10
10
10
109
8
17
5
14
14
1
8
5
55
2
11
28
18
11
22
3
6
6
12
48
230
141
4
31
3
7
5
40
8
108
11
3
9
4
4
7
6
21
35
8
12
4
22
18
8
163
7
22
5
9
16
6
8
17
21
1
10
6
7
26
27
19
21
5
6
8
10
16
24
33
6
8
14
33
8
14
5
3
8
66
9
16
8
7
12
6
14
9
17
12
12
15
7
38
1
13
2
12
2
4
12
10
7
14
5
17
7
5
7
6
3
23
28
12
4
25
2
6
8
3
9
48
12
4
6
12
9
11
12
68
7
15
57
6
4
13
6
7
7
14
8
10
5
6
13
28
9
14
16
11
0
20
11
18
6
8
12
5
12
8
14
6
12
8
13
0
5
4
3
8
8
6
10
13
12
2
14
8
6
11
12
8
9
8
35
12
6
14
15
23
3
8
6
10
11
14
10
15
21
6
11
6
8
4
3
4
3
18
12
21
8
22
24
17
28
7
8
16
44
0
9
5
6
9
15
12
5
13
19
14
5
3
9
3
5
4
0
48
3
6
9
8
7
13
11
15
8
3
40
2
12
0
3
5
12
4
7
4
10
6
9
6
9
7
21
9
12
8
32
17
11
4
4
17
2
9
5
16
9
7
7
5
6
6
506
24
22
3
14
23
4
7
15
15
7
8
8
12
13
14
6
56
10
4
4
27
22
89
55
25
11
27
88
6
0
18
11
4
3
4
7
5
9
13
3
11
3
11
6
16
3
8
11
7
16
19
7
10
2
26
19
11
4
7
8
17
5
5
2
30
8
3
4
4
5
7
21
10
22
9
10
7
6
11
4
8
8
30
22
1
17
15
18
14
15
265
13
9
9
15
5
5
74
25
14
6
6
13
6
9
3
2
10
6
5
5
5
1
23
6
9
5
8
8
7
16
16
9
6
2
281
6
14
4
12
7
11
83
6
1
14
17
16
1
19
48
9
31
8
34
5
7
3
12
7
8
10
4
16
9
10
14
8
3
7
17
10
9
12
7
7
3
6
13
32
11
3
9
30
3
6
9
3
19
6
5
14
10
5
6
6
6
4
16
9
8
5
7
8
9
2
4
6
10
7
13
30
14
8
5
9
152
7
71
45
5
332
4
15
4
5
9
45
119
45
23
22
12
3
7
3
17
13
8
5
4
1
2
36
20
7
24
1
13
5
2
7
6
19
8
1
8
6
9
10
22
1
5
3
13
4
7
2
24
10
8
118
6
5
8
14
31
9
16
3
20
5
7
9
8
17
21
379
10
7
7
6
9
5
7
9
9
8
8
7
2
21
4
14
7
692
3
13
9
7
5
8
11
6
16
13
10
10
9
15
5
13
12
16
7
18
26
5
48
8
32
6
5
7
10
18
3
10
22
8
9
7
7
4
6
7
6
7
33
7
11
9
17
22
15
22
287
8
4
14
6
13
10
3
10
1
6
6
8
8
18
5
21
28
6
14
42
13
41
22
56
14
3
16
9
4
35
9
20
21
4
6
9
19
5
25
6
4
6
3
5
9
9
12
5
13
8
2
12
19
16
15
8
26
28
2
37
16
4
23
14
7
27
4
18
22
12
24
12
10
3
9
16
8
11
10
10
4
6
4
9
9
5
3
9
12
10
28
20
19
25
2
14
4
13
18
15
25
6
29
9
18
9
4
9
8
14
26
9
14
6
8
7
13
30
7
2
3
7
28
7
11
22
10
12
3
7
12
1
7
27
15
12
7
5
21
10
16
24
20
5
128
11
5
57
2
14
7
11
4
4
22
8
15
7
11
23
33
100
6
4
8
5
11
12
14
13
75
5
3
10
7
9
6
15
7
3
14
4
13
6
17
7
4
15
3
104
9
5
7
16
16
18
9
7
6
15
7
6
33
16
9
9
19
11
9
25
9
13
2
15
5
15
9
4
30
16
7
15
6
10
14
15
5
9
8
9
8
7
9
29
4
11
6
18
9
6
8
25
51
2
6
7
11
5
12
11
10
7
15
3
41
6
8
23
13
11
31
22
17
10
10
8
10
6
6
4
41
11
14
10
37
9
6
9
10
10
21
7
11
4
15
10
15
10
7
18
18
8
9
14
2
9
5
12
9
31
17
5
2
7
6
9
15
9
3
10
16
4
7
16
7
35
3
5
6
5
3
23
72
7
9
6
5
22
33
5
6
9
6
9
15
32
6
9
18
9
9
12
22
8
6
6
9
4
10
20
54
21
11
25
46
9
5
27
20
7
14
3
6
8
35
1
22
5
7
8
8
5
26
9
13
14
7
11
8
13
6
11
10
16
5
6
7
14
45
13
9
13
13
7
8
88
7
7
7
10
12
7
15
3
23
5
12
32
19
13
7
5
4
10
5
6
16
16
7
7
5
5
12
3
7
10
5
11
13
17
9
10
0
15
4
18
6
6
24
7
2
11
3
18
43
21
24
11
22
5
9
19
8
8
34
10
7
17
7
10
5
16
12
8
14
4
7
37
8
5
17
5
13
4
5
8
3
4
9
30
5
11
6
5
7
3
9
7
9
2
11
13
7
7
10
7
5
16
17
28
15
13
35
7
8
8
6
7
14
4
10
8
9
4
6
9
12
7
4
7
3
16
5
6
6
16
5
4
12
6
19
40
15
10
7
15
15
2
3
23
43
37
10
3
14
11
12
1
3
9
10
7
26
17
9
5
25
6
9
8
8
9
9
32
10
7
10
13
49
10
19
17
19
9
3
18
4
15
5
22
13
7
5
9
4
27
11
7
3
3
12
10
11
2
5
11
39
23
2
21
9
9
4
6
9
4
12
6
1
31
8
28
11
3
15
14
46
44
321
7
3
13
10
11
23
9
19
7
23
7
15
8
2
9
11
10
12
10
11
11
4
8
3
41
23
14
2
4
17
13
31
11
10
17
6
9
8
16
24
4
32
5
4
11
48
3
7
7
3
9
9
5
6
4
3
3
14
9
20
8
17
17
29
7
12
5
8
8
16
19
5
19
17
4
12
18
11
3
21
5
19
6
16
8
6
61
7
7
3
30
7
25
4
7
43
10
10
5
8
7
19
7
13
9
6
13
11
7
6
10
12
21
7
13
16
15
20
28
13
9
9
11
36
16
6
13
54
11
3
3
17
5
8
18
15
104
2
14
7
3
13
2
9
12
5
5
4
7
8
8
11
8
7
12
14
10
8
14
8
10
5
20
16
11
10
20
17
12
6
35
6
22
8
5
20
1
18
17
10
24
18
9
6
30
8
112
10
9
7
23
8
4
20
7
40
13
10
25
7
8
3
7
7
7
4
4
21
7
10
21
19
9
15
10
8
7
6
13
6
14
9
5
22
4
5
2
15
7
3
66
8
9
8
15
72
6
7
24
10
4
4
15
10
20
9
9
23
8
14
15
7
460
10
29
10
11
4
16
779
11
5
18
6
19
92
5
9
13
5
18
7
6
15
7
3
10
11
16
24
15
19
36
16
17
25
7
24
6
4
18
231
2
10
27
30
4
16
4
9
5
8
18
14
12
4
19
7
4
5
35
19
15
7
6
149
34
8
8
12
4
7
4
6
24
7
8
4
4
3
1
8
14
10
8
16
28
11
7
28
9
209
6
2
8
11
4
20
12
9
11
5
15
7
13
14
3
7
25
18
1
2
38
19
1
6
6
5
3
20
33
12
5
6
7
19
13
12
24
16
69
7
13
132
7
26
11
14
14
13
7
13
22
21
7
15
12
6
14
2
8
8
10
6
18
7
7
12
15
13
6
27
9
114
3
4
1
11
9
4
6
17
12
6
16
11
29
10
60
8
16
6
7
14
18
7
11
7
5
7
8
15
11
13
8
5
2
6
4
9
9
6
12
1
9
10
19
66
17
7
17
26
3
12
17
44
200
19
178
9
5
3
10
6
5
11
4
16
25
11
7
6
28
7
5
5
52
10
5
7
17
2
1
9
21
8
5
15
5
8
11
19
5
8
4
6
13
9
13
5
9
9
10
7
8
5
9
18
30
5
15
34
64
5
7
19
99
11
24
16
8
4
12
18
25
7
7
2
11
3
15
6
102
10
34
5
13
23
12
306
5
16
15
15
7
15
19
8
6
7
7
11
8
10
60
19
7
10
18
3
14
9
9
17
306
3
8
10
3
10
14
20
20
20
9
15
13
2
17
8
27
25
16
18
6
5
9
5
7
8
13
7
8
14
53
7
14
7
21
1
56
16
11
6
8
10
8
4
24
17
23
15
6
11
106
12
12
11
16
25
9
3
14
13
9
13
9
6
9
7
5
16
15
6
5
15
10
12
4
12
7
52
5
7
16
3
3
5
12
14
4
6
5
8
8
12
22
26
57
6
9
4
64
7
9
6
37
4
8
2
9
13
8
17
6
7
14
10
7
9
7
6
7
6
12
67
41
67
25
13
5
10
99
5
117
118
18
3
10
12
4
9
16
13
11
3
4
10
16
8
10
6
9
20
6
15
22
10
12
22
15
7
4
21
6
12
7
26
37
2
18
7
7
16
22
11
7
21
13
9
57
13
7
6
14
5
8
2
8
3
12
89
6
464
24
14
12
18
3
10
3
14
6
5
104
6
20
9
19
20
10
2
12
10
17
2
6
6
26
1
3
8
16
8
6
7
11
8
8
15
6
7
1
8
12
14
12
28
31
11
14
10
14
17
2
72
1
9
14
10
8
9
7
13
8
10
12
25
11
6
2
9
3
20
6
7
12
11
6
2
360
12
11
5
9
21
6
4
11
11
5
7
15
23
6
51
15
9
10
41
18
69
18
11
11
25
21
9
8
13
17
4
12
1
13
4
5
19
9
14
6
7
2
6
7
7
12
6
8
174
4
4
23
4
4
7
8
41
7
19
6
10
5
3
9
3
18
4
8
10
6
5
20
22
6
10
6
9
7
7
5
6
11
4
19
11
8
15
3
24
7
5
20
16
8
7
5
4
12
6
15
4
5
11
18
6
6
18
8
20
7
4
8
4
7
7
9
86
5
10
12
10
4
5
13
29
18
13
8
12
8
8
25
13
7
12
38
6
11
8
8
10
16
7
3
13
19
14
10
4
6
12
6
4
7
7
5
7
8
13
9
5
4
12
16
2
5
8
27
6
18
4
10
5
3
5
10
2
9
12
8
7
19
12
2
104
0
19
9
5
9
8
28
13
15
18
18
17
64
8
25
7
6
3
73
5
17
6
6
10
9
5
8
10
13
7
2
20
3
15
11
32
6
3
12
13
7
11
14
9
6
19
8
8
6
4
5
15
4
4
4
10
1
34
3
3
12
11
3
3
4
7
12
5
12
3
8
10
55
34
5
15
25
6
17
4
4
11
10
16
2
10
11
8
11
9
10
4
5
40
14
17
18
3
11
11
15
30
19
18
1
9
21
7
25
15
5
5
29
18
14
26
8
25
13
6
9
5
13
3
16
32
6
6
8
22
18
3
13
2
16
41
6
5
12
8
13
4
11
5
5
9
6
11
29
67
10
6
15
18
7
34
11
13
33
19
7
2
3
8
45
6
17
10
4
11
18
4
0
10
5
7
18
23
32
25
12
9
105
14
21
12
12
8
9
10
9
6
7
22
19
44
4
247
9
3
6
7
30
4
17
12
15
15
7
6
2
7
12
7
15
36
15
6
45
14
20
7
12
13
10
7
10
20
16
8
11
18
3
13
11
59
11
25
7
39
6
8
20
5
1
39
15
9
11
9
13
12
60
5
9
10
22
7
8
11
6
5
3
8
136
27
10
26
18
9
9
4
8
11
13
9
6
10
9
6
10
3
10
96
4
7
14
9
3
4
10
9
19
10
2
9
14
7
6
24
9
19
10
13
6
13
2
4
2
6
9
15
10
17
18
11
5
26
6
10
3
7
11
6
3
15
13
9
39
22
6
14
11
17
18
14
11
4
16
19
15
8
4
8
8
13
16
11
7
15
47
6
4
66
6
4
10
7
10
138
4
8
7
3
5
7
5
7
17
10
10
15
3
8
10
44
18
18
10
27
16
9
24
35
14
11
10
6
2
5
9
6
6
8
48
17
78
6
10
7
9
3
14
20
6
30
9
4
8
13
43
16
24
5
4
15
6
20
3
20
6
12
26
8
14
7
3
10
22
23
179
7
18
9
4
4
3
10
9
18
1
30
10
7
12
1
69
10
6
11
2
24
16
10
5
4
10
63
17
15
9
9
7
17
12
8
10
14
7
10
5
5
20
20
16
25
13
16
10
3
8
8
16
4
12
3
10
14
5
17
9
7
57
5
56
14
10
12
15
66
39
10
8
4
102
14
4
60
11
9
12
12
6
14
6
11
9
9
8
5
6
9
6
3
5
7
17
2
9
7
31
9
8
21
9
12
13
4
13
10
3
4
29
14
7
8
1
12
9
16
17
20
18
24
6
10
3
20
10
11
3
10
33
14
7
2
5
93
10
19
21
4
7
8
10
6
6
23
3
9
57
5
28
1
1
7
6
3
11
11
8
34
4
2
11
9
2
9
24
15
13
10
10
8
15
20
4
7
19
10
34
3
10
4
20
11
9
5
6
20
4
7
7
26
1
5
22
9
11
13
10
6
12
22
7
3
2
5
12
6
12
7
8
9
8
14
5
9
5
7
17
2
7
12
5
6
6
14
12
62
8
20
6
17
10
7
4
16
7
10
5
11
7
7
12
7
12
5
11
46
11
15
12
5
2
5
11
5
10
31
5
10
5
4
22
12
10
17
2
14
11
35
8
89
10
6
12
19
5
13
13
12
8
5
10
15
13
9
3
2
6
11
6
8
21
3
6
4
5
7
5
10
15
28
8
6
16
11
12
3
10
26
24
21
8
43
10
11
11
9
12
10
17
9
27
74
3
3
9
8
20
6
18
3
6
12
13
6
4
7
6
99
8
14
29
15
8
16
15
9
18
40
32
15
11
7
5
8
31
6
2
12
6
13
17
7
5
22
5
14
7
9
8
1
6
21
10
11
47
17
21
7
17
4
15
31
8
14
16
13
5
16
2
8
11
11
16
4
16
19
6
16
3
10
3
20
2
9
7
10
15
6
3
14
14
5
13
23
29
7
4
6
3
11
25
18
4
4
14
5
67
24
13
8
114
25
14
16
5
14
1
3
128
4
22
8
7
2
46
18
6
9
12
21
5
5
7
13
5
13
11
9
10
9
7
14
7
11
8
16
11
9
9
28
9
4
14
9
6
11
12
8
18
3
8
8
8
12
4
8
27
7
2
16
5
49
66
4
11
44
7
5
12
5
10
8
5
10
4
30
6
5
12
11
28
17
16
9
8
7
2
11
15
27
16
8
10
27
37
59
8
7
7
20
8
9
13
8
6
5
43
11
15
5
3
40
12
6
9
15
11
4
11
9
46
28
18
5
4
6
17
12
31
7
14
10
16
14
22
18
18
12
3
7
3
7
9
24
7
149
4
5
7
10
14
19
21
4
11
27
13
10
6
44
19
8
13
4
8
7
6
6
11
19
9
3
8
10
9
15
34
10
32
17
13
17
7
19
6
11
8
12
6
12
13
2
8
11
114
10
11
16
3
12
9
12
5
16
5
11
9
7
6
11
15
7
10
14
6
116
4
12
28
23
4
7
11
13
4
15
6
19
5
8
34
13
5
17
18
18
13
9
28
7
3
2
9
6
9
13
9
6
4
367
10
2
7
4
13
7
5
2
14
8
16
9
6
9
20
31
4
11
12
10
17
16
3
35
10
14
23
8
16
9
11
22
11
13
5
7
10
49
25
3
17
2
9
10
10
7
21
6
17
10
3
4
7
18
3
20
22
26
16
5
17
60
12
8
4
2
12
11
18
13
11
4
4
7
8
4
10
42
6
12
68
4
311
10
9
10
10
9
14
10
58
9
16
10
1
11
14
11
15
9
10
169
122
13
16
25
21
2
11
21
108
4
7
8
12
5
4
20
13
10
8
9
42
8
18
14
5
10
16
6
3
1
11
4
17
9
7
13
6
8
4
2
22
7
17
9
4
8
11
12
18
14
2
4
13
7
13
5
4
210
13
19
8
8
16
2
15
12
14
3
9
10
14
4
11
21
12
13
11
7
6
8
7
6
8
4
11
13
7
2
14
12
47
13
8
22
16
27
13
57
24
5
9
10
2
8
17
10
19
10
2
9
9
11
0
10
11
11
32
13
22
2
14
5
51
4
7
12
8
5
26
16
11
4
5
7
22
5
2
6
8
8
15
18
13
8
5
7
3
11
12
13
9
16
3
12
9
12
13
4
55
11
12
9
12
4
9
20
384
12
7
2
69
13
10
6
8
14
18
8
7
17
15
8
3
6
7
4
3
14
15
13
11
7
14
6
6
5
11
5
14
16
4
1
3
18
3
9
8
6
10
34
6
11
12
11
4
7
16
6
10
15
58
13
5
15
36
7
14
8
9
11
9
2
22
6
7
10
27
10
17
15
7
10
21
4
10
23
8
18
13
18
5
8
16
11
7
8
12
7
21
10
7
24
11
8
9
8
14
8
11
12
6
8
8
3
41
12
17
34
11
7
12
10
23
60
17
31
6
6
4
11
5
9
13
1
17
9
15
4
16
3
25
4
5
6
4
33
7
18
22
14
10
9
9
12
17
6
7
13
8
11
9
11
16
37
2
56
13
47
4
10
16
1
15
7
5
35
21
22
56
3
19
14
9
15
26
15
23
5
12
90
4
6
5
11
15
31
8
5
20
6
11
10
9
5
9
119
9
1
52
84
8
16
4
4
5
7
39
6
5
15
6
96
4
4
7
3
5
3
27
8
6
18
13
6
14
7
6
11
162
13
22
10
9
7
9
19
8
4
13
23
11
15
6
7
13
11
7
9
27
14
8
8
12
3
27
6
3
83
7
2
17
7
21
13
10
5
9
6
15
3
5
8
22
5
12
26
20
12
6
9
9
11
3
10
15
7
11
9
12
18
8
11
7
15
10
17
35
9
7
5
6
7
8
3
5
2
5
24
3
7
17
8
4
9
12
25
11
4
30
9
22
7
12
12
9
22
29
10
12
0
16
14
7
4
13
6
10
5
11
51
20
15
66
7
7
7
15
3
18
5
6
31
11
13
8
6
48
97
4
48
11
11
17
75
31
27
46
9
40
2
6
11
8
13
21
9
4
11
12
9
10
5
68
21
5
8
9
8
10
6
11
7
8
8
8
2
8
18
6
10
6
15
6
10
10
9
3
9
10
2
6
8
7
9
9
24
5
7
6
36
14
14
7
25
14
13
57
18
4
72
11
13
8
13
75
27
40
9
6
7
23
7
4
27
11
21
22
10
8
7
8
3
6
14
9
9
70
20
2
16
8
16
7
8
22
11
9
10
5
7
6
17
21
9
9
6
39
10
12
112
14
8
3
8
7
7
9
11
13
1
13
3
27
10
4
11
12
27
14
25
5
37
7
18
8
11
86
5
7
37
4
3
6
8
5
9
10
23
5
5
8
31
7
8
2
10
14
8
9
10
17
8
6
8
13
15
5
5
7
3
14
11
9
6
7
8
9
7
1
10
17
19
2
6
23
7
6
31
8
5
49
7
12
9
3
9
11
5
6
8
9
8
9
27
13
7
5
13
19
7
21
3
5
7
72
5
6
6
5
9
2
212
2
8
13
10
75
8
5
33
12
13
8
11
9
8
8
20
13
7
3
4
18
5
21
22
3
4
22
33
54
12
2
4
5
4
11
10
9
26
5
22
28
1
17
7
3
8
16
2
28
4
9
6
7
8
11
9
17
9
2
13
28
12
5
7
11
6
5
49
7
6
4
9
81
3
3
47
8
9
10
7
7
5
32
10
54
8
6
20
9
11
24
8
29
15
12
8
5
8
3
13
9
2
4
13
54
68
7
6
20
26
6
5
9
22
15
16
27
8
7
18
7
18
13
9
15
32
4
4
12
3
3
4
6
3
26
6
15
14
19
6
6
6
17
14
4
6
10
11
12
12
16
7
26
18
15
11
13
7
5
7
13
47
9
19
11
8
3
6
25
9
8
3
9
6
2
5
1
11
5
4
6
19
15
14
21
4
8
14
25
5
17
3
17
6
9
6
1
23
22
16
105
4
5
10
16
9
16
20
12
14
8
20
1
5
13
17
8
14
13
20
6
12
8
30
9
18
14
2
25
8
18
11
4
6
9
13
7
6
12
8
13
2
6
24
5
11
3
14
7
19
17
6
7
5
8
6
5
3
13
4
3
5
11
7
11
14
4
15
20
30
7
5
12
27
11
18
10
18
8
21
91
2
3
6
9
73
16
33
3
12
11
35
8
12
7
6
7
6
4
38
3
1095
1
17
31
13
10
5
5
5
86
8
6
7
8
4
9
15
85
10
12
9
5
28
10
5
22
11
6
28
7
8
18
22
4
7
9
9
12
3
18
6
9
24
17
15
5
18
6
8
3
4
13
12
39
13
24
22
5
9
15
12
6
4
11
19
6
10
5
11
11
6
8
10
8
49
8
21
16
12
9
7
11
2
20
12
5
24
11
2
14
6
10
5
15
19
17
7
7
38
2
17
6
28
3
4
7
0
13
7
11
3
6
19
14
19
11
8
11
16
13
12
14
13
13
11
4
11
4
11
9
39
7
2
24
7
23
36
5
13
14
17
15
5
22
12
6
3
22
10
18
19
15
8
17
7
7
14
8
9
6
18
65
27
6
11
7
11
5
8
8
3
9
9
4
8
8
5
14
19
9
10
8
3
4
6
8
11
3
8
4
3
7
5
4
2
21
6
12
7
3
4
10
8
32
8
7
12
11
8
9
5
9
11
8
5
8
40
14
7
8
9
4
25
6
5
2
9
21
8
9
29
8
10
4
17
5
17
13
6
8
5
9
7
6
8
11
13
7
7
14
6
15
13
1
11
5
18
25
25
10
10
15
13
12
4
15
18
10
3
10
6
141
13
15
9
79
9
8
8
7
1
8
19
5
10
5
12
7
965
6
11
6
5
16
17
62
19
9
22
13
34
15
15
9
13
7
4
19
13
6
11
14
8
20
11
13
11
8
9
17
3
2
9
12
6
12
4
11
12
6
9
13
16
5
4
13
14
101
7
4
2
21
61
6
6
4
6
9
5
16
13
0
18
19
8
12
44
4
7
78
12
17
12
2
13
18
14
10
20
11
12
2
12
9
19
16
14
4
5
18
5
5
6
14
6
12
4
5
170
21
18
22
1
9
20
20
39
5
13
92
5
15
3
93
5
13
12
6
11
553
28
21
2
22
3
28
4
13
10
4
13
14
21
8
12
19
7
19
16
7
23
29
3
22
13
16
3
11
23
37
4
13
32
10
9
13
48
3
5
10
7
11
9
19
21
9
1
9
6
17
15
14
40
3
5
5
8
9
11
8
5
11
8
12
8
7
13
24
7
3
22
1
10
20
15
15
12
19
18
6
33
6
8
8
4
9
21
13
27
13
201
3
4
1
16
3
21
8
5
8
3
5
6
6
10
7
7
8
6
4
1
7
8
9
10
25
17
10
1
11
11
26
18
16
8
13
10
77
10
37
2
7
6
5
8
12
8
4
6
24
9
6
14
3
7
6
11
5
6
4
19
11
5
7
11
4
9
4
3
8
8
10
4
9
8
