27
134
19
26
22
24
18
17
21
39
22
25
17
20
60
60
23
28
26
22
16
30
246
20
43
27
13
32
10
22
43
32
28
28
24
51
17
40
22
15
24
13912
26
73
98
14
27
38
26
21
35
27
43
20
18
27
38
132
48
37
49
26
13
20
16
18
33
42
25
30
9
27
18
96
32
44
25
31
26
19
18
21
23
42
31
24
19
26
39
43
33
59
19
30
167
32
35
19
26
28
26
53
26
19
11
38
21
17
13
37
19
40
22
37
35
31
28
22
33
28
34
19
24
28
29
24
32
25
41
44
7
29
22
34
17
30
38
73
24
23
32
43
42
31
19
28
31
44
36
22
35
29
26
2241
26
17
34
19
42
27
20
21
21
26
26
26
43
27
24
23
45
31
18
24
19
22
17
24
36
24
15
31
46
19
16
42
54
40
17
22
35
34
19
26
36
42
33
12
32
32
13
15
22
36
16
32
29
20
65
42
32
54
44
30
38
28
194
14
19
20
40
11
28
20
20
58
23
19
48
19
24
36
235
15
57
49
38
29
19
33
23
24
23
23
35
35
14
40
29
16
30
60
12
27
57
30
19
49
81
24
32
20
38
23
49
77
49
26
24
161
39
20
77
13
23
79
12
13
25
14
32
41
46
28
29
40
32
31
186
18
27
8
56
14
30
31
51
53
22
6
30
27
32
76
14
26
37
79
30
32
22
31
27
12
23
38
18
39
19
14
26
18
47
12
13
21
21
32
60
25
20
19
23
28
30
17
30
41
32
36
23
23
47
36
19
23
16
14
33
18
23
24
24
34
56
38
12
47
15
18
34
20
31
28
20
17
33
30
157
12
33
48
19
23
21
21
17
30
17
28
106
24
14
25
42
55
314
44
20
13
41
33
56
17
25
22
26
27
30
35
18
27
24
19
36
20
27
30
23
46
21
22
19
50
34
18
21
27
27
18
31
34
22
9
12
18
42
48
53
31
40
18
26
36
66
36
28
43
18
85
57
21
27
26
20
26
28
15
13
20
202
29
34
13
25
23
32
136
90
64
18
94
7
34
66
24
26
38
93
31
41
24
15
56
17
20
28
26
27
18
92
9
21
35
29
18
28
12
15
21
13
70
32
27
30
27
30
18
42
21
27
134
19
26
22
24
18
17
21
39
22
25
17
20
60
60
23
28
26
22
16
30
246
20
43
27
13
32
10
22
43
32
28
28
24
51
17
40
22
15
24
13912
26
73
98
14
27
38
26
21
35
27
43
20
18
27
38
132
48
37
49
26
13
20
16
18
33
42
25
30
9
27
18
96
32
44
25
31
26
19
18
21
23
42
31
24
19
26
39
43
33
59
19
30
167
32
35
19
26
28
26
53
26
19
11
38
21
17
13
37
19
40
22
37
35
31
28
22
33
28
34
19
24
28
29
24
32
25
41
44
7
29
22
34
17
30
38
73
24
23
32
43
42
31
19
28
31
44
36
22
35
29
26
2241
26
17
34
19
42
27
20
21
21
26
26
26
43
27
24
23
45
31
18
24
19
22
17
24
36
24
15
31
46
19
16
42
54
40
17
22
35
34
19
26
36
42
33
12
32
32
13
15
22
36
16
32
29
20
65
42
32
54
44
30
38
28
194
14
19
20
40
11
28
20
20
58
23
19
48
19
24
36
235
15
57
49
38
29
19
33
23
24
23
23
35
35
14
40
29
16
30
60
12
27
57
30
19
49
81
24
32
20
38
23
49
77
49
26
24
161
39
20
77
13
23
79
12
13
25
14
32
41
46
28
29
40
32
31
186
18
27
8
56
14
30
31
51
53
22
6
30
27
32
76
14
26
37
79
30
32
22
31
27
12
23
38
18
39
19
14
26
18
47
12
13
21
21
32
60
25
20
19
23
28
30
17
30
41
32
36
23
23
47
36
19
23
16
14
33
18
23
24
24
34
56
38
12
47
15
18
34
20
31
28
20
17
33
30
157
12
33
48
19
23
21
21
17
30
17
28
106
24
14
25
42
55
314
44
20
13
41
33
56
17
25
22
26
27
30
35
18
27
24
19
36
20
27
30
23
46
21
22
19
50
34
18
21
27
27
18
31
34
22
9
12
18
42
48
53
31
40
18
26
36
66
36
28
43
18
85
57
21
27
26
20
26
28
15
13
20
202
29
34
13
25
23
32
136
90
64
18
94
7
34
66
24
26
38
93
31
41
24
15
56
17
20
28
26
27
18
92
9
21
35
29
18
28
12
15
21
13
70
32
27
30
27
30
18
42
21
17
35
13
42
41
32
29
22
29
20
18
28
26
93
48
30
15
56
34
7
49
143
13
25
20
23
19
23
18
13
27
23
41
28
84
63
1122
19
71
29
20
21
32
62
32
41
27
13
26
14
52
23
24
50
14
35
33
16
32
22
20
25
37
45
62
46
24
31
39
33
27
116
28
42
26
62
37
16
23
30
27
33
25
17
65
42
49
21
24
20
58
20
39
15
100
12
39
9
41
17
66
15
25
64
77
14
59
18
28
16
34
22
21
52
27
45
36
11
31
38
22
164
11
22
21
21
25
27
45
30
21
32
17
75
34
36
24
26
27
34
21
91
28
14
22
26
32
18
45
21
36
54
15
58
78
23
21
9
20
24
29
48
32
14
149
25
43
11
17
51
39
35
29
43
21
34
59
28
25
11
17
15
23
18
29
20
22
55
23
21
40
29
23
21
161
24
37
18
28
28
45
16
38
36
17
23
19
13
36
26
23
18
35
33
27
67
32
30
16
16
15
20
55
26
26
124
19
10
18
29
17
46
18
46
139
23
37
76
22
17
18
36
118
38
36
13
27
46
31
45
12
23
25
34
17
26
26
55
25
78
23
49
31
21
28
20
23
556
135
10
31
20
33
19
21
45
17
32
33
29
31
42
40
30
23
74
21
43
28
47
52
26
18
45
19
61
26
27
41
35
34
38
23
16
18
23
29
12
24
21
44
12
36
25
26
21
12
20
66
50
13
36
18
34
34
30
27
25
23
20
19
44
25
23
39
23
23
25
25
36
22
24
27
30
27
24
56
27
24
18
14
15
21
38
19
14
28
53
29
27
8
26
32
21
31
27
26
19
10
26
22
24
18
31
22
20
17
24
28
20
13
62
36
39
27
16
17
21
23
33
51
19
15
17
37
36
32
13
22
28
23
36
48
8
48
34
32
45
73
20
27
19
18
12
20
21
30
38
25
38
21
38
48
21
22
20
33
20
22
18
25
32
38
40
58
29
28
24
23
26
38
179
30
25
26
28
21
22
27
22
38
209
22
16
18
17
50
31
36
29
25
32
41
19
14
36
24
23
62
72
184
82
30
15
21
15
26
70
33
33
91
34
17
27
16
17
20
22
21
22
33
29
15
36
32
8
19
43
110
17
22
55
41
24
18
24
20
15
44
21
44
21
16
23
6
56
25
19
22
22
34
17
14
22
31
29
29
24
26
32
30
16
31
37
18
31
23
26
15
28
20
20
21
18
24
34
24
54
24
17
55
24
23
27
92
13
17
15
31
19
20
34
39
32
1723
11
18
24
19
24
20
33
388
25
21
55
39
17
126
26
19
9
31
23
26
102
23
26
27
24
17
26
26
44
25
26
29
13
26
39
37
26
42
44
24
25
25
56
24
20
25
19
35
23
26
21
30
22
19
43
27
21
13
25
15
68
37
31
32
41
32
33
87
9
22
14
26
16
26
20
14
12
15
570
30
39
91
56
34
13
26
28
59
21
21
16
35
21
41
14
40
42
29
22
23
42
51
16
31
20
41
54
28
41
37
28
35
53
23
23
22
22
33
35
16
19
67
20
65
30
13
9
18
10
22
23
63
19
23
20
31
68
71
24
29
117
19
22
15
14
19
23
41
51
61
31
30
13
36
26
67
20
21
23
16
23
55
33
102
21
38
27
24
24
49
61
26
17
70
13
24
27
47
17
22
19
31
40
22
22
25
52
19
29
35
42
58
17
35
21
14
25
20
91
27
20
14
32
47
18
22
24
26
57
242
16
84
26
12
32
15
23
20
48
30
26
26
43
21
17
25
22
53
37
14
27
32
45
18
44
50
31
24
12
37
27
22
27
36
32
22
20
23
15
38
30
53
49
28
21
16
33
19
68
29
33
35
27
16
23
18
35
275
5
20
12
26
23
22
37
42
21
51
22
26
11
41
16
31
34
31
28
35
26
32
17
23
12
43
25
19
27
20
28
17
21
21
27
14
141
32
19
27
20
19
65
15
41
25
34
15
44
46
24
28
20
29
31
30
49
20
35
27
17
26
17
31
19
42
20
24
27
35
18
25
42
33
42
30
24
14
17
14
27
17
24
25
228
12
7
20
22
20
35
11
20
48
34
34
20
18
326
13
26
17
32
53
22
24
15
71
38
33
20
26
22
34
31
26
32
18
35
19
16
24
31
22
21
18
151
15
19
30
20
26
20
31
21
14
23
26
26
15
152
23
46
24
89
53
27
16
35
24
26
28
50
20
282
26
12
29
26
11
25
34
24
33
7
29
27
17
46
29
42
48
15
42
21
18
35
28
32
33
32
15
24
25
35
62
40
30
28
35
17
24
27
17
14
22
40
81
16
32
33
12
16
31
22
14
35
30
25
43
60
33
18
67
25
26
8
21
12
20
21
15
15
152
24
12
91
33
28
23
12
21
21
19
19
45
95
26
17
17
16
28
65
26
14
26
25
30
34
27
19
35
16
31
37
17
17
17
22
19
40
20
85
16
11
18
242
46
23
22
24
53
29
84
36
44
47
7
11
26
28
15
37
19
54
25
13
29
11
37
28
23
16
19
36
42
26
47
22
18
21
16
10
37
17
24
29
12
55
22
15
12
37
147
79
25
20
26
27
15
17
26
28
50
66
30
26
44
40
54
23
32
16
42
26
23
45
16
19
37
52
9
21
23
31
25
53
63
25
18
26
27
24
45
27
18
32
48
21
26
129
110
64
48
27
47
34
31
14
12
39
27
40
76
292
12
23
20
37
30
26
34
24
18
35
32
27
13
38
23
30
19
16
53
20
32
23
16
29
45
32
24
31
19
34
22
22
274
25
23
22
115
52
20
17
12
39
28
29
41
17
40
23
8
23
17
74
24
19
33
17
28
17
37
30
29
58
25
21
29
23
16
208
43
27
33
41
67
79
22
9
23
199
19
19
66
23
29
27
17
38
18
26
23
18
27
30
21
27
16
50
59
31
22
8
192
20
26
19
20
42
25
60
28
25
64
37
19
25
25
28
30
23
17
27
16
24
28
24
21
19
16
34
18
68
32
70
18
96
31
22
39
19
23
19
31
15
19
25
34
17
33
21
43
30
46
17
27
41
21
25
18
17
19
12
40
44
89
22
30
64
31
26
40
88
15
30
42
26
32
22
40
40
23
52
31
13
52
32
18
20
17
30
17
29
22
54
52
29
27
18
142
19
28
27
19
17
25
55
37
38
19
28
34
90
19
33
15
39
21
102
23
21
64
19
33
41
19
46
22
13
37
17
26
33
23
47
19
21
22
17
73
16
21
83
21
35
28
12
23
38
31
67
42
27
13
31
18
21
12
35
756
26
16
25
22
29
24
28
41
30
22
30
23
32
445
20
37
21
26
26
19
21
34
18
22
80
45
21
31
15
12
17
25
44
19
28
37
18
34
19
24
22
41
25
15
22
22
30
24
18
29
143
14
30
23
16
24
15
18
15
24
27
170
20
33
39
37
93
43
19
36
35
27
34
27
25
17
29
17
24
51
50
24
19
51
15
79
70
23
36
22
11
37
16
26
41
40
9
22
26
15
25
33
27
25
35
20
29
11
23
44
29
52
17
34
20
16
27
28
51
55
18
42
27
18
25
28
39
17
27
48
116
26
22
35
42
26
57
105
46
24
27
27
14
26
23
14
25
24
30
21
23
27
30
16
32
23
28
27
26
29
38
10
25
31
31
35
30
34
41
45
18
25
43
26
23
421
35
39
17
25
52
43
15
25
14
35
24
14
33
30
16
28
15
22
38
20
22
9
42
19
55
28
13
24
33
99
61
15
21
29
25
103
18
21
19
19
39
39
29
30
6
18
21
28
31
27
15
17
45
24
131
31
75
25
36
15
46
21
55
19
27
40
26
30
29
30
16
21
10
192
4259
14
20
16
28
18
22
33
24
26
40
25
25
22
27
44
28
32
59
10
245
19
21
22
20
60
25
21
29
26
23
84
19
29
14
27
40
13
11
178
54
24
83
24
21
21
34
17
43
24
28
12
27
29
34
19
28
45
23
27
22
30
16
36
29
70
20
20
31
23
26
71
32
20
10
23
80
33
31
19
31
15
27
21
34
16
67
25
27
30
36
26
35
27
33
76
29
30
20
21
29
73
60
16
36
40
256
35
38
16
20
19
15
71
363
12
25
19
10
47
15
23
29
27
24
34
22
24
33
22
93
19
34
22
209
20
30
14
20
43
54
16
34
29
28
42
19
14
20
26
18
20
24
36
51
26
22
16
26
220
27
36
26
14
17
29
22
25
27
23
112
58
14
25
33
11
37
22
12
19
19
22
87
24
10
36
33
50
36
26
93
37
11
47
18
24
32
25
26
20
17
69
25
27
36
56
35
25
19
36
44
23
27
19
174
26
52
25
16
32
12
23
30
39
62
11
18
25
37
14
15
69
26
62
45
12
15
24
16
52
39
11
53
33
52
13
23
25
20
54
11
25
27
110
19
24
36
16
46
35
72
19
33
12
21
33
11
27
64
37
43
53
56
53
22
20
27
40
21
43
23
66
23
19
113
26
18
23
21
116
20
37
21
18
20
28
30
34
19
19
42
21
22
20
31
19
38
37
20
20
119
20
45
35
20
21
24
40
8
29
18
13
20
15
106
21
15
28
25
30
20
112
31
33
20
19
32
114
11
14
46
25
27
14
21
19
29
34
22
37
30
30
56
24
24
91
23
77
39
12
42
31
18
32
27
20
50
19
28
57
12
41
58
31
45
79
18
19
35
15
31
33
48
25
26
22
48
51
15
20
11
12
25
23
13
44
27
29
12
25
36
18
26
17
41
31
38
14
36
59
23
111
109
48
30
16
20
18
21
25
31
24
27
524
20
127
49
41
78
17
53
29
38
61
28
35
31
18
14
22
23
60
27
23
22
44
21
416
26
22
30
21
37
67
1165
24
27
33
18
34
33
22
37
157
120
28
49
20
21
40
219
40
39
29
128
23
58
27
24
26
126
40
28
110
15
40
12
23
29
23
66
49
30
15
13
31
11
30
29
24
21
38
34
33
6
24
50
17
13
35
40
256
51
25
26
102
28
22
11
18
93
21
35
26
23
16
33
13
27
28
49
111
14
15
14
18
5
21
13
29
22
21
29
22
21
21
73
59
95
17
43
31
28
16
19
50
20
30
17
8
34
46
64
35
156
26
25
15
15
20
29
32
43
34
26
29
49
7
18
43
27
22
29
31
17
70
15
55
56
53
23
35
22
27
13
19
38
52
16
8
22
29
15
18
17
30
29
43
55
21
16
27
14
20
17
31
33
16
27
27
11
14
48
30
51
37
16
26
22
42
36
74
22
35
40
26
28
43
23
24
27
21
18
19
18
43
28
22
33
241
45
126
30
30
27
73
24
29
21
27
27
45
16
16
23
16
30
50
27
27
22
27
32
26
30
90
47
50
23
43
36
23
27
40
19
36
16
35
42
21
22
20
52
24
15
53
19
26
68
15
49
20
28
23
26
21
26
28
39
16
17
25
68
23
21
24
946
15
15
34
8
35
34
28
33
23
25
28
17
37
49
20
17
30
31
69
47
29
113
60
31
31
18
39
36
31
34
143
35
21
16
27
17
21
35
28
46
24
19
52
83
24
42
25
28
20
15
33
25
14
21
31
27
13
90
17
20
83
19
34
26
33
17
21
31
197
16
57
22
25
33
10
17
21
30
24
90
12
25
26
28
28
19
41
21
30
29
22
15
48
30
35
39
106
145
36
87
28
25
21
25
37
34
22
25
21
23
17
23
25
49
25
35
62
73
36
15
16
15
304
21
64
108
17
26
40
25
10
14
32
29
160
77
11
38
27
38
58
20
21
19
30
21
33
38
11
17
27
58
36
30
38
26
34
29
70
24
16
36
55
46
34
28
12
46
99
36
22
28
34
28
37
37
16
23
21
29
35
20
38
31
11
30
29
43
30
23
26
169
24
18
20
53
23
26
46
21
18
13
18
33
37
31
37
25
18
25
21
44
41
12
12
15
33
20
22
18
22
36
37
59
32
20
16
28
22
29
20
19
21
46
18
40
778
30
19
37
26
27
32
31
31
53
34
37
49
74
41
34
60
32
43
30
55
35
54
50
62
32
33
20
22
15
55
34
19
19
25
14
18
21
28
26
41
31
17
20
21
25
33
30
67
14
27
23
28
20
21
26
13
14
28
10
31
22
17
29
22
23
32
33
109
57
15
17
17
37
37
28
24
33
35
24
63
58
39
33
32
16
26
23
20
20
26
24
36
19
25
20
23
46
26
27
15
28
45
22
17
18
22
24
28
31
25
48
26
17
15
23
48
41
21
44
21
22
25
20
31
46
89
35
30
30
11
31
35
52
29
11
46
56
24
21
27
26
21
16
31
15
37
34
27
26
25
27
52
44
46
30
41
24
31
21
11
20
23
17
12
23
31
58
28
24
21
15
34
18
58
51
54
80
21
28
31
23
43
28
69
74
20
35
26
27
40
28
24
54
20
23
106
20
37
20
29
51
22
35
35
17
59
35
26
33
16
26
29
41
36
32
17
33
13
32
70
20
17
18
14
22
17
25
34
36
27
37
44
24
19
19
13
50
6845
25
28
22
16
21
63
22
19
23
43
24
27
116
49
39
20
19
20
30
22
19
50
52
62
33
17
22
29
13
55
30
29
15
18
42
26
51
36
18
33
18
26
14
27
21
31
46
30
22
21
28
24
20
19
64
22
44
13
40
20
7
50
17
16
31
79
24
27
26
22
19
26
35
22
34
21
19
23
28
33
30
24
20
24
69
39
28
19
23
59
22
20
37
11
47
35
19
66
33
30
22
20
27
39
22
33
14
42
31
30
24
21
29
39
14
23
51
23
23
33
31
71
26
24
33
29
29
20
22
20
27
34
26
12
36
20
17
41
57
34
28
70
68
44
20
23
22
37
34
22
72
25
25
76
34
31
92
26
32
58
41
12
11
20
20
53
21
25
19
29
29
26
54
15
24
21
26
29
28
45
21
25
48
20
25
74
26
20
26
35
40
66
14
24
28
33
20
22
29
36
18
21
23
120
76
25
18
15
67
32
26
32
28
27
33
25
25
26
56
33
23
49
23
34
106
60
22
30
17
151
21
26
54
23
25
18
34
43
24
350
24
21
31
16
21
20
17
41
110
30
56
25
18
39
13
25
37
42
129
14
24
15
33
21
53
14
37
28
29
46
907
25
71
30
31
21
21
21
26
18
40
24
55
30
13
30
21
67
19
33
28
41
48
74
38
16
29
26
19
27
141
33
30
18
28
46
22
39
17
61
20
28
21
30
46
21
34
12
23
7
82
31
25
28
30
29
23
33
15
130
33
52
59
22
17
16
6
37
17
29
23
27
33
27
16
14
269
30
85
26
30
29
23
65
38
31
9
30
27
91
32
30
31
26
16
25
14
82
31
30
30
18
51
19
48
104
22
26
13
21
14
22
82
16
20
21
22
19
14
19
54
31
14
30
28
28
25
34
18
13
46
12
39
35
24
16
17
15
16
25
43
21
43
34
73
32
21
18
29
28
51
13
15
96
38
33
32
19
41
44
58
48
28
23
22
37
27
21
20
12
13
20
53
42
17
8
25
23
17
42
21
12
143
21
51
26
59
38
16
25
16
52
19
17
33
27
45
19
48
64
20
15
57
23
39
79
58
22
17
30
17
12
22
25
12
27
28
21
17
35
26
73
20
35
80
29
14
14
19
7
13
17
17
30
22
28
47
31
38
27
18
26
31
50
21
27
9
18
22
35
42
27
126
31
30
16
36
35
36
26
14
38
17
35
20
24
56
13
18
108
69
22
20
28
13
14
15
22
25
26
32
34
31
20
55
29
23
16
21
24
47
47
38
38
20
33
50
19
29
42
121
10
29
17
46
31
44
22
47
30
25
134
19
25
30
33
24
18
21
33
39
23
20
24
42
34
21
17
58
33
21
17
59
41
18
23
13
19
38
14
33
389
26
22
27
13
21
17
18
22
48
36
38
67
19
14
45
33
23
34
26
51
25
31
12
31
37
19
40
21
23
28
37
36
35
21
29
17
41
83
24
24
12
22
29
27
12
23
17
15
218
17
32
45
35
38
115
33
34
30
26
16
41
15
30
58
74
25
19
37
17
127
16
33
44
18
38
35
34
36
23
59
31
57
19
34
14
17
47
20
15
19
62
24
36
40
31
22
33
20
40
19
94
19
19
18
1016
21
15
20
35
25
29
62
19
51
38
19
14
27
32
31
18
42
54
17
29
21
18
30
16
30
40
18
21
27
46
12
34
22
15
47
23
30
32
21
66
15
26
24
20
22
74
45
13
44
288
42
23
19
48
43
12
22
28
26
19
26
20
32
23
34
31
16
45
23
51
178
47
36
101
24
25
17
42
28
48
41
65
9
15
23
49
18
23
26
39
24
17
34
100
17
29
17
37
22
16
22
26
19
31
37
23
44
43
23
15
13
40
15
20
35
33
21
17
23
1061
32
10
15
28
31
22
57
51
70
67
26
75
62
22
24
19
27
28
15
27
14
37
22
30
46
62
46
20
24
16
21
44
25
153
23
33
20
25
24
167
19
18
42
36
23
64
152
10
44
13
37
25
27
32
36
58
23
25
56
15
17
37
23
38
32
15
41
32
23
31
16
107
31
15
24
17
27
19
29
38
37
21
11
19
19
22
68
16
14
16
21
22
26
49
18
29
23
23
18
13
29
52
27
19
18
34
32
30
54
36
33
34
25
28
80
18
14
35
20
27
78
25
35
25
37
10
33
15
91
23
48
19
79
12
24
27
13
29
28
7
55
41
25
20
33
10
31
23
21
19
24
14
24
56
12
16
16
19
18
32
65
19
26
26
30
25
38
22
68
33
41
18
41
23
16
40
23
36
28
58
36
13
22
28
33
19
49
59
17
109
52
13
49
48
25
25
28
31
19
22
25
31
71
20
16
64
55
36
23
38
25
34
26
43
15
25
277
16
27
24
37
55
33
12
27
33
23
23
32
7
22
178
37
34
37
22
51
12
32
18
25
25
95
36
26
60
68
94
5
24
18
25
40
22
16
32
40
10
18
27
38
24
11
78
42
35
31
23
26
15
40
26
24
80
40
15
17
21
60
9
23
36
25
18
89
34
20
27
20
11
16
19
26
28
20
73
23
29
29
27
14
19
27
64
19
10
32
17
14
17
22
19
81
30
22
22
31
24
42
31
37
17
27
33
26
44
15
28
26
47
32
218
73
35
10
31
25
56
20
25
16
33
21
21
54
16
24
39
38
35
82
121
32
35
23
24
350
22
22
17
517
18
27
23
26
14
19
21
20
16
54
25
60
25
33
23
54
71
16
54
273
21
55
22
13
12
23
34
341
28
11
17
19
25
24
20
35
12
36
17
253
20
33
21
37
47
83
43
12
46
15
29
46
18
41
30
30
19
40
125
32
27
20
42
8
966
24
43
121
190
28
29
33
50
54
39
32
32
62
98
19
25
19
40
62
20
28
28
19
64
26
10
33
31
78
24
21
9
17
27
42
33
36
24
20
39
35
25
41
16
23
17
33
10
25
18
19
69
20
15
9
20
27
16
25
13
35
23
25
14
16
53
28
19
15
14
21
38
55
42
26
24
28
73
24
26
87
52
32
15
30
46
40
29
23
21
39
22
57
43
26
19
46
17
18
75
35
11
13
43
24
34
21
40
60
74
48
21
82
39
18
82
37
41
22
14
31
11
21
20
38
23
18
31
28
32
52
20
21
24
17
501
57
16
19
18
67
21
51
23
40
18
9
81
23
34
22
27
21
28
32
24
32
23
20
15
50
24
23
38
103
22
87
17
31
34
29
17
21
18
18
23
235
23
39
17
22
18
45
16
31
28
36
19
31
55
30
25
17
20
18
15
12
14
56
31
47
48
25
16
22
95
39
11
58
43
23
103
18
50
255
66
29
17
24
38
20
95
77
13
22
25
22
36
30
21
20
26
14
17
37
13
33
20
23
423
16
28
24
29
57
48
42
19
61
26
54
31
80
35
139
18
58
25
25
25
12
31
29
33
72
28
28
28
23
40
31
38
36
23
31
36
23
22
23
20
40
51
36
23
14
60
39
12
32
35
65
31
24
23
29
32
20
19
27
33
27
21
11
37
14
33
19
34
21
28
35
17
39
30
12
24
26
42
41
16
16
48
17
20
33
18
26
31
24
25
20
116
54
20
65
85
43
18
13
21
35
36
31
22
55
19
46
23
18
31
41
18
39
30
19
19
256
32
16
22
21
38
31
26
45
46
315
31
33
25
68
36
28
33
24
55
81
14
45
31
25
17
26
55
29
13
60
45
35
32
44
50
16
27
43
32
26
71
11
25
38
67
47
22
21
40
25
14
49
16
94
66
32
48
22
28
25
25
53
38
57
16
117
33
22
39
20
40
19
29
17
30
36
34
23
32
14
28
17
8
34
19
21
26
76
17
28
24
28
41
14
38
34
28
21
109
13
39
832
68
25
17
20
26
33
54
12
26
28
63
47
18
15
25
14
50
25
25
64
782
53
130
594
15
37
31
15
24
26
37
12
12
15
39
45
26
26
33
29
29
12
20
29
36
28
19
26
30
48
22
24
21
18
15
18
26
25
31
17
50
20
26
19
35
30
23
33
24
20
19
25
13
17
22
45
40
20
27
32
18
41
123
40
28
10
76
33
14
117
30
18
24
45
13
28
60
48
24
37
27
34
39
19
16
67
28
22
24
31
22
25
56
537
97
23
18
29
56
38
14
43
19
22
67
19
20
16
32
72
14
14
86
31
25
18
44
30
97
20
22
19
18
25
27
26
17
13
29
16
19
59
10
18
32
37
189
32
23
18
25
84
50
48
56
43
24
17
40
38
26
33
45
17
13
11
29
33
230
60
24
23
14
49
26
15
27
40
18
26
16
23
24
28
16
24
30
51
26
19
39
17
29
43
26
16
21
68
23
34
29
16
17
19
54
28
12
13
29
21
35
16
34
29
17
52
17
14
14
27
18
48
24
35
23
22
41
28
53
34
25
11
36
125
17
55
39
48
13
13
14
47
20
32
74
13
55
23
23
17
33
23
29
23
27
27
32
26
46
20
31
28
53
45
8
25
27
29
26
23
71
63
40
35
45
31
36
25
767
12
19
14
18
18
37
24
25
27
21
23
29
43
18
12
17
21
21
19
41
8
48
21
41
18
26
22
25
24
38
31
88
20
24
18
14
26
21
21
21
42
41
21
34
22
35
31
34
24
30
70
28
22
36
23
73
20
24
18
20
34
50
25
18
41
20
15
18
51
139
18
16
18
55
80
30
20
27
29
24
14
27
19
33
35
11
32
77
25
50
19
31
21
31
46
20
35
52
23
34
20
13
37
165
53
11
12
34
30
20
48
13
16
52
42
27
31
20
37
26
15
30
22
59
29
32
45
41
23
53
17
9
29
23
16
149
22
37
25
27
30
21
32
20
21
74
17
28
22
20
32
18
42
23
26
30
21
22
36
45
22
14
67
25
20
17
12
18
21
43
38
18
74
25
25
19
36
30
18
107
17
17
25
29
18
51
19
21
18
11
34
25
40
17
55
86
27
25
24
32
49
45
21
38
48
33
27
17
44
18
21
25
29
38
24
15
53
26
18
155
33
54
22
27
15
33
13
36
24
29
105
19
292
34
53
28
17
22
33
15
12
19
18
27
9
29
56
19
13
34
47
56
26
15
21
20
47
34
31
35
28
36
147
12
22
77
14
45
35
34
25
41
35
51
5193
23
26
39
24
29
37
16
13
20
20
27
15
26
57
27
16
35
25
33
45
44
29
15
34
24
53
28
20
52
28
30
46
29
10
24
20
16
40
21
32
20
48
34
31
44
38
44
39
27
23
16
19
44
27
269
12
20
53
25
12
52
23
13
15
18
13
41
42
35
68
59
30
17
23
45
21
14
19
17
21
12
17
25
31
43
22
24
21
19
22
33
37
23
26
32
30
112
22
39
27
26
13
27
19
41
41
42
26
24
77
24
27
23
24
25
27
114
10
26
17
26
27
24
24
60
18
20
35
18
13
23
29
17
9
30
58
44
111
44
27
921
60
28
32
10
26
40
102
18
22
42
29
78
19
646
18
20
30
22
25
11
21
385
28
38
37
36
34
23
28
32
24
29
51
51
33
39
103
22
37
23
9
28
19
38
17
23
28
18
96
24
23
24
15
20
26
18
30
32
31
47
29
11
37
18
17
16
52
219
10
17
54
22
31
70
35
13
14
30
55
29
23
31
28
16
25
26
33
16
37
25
23
62
15
24
78
32
28
19
43
23
23
20
37
38
9
27
12
42
130
19
28
21
35
44
37
24
50
15
17
101
43
29
22
11
23
33
31
34
21
29
19
27
131
35
28
30
208
30
22
35
21
18
28
48
58
9
47
28
24
19
35
33
34
8
32
33
50
27
28
24
31
20
31
27
23
22
120
17
26
40
31
21
27
53
17
15
26
16
28
28
55
26
21
29
30
37
16
18
21
24
38
8
36
39
17
19
32
77
16
34
27
29
41
115
37
444
33
19
30
16
16
19
55
14
33
20
33
35
25
20
24
31
19
29
30
26
16
22
29
53
30
15
17
48
23
14
82
23
23
29
35
34
26
25
21
38
27
31
28
24
127
9
23
23
29
28
36
18
38
29
21
55
37
13
538
25
25
111
25
23
53
21
45
25
46
16
35
39
34
59
23
27
42
71
34
40
45
32
20
26
14
18
18
45
37
1136
35
34
21
22
32
20
21
18
27
69
32
55
17
24
23
32
28
74
20
33
20
28
22
10
45
50
35
24
27
34
29
27
29
19
38
48
56
70
38
22
6
41
59
31
28
31
19
25
33
12
19
21
25
30
19
21
123
15
48
27
18
47
17
42
33
20
21
17
60
63
28
24
15
18
41
21
24
41
16
24
241
69
34
19
32
21
114
30
51
25
35
16
38
15
33
12
348
19
17
15
38
15
28
41
33
23
66
31
18
32
24
47
29
44
20
25
73
93
22
25
39
20
29
34
30
28
21
13
15
28
18
14
25
143
20
44
41
15
72
17
26
22
39
32
29
32
37
83
38
49
23
31
71
23
25
16
20
25
23
16
27
29
7
15
131
30
16
31
45
32
19
29
98
38
25
31
43
28
23
26
84
18
64
27
28
23
15
18
27
39
27
17
14
37
41
22
19
22
33
32
26
21
18
30
54
183
37
27
32
18
29
66
31
22
31
14
50
34
22
19
33
34
27
18
39
29
16
18
30
22
35
21
31
24
43
17
34
27
24
18
60
31
15
44
80
32
20
52
28
52
20
43
13
24
27
23
24
24
40
39
30
24
76
22
35
16
24
32
31
14
41
29
30
137
22
17
24
39
13
25
17
32
21
623
59
23
22
16
60
15
41
22
14
21
29
183
75
27
13
25
26
28
21
73
20
27
24
23
24
29
37
37
18
14
29
30
30
37
20
18
28
58
42
34
12
55
26
29
18
19
51
13
33
19
18
14
31
28
20
35
18
27
12
36
62
14
25
22
52
31
21
22
36
38
19
37
22
17
16
42
17
17
45
34
15
14
54
24
13
26
7
40
31
32
20
14
29
13
16
36
28
19
19
49
37
335
63
21
15
32
107
28
28
24
25
35
23
26
23
231
21
48
18
91
19
36
35
36
23
80
22
95
28
35
23
24
26
19
64
21
99
13
64
67
22
26
12
17
31
22
27
21
35
58
29
36
45
18
35
16
18
21
23
21
17
42
30
28
46
14
36
54
41
14
23
33
16
49
35
17
40
24
18
36
47
51
22
39
25
16
34
20
20
21
30
42
40
20
106
27
22
26
27
20
28
58
137
44
16
11
29
29
25
17
290
40
32
30
41
14
22
16
31
23
28
16
29
38
31
34
23
37
31
18
34
25
36
27
25
68
16
18
21
26
34
21
73
21
65
42
26
21
24
52
132
83
36
34
19
50
22
22
23
13
24
15
38
24
31
70
37
122
72
24
25
16
19
34
20
29
16
15
32
35
25
24
21
20
37
17
31
38
32
35
29
18
41
17
20
36
38
20
25
27
21
15
12
11
31
18
49
42
16
28
60
26
28
36
29
22
39
43
266
48
21
29
43
14
14
38
42
19
13
19
26
18
23
30
24
54
22
24
28
15
28
33
25
18
12
28
33
51
33
32
32
37
19
26
26
28
50
41
30
29
26
46
102
25
24
25
60
17
16
42
12
36
26
33
79
45
13
17
20
29
43
25
83
10
19
49
23
18
18
18
55
31
24
12
38
12
31
24
36
32
8
60
32
19
28
18
23
24
32
133
39
22
39
48
58
19
23
184
31
80
125
11
26
10
23
46
18
28
38
20
20
23
24
48
23
20
30
21
23
16
25
60
20
24
28
16
19
34
31
19
46
22
16
54
32
22
29
25
26
17
51
29
20
41
19
64
34
33
71
16
21
32
25
70
193
14
28
21
13
19
21
64
67
27
17
19
66
29
21
39
21
35
16
21
22
11
67
43
19
87
23
24
80
18
25
27
26
62
33
16
25
17
13
16
65
42
23
87
21
35
40
20
14
40
26
59
45
99
14
32
25
42
50
31
136
50
21
18
31
16
17
28
32
18
39
45
29
25
42
22
13
29
30
32
15
36
20
53
20
28
36
30
32
22
30
36
27
103
31
37
18
16
35
22
20
25
32
16
47
32
71
43
49
22
28
30
19
27
22
11
42
22
19
58
39
36
34
31
18
49
23
21
19
8
41
31
24
27
41
23
27
36
21
45
18
17
54
30
24
142
25
39
48
54
17
91
24
23
10
48
25
31
309
29
34
32
23
25
77
65
23
41
59
39
59
24
17
19
30
24
47
39
19
16
41
30
19
42
18
40
26
28
30
32
43
30
70
13
31
41
47
115
23
20
22
21
21
16
33
15
22
46
41
40
24
41
12
18
88
15
25
28
44
24
21
21
40
20
54
53
16
23
25
18
18
49
42
20
43
108
39
38
79
26
16
66
33
13
21
45
159
21
49
23
24
26
328
13
20
34
27
27
17
17
20
38
37
21
38
19
46
24
28
23
16
62
15
28
44
31
42
30
28
17
15
53
17
72
30
40
32
41
14
87
54
19
30
59
25
29
26
80
29
51
32
24
26
24
22
110
18
38
10
32
45
38
25
23
39
6
34
11
9
19
42
30
75
39
46
16
21
33
51
38
19
78
34
21
1310
65
29
21
16
34
20
26
16
31
26
21
89
15
30
10
15
55
112
35
20
30
108
43
28
18
52
13
22
40
34
15
34
20
37
20
17
17
104
26
25
64
128
10
16
27
30
25
39
43
19
26
102
18
26
38
146
32
68
90
19
21
26
33
23
29
13
25
15
42
28
19
15
27
20
18
18
29
30
49
34
50
29
6
23
30
31
20
36
27
27
37
30
32
44
21
18
25
37
43
19
114
52
21
22
43
30
28
28
32
769
29
21
18
27
25
46
27
24
27
10
22
29
16
24
23
23
51
18
47
22
29
20
16
17
44
18
29
30
28
28
24
46
26
20
22
30
104
31
18
52
24
39
24
15
49
23
19
35
29
199
25
15
10
18
35
18
32
32
603
14
22
39
16
16
20
38
15
98
32
32
38
42
22
25
17
18
20
20
20
21
13
18
10
17
25
12
19
19
79
21
32
29
18
75
21
22
23
15
19
41
11
15
59
27
63
23
21
10
17
10
20
25
19
64
76
51
96
33
26
87
24
35
21
61
32
30
43
42
46
36
31
53
25
24
33
23
21
25
26
16
31
79
48
20
20
23
36
14
28
28
41
123
35
14
15
302
32
22
19
23
22
22
59
30
38
61
12
27
29
25
28
31
25
24
27
65
27
39
59
27
26
515
16
28
16
21
21
23
86
21
10
11
29
44
21
21
33
26
18
20
13
20
32
15
32
54
37
20
18
27
134
19
26
22
24
18
17
21
39
22
25
17
20
60
60
23
28
26
22
16
30
246
20
43
27
13
32
10
22
43
32
28
28
24
51
17
40
22
15
24
9
28
19
16
25
17
34
10
59
31
22
34
26
26
426
87
29
24
47
32
28
22
33
22
23
20
32
100
22
29
29
108
26
13
30
14
40
17
25
85
34
37
25
34
20
23
37
22
33
25
24
33
37
65
11
14
34
49
47
78
22
20
26
32
21
35
44
47
14
24
23
28
28
19
37
12
19
25
18
27
28
18
14
27
32
32
34
29
21
27
16
135
23
34
19
20
18
34
18
26
17
31
22
37
59
49
26
13
14
36
13
29
25
67
106
28
27
35
76
34
26
44
20
26
21
46
25
27
38
89
30
87
12
17
9
14
18
27
91
23
31
38
26
44
28
27
34
23
27
14
21
52
27
24
18
25
22
19
27
60
30
29
86
27
29
47
19
15
24
20
20
40
21
35
19
94
22
32
26
22
70
23
31
21
82
43
27
14
29
43
29
91
13
29
37
16
26
46
21
105
32
18
29
28
17
16
24
25
31
43
22
37
14
31
55
32
24
9
32
35
15
22
21
33
30
20
28
26
33
51
27
30
72
36
15
27
32
92
14
15
23
25
17
15
47
26
41
25
37
18
37
25
27
36
32
36
40
74
24
23
21
17
25
51
34
36
37
29
24
10
36
21
20
33
16
29
29
33
21
37
21
27
32
48
41
11
23
26
13
39
34
12
37
29
29
38
19
20
24
20
26
29
35
22
46
22
21
21
14
22
25
30
26
8
23
33
87
35
45
38
20
20
24
26
64
24
23
22
34
46
26
24
13
25
23
40
32
54
29
14
23
26
22
40
58
25
27
14
29
71
18
26
18
36
10
234
31
32
17
23
23
26
32
22
22
57
19
89
31
43
14
55
61
17
27
46
33
29
29
10
24
28
43
25
21
34
27
20
66
273
19
22
22
18
46
18
30
20
14
41
20
29
32
44
9
21
27
16
183
30
29
13
24
25
19
29
41
25
14
27
34
57
37
38
19
30
33
21
22
45
23
52
17
27
24
34
24
24
14
29
12
28
52
34
42
24
19
15
24
29
26
14
22
27
16
28
23
56
27
