3
9
6
2
17
0
3
2
5
9
2
6
0
3
28
2
2
3
5
7
9
16
5
2
3
8
4
11
9
10
3
8
51
455
5
27
4
3
13
24
11
7
13
8
173
7
44
0
44
6
8
0
11
16
10
4
53
3
5
11
0
5
6
36
41
3
5
13
7
3
31
7
3
35
14
5
8
1
5
2
2
6
3
4
3
4
5
1
5
15
13
48
19
33
3
0
12
3
3
46
17
14
2
4
8
3
14
2
9
4
7
51
26
16
59
15
13
24
34
11
8
6
3
21
1
15
1
4
4
9
31
27
34
38
4
5
4
4
1
13
12
12
17
2
7
37
8
0
6
15
4
2
19
3
95
7
4
71
12
5
10
7
4
5
1
7
25
9
14
1
19
16
2
9
2
5
13
3
19
3
7
3
2
5
35
2
10
5
20
6
4
12
18
4
3
2
13
4
7
1464
4
3
19
3
3
10
11
4
14
6
20
7
6
11
15
14
1
3
4
0
5
26
13
52
5
5
48
10
3
17
5
10
15
5
7
21
5
10
4
15
2
23
5
4
16
20
8
5
3
1
3
1
45
3
8
22
2
18
92
2
9
5
5
8
2
10
5
5
1
10
60
6
1
4
14
5
7
8
0
10
11
8
19
2
1
14
10
5
45
8
115
4
2
5
7
5
2
5
5
8
11
9
1
4
1
6
14
2
4
5
5
31
2
7
8
11
4
2
4
4
0
21
5
10
2
1
30
54
6
30
3
4
10
21
6
5
9
6
6
27
8
14
11
24
0
0
1
4
9
4
10
56
3
7
59
1
11
1
26
5
0
141
3
0
42
27
7
0
18
3
8
19
0
5
4
2
17
6
0
5
1
13
0
11
3
4
6
10
3
55
7
9
1
7
0
1
6
1
13
15
2
38
8
8
18
2
3
3
2
2
23
4
1
3
9
3
8
87
8
5
1
5
0
18
3
20
2
6
159
3
2
2
4
17
7
57
20
6
4
53
8
13
3
25
2
3
11
94
17
17
2
19
4
19
16
1
11
2
164
1
3
10
10
0
88
17
5
1
3
13
49
4
102
3
3
3
26
0
2
1
419
2
304
1
15
1
3
8
6
3
8
9
2
17
7
8
6
3
18
3
3
9
6
2
17
0
3
2
5
9
2
6
0
3
28
2
2
3
5
7
9
16
5
2
3
8
4
11
9
10
3
8
51
455
5
27
4
3
13
24
11
7
13
8
173
7
44
0
44
6
8
0
11
16
10
4
53
3
5
11
0
5
6
36
41
3
5
13
7
3
31
7
3
35
14
5
8
1
5
2
2
6
3
4
3
4
5
1
5
15
13
48
19
33
3
0
12
3
3
46
17
14
2
4
8
3
14
2
9
4
7
51
26
16
59
15
13
24
34
11
8
6
3
21
1
15
1
4
4
9
31
27
34
38
4
5
4
4
1
13
12
12
17
2
7
37
8
0
6
15
4
2
19
3
95
7
4
71
12
5
10
7
4
5
1
7
25
9
14
1
19
16
2
9
2
5
13
3
19
3
7
3
2
5
35
2
10
5
20
6
4
12
18
4
3
2
13
4
7
1464
4
3
19
3
3
10
11
4
14
6
20
7
6
11
15
14
1
3
4
0
5
26
13
52
5
5
48
10
3
17
5
10
15
5
7
21
5
10
4
15
2
23
5
4
16
20
8
5
3
1
3
1
45
3
8
22
2
18
92
2
9
5
5
8
2
10
5
5
1
10
60
6
1
4
14
5
7
8
0
10
11
8
19
2
1
14
10
5
45
8
115
4
2
5
7
5
2
5
5
8
11
9
1
4
1
6
14
2
4
5
5
31
2
7
8
11
4
2
4
4
0
21
5
10
2
1
30
54
6
30
3
4
10
21
6
5
9
6
6
27
8
14
11
24
0
0
1
4
9
4
10
56
3
7
59
1
11
1
26
5
0
141
3
0
42
27
7
0
18
3
8
19
0
5
4
2
17
6
0
5
1
13
0
11
3
4
6
10
3
55
7
9
1
7
0
1
6
1
13
15
2
38
8
8
18
2
3
3
2
2
23
4
1
3
9
3
8
87
8
5
1
5
0
18
3
20
2
6
159
3
2
2
4
17
7
57
20
6
4
53
8
13
3
25
2
3
11
94
17
17
2
19
4
19
16
1
11
2
164
1
3
10
10
0
88
17
5
1
3
13
49
4
102
3
3
3
26
0
2
1
419
2
304
1
15
1
3
8
6
3
8
9
2
17
7
8
6
3
18
3
1
2
2
0
54
9
9
14
45
1
7
6
45
7
4
4
4
11
6
0
29
4
2
59
6
25
87
86
11
6
7
14
0
17
8
9
2
4
2
7
4
8
7
6
13
13
33
8
12
6
5
6
2
9
5
4
9
6
2
3
3
9
6
10
5
2
24
4
15
29
12
17
3
0
3
21
6
12
3
11
3
3
9
7
9
13
41
10
18
23
0
30
6
8
4
4
5
4
2
24
4
10
5
8
0
10
21
15
85
2
8
2
2
4
2
5
15
1
5
3
230
7
14
12
6
0
2
37
5
6
6
17
5
2
4
1
1
84
20
16
1
6
10
3
13
2
7
2
7
0
17
7
8
5
18
4
7
11
15
2
8
6
6
14
2
8
5
30
7
5
3
4
109
17
3
3
8
6
27
21
3
10
22
7
5
7
13
9
5
156
7
1
16
7
4
2
5
38
4
6
6
8
7
40
2
0
1
7
9
32
10
7
20
3
10
3
3
5
2
15
8
4
14
11
5
2
0
14
0
3
7
2
24
21
5
2
1
43
46
1
13
0
11
8
22
13
17
5
18
3
3
2
6
8
2
111
7
1
2
9
32
12
4
5
15
8
4
16
0
5
14
6
4
5
7
2
2
15
2
23
5
12
57
4
150
9
3
9
22
23
11
0
4
0
3
10
13
1
19
24
15
2
15
6
6
49
36
1
2
5
3
9
47
14
19
2
37
3
157
172
9
8
12
4
9
1
1
1
2
2
5
7
4
26
6
4
36
2
5
6
2
1
3
23
32
24
3
324
67
1
30
3
1
2
43
5
10
14
23
2
5
5
11
1
5
6
8
4
8
9
61
5
10
6
6
4
11
5
5
9
5
4
3
11
2
3
3
15
4
6
105
6
13
30
3
0
9
7
12
5
12
2
5
52
2
7
9
14
8
2
10
10
0
15
2
1
1
10
6
2
24
8
1
2
1
24
31
6
1
11
2
5
278
2
4
2
10
1
7
8
2
39
53
43
26
28
20
13
2
9
19
3
2
7
4
3
1
1
15
5
1
8
9
5
4
4
31
1
4
1
13
75
8
9
5
14
43
4
2
33
7
5
33
139
0
9
2
6
2
2
2
50
7
2
22
12
2
14
18
7
24
5
3
31
1
6
14
27
3
13
11
6
5
7
7
1
10
1
6
6
6
29
3
7
0
4
2
4
3
8
4
8
1
72
21
13
6
13
5
6
7
9
8
3
6
0
42
8
7
22
8
36
3
4
17
6
25
9
6
11
15
4
0
5
5
46
4
25
7
19
12
108
3
8289
5
7
3
2
2
6
61
0
4
9
6
5
8
7
16
5
4
13
9
13
1
16
30
0
3
1
10
8
4
5
10
1
3
2
6
24
7
8
12
3
12
198
848
7
3
4
15
38
23
9
2
4
10
3
13
4
10
35
7
5
2
3
16
13
110
7
9
14
8
2
1
6
0
4
21
5
4
30
5
8
6
3
15
1
2
5
3
14
90
10
3
3
10
3
5
6
9
4
2
5
13
5
15
16
4
2
16
4
5
10
29
15
4
5
14
17
3
2
0
7
6
4
2
9
154
2
10
78
21
9
7
28
2
5
1
2
11
7
66
82
5
4
1
5
28
8
12
35
9
6
6
3
2
7
0
9
75
18
5
13
2
2
5
5
2
14
8
7
2
7
11
5
0
1
23
1
6
4
3
101
3
4
3
2
8
3
5
5
7
23
50
1
7
48
29
4
3
5
858
5
14
3
10
2
2
1
1
4
8
3
49
8
13
3
1
84
7
4
111
8
1
4
40
28
8
6
3
4
4
4
6
5
1
7
2
5
5
14
7
3
18
0
22
11
0
3
13
16
8
27
4
5
8
10
5
11
7
0
2
8
11
41
12
2
22
12
30
8
3
2
1
29
6
7
4
15
7
0
1
2
1
19
18
6
6
6
1
2
1
5
11
11
5
23
3
7
3
15
16
6
3
4
9
2
4
19
1
5
7
6
2
3
9
5
7
0
9
14
2
4
16
14
12
11
3
29
23
37
5
6
1
3
1
0
4
9
1
14
12
919
25
29
5
12
1
10
5
7
2
0
7
6
1
4
67
5
9
6
7
1
3
260
3
2
1
26
17
3
1
4
17
0
9
4
9
2
38
15
33
4
2
18
8
3
10
3
2
4
0
6
19
0
0
3
15
5
8
9
7
4
2
4
14
2
8
3
4
0
1
0
15
5
5
5
8
5
6
3
53
8
5
0
2
7
1
3
3
2
9
2
100
15
4
19
26
4
5
6
14
16
95
64
2
4
7
6
12
42
1
30
20
4
1
52
6
11
31
7
2
6
8
1
3
6
105
18
2
3
8
1
16
10
4
3
28
6
5
4
7
3
18
28
1
5
6
7
12
13
1
2
13
15
5
7
15
4
4
2
5
3
10
2
1
3
0
8
1
3
1
12
0
20
23
7
21
19
12
1
4
23
22
10
8
5
0
1
6
7
22
3
7
2
6
3
2
14
13
13
2
3
2
79
4
2
9
10
33
1
11
40
6
11
5
5
56
0
5
15
3
25
9
1
4
3
5
11
139
6
901
7
9
5
2
9
12
19
11
6
8
6
6
1
8
12
3
3
1
0
1
11
30
40
11
27
5
6
2
4
4
11
5
20
6
30
2
14
5
14
50
11
4
5
12
64
2
2
3
4
4
2
1
2
10
0
10
0
16
3
1
0
4
3
2
3
8
1
20
5
3
7
0
2
2
6
2
24
2
9
13
13
4
2
5
0
26
5
9
22
2
6
14
1
5
17
4
3
11
5
11
2
4
7
7
18
8
4
10
10
95
4
1
32
6
3
7
3
7
7
6
8
8
1
6
4
6
40
69
6
4
11
9
4
6
27
13
23
0
0
22
7
3
13
2
5
15
4
3
6
1
19
3
3
20
10
1
3
0
7
6
226
29
6
6
403
1
11
3
8
7
4
25
4
84
21
8
32
0
1
3
0
4
1
7
3
61
5
4
5
6
22
3
1
6
5
6
42
3
17
3
5
8
7
2
15
4
13
9
1
105
1
5
3
2
15
6
4
9
11
3
9
3
67
23
1
3
13
4
28
2
0
4
3
4
5
99
2
33
1
4
76
1
7
16
5
0
3
7
8
1
1
6
4
1
8
29
1
8
5
105
2
0
1
6
7
27
2
12
36
3
9
42
12
6
19
7
48
5
34
125
32
25
1
3
0
13
0
38
23
9
8
2
5
6
3
8
10
10
9
14
7
1
3
29
16
11
4
12
7
8
0
2
7
3
2
8
13
1
2
2
5
8
10
6
1
6
4
12
0
7
2
4
4
12
7
8
8
36
10
2
10
2
9
1
7
11
0
4
0
1
218
4
5
2
24
11
5
59
6
2
9
14
9
12
12
3
17
20
6
15
5
7
1
10
5
2
2
1
2
2
3
13
11
1
2
13
7
6
3
15
21
6
26
4
4
5
7
26
5
2
6
2
2
3
3
3
5
11
1
5
1
46
6
2
0
2
195
18
42
2
23
4
6
4
2
2
2
6
3
4
7
12
11
12
1
28
8
3
3
15
2
20
5
1
2
8
6
4
53
5
8
10
5
3
8
80
27
7
3
9
6
7
7
8
12
93
23
0
10
3
5
8
2
6
8
6
6
8
5
7
3
1
3
46
15
6
3
8
22
6
24
5
4
1
18
0
6
9
16
8
11
21
1
22
1
3
1
3
1
23
3
36
3
8
53
5
16
2
4
5
44
11
9
5
7
7
10
5
7
3
7
69
4
3
9
4
1
5
8
10
15
5
10
2
18
5
11
2
0
4
25
5
8
61
4
4
13
0
2
13
4
2
5
7
157
8
2
23
12
5
24
16
1
4
7
125
3
130
9
3
1
11
9
5
7
14
12
3
31
13
11
7
1
199
11
19
1
4
59
3
4
7
11
1
4
7
2
2
2
6
4
4
4
2
1575
0
4
3
8
58
2
12
3
1
3
1
6
2
1
8
6
7
5
3
40
12
4
5
2
1
6
7
1848
34
173
8
28
7
92
1
0
4
3
23
2
5
1
5
13
31
8
35
16
10
5
20
0
1
10
8
4
8
6
8
4
3
4
8
4
14
9
21
2
13
54
0
9
5
8
3
10
157
8
2
4
2
1
9
2
1
5
26
5
6
3
0
1
16
101
27
1
7
0
2
19
2
2
16
3
19
4
37
5
18
4
0
9
2
7
2
1
9
1
11
3
4
1
4
7
10
4
3
46
18
2
6
7
31
5
9
0
6
23
8
4
28
22
13
4
18
5
3
6
19
1
3
11
3
287
2
2
8
4
8
4
0
282
11
7
7
0
5
9
6
3
2
6
1
1
4
24
0
2
7
15
3
1
3
5
3
3
1
7
11
6
99
28
11
9
18
17
46
5
33
1
33
12
17
4
7
7
86
1
1
1
2
2
3
5
14
11
9
11
17
4
336
13
24
2
3
9
6
37
14
5
5
3
10
20
193
2
17
3
1
3
16
5
12
13
20
3
9
81
3
76
1
2
13
1
20
19
6
1
2
6
5
16
5
1
8
4
2
2
16
12
13
11
138
4
23
29
49
15
8
91
11
7
19
1050
20
39
7
2
5
4
22
5
1
1
0
9
1
5
39
4
13
18
6
0
5
5
10
1
1
2
5
9
60
11
12
0
3
29
11
9
48
4
47
62
10
5
15
39
6
5
23
13
10
1
3
8
11
4
58
2
2
3
8
11
91
7
76
13
47
0
1
14
3
1
6
11
66
79
3
9
2
1
10
3
5
17
3
25
46
0
4
11
40
6
3
1
19
47
19
0
3
2
7
0
10
1531
2
457
4
7
26
11
3
10
36
17
13
16
6
17
9
1
186
31
4
2
5
4
17
3
3
6
2
5
8
15
10
8
2
4
3
6
1
9
2
4
10
14
10
20
31
39
3
4
0
1
4
6
6
9
2
3
9
11
2
1
21
20
10
6
22
3
12
17
7
2
118
88
12
8
4
2
18
1
7
22
1
5
3
4
9
16
8
2
25
6
6
11
4
3
42
2
0
5
2
7
2
5
4
5
5
9
2
2
7
5
6
1
3
8
11
30
2
5
16
5
19
17
7
19
1
0
3
8
1
9
6
7
13
12
28
7
17
48
14
9
6
7
13
1
4
17
3
10
5
12
14
1
9
1
12
7
7
23
6
34
9
1
0
4
9
7
6
6
0
8
2
13
8
4
38
8
4
37
1
10
24
1
11
3
2
8
27
10
14
10
2
6
2
15
19
6
36
5
9
33
6
98
21
37
35
3
1
38
37
3
12
48
3
7
24
3
4
4
10
0
6
0
14
35
3
3
29
2
8
15
11
33
7
2
10
1
4
3
2
0
9
1
5
19
3
4
2
3
10
22
1
17
3
7
2
8
4
72
4
3
6
5
7
17
8
4
2
35
28
6
14
10
2
4
10
15
6
0
11
4
7
18
3
5
2
2
0
0
11
6
6
14
5
10
1
4
10
4
21
0
54
7
8
26
3
8
14
4
1
9
2
1
11
66
0
24
101
8
18
4
4
42
11
12
2
4
10
22
14
5
3
5
6
9
33
25
3
35
10
21
5
1
4
2
184
6
5
4
9
2
44
0
5
0
3
3
3
12
20
7
7
12
3
6
0
50
36
5
5
1
2
1
20
4
11
6
2
11
3
2
368
1
69
2
1
6
40
0
6
1
75
0
10
7
3
0
8
3
1
4
12
15
6
7
911
5
27
28
3
6
6
74
2
9
0
5
4
2
4
1
1
2
11
12
0
21
7
16
10
8
28
3
2
0
35
5
3
6
0
5
3
9
2
2
0
10
4
5
3
0
9
11
2
10
30
5
43
6
2
2
4
2
13
7
2
180
7
8
2
10
0
11
1
4
4
5
3
11
1
23
5
6
5
3
8
10
2
4
12
11
2
18
4
12
5
2
5
0
12
5
6
5
0
39
3
8
10
15
11
3
4
6
11
3
9
53
1
7
49
9
2
5
5
17
20
100
37
4
1
1
2
40
13
11
7
23
9
54
15
5
50
17
13
6
3
13
15
6
3
3
9
2
1
1
4
1
8
1
11
1
6
18
99
5
6
24
14
21
9
6
96
1
5
13
1
0
5
3
0
6
16
5
3
4
5
26
19
8
39
10
4
30
19
16
16
5
34
0
3
10
1
5
19
5
2
3
2
2
6
4
136
2
2
21
12
6
10
11
9
2
4
1
5
6
2
6
18
9
29
7
290
8
36
45
4
4
43
41
4
23
80
160
14
5
36
3
12
10
5
10
5
5
3
5
5
28
2
4
6
31
61
3
3
16
2
6
9
1
46
8
5
197
5
8
5
4
14
39
6
2
24
7
2
4
20
3
5
4
3
24
12
5
70
17
3
7
3
9
1
82
16
0
9
3
0
1
20
7
19
28
17
3
9
20
1
7
2
10
24
5
5
1
0
4
3
0
22
11
13
1
7
9
8
17
26
16
2
4
7
9
19
8
10
1
50
2
7
5
4
5
1
20
5
1
31
11
9
10
3
20
1
5
74
11
7
12
3
2
3
22
30
1
8
1
5
4
12
11
3
8
6
42
3
377
2
9
2
6
5
2
6
8
3
11
7
35
7
12
3
11
11
1
3
42
7
3
6
3
6
6
58
14
0
0
12
8
29
8
34
29
2
8
1
10
4
14
11
17
10
1
1
4
5
85
2
19
15
1
44
9
40
16
6
8
3
2
7
135
6
9
2
2
7
54
8
6
10
7
7
20
6
6
1
4
11
74
15
32
14
3
2
7
4
0
19
3
9
7
61
12
7
6
0
14
1
261
4
1
3
10
7
2
3
2
14
9
3
119
6
71
15
5
15
39
2
11
5
8
2
9
7
39
2
8
9
4
7
4
0
5
21
25
14
6
9
2
10
46
22
9
0
0
7
1
2
4
5
8
0
2
10
30
0
9
13
1
2
20
15
25
7
26
7
4
10
5
1
7
3
66
6
8
1274
3
5
3
9
9
5
3
3
14
13
0
2
4
53
4
5
1
41
3
9
7
3
18
1
11
34
8
6
2
27
2
14
3
0
1
10
1
2
9
5
2
5
8
44
0
45
7
18
8
58
1
0
14
28
6
15
8
7
8
0
3
0
4
12
0
9
10
3
1
5
23
1
3
1
1
4
3
12
1
1
31
19
6
8
3
13
16
3
4
1
174
49
9
28
11
19
16
12
11
3
8
7
7
3
17
6
16
0
10
10
3
77
5
4
13
5
20
2
4
8
7
8
16
3
19
6
7
3
2
4
3
2
51
6
1
10
1
1
11
2
3
29
8
152
1
38
1
4
27
25
55
17
5
6
2
3
11
11
18
4
43
1
2
30
22
2
28
5
3
9
7
83
0
1
1
21
2
44
13
10
12
3
2
4
14
2
11
12
2
8
1
2
6
17
10
7
22
4
4
5
10
6
4
22
53
6
1
6
3
2
7
15
20
4
35
34
2
111
7
4
17
4
8
70
6
2
851
4
13
9
7
6
81
6
6
0
19
0
10
5
9
2
17
4
1
11
8
22
20
3
6
4
2
5
12
1
0
7
34
3
5
1
4
4
4
11
2
5
24
6
19
22
32
0
10
42
7
14
14
4
10
0
3
4
2
7
9
3
5
16
0
0
11
0
7
2
7
11
1
23
15
9
5
3
7
6
9
7
8
4
3
7
0
6
2
201
6
25
215
6
4
5
3
25
3
8
41
77
0
5
3
1
12
53
8
98
12
4
1
39
0
25
29
4
1
4
78
1
9
13
8
6
29
23
0
8
3
11
37
2
23
9
19
1
4
4
19
4
7
3
6
218
34
3
1
7
1
13
3
20
14
8
2
21
9
4
5
4
8
7
1
6
25
39
6
1
13
8
3
7
7
25
3
2
6
4
4
7
7
12
1
5
19
4
2
2
19
1
15
8
4
28
20
7
28
5
27
6
1
7
3
4
3
7
1
6
5
7
5
9
47
9
5
8
15
22
2
8
4
5
8
3
12
2
4
2
2
8
12
45
2
2
1
10
13
12
3
3
17
10
22
18
2
10
10
22
0
2
12
52
44
7
8
173
8
37
10
7
15
3
9
17
5
7
2
12
83
6
12
4
0
26
1
4
0
4
4
10
34
3
11
5
0
2
2
5
36
13
18
2
5
11
2
22
102
23
4
15
7
38
10
32
2
21
5
4
1
98
8
2
8
13
1
18
3
36
8
1
2
3
5
40
4
6
4
1
11
4
3
3
1
6
54
4
7
30
5
1
5
40
5
2
7
2
18
19
9
6
6
5
13
5
10
9
2
16
1
3
9
4
3
6
2
4
4
2
6
8
8
3
0
2
8
5
17
23
5
11
12
5
189
1
12
2
10
10
3
7
0
6
1
3
1
23
5
7
11
3
9
17
8
1
70
13
2
4
34
7
10
18
8
5
9
3
7
19
10
3
5
26
7
15
7
19
6
7
4
0
1
23
13
16
0
19
16
3
4
2
3
33
27
11
10
18
12
14
32
16
11
40
6
4
5
2
7
12
435
1
6
25
5
7
225
71
2
9
6
49
42
3
100
20
0
2
5
17
10
10
16
5
11
5
12
6
2
3
5
6
7
7
11
13
13
5
15
1
3
8
7
4
16
16
0
3
2
6
35
2
4
5
6
5
7
4
7
3
14
7
3
5
6
8
10
19
8
352
2
1
4
9
0
91
1
4
3
3
0
16
1
2
4
3
3
248
9
9
87
5
5
9
5
2
15
7
19
8
21
5
3
46
1
20
14
72
6
33
0
1
8
8
3
7
2
10
10
5
15
5
9
8
0
10
2
13
6
2
1
1
6
39
19
28
10
15
3
115
8
12
3
19
7
7
4
10
3
10
17
2
18
4
2
6
2
2
4
14
38
6
18
6
8
2
1
4
6
3
7
1
9
16
4
1
4
4
35
13
5
12
6
5
11
10
91
1
11
15
31
21
9
27
3
10
19
5
123
21
17
0
4
5
12
7
14
8
2
5
1048
5
2
17
17
7
4
5
11
2
0
5
3
1
9
5
2
0
40
6
9
12
2
8
14
175
0
4
18
5
6
9
33
7
4
6
11
9
10
5
3
3
6
22
1
3
103
5
2
6
8
8
26
133
10
3
1
19
2
8
3
1
4
19
5
86
1
29
2
7
2
75
8
1
8
4
3
4
0
10
2
11
11
9
4
5
17
10
1
3
3
4
0
31
12
26
7
2
6
31
28
6
2
390
1
5
9
10
9
4
20
5
3
4
8
3
2
6
1
6
6
2
27
2
7
41
6
3
9
7
7
7
11
69
30
13
32
4
2
16
5
23
5
0
26
12
37
8
7
10
5
4
16
0
0
33
0
2
14
140
6
9
3
4
16
4
4
35
44
5
8
11
35
4
11
5
10
1
9
7
1
8
3
6
27
1
7
22
27
2
9
21
0
4
4
11
2
3
9
6
3
3
13
28
16
9
3
1
57
9
2
10
5
1
37
4
4
7
5
5
4
72
5
7
11
10
56
0
76
4
13
7
2
7
12
38
9
1
0
0
1
4
6
9
12
7
7
2
4
60
13
4
14
17
2
8
2
12
3
15
5
22
12
5
24
2
36
48
5
13
6
3
4
8
7
19
7
8
11
4
3
6
2
10
2
5
1
3
2
2
4
1
10
2
4
25
6
5
4
20
8
7
20
15
5
108
4
1441
2
1
2
4
21
16
8
5
7
62
4
4
30
20
7
8
5
7
10
17
2
11
35
1
155
2
5
2
10
17
3
163
10
12
6
6
3
4
13
7
9
0
3
10
5
6
24
7
2
17
7
4
8
7
17
5
9
10
2
24
2
8
20
7
1
11
7
4
12
5
2
14
4
2
2
17
12
9
65
9
19
14
7
6
0
16
8
13
7
108
7
19
126
10
2
9
5
106
10
3
1
15
10
3
5
1
3
5
13
11
5
19
6
2
4
16
13
67
2
9
4
9
9
26
1
0
6
3
13
14
1
6
2
4
10
5
8
7
193
2
4
4
5
7
2
45
21
62
76
8
35
0
1
15
46
8
1
36
0
4
3
4
68
2
1
4
1
6
1
4
24
3
4
7
7
2
12
9
13
1
1
2
9
8
2
4
15
10
14
49
5
20
3
17
5
11
8
22
20
3
0
1
1
11
10
62
9
1
2
10
4
18
2
5
2
6
22
3
13
11
2
2
7
4
9
9
110
17
1
3
81
0
6
11
22
12
5
15
6
2
4
9
5
8
11
6
0
0
11
6
13
5
5
7
20
8
2
8
6
5
0
2
2
39
1
11
8
7
10
899
1
5
8
3
9
16
7
5
1
7
12
2
1
72
4
5
3
3
8
12
4
10
5
0
18
10
71
12
4
9
0
0
4
3
2
2
9
5
4
15
7
4
8
9
15
18
12
2
2
1
22
11
15
6
1
4
12
13
245
2
5
2909
23
12
5
17
4
20
12
4
4
4
4
47
8
7
12
2
4
0
14
6
1
9
4
18
11
9
4
49
1
0
345
1
3
16
2
118
10
0
6
4
4
8
6
161
5
38
5
261
6
23
5
13
4
4
3
89
3
3
4
7
4
36
9
13
11
12
16
3
4
4
2
6
28
2
0
6
3
2
10
13
3
3
10
7
0
1086
9
52
1
3
15
5
27
11
3
4
13
8
2
9
3
6
2
16
18
18
2
1
9
1
20
3
1
23
0
6
6
2
11
1
4
85
78
15
7
9
7
4
8
2
1
18
3
9
2
22
4
32
9
2
2
0
1
0
5
12
2
1
2
2
2
5
59
15
6
11
6
1
11
18
273
2
1
1
15
1
30
6
0
10
4
2
19
5
0
4
7
5
9
44
8
42
4
3
27
16
129
1
2
25
1
3
2
5
11
26
15
2
4
0
4
4
481
9
17
320
1
7
54
4
4
2
4
7
20
9
7
4
1
38
15
13
12
1
43
4
3
1
7
1
5
45
10
9
21
8
5
7
1
10
12
20
18
8
68
15
8
1
1
7
4
3
6
13
3
3
4
48
19
21
20
3
24
11
3
10
4
7
14
15
8
7
19
8
36
34
6
8
1
30
1
4
7
14
7
0
8
171
3
12
2
2
0
0
5
2
8
14
27
3
43
4
6
17
9
0
25
24
3
3
1
3
2
2
12
3
24
0
5
5
10
9
3
3
0
12
10
14
2
20
96
9
7
8
25
6
4
7
5
12
1
11
12
3
7
7
38
1
14
4
5
3
8
8
10
1
10
4
4
93
7
14
4
1
289
22
8
8
8
5
5
2
13
6
1
1307
1
12
28
1
5
12
67
1114
5
7
8
7
3
47
5
9
569
7
17
19
0
368
2
2
10
5
3
3
12
7
2
12
2
1
4
3
5
27
5
3
3
3
2
2
7
15
24
3
12
17
10
3
50
2
7
4
0
4
6
5
2
4
4
24
15
4
3
6
30
10
2
5
0
5
6
9
21
0
5
10
67
1
2
167
6
20
3
3
14
4
3
6
14
1
3
4
0
6
174
7
12
0
27
39
11
9
30
12
5
16
26
54
6
28
5
4
8
9
39
3
4
2
82
4
8
13
34
10
6
3
9
27
30
0
12
5
0
19
12
8
1
7
0
1
11
2
12
11
18
55
3
6
10
1
17
3
39
3
10
3
23
238
1
5
19
4
3
21
7
4
6
6
21
6
6
3
1
14
4
12
7
6
2
3
7
4
7
16
3
50
25
2
34
25
3
9
1
6
5
3
3
10
10
4
15
13
1
5
3
24
6
4
20
12
3
2
8
6
4
7
7
12
10
30
3
3
12
5
8
2
4
2
2
9
3
7
32
5
12
3
0
6
9
2
30
3
3
14
2
15
8
23
10
25
2
19
11
3
9
28
13
10
2
17
6
22
5
2
4
1
2
7
3
4
2
3
6
9
5
5
56
1
5
3
13
4
29
1
8
0
5
79
4
0
2
1
36
4
2
4
1
208
37
2
10
3
41
1
11
5
0
4
1
18
2
72
11
52
0
4
9
3
4
15
1
10
4
2
8
3
5
3
5
24
1
9
12
4
11
7
11
6
1
0
5
6
15
12
101
7
6
6
2
15
2
5
17
7
5
9
26
10
6
9
4
6
2
29
3
20
3
2
107
8
4
8
4
7
161
7
4
4
3
5
10
2
1
5
7
7
2
4
28
10
1
8
14
8
2
10
6
33
2
3
11
17
2
5
4
16
28
36
5
6
0
4
2
5
5
2
6
7
6
1
3
4
27
2
2
9
1
7
10
697
1
27
14
7
2
13
40
4
22
1
2
0
8
1
106
1
1
6
6
25
3
3020
7
0
8
94
10
6
281
23
17
5
4
11
2
10
6
1
26
675
5
9
12
12
23
13
1
7
15
1
7
6
2
4
8
3
1
0
3
7
8
4
4
2
84
6
6
4
19
0
9
5
3
4
3
3
5
8
10
6
1
4
6
12
6
11
176
3
7
3
11
5
1
4
5
11
23
2
3
3
12
1
10
6
2
1
4
9
13
9
125
13
2
476
1
1
5
5
6
35
9
17
8
5
4
11
4
5
4
4
0
20
23
1
9
6
1
5
2
3
2
6
21
4
1
2
6
9
3
27
11
6
10
18
12
28
10
4
5
7
3
1
0
9
1
9
1
4
3
3
5
21
5
26
18
3
4
6
12
3
22
7
4
3
31
5
2
27
2
10
4
0
108
12
1
57
11
3
77
0
33
2
19
3
11
4
1
6
7
23
4
4
8
2
8
4
0
2
133
2
0
15
28
4
4
4
0
12
3
5
0
1
6
4
34
2
7
4
103
1
7
8
16
9
2
16
7
12
29
7
43
12
4
30
2
0
1
25
5
7
2
17
7
1
8
1
1
3
4
8
8
7
5
10
2
4
10
5
32
3
11
373
7
6
20
12
15
3
15
0
6
2
16
2
4
3
6
6
43
5
10
5
18
7
19
13
3
6
17
9
7
5
3
17
3
6
5
25
6
74
4
1
90
187
53
3
19
107
2
8
6
26
0
1
8
1
5
15
9
8
6
4
5
21
127
0
12
3
8
13
6
2
3
1
12
0
3
11
2
6
5
28
2
24
13
3
0
4
30
44
3
7
3
9
3
15
5
26
29
18
4270
0
15
2
3
26
7
3
18
24
0
19
7
40
2
19
18
15
1
6
7
10
3
3
8
12
5
5
7
0
22
188
9
12
7
2
6
27
5
1
37
27
3
9
5
10
88
2
30
3
180
58
3
2
19
2
10
2
7
28
10
4
28
40
2
13
6
73
12
17
13
19
11
1
367
5
1
6
7
7
19
47
1421
1
12
9
9
50
2
7
0
4
1
5
27
56
0
3
14
3
8
4
10
4
0
8
4
43
14
18
4
0
39
48
2
5
2
10
1
87
6
3
2
18
31
0
13
170
4
45
0
5
25
2
4
5
0
6
5
4
3
0
6
7
3
4
0
12
2
35
2
16
14
48
8
0
1
44
5
5
14
7
5
2
6
1
6
13
13
0
0
34
3
8
6
6
0
11
9
9
7
9
1
9
10
15
29
15
2
15
3
3
6
19
3
26
1
5
0
9
9
9
36
2
10
19
2
33
25
10
3
1
2
9
0
3
0
15
40
4
2
1
9
19
26
215
8
0
2
3
6
27
113
10
3
6
2
61
1
0
12
5
9
32
2
3
7
10
2
20
1
11
29
28
28
84
3
0
1
6
11
8
1
20
7
2
14
23
11
4
5
12
2
13
15
4
6
4
3
6
0
334
4
2
8
24
2
9
1
54
181
48
1
11
5
17
3
6
5
11
6
12
5
299
9
3
17
3
0
10
7
4
3
8
8
165
17
14
6
1
3
40
8
103
15
22
3
3
27
9
3
8
1
2
3
14
3
6
12
4
4
11
0
2
0
6
3
6
0
1
3
0
1
2
5
20
19
67
32
3
13
2
16
7
4
1
12
0
168
4
236
5
1
3
47
5
1
5
4
82
3
2
4
2
6
6
2
12
0
6
15
4
6
33
19
12
10
2
3
6
7
6
1
7
2
4
4
5
3
4
1
6
4
13
9
4
6
5
3
7
1
9
15
4
1
13
13
7
1
1
9
5
9
7
14
2
28
4
4
34
4
4
58
84
2
4
8
1
9
0
9
30
8
3
7
9
16
19
3
3
41
11
7
9
3
85
8
1
18
376
2
19
2
8
12
8
14
2
5
8
33
8
20
16
4
2
9
2
3
2
308
17
2
4
73
1
4
19
35
5
1
5
11
36
6
1
23
21
1
15
9
15
9
4
2
12
9
8
15
3
1
3
13
4
18
21
4
10
16
11
6
411
47
3
14
28
10
2
6
4
9
2
7
13
2
6
7
9
5
105
8
5
5
2
7
14
10
10
15
9
1
1
15
14
39
974
3
29
6
2
13
3
3
10
2
5
3
4
7
1
2
0
9
15
0
31
8
4
46
6
3
13
1
8
18
2
7
3
3
4
16
7
17
2
4
0
0
6
2
2
8
23
16
9
2
4
8
4
4
251
14
41
9
4
0
3
24
5
24
12
18
33
8
15
4
8
63
5
221
4
8
2
7
6
63
48
3
4
12
28
8
3
71
22
1
0
17
5
4
8
1
4
3
3
15
11
8
49
2
2
1
2
0
22
2
5
7
14
12
25
3
2
16
15
4
6
0
7
51
3
497
24
3
64
0
7
4
12
1
7
2
1
8
1
0
9
23
5
9
5
12
5
5
2
3
10
7
4
20
5
12
9
7
5
5
5
0
28
10
13
17
9
32
2
40
14
6
26
17
2
5
10
8
1
21
114
5
7
1
6
7
4
4
3
17
1
3
3
15
2
1
9
14
21
1
23
17
38
22
6
1
14
8
8
10
36
3
5
9
62
14
3
5
10
10
5
3
2
4
4
7
11
16
1
4
16
3
2
6
1
45
5
7
23
3
4
32
3
5
6
5
26
5
2
3
4
12
6
30
1
5
6
23
1
5
28
17
22
10
9
12
1
18
37
1
3
5
34
3
6
3
8
6
7
27
6
3
1
10
15
7
26
15
12
5
28
4
10
1
2
4
6
23
3
23
110
6
6
5
8
3
7
14
2
23
3
5
35
11
4
7
2
1
5
6
3
5
7
2
9
3
7
5
1
145
1
3
18
1
2
1
36
0
3
1
3
2
2
9
8
7
1
11
2
8
0
8
13
8
0
1
5
3
11
6
4
6
7
5
7
8
5
50
28
8
2
7
0
10
1
2
31
30
12
2
4
1
11
0
12
5
0
347
2
10
5
8
1
5
20
7
2
10
37
4
37
22
161
9
6
9
66
8
4
0
22
1
6
9
2
2
7
5
1
1
2
5
1
6
11
0
3
5
4
8
6
7
18
3
7
19
11
4
5
8
3
9
8
6
9
42
5
2
7
17
8
0
8
4
10
1
3
34
3
16
39
6
6
51
6
17
19
7
12
2
1
587
10
8
8
5
20
6
8
39
34
8
5
5
9
15
11
5
2
3
3
4
4
6
8
6
4
0
4
6
18
10
1
30
10
51
2
14
2
1
2
3
3
2
1
7
61
3
5
11
4
3
55
7
10
2
4
0
3
1
2
3
1
14
8
3
2
134
5
11
7
5
7
11
1
2
4
29
50
15
12
6
43
0
2
282
4
1
6
6
52
187
8
19
7
7
1
6
5
14
41
16
6
14
8
9
4
3
44
7
4
9
2
12
2
4
19
15
7
6
11
5
9
3
8
9
7
6
3
2
15
5
4
1
5
60
5
35
27
2
2
436
5
3
15
265
4
4
2
13
13
13
2
5
5
7
9
9
30
4
1
32
4
6
13
8
0
4
3
12
13
3
3
13
2
7
1
16
11
18
4
1
3
96
9
8
2
1
3
9
38
6
23
7
1
128
14
4
4
9
1
4
9
14
17
9
16
11
9
15
5
4
9
4
10
1
9
2
28
9
0
0
34
12
4
10
7
3
82
20
51
2
7
2
22
14
6
4
9
0
3
1
71
7
6
16
3
5
39
9
0
8
13
11
7
13
3
1
3
265
2
5
1
6
9
0
10
0
4
0
4
9
10
10
6
45
0
22
5
5
3
4
3
28
10
3
3
4
6
4
7
9
5
0
8
16
26
4
4
4
6
0
0
1
9
1
3
5
2
2
41
3
4
9
119
3
6
18
2
2
0
4
6
8
11
95
3
0
6
6
16
0
11
12
7
5
24
4
2
13
3
1
0
2
0
5
3
20
4
10
1
13
3
3
4
5
0
0
5
4
16
8
2
1
2
7
3
3
10
4
12
7
160
10
11
0
5
15
16
26
6
8
11
3
7
9
8
10
5
2
4
4
40
7
16
4
32
17
1
5
11
7
3
9
6
2
17
0
3
2
5
9
2
6
0
3
28
2
2
3
5
7
9
16
5
2
3
8
4
11
9
10
3
8
51
455
5
27
4
3
13
24
11
7
13
8
173
7
44
0
44
6
8
0
11
16
10
4
53
3
5
11
0
5
6
36
41
3
5
13
7
3
31
7
3
35
14
5
8
1
5
2
2
6
3
4
3
4
5
1
5
15
13
48
19
33
3
0
12
3
3
46
1
14
0
8
5
1
1
11
13
1
4
9
7
3
3
6
3
8
9
40
17
5
8
14
5
12
17
10
6
69
1
28
18
17
2
18
3
5
28
1
14
26
8
2
2
22
8
1
36
10
7
3
9
8
1
64
20
3
2
25
6
2
8
40
7
12
5
42
36
2
27
10
13
3
8
1
5
7
3
1
1
14
625
8
8
2
3
12
12
1
3
3
15
0
14
2
5
4
5
1
2
1
5
142
11
2
7
0
19
4
7
7
6
42
9
1
11
6
0
3
8
5
2
29
10
5
18
4
69
1
2
0
13
8
1
2
8
34
5
31
0
14
13
8
8
1
7
7
15
38
1
5
5
4
23
2
3
105
21
4
0
2
6
32
7
38
33
10
11
5
6
3
2
1
9
7
7400
7
7
69
11
7
3
30
1
3
7
5
2
3
12
5
11
2
5
208
6
7
1
8
2
6
11
28
7
14
8
11
6
1
14
13
7
12
6
3
4
7
292
4
4
2
1
7
5
13
8
6
11
4
1
26
14
25
11
14
2
0
22
421
5
122
4
3
4
14
5
7
5
6
16
2
7
5
7
18
5
9
5
7
2
46
64
9
3
11
0
8
31
35
3
8
6
19
6
11
12
16
6
3
88
17
3
23
3
5
2
1
7
3
10
37
2
7
23
8
10
31
7
9
23
4
1
4
11
1
4
497
20
8
16
11
0
32
168
3
7
24
6
0
17
2
4
6
2
11
7
4
6
5
5
13
2
1
2
1
4
0
10
3
23
23
56
1
4
2
1
4
3
4
1
0
9
1
6
9
48
9
4
4
8
9
1
1
11
14
37
8
5
6
9
13
13
12
4
10
3
6
20
4
12
5
17
15
5
4
12
14
3
44
19
4
1
6
5
22
7
6
5
6
7
10
6
5
0
6
9
2
63
38
5
4
5
9
3
6
2
4
2
6
1
29
0
9
8
95
6
2
6
12
2
12
1
1
26
11
7
8
8
2
13
2
1
11
