6
19
12
10
33
8
8
4
10
17
7
18
2
10
46
13
8
6
8
11
15
27
11
8
12
13
10
18
19
19
11
19
77
543
10
49
12
9
26
39
19
24
23
13
217
12
69
4
54
14
17
7
24
26
18
14
76
8
15
27
5
9
12
50
53
5
13
17
18
11
51
14
4
53
22
18
13
8
11
4
10
14
8
15
7
12
10
7
16
24
21
77
32
52
12
4
22
9
11
60
30
27
5
12
20
6
26
11
14
11
13
73
47
24
81
29
21
44
48
24
18
24
9
30
1
35
6
12
8
17
39
54
65
60
11
12
10
14
11
29
20
27
28
8
15
52
17
4
17
24
9
7
46
10
125
15
15
115
21
11
20
19
18
17
12
22
36
13
20
7
29
23
8
15
6
13
18
11
28
12
19
13
7
8
51
5
24
15
41
15
10
18
25
12
8
9
24
10
13
1703
12
8
28
6
12
18
23
11
22
11
34
16
13
27
26
24
12
10
9
4
15
34
24
79
14
9
67
19
15
28
11
22
26
10
12
34
12
17
11
25
6
34
10
10
26
40
16
6
7
12
11
1
72
10
17
33
5
23
117
6
20
11
13
13
6
16
10
13
8
16
81
17
4
7
18
12
15
23
6
19
23
14
26
9
11
29
23
11
75
18
163
8
6
12
13
15
10
12
12
17
19
15
6
18
6
15
20
10
12
7
14
44
7
13
15
22
8
4
8
8
3
26
10
18
4
6
47
73
16
48
11
7
20
32
16
21
20
11
14
39
13
24
17
40
2
3
5
8
21
12
21
78
9
14
81
5
17
5
39
9
4
184
9
1
70
49
15
6
25
14
14
35
7
9
15
11
27
9
2
14
5
25
4
28
10
11
20
25
11
78
20
13
7
13
3
3
15
14
22
25
10
58
11
19
26
4
6
9
6
4
43
8
6
7
18
9
13
123
15
11
5
17
6
40
9
30
3
16
198
13
11
3
10
22
10
78
33
13
10
82
25
29
5
37
10
11
19
132
29
23
6
30
5
34
32
9
20
6
200
8
9
23
23
1
117
26
13
6
11
15
80
13
141
9
9
8
42
3
12
3
519
9
372
6
26
9
7
13
13
17
13
19
11
23
14
18
16
11
43
7
6
19
12
10
33
8
8
4
10
17
7
18
2
10
46
13
8
6
8
11
15
27
11
8
12
13
10
18
19
19
11
19
77
543
10
49
12
9
26
39
19
24
23
13
217
12
69
4
54
14
17
7
24
26
18
14
76
8
15
27
5
9
12
50
53
5
13
17
18
11
51
14
4
53
22
18
13
8
11
4
10
14
8
15
7
12
10
7
16
24
21
77
32
52
12
4
22
9
11
60
30
27
5
12
20
6
26
11
14
11
13
73
47
24
81
29
21
44
48
24
18
24
9
30
1
35
6
12
8
17
39
54
65
60
11
12
10
14
11
29
20
27
28
8
15
52
17
4
17
24
9
7
46
10
125
15
15
115
21
11
20
19
18
17
12
22
36
13
20
7
29
23
8
15
6
13
18
11
28
12
19
13
7
8
51
5
24
15
41
15
10
18
25
12
8
9
24
10
13
1703
12
8
28
6
12
18
23
11
22
11
34
16
13
27
26
24
12
10
9
4
15
34
24
79
14
9
67
19
15
28
11
22
26
10
12
34
12
17
11
25
6
34
10
10
26
40
16
6
7
12
11
1
72
10
17
33
5
23
117
6
20
11
13
13
6
16
10
13
8
16
81
17
4
7
18
12
15
23
6
19
23
14
26
9
11
29
23
11
75
18
163
8
6
12
13
15
10
12
12
17
19
15
6
18
6
15
20
10
12
7
14
44
7
13
15
22
8
4
8
8
3
26
10
18
4
6
47
73
16
48
11
7
20
32
16
21
20
11
14
39
13
24
17
40
2
3
5
8
21
12
21
78
9
14
81
5
17
5
39
9
4
184
9
1
70
49
15
6
25
14
14
35
7
9
15
11
27
9
2
14
5
25
4
28
10
11
20
25
11
78
20
13
7
13
3
3
15
14
22
25
10
58
11
19
26
4
6
9
6
4
43
8
6
7
18
9
13
123
15
11
5
17
6
40
9
30
3
16
198
13
11
3
10
22
10
78
33
13
10
82
25
29
5
37
10
11
19
132
29
23
6
30
5
34
32
9
20
6
200
8
9
23
23
1
117
26
13
6
11
15
80
13
141
9
9
8
42
3
12
3
519
9
372
6
26
9
7
13
13
17
13
19
11
23
14
18
16
11
43
7
2
10
9
4
80
24
22
26
68
10
13
17
74
21
11
10
6
15
14
2
46
12
7
80
17
38
115
109
20
11
17
25
4
27
12
22
5
12
4
20
8
19
10
13
28
28
56
24
22
19
12
20
6
15
9
6
18
16
10
11
8
16
14
16
11
6
43
6
30
43
24
22
5
5
13
33
13
25
8
20
9
10
18
14
13
26
59
16
29
39
1
51
18
18
8
12
13
10
11
39
14
25
11
16
5
22
28
23
122
7
16
3
10
8
7
12
29
11
13
14
283
18
24
18
16
3
7
49
13
13
18
30
10
10
9
6
6
131
30
19
5
12
31
8
21
7
15
5
13
3
28
14
17
7
27
13
11
20
27
7
20
10
21
29
6
16
6
48
14
12
8
13
147
22
12
9
12
16
47
39
9
21
27
21
13
14
19
12
19
215
12
4
26
14
11
10
10
53
19
9
17
19
21
67
6
3
5
15
16
51
16
12
34
5
19
12
11
23
10
38
14
11
27
19
16
6
8
31
0
9
13
10
38
32
16
3
9
58
60
7
17
2
15
15
37
24
20
16
27
14
13
8
16
19
11
148
13
8
6
18
54
19
14
14
31
16
22
23
8
10
23
16
7
14
15
10
8
29
12
36
15
22
91
11
181
14
6
15
40
38
19
6
8
6
7
21
23
2
26
41
27
7
31
14
18
71
46
3
8
12
9
16
69
29
37
11
50
11
202
219
21
16
21
16
26
7
4
7
8
12
8
17
12
40
13
10
50
8
15
14
3
5
5
35
43
33
8
391
83
4
48
7
6
4
70
14
12
28
35
9
8
10
19
8
10
12
14
12
10
15
91
12
25
12
13
7
25
16
16
15
13
7
6
18
8
11
7
24
12
17
136
12
25
38
5
7
14
14
22
18
16
6
19
66
6
13
20
29
18
7
18
18
2
26
6
6
7
16
11
10
36
17
5
12
6
37
57
16
5
22
12
12
346
7
8
5
16
3
14
19
6
55
71
57
37
56
30
16
7
17
28
8
10
10
11
7
7
4
28
10
9
15
16
9
16
5
54
6
10
3
19
103
17
13
9
22
67
20
3
45
18
19
54
179
6
23
11
13
4
7
9
87
15
5
42
21
4
20
26
12
36
8
4
46
9
15
27
40
11
28
24
12
14
11
13
4
28
5
11
14
12
45
6
15
7
13
14
9
7
16
9
15
3
106
37
23
19
20
15
20
14
18
20
7
7
5
55
15
8
43
17
61
7
9
27
13
40
21
14
15
20
16
5
9
10
59
7
45
18
33
23
143
8
9582
15
15
5
3
11
16
98
2
14
14
12
14
12
14
24
7
10
20
14
27
8
27
42
6
7
11
17
13
11
9
22
8
13
12
9
38
13
14
17
10
25
229
987
16
12
17
20
55
40
24
9
12
18
9
25
9
19
47
20
14
8
9
35
23
137
14
14
25
11
6
4
15
13
7
36
8
9
46
11
17
10
11
29
13
15
9
10
24
136
21
13
6
17
8
10
12
17
10
6
12
17
8
26
26
13
13
24
10
11
16
47
22
16
15
29
30
11
7
5
14
15
7
9
22
195
10
16
96
35
18
18
40
7
12
6
2
20
19
98
118
13
13
5
7
35
16
24
54
24
11
10
10
7
13
7
13
103
30
20
22
8
5
15
10
8
23
16
13
5
13
18
14
3
13
36
6
14
8
12
142
11
10
12
14
15
7
11
14
14
29
63
5
14
72
44
12
7
10
1001
12
28
6
15
6
6
7
13
11
15
15
66
18
26
7
3
111
16
13
139
15
8
9
70
43
12
14
15
14
8
9
12
13
7
26
6
9
7
28
14
10
31
5
39
21
1
9
24
28
14
41
16
12
23
18
18
22
20
2
11
16
22
54
26
9
40
15
50
18
16
7
14
50
14
23
5
20
19
0
2
4
6
32
31
12
10
12
7
7
9
14
21
18
9
35
4
21
8
24
20
10
8
13
16
6
12
25
2
9
21
11
3
7
17
11
11
5
17
21
8
8
31
28
22
22
11
46
40
60
9
9
4
8
6
5
13
20
5
25
24
1134
41
44
11
20
6
17
11
12
10
2
17
11
4
14
92
17
18
13
22
8
17
314
6
15
5
38
37
10
7
11
32
8
12
9
12
8
48
25
42
10
10
31
10
14
23
6
11
9
4
19
31
3
6
15
28
13
11
22
13
12
6
11
23
9
15
15
11
4
5
7
25
18
20
10
15
10
12
8
69
19
14
4
7
11
6
11
5
7
14
8
139
19
10
25
33
10
15
10
31
29
122
76
8
9
14
15
26
70
4
41
39
12
7
68
13
17
41
23
7
14
17
7
12
14
144
36
10
10
16
8
31
19
7
18
39
22
16
14
17
8
25
39
11
14
11
12
30
21
8
6
19
27
9
11
34
14
11
3
10
7
25
12
7
7
3
16
9
5
3
16
2
30
31
18
28
27
25
8
9
34
30
21
19
13
4
4
11
17
27
8
13
2
11
12
8
25
23
22
8
10
4
108
18
9
10
17
56
7
19
61
13
26
12
9
73
4
8
26
9
42
13
6
17
9
11
17
182
15
1097
18
20
13
7
18
21
28
22
10
11
14
13
7
13
22
9
9
10
3
7
21
52
55
22
37
13
11
5
10
12
23
9
30
14
43
6
21
13
28
79
19
12
10
24
87
6
4
14
10
9
9
4
6
15
3
20
3
21
7
3
9
7
8
4
10
19
5
31
11
4
12
6
4
4
14
5
34
12
19
16
21
10
6
7
7
36
11
24
43
13
13
26
3
11
24
9
6
15
14
24
3
6
12
8
24
18
15
24
16
138
10
7
46
10
9
18
8
17
15
15
18
12
4
10
7
10
58
90
12
9
18
17
7
17
39
20
38
6
7
37
13
9
26
7
14
28
12
5
12
9
31
5
6
29
18
6
12
2
15
15
294
52
14
11
513
4
19
9
17
22
9
31
9
105
41
13
51
5
5
7
4
16
5
11
5
86
15
9
8
10
34
13
12
19
9
12
59
10
36
7
8
10
11
6
23
11
26
18
7
146
2
11
10
6
25
13
11
23
25
10
17
15
97
36
10
11
19
8
41
9
5
9
6
9
12
126
7
59
5
7
99
5
16
23
19
2
9
14
20
6
7
10
10
8
13
43
5
24
13
128
3
5
8
13
16
49
4
18
55
9
24
68
26
12
39
19
77
12
43
163
53
41
5
11
8
21
11
52
35
18
21
12
10
11
5
11
23
15
13
24
15
8
7
44
19
21
9
29
12
12
5
8
15
10
9
15
24
8
9
4
19
15
18
10
7
9
9
22
4
11
9
11
9
21
13
18
12
56
13
8
19
8
18
6
13
25
9
13
2
8
268
7
7
8
35
23
11
88
11
5
16
28
14
20
17
9
24
37
15
27
12
12
4
17
12
11
7
6
6
5
10
18
23
8
7
20
12
13
11
29
36
16
44
9
12
10
17
49
14
10
8
5
6
12
9
7
9
22
8
12
7
71
16
14
4
5
250
39
66
7
38
11
16
5
5
10
6
18
12
6
11
19
30
20
6
41
15
14
10
20
9
35
8
3
11
16
10
16
75
14
14
18
8
7
23
110
56
15
8
20
8
13
21
11
23
124
43
6
15
6
11
16
11
13
14
18
12
25
5
14
14
2
7
62
23
9
5
14
30
15
37
15
10
4
21
2
15
19
22
22
22
36
6
37
2
9
8
9
10
30
8
66
10
21
60
10
22
5
12
9
56
20
15
14
16
18
15
12
8
10
16
94
6
10
26
13
5
14
15
16
25
14
15
4
28
12
19
5
8
9
42
9
16
87
7
8
29
1
6
21
9
10
10
18
189
16
9
33
18
17
47
30
6
15
12
159
6
158
18
13
8
24
15
14
16
21
22
4
40
24
24
16
3
259
17
39
5
8
73
16
18
11
20
5
8
15
12
11
8
12
9
12
10
3
1775
3
15
8
14
77
10
25
9
10
14
5
11
7
4
15
15
11
9
8
70
19
10
16
8
9
20
12
2234
54
221
16
43
20
122
4
2
11
7
38
4
16
12
12
27
48
15
53
30
22
10
32
5
6
22
18
9
15
9
18
16
8
14
21
7
34
22
35
8
25
84
4
15
14
15
9
20
211
18
6
7
7
7
15
12
3
13
32
16
12
12
2
6
29
127
37
5
11
7
11
37
7
3
24
9
36
11
52
13
30
14
8
17
6
18
10
4
18
5
26
11
6
4
11
12
18
9
13
57
30
7
12
16
53
9
15
2
14
38
17
14
47
35
21
7
28
12
8
18
28
3
9
23
10
337
6
7
19
15
20
9
5
366
23
13
18
6
19
18
13
11
8
11
6
7
9
39
4
8
17
27
8
6
6
10
9
10
13
12
13
15
133
35
13
18
33
26
60
13
46
3
52
19
30
10
9
11
106
5
2
4
8
8
8
12
22
27
14
26
27
14
409
25
36
6
11
16
13
49
21
12
12
12
13
29
247
8
21
9
3
6
27
9
25
21
35
10
17
104
8
101
3
7
20
9
28
36
20
4
9
15
10
26
10
9
14
15
7
6
27
18
22
22
174
15
50
37
68
23
13
118
18
11
32
1229
33
57
11
8
10
20
34
10
6
6
10
20
7
12
46
13
27
31
15
7
17
17
13
6
7
7
12
19
78
21
25
6
8
49
18
18
56
8
70
95
19
14
29
60
14
16
32
29
21
5
7
13
17
8
77
4
12
9
15
25
129
13
100
23
65
2
3
22
9
7
9
16
95
108
10
18
8
4
28
8
8
33
4
38
70
5
12
28
56
15
8
3
34
68
37
7
12
4
8
4
21
1699
5
564
11
19
46
23
10
23
47
27
22
21
13
28
20
10
257
47
7
12
16
11
25
8
5
15
11
9
18
32
18
16
9
15
13
16
6
19
5
10
19
17
19
32
57
59
8
18
6
6
5
17
16
13
10
3
22
19
12
10
32
33
17
14
36
8
22
27
17
9
146
113
22
17
7
6
25
6
15
41
2
14
18
10
20
24
20
9
32
13
9
24
10
7
58
10
4
14
6
13
9
10
8
11
12
16
8
5
15
13
17
8
9
14
16
45
7
8
28
13
28
27
15
26
6
4
7
17
15
14
14
13
24
25
43
19
31
66
22
22
13
13
28
6
9
29
9
14
12
20
21
5
24
4
24
14
19
39
17
43
20
6
5
13
21
11
12
13
3
16
7
20
15
13
52
17
5
53
13
21
50
4
18
16
5
19
34
24
28
21
6
14
15
26
27
10
56
9
13
44
12
134
43
57
53
6
3
50
49
4
20
59
10
9
47
8
10
10
19
4
13
9
20
59
8
10
44
2
18
25
17
57
16
8
12
8
17
8
10
5
17
2
13
28
10
9
5
14
20
32
7
29
10
8
8
21
10
91
9
8
8
10
12
32
16
8
8
59
44
15
26
19
5
16
19
23
10
9
29
9
13
34
7
10
6
9
7
4
19
15
12
25
21
19
4
15
26
9
41
2
75
15
17
49
9
20
22
11
5
18
8
12
15
100
7
32
135
8
34
12
8
58
22
24
12
13
14
42
23
9
9
9
16
13
45
33
5
52
19
37
12
10
12
8
233
8
14
11
16
4
62
4
10
1
10
10
10
17
33
11
14
25
9
17
3
75
51
7
14
4
8
8
34
12
25
9
5
22
15
4
453
4
100
5
7
17
53
8
14
4
91
2
17
16
9
1
22
12
4
9
20
28
10
14
1088
10
54
39
19
12
26
110
4
15
2
13
16
8
9
8
2
6
18
19
2
37
11
30
16
13
38
6
9
4
57
9
11
9
3
13
7
14
12
6
3
17
10
13
8
3
17
24
6
19
55
12
52
10
8
12
12
7
19
12
3
231
12
13
3
17
10
23
4
8
14
14
9
16
5
37
12
11
13
7
17
21
8
12
25
17
8
26
16
26
13
6
11
9
32
11
15
9
5
56
15
18
21
28
17
7
11
17
24
13
22
87
8
16
70
19
8
11
15
32
31
120
47
9
4
4
7
52
22
19
16
35
14
83
28
14
84
24
22
11
16
29
28
18
9
8
13
8
4
3
15
9
15
6
23
6
10
26
130
16
17
43
27
30
17
13
147
3
8
26
3
5
9
9
2
16
23
17
11
10
18
42
27
15
57
22
11
45
31
37
32
11
39
5
5
13
4
10
42
13
6
9
8
9
16
9
164
6
4
38
18
14
18
22
21
7
16
10
10
15
7
12
32
12
36
16
370
15
52
54
11
17
70
62
7
33
111
197
27
9
48
15
20
16
11
18
8
9
11
13
6
41
4
13
15
42
78
7
11
29
6
13
17
7
61
18
11
232
17
12
17
7
28
55
12
6
30
20
8
11
33
4
7
6
9
36
20
9
99
28
4
14
5
14
11
121
25
3
22
7
5
6
38
9
26
35
32
5
15
35
3
9
6
24
47
19
15
4
3
6
10
1
36
24
21
7
15
19
12
31
46
22
6
12
16
22
25
12
17
3
69
9
14
12
13
16
8
30
9
7
47
23
19
24
8
35
10
10
95
23
15
28
10
4
12
39
46
4
12
3
8
9
16
18
6
17
15
63
12
445
7
14
9
10
11
9
11
14
6
19
12
51
17
27
9
21
19
3
6
56
22
7
13
7
23
10
80
23
3
4
17
16
45
14
56
42
13
13
7
20
9
20
17
28
21
5
5
10
7
104
3
35
37
11
64
21
62
28
14
14
6
4
20
175
12
16
6
14
11
77
20
19
21
12
15
32
18
14
6
9
20
100
31
47
24
8
8
18
17
6
31
10
15
12
78
20
15
15
1
23
4
346
11
5
14
20
13
9
7
8
25
14
9
166
10
100
25
19
28
52
6
23
14
15
16
17
11
57
6
17
25
8
16
7
11
10
35
39
30
12
21
5
19
60
31
16
1
4
15
4
8
10
10
15
3
10
20
50
4
24
21
4
9
28
22
43
16
48
15
9
24
8
4
14
10
82
17
19
1474
8
19
7
17
19
9
6
8
29
19
3
9
11
80
12
12
8
56
8
18
15
6
26
4
19
47
23
11
7
36
10
20
10
7
5
20
8
6
13
16
9
12
17
55
4
71
17
30
14
85
5
6
31
44
11
40
19
23
24
3
9
6
9
20
5
22
19
11
7
16
35
8
10
8
5
9
10
28
8
4
48
38
12
15
4
27
26
11
12
4
207
66
15
43
17
36
27
24
17
4
19
14
12
5
27
12
19
6
14
23
9
101
12
10
17
8
30
8
16
15
11
15
29
6
32
21
24
6
6
11
10
10
66
13
5
20
7
6
16
6
7
48
18
194
6
48
3
12
36
43
86
34
10
18
7
11
18
17
30
9
66
4
8
43
42
6
38
16
9
21
13
112
2
8
8
31
11
73
27
22
27
6
6
9
23
4
23
22
3
23
4
5
17
26
20
18
40
9
10
13
19
13
9
41
78
12
5
10
14
2
18
31
30
14
56
55
13
147
17
6
35
11
15
91
13
6
1071
8
28
19
13
10
100
12
11
0
31
0
19
21
15
9
35
8
4
28
20
29
30
10
10
10
6
13
27
7
3
17
52
11
13
5
11
11
14
20
3
13
30
15
37
43
48
6
23
58
18
17
25
9
21
2
8
10
13
12
15
4
7
26
5
1
20
5
14
8
16
25
4
33
34
13
11
9
16
17
17
13
16
9
11
12
3
12
5
268
16
37
283
15
16
12
8
43
6
15
59
106
4
17
8
4
23
73
11
142
20
14
4
64
11
36
47
8
7
10
97
4
14
21
13
16
50
37
6
17
9
17
46
7
35
19
29
11
9
12
30
7
14
10
22
294
50
9
6
13
5
22
9
35
21
16
8
37
16
10
14
11
14
16
5
13
35
52
12
9
24
16
8
21
17
38
16
7
16
6
13
15
17
20
9
9
35
9
6
8
23
5
31
12
9
44
37
16
35
10
41
21
3
16
7
6
11
17
4
10
12
13
15
16
65
19
13
24
26
35
10
15
11
14
17
7
25
13
6
8
10
15
22
57
6
11
5
21
25
20
7
10
28
17
39
25
10
13
21
33
3
8
22
68
64
18
18
226
11
55
15
10
20
10
18
36
9
21
6
20
104
16
18
8
6
41
5
10
3
13
20
19
66
7
19
12
4
12
5
7
49
23
32
4
8
21
11
34
146
34
11
26
13
60
22
51
6
33
12
11
7
124
16
8
20
27
3
23
8
59
18
9
9
7
9
64
8
15
6
9
17
8
8
8
3
16
80
7
11
41
14
8
11
64
13
11
12
6
35
32
16
19
12
12
26
13
19
22
6
26
7
6
16
17
13
16
6
11
12
10
15
16
15
12
5
12
15
12
27
38
6
22
19
8
226
5
28
6
17
17
8
13
9
8
4
20
4
35
15
11
17
5
14
27
20
4
90
25
5
10
52
17
21
32
12
12
20
7
13
30
23
16
11
35
14
30
11
33
11
16
12
8
7
33
30
27
3
28
27
6
13
4
3
47
39
20
17
36
17
23
54
21
22
67
11
7
19
9
15
17
540
5
14
41
9
19
280
91
9
17
16
87
64
8
135
37
12
5
12
29
18
22
25
10
13
11
25
22
8
9
15
14
14
20
19
17
20
11
21
9
7
13
13
9
23
23
3
5
9
9
52
5
11
13
13
14
17
6
8
10
28
12
8
9
11
19
22
31
13
431
7
4
11
17
8
134
6
10
11
9
1
28
7
5
10
7
10
313
15
23
126
11
10
16
14
5
30
18
37
20
36
9
12
67
5
29
29
85
11
52
3
9
18
20
9
12
13
19
24
12
27
15
18
16
5
14
3
26
14
9
7
4
14
61
30
40
20
25
10
159
11
21
11
29
17
21
9
19
8
18
26
7
30
13
7
16
10
4
12
27
54
10
31
11
20
13
8
9
11
14
18
7
17
30
9
5
22
13
53
24
10
24
16
11
15
17
119
5
23
24
49
32
16
44
7
25
33
15
160
28
27
8
14
12
24
14
32
22
8
19
1201
11
12
33
29
16
8
9
25
6
3
11
4
10
16
22
7
3
59
12
18
21
5
14
27
241
4
15
29
16
9
22
62
20
8
10
21
17
25
10
5
11
10
33
9
12
145
15
5
9
13
23
28
158
12
6
2
35
5
14
9
9
14
32
14
139
5
45
4
21
9
93
19
8
16
10
9
16
8
21
10
14
14
13
9
17
30
15
9
8
10
11
1
49
19
41
15
14
12
37
45
8
5
459
4
16
14
17
20
9
33
11
6
11
17
7
8
16
9
14
12
8
46
9
16
61
11
8
18
13
17
23
23
95
39
17
55
10
6
29
12
29
13
5
35
20
52
19
11
18
13
12
23
7
5
43
3
8
26
164
20
17
6
9
27
11
11
54
61
11
11
20
51
8
25
13
15
5
21
19
3
19
8
16
41
6
14
39
42
9
15
37
4
17
5
25
11
12
23
18
10
9
18
47
27
18
10
9
83
17
8
19
8
3
60
10
10
22
10
11
9
103
16
19
21
19
70
3
106
7
21
21
10
16
21
58
18
5
5
5
4
11
13
16
23
16
9
6
7
77
26
9
22
29
8
17
3
19
12
28
8
33
24
10
34
12
62
66
12
24
14
9
16
13
19
35
21
12
26
11
9
9
8
21
9
11
10
8
5
7
13
11
20
4
14
40
12
11
12
35
13
11
33
25
10
152
9
1765
7
5
4
10
30
30
15
11
15
85
9
7
43
31
13
13
13
12
22
30
10
17
53
5
210
3
18
7
18
23
8
221
20
17
15
15
5
10
24
12
27
2
8
21
7
14
31
14
7
32
21
12
14
21
24
11
21
24
8
33
5
17
34
19
7
18
12
10
20
10
7
29
15
7
5
27
19
19
87
17
40
23
17
15
5
32
24
20
12
155
13
23
159
17
9
17
7
158
20
7
7
17
17
5
11
5
7
11
20
24
13
33
15
13
11
28
23
90
6
20
9
11
16
36
5
1
15
15
28
27
8
14
7
13
27
14
14
15
237
4
8
11
9
17
8
63
31
79
109
19
50
3
4
29
63
19
4
60
7
6
12
9
96
9
7
10
4
12
2
8
37
9
7
10
16
8
18
13
17
5
6
11
17
23
7
13
31
19
26
82
17
35
7
28
9
17
17
35
31
10
6
4
5
24
18
84
16
6
8
19
9
31
5
12
5
9
38
9
25
19
8
4
11
10
17
19
157
29
4
10
114
4
16
17
30
22
7
21
21
6
8
17
13
15
21
16
4
5
21
16
21
15
8
12
34
17
18
19
13
12
5
5
4
52
3
25
17
14
14
1017
3
10
11
12
17
18
12
13
7
15
28
4
4
101
15
21
13
8
18
17
9
25
13
2
27
20
94
21
9
15
5
6
11
4
10
10
15
17
12
28
17
8
14
15
30
35
18
8
6
6
44
21
23
18
4
10
19
23
288
3
11
3296
37
26
9
24
13
40
25
10
7
11
11
74
15
13
26
7
10
4
29
7
9
19
12
32
20
19
15
73
6
6
460
3
10
22
4
143
17
1
17
9
10
14
22
198
9
57
11
308
21
47
16
22
12
9
7
110
7
12
15
13
16
53
21
21
21
20
27
6
9
10
8
15
48
10
7
14
14
7
22
24
11
12
19
18
2
1353
19
72
5
7
29
12
50
12
15
12
26
19
6
18
7
17
7
28
22
24
9
3
19
6
29
5
9
31
2
7
13
10
20
7
15
112
121
30
11
16
10
10
12
6
11
44
13
11
12
36
15
57
15
3
6
4
8
4
13
17
8
3
9
14
10
8
78
22
18
21
15
6
22
28
342
10
6
3
25
7
42
15
6
20
16
6
26
14
4
7
12
10
17
54
17
66
12
9
44
30
165
2
14
33
7
7
7
12
21
37
32
6
5
3
19
10
603
24
33
379
12
11
71
9
9
6
6
16
31
17
18
14
5
52
25
23
22
12
57
5
5
5
20
3
9
62
19
20
35
12
9
15
6
14
28
25
25
13
99
32
16
9
6
16
12
10
11
23
15
15
10
62
34
40
29
8
39
32
5
19
12
19
23
22
10
17
29
15
56
47
13
15
4
57
6
5
19
25
11
5
17
195
12
20
3
7
3
0
14
8
15
18
47
12
67
13
13
33
19
0
46
40
6
9
4
14
8
5
22
8
38
1
12
10
19
15
12
11
5
26
20
29
7
28
129
24
15
18
49
10
14
19
11
25
3
21
17
8
12
19
51
7
18
11
11
8
17
18
36
5
21
12
8
130
12
25
7
2
352
43
21
17
16
19
10
7
19
12
5
1511
4
23
38
5
18
15
86
1405
9
19
16
9
7
58
16
18
685
11
30
39
1
433
11
5
13
16
9
11
23
13
7
17
11
5
17
11
14
46
13
12
9
9
11
8
14
35
41
13
28
22
20
7
71
4
21
6
4
10
15
10
13
7
9
37
32
9
14
13
38
15
6
7
4
11
13
12
28
5
15
19
88
5
7
245
15
38
7
8
30
13
12
11
23
5
9
9
3
13
219
13
21
8
38
57
16
15
49
20
6
22
39
80
9
42
9
11
20
13
55
8
8
2
108
10
15
23
53
24
10
14
17
40
50
6
16
12
8
41
20
25
6
11
3
9
19
16
18
19
25
81
8
17
16
4
24
6
54
8
21
5
40
308
4
14
27
12
7
34
15
8
7
12
27
12
16
14
10
22
11
23
19
10
2
9
23
7
17
29
5
77
43
5
42
39
8
21
3
9
14
10
9
16
13
11
24
24
6
11
12
44
12
15
32
19
11
6
19
15
10
16
15
24
18
39
9
6
27
8
11
11
6
3
7
22
14
12
47
12
25
8
2
11
16
9
56
7
8
26
7
22
12
40
20
37
4
27
29
7
16
44
29
15
6
29
17
33
5
5
9
7
6
15
9
11
5
9
13
19
9
13
78
9
13
9
28
13
43
5
24
8
13
120
9
8
4
5
58
11
6
12
9
268
51
10
17
10
59
7
22
14
4
7
3
35
13
90
24
76
1
8
15
6
16
21
6
17
10
9
19
4
10
7
14
39
5
17
20
6
20
15
17
15
2
3
13
13
28
21
137
13
15
14
6
27
6
9
35
18
16
27
40
17
15
18
8
14
9
40
7
26
12
6
144
18
9
14
13
13
189
10
10
14
5
6
15
11
10
9
13
14
7
12
38
23
3
13
16
17
3
17
12
56
6
9
18
24
7
8
15
32
39
58
14
15
2
11
4
11
18
12
19
15
10
11
11
10
47
5
10
17
12
23
25
881
7
39
22
11
9
23
56
6
37
6
5
8
16
9
148
3
3
14
15
38
12
3493
14
2
15
117
15
15
352
31
24
10
6
18
4
17
20
9
37
800
14
16
23
17
35
28
6
13
28
1
17
13
13
18
13
6
10
8
9
15
14
9
13
5
110
12
15
14
33
2
15
11
8
12
6
12
13
23
17
16
6
9
10
28
7
19
221
10
16
8
18
8
3
14
16
24
42
7
10
5
24
4
21
26
2
9
11
16
23
19
163
18
7
539
3
9
10
14
13
59
11
41
13
8
7
23
12
13
7
8
1
25
42
2
16
12
8
10
7
8
6
13
36
8
5
6
11
22
10
46
17
10
18
28
23
38
19
9
11
10
5
5
4
15
8
16
6
8
9
8
10
36
10
43
28
10
10
15
25
6
36
11
10
6
43
10
6
41
5
16
9
3
164
24
8
83
19
8
98
8
38
11
32
11
25
9
2
14
15
43
12
9
12
5
15
9
7
6
163
13
3
22
41
8
9
6
3
17
6
14
3
8
11
13
55
7
19
15
130
5
21
18
21
19
16
35
13
18
41
20
68
21
10
34
6
3
9
34
14
13
2
31
10
12
14
6
13
11
9
13
13
16
10
20
9
10
15
20
51
8
25
483
15
12
36
24
32
8
23
3
12
6
28
5
7
7
16
19
61
13
17
12
33
13
30
24
11
12
28
16
14
10
4
29
6
12
15
39
9
100
11
2
103
222
75
7
40
123
5
16
12
41
6
4
14
8
8
32
14
18
11
10
9
36
194
2
26
10
11
26
18
4
10
6
26
7
10
19
9
17
13
49
7
41
31
12
8
11
54
55
9
16
17
22
7
33
16
49
41
34
4887
5
28
5
11
34
20
6
30
36
5
31
15
59
10
30
23
28
4
17
13
18
12
8
16
29
11
14
12
5
42
256
16
20
15
8
13
42
15
6
55
42
6
12
14
17
119
11
45
8
211
85
6
6
31
5
22
6
17
38
20
14
43
61
8
28
12
110
26
32
21
31
22
8
430
14
4
18
15
8
26
75
1632
6
16
12
15
73
6
11
3
18
2
13
43
81
3
9
19
7
13
13
24
7
4
20
9
55
23
28
8
2
51
66
8
12
8
17
3
107
12
14
4
25
46
4
27
215
13
75
10
15
39
5
9
10
0
11
9
15
6
3
12
18
20
9
2
22
8
48
7
20
27
65
19
8
3
57
12
12
20
13
15
3
12
8
11
20
25
8
2
53
12
20
14
16
6
20
19
17
10
25
3
22
21
23
33
25
9
26
11
10
10
36
8
36
10
13
3
22
28
17
56
7
17
31
7
49
39
24
6
5
10
15
3
14
4
30
66
8
9
4
13
35
33
266
16
2
7
10
14
41
160
27
8
11
6
74
3
7
23
13
20
65
8
11
14
24
4
31
7
20
51
41
41
116
8
2
8
18
20
13
5
35
10
10
22
32
20
12
11
18
14
24
31
15
14
14
9
12
3
411
11
3
18
42
6
18
9
71
229
85
7
19
13
31
8
13
13
23
14
32
16
372
27
13
32
8
5
21
11
13
5
16
20
230
31
23
11
6
10
69
15
123
28
35
8
7
46
14
12
13
4
8
9
23
12
21
23
8
10
14
7
8
4
9
10
14
9
5
19
3
10
7
9
44
28
102
59
9
20
3
22
16
13
5
18
1
217
11
290
12
5
17
67
14
7
13
17
113
5
5
14
7
23
16
7
20
6
16
26
8
14
44
24
25
18
9
12
14
9
20
6
14
7
12
9
11
10
9
10
10
11
22
18
9
11
11
10
15
4
15
21
7
7
28
20
14
5
6
22
13
19
14
20
9
37
10
13
47
9
5
79
121
9
11
13
5
18
5
18
48
16
10
14
15
29
24
8
5
64
21
11
17
12
106
20
5
34
476
10
43
6
14
27
13
19
4
12
15
53
15
33
24
12
10
19
10
8
7
383
35
6
14
102
3
9
37
53
11
7
8
20
58
17
7
32
32
9
23
13
24
14
11
9
18
30
19
30
7
9
7
21
7
38
35
12
19
25
18
13
486
74
6
25
46
20
5
10
9
16
13
13
24
11
12
10
20
16
143
16
18
13
8
15
20
20
16
24
24
5
3
29
16
59
1204
11
46
14
5
22
7
8
13
3
13
5
8
16
6
10
3
19
20
6
43
16
11
67
15
8
21
8
17
35
8
20
10
9
11
26
16
38
11
9
1
2
17
7
8
16
28
24
20
9
8
23
13
8
324
25
71
23
10
7
12
40
10
43
20
31
48
18
38
10
16
81
16
273
11
17
8
19
13
90
71
8
8
29
49
20
10
87
38
6
4
20
11
9
9
8
15
8
9
25
21
23
65
9
8
11
12
5
35
14
10
17
28
22
42
8
9
28
23
11
17
6
11
77
6
591
33
7
87
7
17
6
26
8
10
11
13
18
5
3
21
30
14
12
11
22
10
13
7
8
15
15
10
25
11
19
16
14
9
11
12
0
39
19
25
25
17
54
6
58
20
15
47
25
7
10
15
12
6
38
140
20
14
5
12
17
6
12
10
28
5
7
9
25
8
10
22
21
33
5
38
23
61
31
11
5
37
11
21
20
45
9
9
14
95
27
11
14
19
24
11
9
6
11
11
19
24
29
9
6
31
5
10
11
3
64
14
14
31
10
15
58
7
13
11
11
46
8
4
15
9
17
22
44
8
11
9
31
1
10
34
31
37
13
25
27
6
32
49
4
8
11
54
10
16
10
18
21
14
45
9
10
5
14
27
20
40
23
24
13
44
11
23
4
10
9
11
49
9
37
135
14
20
17
12
3
13
29
9
37
11
13
59
27
8
11
12
4
12
14
11
12
11
6
16
7
14
11
5
168
5
12
32
4
7
8
57
1
13
4
9
4
6
20
13
13
4
16
11
16
5
13
26
16
6
11
13
9
20
12
14
9
15
10
22
19
12
65
44
16
4
15
6
19
9
9
47
45
15
5
9
7
25
6
20
14
5
417
5
18
12
17
7
12
36
8
4
17
58
9
65
36
224
18
11
27
97
20
17
5
43
9
10
15
12
10
16
9
14
2
7
13
3
14
16
4
14
9
13
15
11
16
32
7
11
34
25
15
17
15
4
19
26
12
29
59
8
10
14
28
23
5
15
9
26
5
10
57
9
28
54
10
8
83
13
25
27
19
29
8
4
713
15
21
15
12
34
12
14
57
48
18
9
16
17
24
25
18
8
13
8
9
7
14
11
9
11
6
11
11
33
19
7
51
16
84
6
31
7
2
17
6
8
12
5
13
73
5
15
21
11
8
81
14
18
10
13
12
18
3
7
11
9
31
16
6
6
171
11
23
17
12
19
22
3
2
24
45
71
28
20
15
63
4
4
335
11
6
10
16
86
254
18
31
12
19
9
15
8
22
59
26
8
24
18
16
16
11
58
11
10
16
5
27
15
13
33
27
11
10
21
18
20
9
20
14
18
13
3
8
22
12
8
3
14
84
13
48
39
10
6
573
11
10
29
338
10
10
6
25
26
25
4
17
11
18
27
20
37
7
9
43
12
7
26
16
1
11
9
22
22
13
5
32
8
13
7
30
20
30
11
7
9
136
14
16
10
10
6
21
60
15
41
16
7
158
29
6
11
16
5
15
17
29
26
14
29
22
17
23
10
21
17
9
15
8
18
11
57
21
2
1
50
14
16
23
13
4
124
38
67
9
13
5
30
23
12
11
27
2
13
10
100
20
15
27
10
10
65
13
6
15
21
25
14
23
7
2
8
327
11
6
6
14
17
5
17
5
11
0
14
16
14
22
14
62
7
43
9
13
10
12
4
35
12
6
8
6
9
9
12
17
21
6
16
25
40
12
9
11
18
2
4
8
23
6
9
16
10
10
58
12
7
20
151
9
10
26
6
2
4
9
13
12
19
123
6
5
11
10
23
7
23
21
23
15
36
10
8
26
14
14
2
9
6
14
13
36
13
28
6
20
10
9
6
9
8
12
14
10
25
12
12
5
9
14
10
7
16
6
27
23
190
22
21
3
11
21
31
39
15
17
24
7
15
17
12
12
17
6
14
17
59
14
27
9
54
27
7
13
19
12
6
19
12
10
33
8
8
4
10
17
7
18
2
10
46
13
8
6
8
11
15
27
11
8
12
13
10
18
19
19
11
19
77
543
10
49
12
9
26
39
19
24
23
13
217
12
69
4
54
14
17
7
24
26
18
14
76
8
15
27
5
9
12
50
53
5
13
17
18
11
51
14
4
53
22
18
13
8
11
4
10
14
8
15
7
12
10
7
16
24
21
77
32
52
12
4
22
9
11
60
2
25
9
14
13
6
9
18
21
5
9
21
11
10
8
21
5
18
13
54
26
18
20
27
14
20
26
18
12
92
6
45
36
27
6
27
8
12
44
3
30
45
14
15
4
35
24
4
60
17
19
12
14
15
5
92
39
13
5
37
13
11
16
51
9
24
18
76
60
4
37
20
21
5
16
6
11
14
8
7
3
24
780
22
17
10
5
21
15
5
8
11
35
4
23
5
11
10
10
6
5
7
12
191
22
13
19
1
30
15
14
13
13
57
18
6
18
10
2
7
15
10
10
51
20
9
32
10
91
6
11
1
20
22
5
5
18
63
12
46
6
25
28
16
18
6
15
17
27
60
7
7
13
10
39
7
8
139
27
11
1
6
15
46
19
46
52
17
15
16
17
9
6
8
15
13
8658
13
15
96
21
13
15
35
4
11
17
8
11
10
24
14
16
9
16
251
14
12
9
13
5
16
20
39
13
23
17
22
12
5
26
21
13
28
12
9
18
11
369
12
15
7
4
11
14
20
13
14
20
12
11
48
26
43
18
20
11
4
40
537
10
174
17
9
10
24
13
16
7
19
23
4
9
13
15
36
8
20
12
11
5
54
89
16
4
21
2
18
49
52
11
15
11
31
15
19
27
32
10
14
126
26
7
33
6
10
7
4
20
7
14
66
5
11
39
20
19
52
19
25
41
10
6
7
16
9
11
631
25
10
31
23
1
46
196
12
15
31
15
3
24
7
14
8
4
22
12
12
8
10
10
23
11
3
7
4
10
2
19
14
39
37
95
8
15
10
6
15
7
14
5
3
22
1
15
16
63
18
11
14
14
12
4
6
24
24
61
16
11
13
21
24
29
25
15
28
8
10
35
10
33
8
31
18
17
8
17
24
11
55
34
7
11
11
13
38
12
13
7
11
11
23
12
13
6
12
16
6
92
58
13
8
7
14
13
15
9
9
5
14
11
50
2
15
15
127
13
7
13
26
15
23
6
8
41
26
12
16
15
9
23
6
7
18
