0
54
0
1
2
1
0
0
1
11
4
3
0
2
8
20
8
4
3
0
0
5
131
1
6
5
0
4
0
1
8
3
6
4
0
11
1
4
1
2
1
9687
0
23
24
0
2
10
2
1
1
1
5
4
1
2
5
58
15
5
12
3
2
3
0
1
3
10
6
4
0
2
1
41
3
6
2
2
0
2
1
0
3
12
5
3
1
4
14
2
3
20
5
2
77
1
7
0
1
3
2
14
1
1
0
3
2
1
1
6
0
6
7
7
4
4
6
2
6
2
3
1
2
7
2
1
2
3
7
9
0
1
1
5
2
1
4
24
1
2
7
4
7
3
0
0
4
6
5
2
7
1
1
1558
0
1
6
0
5
1
0
1
3
4
4
3
6
0
3
8
7
4
0
5
2
0
0
0
3
3
1
6
6
0
0
8
10
11
0
4
4
5
0
4
2
8
2
0
6
3
1
0
2
16
2
2
9
0
17
7
3
13
8
2
11
3
85
1
0
0
8
0
4
3
4
11
1
1
4
0
0
7
109
1
11
17
10
2
1
0
3
1
1
2
5
4
0
3
6
1
3
16
2
1
11
6
5
18
40
2
1
2
7
2
7
31
4
9
2
90
8
1
15
0
1
19
0
3
7
1
5
7
8
4
0
5
6
4
87
0
4
1
20
0
7
3
18
10
0
0
4
1
0
18
1
4
12
28
6
3
0
4
4
2
2
11
0
6
1
0
2
1
8
0
1
3
2
3
20
0
0
1
3
4
5
0
5
9
15
3
5
4
14
4
2
1
1
0
6
0
0
0
8
7
13
6
0
5
0
0
3
3
2
0
2
1
2
3
78
1
7
10
2
3
5
2
1
7
1
0
38
3
1
0
3
5
184
2
1
0
9
3
21
2
2
0
0
4
6
10
1
3
0
1
1
0
5
4
2
15
0
3
3
15
2
0
4
1
1
3
7
0
1
0
1
0
2
8
17
7
7
2
2
6
13
3
1
7
4
34
6
1
5
1
0
1
3
1
1
0
81
1
9
0
1
2
11
55
33
17
1
42
1
4
21
0
4
4
31
3
4
4
2
9
0
1
7
5
3
4
63
0
0
4
6
0
6
0
1
2
1
24
3
5
7
2
5
2
13
2
0
54
0
1
2
1
0
0
1
11
4
3
0
2
8
20
8
4
3
0
0
5
131
1
6
5
0
4
0
1
8
3
6
4
0
11
1
4
1
2
1
9687
0
23
24
0
2
10
2
1
1
1
5
4
1
2
5
58
15
5
12
3
2
3
0
1
3
10
6
4
0
2
1
41
3
6
2
2
0
2
1
0
3
12
5
3
1
4
14
2
3
20
5
2
77
1
7
0
1
3
2
14
1
1
0
3
2
1
1
6
0
6
7
7
4
4
6
2
6
2
3
1
2
7
2
1
2
3
7
9
0
1
1
5
2
1
4
24
1
2
7
4
7
3
0
0
4
6
5
2
7
1
1
1558
0
1
6
0
5
1
0
1
3
4
4
3
6
0
3
8
7
4
0
5
2
0
0
0
3
3
1
6
6
0
0
8
10
11
0
4
4
5
0
4
2
8
2
0
6
3
1
0
2
16
2
2
9
0
17
7
3
13
8
2
11
3
85
1
0
0
8
0
4
3
4
11
1
1
4
0
0
7
109
1
11
17
10
2
1
0
3
1
1
2
5
4
0
3
6
1
3
16
2
1
11
6
5
18
40
2
1
2
7
2
7
31
4
9
2
90
8
1
15
0
1
19
0
3
7
1
5
7
8
4
0
5
6
4
87
0
4
1
20
0
7
3
18
10
0
0
4
1
0
18
1
4
12
28
6
3
0
4
4
2
2
11
0
6
1
0
2
1
8
0
1
3
2
3
20
0
0
1
3
4
5
0
5
9
15
3
5
4
14
4
2
1
1
0
6
0
0
0
8
7
13
6
0
5
0
0
3
3
2
0
2
1
2
3
78
1
7
10
2
3
5
2
1
7
1
0
38
3
1
0
3
5
184
2
1
0
9
3
21
2
2
0
0
4
6
10
1
3
0
1
1
0
5
4
2
15
0
3
3
15
2
0
4
1
1
3
7
0
1
0
1
0
2
8
17
7
7
2
2
6
13
3
1
7
4
34
6
1
5
1
0
1
3
1
1
0
81
1
9
0
1
2
11
55
33
17
1
42
1
4
21
0
4
4
31
3
4
4
2
9
0
1
7
5
3
4
63
0
0
4
6
0
6
0
1
2
1
24
3
5
7
2
5
2
13
2
0
5
0
10
7
6
4
0
8
2
4
7
3
40
11
5
0
7
6
1
8
63
1
1
4
0
2
3
2
0
1
4
5
2
31
20
681
1
21
4
0
2
4
23
2
2
1
0
1
0
16
1
1
7
0
3
3
0
8
3
0
4
1
6
26
14
1
5
6
4
2
42
3
5
7
11
8
2
1
2
3
3
1
0
16
8
13
3
0
2
8
1
11
0
41
1
3
0
12
3
23
0
1
23
17
0
20
3
6
2
6
1
0
15
1
16
10
0
5
9
3
66
0
0
3
2
2
3
8
1
6
6
2
26
9
6
0
3
1
10
6
36
4
1
3
3
3
2
4
1
6
9
0
13
23
2
0
0
1
0
6
14
5
2
58
4
5
2
0
5
3
0
9
5
2
0
18
3
3
0
1
1
2
2
2
0
0
20
1
3
7
4
1
3
64
4
3
0
10
7
12
0
3
7
0
3
2
0
4
3
0
1
8
1
3
15
8
2
1
0
3
0
20
3
1
60
1
0
2
2
0
11
1
6
45
0
8
18
2
1
0
14
40
5
5
1
2
8
3
9
2
1
1
6
1
6
4
14
4
19
3
14
3
1
6
7
2
277
62
0
6
0
14
2
2
6
0
2
5
3
2
9
11
4
3
17
0
9
1
12
3
1
0
6
3
6
5
2
13
2
6
10
2
0
0
0
6
1
2
0
8
1
7
4
4
1
0
0
34
12
0
2
0
4
5
2
3
0
2
4
0
4
5
2
8
2
4
2
4
5
1
5
3
4
2
0
5
2
0
0
0
0
3
8
0
0
0
6
3
12
1
4
7
1
6
1
4
2
0
2
0
3
0
3
0
2
0
1
2
3
0
10
0
9
1
1
0
0
2
1
15
0
1
0
2
13
7
1
1
6
3
10
6
0
8
2
3
9
16
1
6
0
1
3
1
2
8
7
1
5
1
5
5
1
1
0
6
1
2
4
2
4
8
12
11
0
4
1
1
1
15
88
5
1
3
4
1
0
1
1
4
132
0
1
1
0
10
3
6
2
0
5
10
1
1
6
4
4
23
27
91
17
3
1
2
1
3
32
4
7
32
0
3
6
1
1
1
1
0
0
1
6
2
5
6
0
0
6
48
0
4
26
5
3
0
2
0
2
9
0
7
2
0
1
0
14
3
1
1
1
10
1
1
1
3
1
6
1
3
6
2
0
7
5
2
4
0
0
1
4
0
3
0
0
4
7
3
10
4
2
5
2
1
5
25
0
0
4
6
1
1
8
7
2
1106
1
1
3
2
5
0
6
205
0
0
15
6
1
43
0
0
0
6
3
0
33
0
1
3
0
0
1
4
12
2
5
6
0
0
2
5
3
7
3
0
4
2
10
3
2
0
1
6
1
7
3
9
2
1
2
4
1
0
0
0
16
4
3
7
7
2
1
34
0
3
0
4
1
0
2
1
0
2
349
4
2
28
15
6
0
3
3
21
1
1
0
1
0
9
2
8
7
1
0
1
9
16
1
4
1
3
16
4
14
9
7
3
6
3
0
1
1
2
4
1
6
16
1
18
5
0
0
0
0
4
1
23
1
1
3
1
21
31
1
0
43
3
3
0
3
0
5
9
11
13
4
5
0
8
2
16
0
0
1
1
7
13
1
33
0
7
10
5
3
10
14
3
3
27
0
2
0
16
0
4
1
1
9
2
3
0
8
0
2
1
12
8
2
4
1
1
2
1
18
5
4
0
2
13
0
2
3
3
9
127
0
26
1
2
4
0
4
1
8
3
4
5
3
1
1
1
1
8
3
1
5
14
14
3
18
12
5
0
1
7
1
3
7
5
2
1
2
2
1
5
1
8
16
5
1
1
1
0
10
5
5
11
0
2
5
3
5
145
1
6
0
1
5
1
15
10
2
15
0
3
0
6
1
5
8
2
4
11
4
3
2
2
0
7
2
0
2
0
3
1
0
3
4
0
64
8
1
1
2
1
7
2
2
2
1
0
7
2
1
3
5
7
6
1
7
0
6
10
2
1
2
4
1
8
8
1
5
7
1
2
9
6
5
0
1
0
3
0
4
5
1
1
94
0
0
1
0
2
3
0
0
11
3
7
0
0
227
0
1
2
2
12
2
4
0
29
4
4
2
8
3
8
6
0
4
1
7
1
2
4
5
6
6
0
66
1
2
6
3
1
1
4
2
1
2
1
0
1
72
5
12
1
22
21
2
2
1
5
0
2
9
3
165
3
1
5
1
0
6
6
5
6
0
5
2
1
15
2
6
13
1
4
1
1
1
2
3
4
8
0
3
4
6
19
7
4
2
2
0
3
1
0
0
1
14
34
1
2
1
0
0
3
2
1
1
5
0
9
19
5
0
20
1
3
1
2
1
2
2
0
1
73
3
1
39
4
3
1
1
1
1
0
2
4
37
6
1
2
0
2
24
1
1
2
1
4
13
2
0
3
1
2
6
2
2
3
1
1
12
2
27
1
0
0
156
15
3
3
1
8
8
33
5
13
19
0
1
5
1
1
6
0
15
5
0
4
0
7
3
1
1
0
7
7
4
20
1
1
0
4
0
4
2
0
4
0
7
3
0
1
2
87
23
0
3
0
0
0
0
0
6
8
18
9
4
11
10
7
2
2
1
8
5
1
7
0
0
9
9
0
1
0
5
5
9
14
2
1
1
1
2
13
1
0
5
12
0
1
62
59
13
8
3
15
3
4
0
0
8
6
5
27
179
0
5
1
9
6
5
1
3
2
4
3
2
2
14
0
3
0
0
5
3
4
1
1
1
11
5
2
1
1
6
2
5
133
1
6
6
33
10
0
0
0
5
5
6
8
1
7
2
0
1
0
28
3
3
4
1
1
0
16
4
6
16
4
0
6
1
0
92
5
5
7
7
19
23
2
1
1
104
3
7
26
1
2
3
0
5
0
2
1
4
2
1
0
4
0
10
14
0
0
1
82
0
0
1
1
5
3
27
1
9
19
7
0
2
2
1
5
3
0
0
1
2
0
0
1
3
2
4
1
18
4
18
2
42
3
1
10
1
3
2
0
1
2
0
5
1
6
3
4
2
8
1
1
8
2
2
0
2
1
0
8
15
40
3
2
15
2
1
15
46
1
8
9
4
2
3
6
10
3
7
5
1
7
3
2
2
0
2
1
1
2
24
15
4
6
2
45
3
2
3
2
1
2
15
5
10
2
2
2
24
1
4
0
9
1
47
0
4
20
2
4
8
0
8
3
0
3
1
6
7
3
15
0
4
2
0
20
1
0
28
2
12
4
0
0
10
3
24
12
1
0
6
0
3
1
3
540
1
0
10
2
4
3
3
5
5
1
4
2
5
247
2
5
4
3
4
1
2
2
1
2
11
11
0
1
3
0
0
2
5
3
1
5
2
9
1
1
2
5
1
0
2
0
6
1
0
4
66
1
4
2
0
4
1
1
1
0
0
77
2
6
6
2
30
8
1
8
6
3
2
0
1
0
7
4
7
17
7
0
2
13
2
28
18
1
3
1
0
7
0
3
6
7
0
1
3
1
8
3
2
2
12
0
2
0
8
5
5
19
3
4
1
2
0
5
6
5
2
3
3
0
3
2
6
3
1
13
44
2
2
7
7
1
17
39
13
0
1
2
2
2
3
2
0
1
3
3
0
4
2
0
6
1
1
1
2
6
5
1
2
2
2
4
6
3
8
15
0
0
6
4
1
219
2
4
3
3
12
7
0
3
0
4
3
0
1
5
1
3
1
1
6
2
3
0
6
0
25
4
1
0
3
27
13
1
3
4
1
39
2
2
1
1
9
8
6
1
0
0
2
2
6
8
0
0
22
1
51
3
31
5
9
1
2
0
8
6
3
8
8
0
6
6
2
0
0
59
3124
1
1
0
2
4
0
1
6
5
4
1
0
1
5
11
0
7
9
0
123
1
0
2
3
16
2
0
8
7
2
30
0
3
0
0
9
0
0
76
7
2
27
1
0
0
2
1
11
3
4
0
5
5
5
1
1
5
3
5
1
4
0
11
3
13
3
1
4
1
2
19
6
3
0
1
31
3
0
5
0
0
7
1
0
1
13
1
2
2
2
2
5
4
2
36
3
1
1
0
4
20
6
0
8
3
100
6
5
0
1
1
1
20
191
0
3
2
0
4
0
1
4
1
1
4
5
1
2
0
43
0
4
3
96
0
8
2
2
7
11
2
6
10
8
4
2
0
0
1
0
3
0
2
9
3
0
1
1
97
2
6
1
0
0
6
1
5
2
0
56
19
0
2
7
0
2
1
0
3
3
1
30
2
0
7
7
13
9
3
33
5
0
15
1
1
3
3
4
4
2
25
3
2
9
8
11
2
2
1
9
2
4
2
84
3
14
2
0
3
1
1
2
2
15
0
1
5
8
1
1
24
6
21
8
0
3
3
0
11
8
0
11
2
7
1
4
1
0
14
1
0
5
43
1
2
3
1
13
5
22
0
5
1
1
3
0
1
21
5
6
9
14
20
3
4
1
5
2
7
3
15
2
2
59
2
0
2
1
58
2
10
2
0
2
5
5
7
1
1
9
0
4
1
5
0
9
5
2
0
47
2
17
3
0
3
3
8
0
4
5
0
2
1
45
0
0
4
1
7
0
50
2
3
1
1
2
42
1
1
10
7
3
0
0
0
0
9
3
8
1
2
16
1
0
34
1
24
2
0
10
7
2
1
5
4
8
5
3
19
0
4
17
0
18
22
0
3
4
1
3
4
7
3
0
2
14
12
3
1
1
1
3
6
1
8
4
8
0
2
2
3
2
0
5
3
9
0
5
9
4
69
56
10
2
0
1
1
0
0
3
2
4
297
3
60
13
5
24
2
7
4
6
19
5
6
9
1
1
6
1
18
3
1
1
19
2
202
4
0
6
0
6
20
786
5
5
7
0
10
1
5
4
50
53
1
14
2
2
9
102
3
9
6
49
6
9
11
2
2
60
5
7
51
1
9
0
2
8
1
13
9
5
0
4
3
0
1
6
2
0
7
1
5
0
1
9
0
3
1
5
142
10
6
2
31
3
2
0
2
39
3
5
1
3
0
9
1
1
1
9
48
1
1
0
0
0
1
0
4
1
1
2
0
2
0
23
9
27
4
19
8
2
1
4
8
4
3
1
0
10
7
18
0
60
3
0
0
1
0
1
1
10
6
4
5
6
1
0
10
4
4
3
2
1
30
0
10
21
6
0
3
2
4
0
1
8
14
2
0
0
4
1
2
1
3
2
6
24
1
2
4
0
2
2
2
3
0
3
2
1
2
13
7
6
2
0
7
3
13
5
19
5
10
12
0
4
6
1
1
5
2
1
0
0
11
1
1
3
129
9
40
0
2
2
28
1
2
3
2
3
7
3
3
3
1
3
19
5
5
4
3
3
2
7
51
8
14
1
6
2
2
6
11
5
5
0
4
15
0
1
0
10
3
0
13
1
1
22
1
19
0
2
1
4
0
1
3
6
1
1
4
22
1
1
0
596
0
0
10
2
7
3
4
7
3
3
6
0
9
8
1
1
2
5
31
9
2
53
26
9
5
3
2
5
2
1
76
4
0
2
1
1
3
8
3
5
3
1
17
25
1
3
4
3
2
1
3
2
0
0
3
1
0
32
9
0
28
1
9
7
7
1
3
4
75
1
14
1
1
4
0
1
1
2
2
37
1
1
3
1
3
3
4
0
4
1
2
0
8
4
10
4
35
65
4
23
2
2
2
0
7
3
1
2
0
2
1
3
1
6
2
5
21
19
0
0
2
0
134
1
31
39
2
4
3
4
0
1
4
6
63
31
0
9
2
2
14
3
3
2
1
0
0
16
1
1
0
24
9
4
5
13
6
9
21
0
0
6
15
19
5
2
1
9
39
5
1
1
2
1
6
9
3
1
2
6
4
2
7
2
0
2
4
15
2
5
4
54
1
3
2
17
4
4
9
2
1
0
1
3
4
10
2
0
1
3
0
11
7
0
0
1
4
1
1
0
0
9
5
15
3
0
0
5
3
4
1
3
1
18
0
6
493
2
1
5
7
3
4
5
0
18
4
7
18
16
7
6
18
6
19
4
22
4
7
13
14
2
4
2
1
0
16
6
1
0
2
0
0
2
5
2
7
1
0
3
1
3
3
1
14
0
5
3
3
1
1
3
1
2
4
1
2
4
1
2
3
3
7
3
36
15
2
1
3
9
11
3
0
0
5
4
16
14
10
4
5
0
4
1
2
4
4
2
2
1
3
3
1
10
0
3
0
2
7
1
3
1
1
0
5
6
3
6
3
0
0
3
14
6
2
8
1
1
2
0
3
19
33
5
3
3
2
5
16
18
1
1
18
21
1
1
6
1
0
3
6
0
0
8
4
9
5
3
11
10
19
5
5
0
7
2
0
1
0
4
1
3
8
17
3
2
2
1
2
0
20
7
9
16
0
1
4
1
2
6
25
23
1
4
1
4
5
2
1
9
1
2
50
0
6
2
7
17
2
6
3
0
17
10
6
4
0
1
3
9
5
6
4
3
3
2
18
0
1
0
0
3
0
1
1
3
3
9
10
1
1
0
0
12
4838
8
2
2
2
5
13
2
0
2
5
3
2
48
9
6
2
1
2
5
4
2
11
10
14
6
1
1
4
1
11
2
7
0
1
7
1
28
1
1
7
1
2
2
2
2
10
18
4
2
1
2
2
0
2
8
2
12
0
9
0
0
11
3
1
8
23
0
2
0
3
1
0
3
4
4
1
0
1
5
8
6
5
1
0
24
4
2
4
5
18
2
1
6
0
10
4
0
18
5
5
4
0
5
9
2
4
1
5
2
5
3
7
2
5
1
4
13
5
0
5
5
32
5
0
6
5
2
1
0
5
1
7
1
1
3
0
1
2
17
4
6
20
27
5
0
2
1
5
4
1
20
0
2
24
7
4
44
4
7
21
5
0
0
2
1
7
6
2
2
5
3
2
16
1
4
1
5
2
3
9
0
4
12
2
3
28
6
2
2
5
7
34
0
2
0
11
1
1
0
3
0
1
0
42
27
1
2
0
24
2
4
11
3
6
8
2
2
3
9
8
1
10
2
3
54
21
2
6
1
43
0
4
14
6
2
2
1
6
0
220
4
1
5
0
2
1
0
3
41
2
18
0
0
4
0
3
12
16
56
1
2
0
6
0
17
2
12
2
1
9
564
2
25
4
2
2
0
1
1
0
6
0
12
7
1
3
0
15
1
7
6
11
11
25
5
0
2
3
0
1
70
0
3
1
2
8
1
4
1
15
7
4
2
0
12
4
2
0
2
1
34
1
3
2
9
3
1
5
1
64
3
3
18
3
1
0
0
3
0
2
1
5
6
2
0
1
159
6
17
2
2
3
1
21
7
8
0
4
5
32
0
2
2
6
0
2
3
20
1
4
3
1
5
0
14
36
8
2
0
2
0
3
23
0
0
0
0
0
0
3
18
2
1
2
2
3
0
10
0
1
24
0
4
1
3
1
1
0
0
3
6
1
8
5
18
1
1
0
0
5
14
0
1
33
7
8
1
0
9
13
22
13
2
2
1
4
3
2
0
0
1
3
14
10
1
0
5
2
1
4
2
0
67
1
10
2
14
10
2
1
1
16
1
3
3
4
6
1
22
21
0
1
12
1
9
30
11
0
2
0
2
2
2
1
0
4
2
1
0
2
3
32
1
2
24
3
2
2
0
0
0
0
0
7
1
3
12
1
5
0
1
1
2
7
0
4
1
1
2
4
9
5
56
3
2
0
7
10
6
1
1
4
0
11
1
3
19
1
1
57
31
2
1
6
0
2
1
6
0
1
4
7
7
4
17
0
0
0
1
2
12
12
5
7
0
3
7
0
3
7
37
0
4
0
17
10
8
3
17
6
2
57
1
4
2
4
2
1
4
2
3
3
1
6
6
7
0
2
7
5
1
0
26
8
0
2
0
2
7
0
2
203
4
1
4
1
1
1
2
3
9
2
7
12
0
1
3
7
4
9
1
25
2
1
2
8
7
3
7
0
0
3
8
3
3
3
4
1
15
36
8
3
0
3
4
3
1
5
2
0
72
1
3
7
6
8
35
9
2
1
3
3
5
1
1
15
35
5
3
10
0
60
0
2
4
0
9
4
4
5
1
14
2
17
2
6
0
3
14
0
0
1
18
3
5
1
1
0
2
0
6
2
24
0
0
1
745
3
2
1
3
1
7
14
1
3
6
1
1
5
5
3
0
8
6
2
5
4
2
4
3
8
11
2
1
7
8
0
5
0
1
8
0
0
2
4
23
0
0
4
1
0
21
10
1
6
139
2
0
0
10
9
2
1
3
3
1
6
1
3
0
5
5
1
11
2
8
68
3
3
31
1
4
3
19
7
25
9
13
0
0
1
6
0
3
1
6
1
2
4
53
2
5
3
9
1
0
1
2
1
8
8
1
19
3
2
1
3
12
0
0
8
6
6
0
4
675
3
0
1
4
2
3
6
10
35
20
0
21
20
1
1
1
2
2
0
8
4
8
2
4
7
28
21
0
1
0
1
6
1
50
0
6
0
1
1
75
6
0
9
5
2
22
85
0
20
1
6
1
3
6
10
27
1
1
20
1
1
3
1
2
2
1
15
5
0
1
3
31
7
3
2
7
0
1
3
4
7
2
0
0
2
0
21
0
1
1
1
2
6
10
3
1
4
1
2
0
1
9
3
1
0
7
5
2
11
4
1
9
2
5
21
1
0
2
0
1
45
4
3
1
7
0
1
0
34
7
9
0
25
1
5
10
1
2
0
0
18
6
1
0
3
1
8
3
0
1
4
0
3
14
1
2
0
1
3
9
25
1
3
6
2
0
1
1
23
5
7
1
4
1
4
4
2
6
4
13
13
0
4
2
2
3
14
11
1
54
20
0
11
4
5
2
9
2
1
2
9
4
15
0
1
23
4
0
4
6
3
11
0
16
0
3
127
0
0
0
10
7
5
0
4
3
1
2
2
1
2
86
4
4
8
1
10
0
6
2
2
5
37
5
2
11
19
32
1
3
2
1
13
5
1
2
2
0
1
2
2
0
0
32
7
12
5
1
5
1
7
1
1
25
9
2
1
1
19
4
3
7
1
0
29
8
1
3
0
0
0
0
4
5
4
28
1
2
3
3
1
4
1
19
2
0
2
1
0
0
2
2
30
8
3
2
0
0
10
4
5
0
2
3
2
11
0
2
3
6
3
109
33
4
0
3
3
21
2
1
0
8
4
2
17
2
2
8
5
7
23
53
12
5
0
4
194
0
1
2
281
1
5
1
2
0
2
1
4
0
15
3
18
1
6
3
11
20
0
13
163
0
12
2
1
0
3
2
186
3
0
1
0
5
5
2
4
0
5
1
143
3
9
1
9
9
41
7
0
9
1
1
6
4
6
2
1
3
13
57
4
7
7
9
0
634
3
12
43
94
2
3
5
13
13
9
6
5
18
24
0
0
2
6
28
1
3
3
0
22
3
1
11
1
28
4
1
0
2
1
9
4
1
1
0
3
4
1
14
0
4
1
5
1
2
3
1
19
2
3
0
1
3
1
1
0
6
4
1
0
0
8
3
1
0
0
1
5
17
11
1
0
4
29
2
2
31
9
6
0
4
11
4
3
3
5
5
1
11
4
0
1
12
0
0
23
6
1
3
12
0
5
4
8
19
20
9
1
25
4
0
32
6
4
0
1
2
2
2
4
6
1
1
2
4
2
12
0
3
1
2
257
6
0
2
2
6
0
7
2
12
0
0
50
2
4
3
5
0
0
4
1
3
3
1
1
15
1
4
7
41
2
28
0
2
10
3
0
1
1
4
1
120
0
5
2
1
0
10
2
2
2
4
0
2
14
1
1
0
2
0
2
1
1
17
2
11
15
2
1
2
31
3
0
25
12
1
29
1
13
124
13
3
0
1
4
3
30
31
1
0
3
0
7
8
0
1
7
0
0
11
0
1
1
0
273
1
3
2
4
9
6
2
2
11
4
23
2
22
2
55
1
7
1
1
2
0
1
3
4
26
0
1
2
0
4
6
4
5
0
4
7
2
1
4
3
6
13
4
1
1
32
9
1
2
3
22
3
2
5
1
0
0
0
2
3
3
3
1
4
0
3
0
2
2
0
13
2
8
3
0
1
5
11
2
1
1
16
0
2
0
1
4
8
2
2
2
55
7
1
11
35
2
2
0
2
4
2
0
1
8
3
12
2
0
6
6
0
9
0
0
1
138
0
1
0
2
6
2
3
7
7
184
2
4
1
16
3
5
5
1
11
28
0
9
7
1
2
1
18
4
0
22
17
3
8
4
18
1
3
11
2
8
13
2
1
10
29
1
1
0
3
3
0
9
0
48
23
0
10
2
4
1
1
12
3
24
0
29
3
2
5
0
13
2
4
1
4
6
2
2
5
1
4
3
0
1
1
3
7
31
0
3
2
2
7
0
5
7
0
0
44
0
11
476
11
2
0
2
3
9
14
0
1
2
20
7
2
1
0
0
8
2
1
16
436
7
78
487
2
4
2
1
1
8
7
0
0
1
5
8
2
3
2
4
1
1
1
3
3
5
0
2
8
12
5
1
0
1
0
2
3
2
4
2
6
0
5
0
2
7
1
2
2
4
0
1
0
0
2
7
12
4
1
4
3
6
48
3
3
0
18
6
0
42
5
3
3
11
3
2
15
12
0
3
3
9
3
2
1
19
2
1
2
2
0
0
20
311
39
3
0
2
10
8
1
7
0
1
17
0
0
0
2
24
1
1
42
6
0
2
6
8
30
1
2
0
8
0
6
3
0
0
2
0
6
11
0
1
4
11
108
2
1
0
2
30
21
11
18
10
3
2
6
5
3
2
21
0
0
0
3
3
137
16
2
2
0
10
9
1
1
8
1
0
0
1
2
2
0
1
5
13
2
2
2
0
4
7
2
0
0
15
2
2
5
0
0
0
21
2
1
1
4
1
12
1
6
1
0
10
1
1
1
3
4
11
0
3
1
3
4
10
19
12
1
0
1
42
0
17
6
12
1
0
0
12
4
4
23
0
8
2
4
1
6
1
3
0
2
4
2
1
4
1
9
5
9
9
0
1
3
3
3
3
20
13
8
1
16
5
4
3
452
0
6
0
0
0
5
1
1
4
2
1
3
6
2
0
1
0
4
2
5
1
8
2
4
0
5
2
0
2
12
2
25
0
2
2
1
3
3
0
1
3
11
1
4
0
3
3
4
3
7
28
2
3
1
4
17
1
4
0
1
8
20
2
0
7
2
0
2
12
70
1
0
0
20
32
4
2
3
3
2
1
2
0
7
4
0
7
20
0
15
3
1
1
2
11
1
4
12
3
3
0
0
7
93
10
0
0
0
5
0
10
0
2
10
9
1
0
1
4
0
1
3
1
14
6
1
8
8
6
11
1
0
6
2
2
64
6
4
4
3
5
1
8
1
3
13
0
2
3
3
4
1
5
2
2
1
1
0
7
7
4
1
22
7
0
0
1
1
0
6
11
2
26
1
0
3
5
4
0
72
0
2
2
2
2
11
0
1
1
1
6
1
10
0
15
45
4
2
4
4
10
2
2
12
6
0
1
4
5
3
2
2
6
8
2
0
20
1
1
78
3
9
1
4
0
3
2
6
2
3
55
0
155
2
11
1
2
1
6
0
0
4
0
7
0
5
17
5
1
1
5
16
3
0
0
0
7
5
2
2
5
5
70
1
4
46
0
11
5
1
1
7
4
10
3504
6
2
7
2
0
5
1
0
0
0
2
0
0
11
1
0
5
2
8
6
17
3
0
7
1
15
2
0
8
2
1
12
3
0
0
0
1
3
2
3
1
13
6
2
3
6
11
5
7
2
1
3
2
1
118
0
3
20
6
0
7
4
1
3
0
0
10
6
4
17
20
9
1
1
8
5
0
1
2
0
0
0
3
1
8
0
2
2
1
0
9
22
5
3
5
2
38
0
7
4
2
2
3
0
10
9
11
0
2
27
2
2
1
0
2
1
46
0
1
1
3
3
4
0
9
0
0
3
1
0
0
7
1
1
1
19
8
43
11
2
500
27
5
0
1
2
9
47
1
1
8
5
23
2
341
2
1
3
0
2
0
1
213
7
7
7
1
4
2
1
7
2
3
24
13
6
4
47
4
6
1
0
8
0
4
1
0
8
1
32
4
1
1
0
1
3
0
4
3
4
18
6
1
5
0
1
0
12
94
0
1
6
0
2
21
6
1
0
10
16
2
3
6
4
1
3
2
3
0
5
2
2
44
2
3
18
6
0
0
12
7
1
0
2
4
0
4
0
7
58
1
2
3
12
12
5
3
20
2
1
43
7
1
3
0
1
4
7
4
1
10
1
1
50
4
1
0
109
1
3
5
3
4
2
5
8
0
15
3
3
0
3
2
3
0
12
13
7
1
1
3
6
1
7
7
1
1
33
0
4
5
2
0
1
8
1
1
5
0
3
3
7
1
2
12
4
6
0
0
2
0
6
1
6
9
0
1
4
25
0
6
0
7
6
54
6
256
1
2
4
0
0
1
19
2
8
2
7
6
3
0
3
1
0
2
2
4
0
4
5
16
2
1
2
15
0
1
23
1
1
0
3
8
4
2
1
4
3
3
9
4
36
0
3
4
3
4
8
5
5
4
1
15
2
0
310
2
3
27
0
0
15
3
9
6
14
0
0
6
4
21
2
6
5
25
1
10
10
6
0
6
0
1
0
9
3
763
6
4
3
3
4
3
0
0
3
24
7
6
0
1
4
7
2
27
0
7
0
6
2
0
14
12
5
4
1
3
10
3
1
0
12
17
8
28
6
1
0
4
13
0
1
6
4
1
9
0
2
3
1
5
1
0
61
0
9
0
0
9
1
7
3
2
0
1
10
19
2
1
0
1
15
2
2
2
0
4
90
20
8
2
4
1
43
3
31
4
3
0
4
0
1
0
182
0
1
0
17
0
4
6
4
1
16
2
1
7
4
7
4
11
2
3
27
44
1
0
7
1
1
6
0
5
3
0
0
8
0
0
2
64
0
6
10
1
18
0
5
0
10
4
2
1
4
21
5
9
4
4
26
5
0
1
4
3
2
0
6
3
0
0
68
0
2
7
11
8
0
0
57
5
1
3
13
7
6
4
25
2
18
6
1
2
2
2
0
9
4
3
2
3
9
1
4
2
10
5
5
2
1
3
16
113
8
1
6
2
1
16
5
3
4
1
10
4
5
0
5
3
9
0
10
6
1
2
2
3
5
3
3
3
5
0
5
1
3
5
15
3
2
13
37
2
0
10
3
14
3
15
1
3
3
0
3
0
6
13
10
2
21
1
10
0
2
1
2
0
7
3
4
65
1
0
3
2
1
6
0
9
3
334
19
0
4
0
23
0
4
4
0
2
3
72
31
6
0
5
1
0
0
32
2
5
0
2
2
0
3
6
1
0
0
1
6
9
0
0
1
13
3
9
0
12
4
8
0
2
16
0
3
1
0
0
2
1
2
3
4
3
1
7
17
0
2
3
8
6
1
0
3
1
1
7
4
0
0
11
0
0
8
4
3
1
15
2
2
5
0
8
6
8
2
2
4
0
1
7
1
2
3
2
8
154
20
0
2
1
41
4
2
3
1
6
0
3
2
123
0
5
2
35
3
10
2
3
3
36
2
30
5
3
2
5
2
2
15
4
41
2
17
13
2
5
0
2
4
3
4
0
6
7
3
3
15
1
7
0
1
0
3
1
1
2
4
3
14
3
5
12
1
3
2
9
1
9
2
0
9
5
2
5
10
18
1
2
2
0
2
0
1
4
1
14
10
1
49
4
1
5
2
2
5
12
54
6
0
1
4
2
3
1
135
8
7
6
2
0
0
0
1
4
3
0
1
6
1
5
1
8
1
1
3
6
3
2
4
21
3
1
6
2
6
1
27
0
18
8
5
1
1
12
67
35
1
6
5
11
1
2
1
0
3
2
11
0
4
12
6
55
21
1
2
1
0
6
0
5
1
0
5
4
0
4
1
1
2
2
2
4
2
3
4
1
14
4
1
13
11
2
3
3
4
0
0
0
0
1
9
9
1
2
15
5
5
12
1
0
7
7
130
7
1
2
15
0
4
4
11
1
2
0
2
3
0
4
5
7
1
0
0
0
1
5
4
1
0
2
9
15
4
1
7
6
2
1
1
4
11
5
0
5
1
9
39
1
2
2
22
0
0
7
1
6
2
6
28
5
0
0
3
3
11
2
30
0
4
12
1
3
0
0
26
3
1
0
6
0
6
7
4
6
0
7
2
0
3
1
1
1
8
39
8
1
2
20
21
0
1
88
1
41
54
0
0
0
1
8
0
2
11
0
2
2
4
12
4
1
2
0
1
0
1
17
2
1
4
0
0
0
8
2
6
0
0
17
7
3
4
2
2
0
13
4
0
7
2
26
6
5
31
0
1
9
1
41
79
1
3
3
2
3
1
17
20
0
0
4
15
3
7
3
3
11
1
5
2
1
19
6
0
47
1
1
30
0
2
4
0
12
4
1
2
4
0
1
19
3
1
39
2
7
7
3
0
10
2
20
4
43
0
5
2
4
10
4
49
15
0
1
1
0
0
0
4
1
8
14
1
1
7
0
0
0
4
1
0
9
3
14
4
1
2
2
4
3
2
0
5
40
4
11
2
2
3
3
3
1
5
1
18
2
13
13
21
1
4
4
2
6
6
0
7
0
0
12
10
5
11
3
0
5
2
3
4
0
2
4
1
2
9
0
2
3
1
9
1
0
8
2
2
46
1
3
8
12
0
31
1
3
0
6
3
1
189
8
3
3
6
1
38
15
2
9
22
9
20
1
1
1
8
1
12
12
1
1
7
0
1
7
0
3
3
3
3
1
4
6
17
2
3
5
6
41
2
0
1
1
0
3
5
0
0
11
10
18
4
7
0
3
39
0
0
2
11
2
0
1
10
1
10
10
0
2
0
2
1
9
7
1
8
43
7
11
28
7
0
37
3
2
1
9
64
0
4
4
3
4
161
0
0
0
3
2
0
0
1
12
3
3
7
0
8
0
4
2
0
20
2
1
5
0
14
4
4
0
0
16
0
18
7
3
4
9
0
26
16
0
5
19
4
2
1
26
1
8
2
0
1
1
2
47
1
4
0
2
9
7
3
2
5
1
4
0
0
2
4
3
15
7
10
0
0
3
11
4
0
34
3
4
781
17
1
2
0
3
1
1
0
3
2
0
35
0
7
2
0
12
33
4
1
7
45
10
5
5
13
0
0
6
8
1
7
0
7
1
1
0
47
4
3
14
60
0
2
4
2
0
6
7
2
1
35
0
0
13
71
11
23
43
0
1
3
5
3
2
0
1
0
12
4
3
2
2
4
3
1
2
4
11
4
17
3
0
5
4
6
0
5
1
0
2
1
6
5
0
0
2
2
4
2
69
11
3
0
8
2
5
1
5
435
1
0
2
2
3
5
6
4
4
2
2
5
0
4
5
2
5
0
9
0
2
1
0
0
7
0
0
2
1
3
2
5
6
0
4
1
40
4
0
9
1
5
4
0
5
3
0
4
9
119
1
2
1
0
13
5
7
4
319
0
1
11
1
0
1
6
1
35
2
4
3
13
4
2
4
0
1
2
0
1
2
1
0
1
8
1
0
0
19
7
2
3
3
20
3
3
0
3
2
4
0
1
21
2
13
2
1
2
0
1
6
1
0
17
27
12
37
7
2
19
1
6
0
19
2
11
7
11
10
4
3
8
3
1
4
3
0
1
0
2
5
30
9
2
2
2
2
1
6
1
6
52
3
3
0
170
3
2
0
1
2
0
24
9
6
21
0
2
3
3
4
6
1
2
0
23
1
4
16
3
2
290
1
4
1
1
2
1
39
2
0
0
1
11
1
0
1
4
0
3
1
1
2
0
1
13
1
3
1
0
54
0
1
2
1
0
0
1
11
4
3
0
2
8
20
8
4
3
0
0
5
131
1
6
5
0
4
0
1
8
3
6
4
0
11
1
4
1
2
1
0
7
3
2
2
2
4
1
7
4
3
7
2
0
248
31
1
0
11
2
3
2
1
6
0
4
4
31
3
6
3
12
8
0
3
1
7
0
0
45
7
13
0
5
0
2
6
1
8
2
5
3
6
17
0
0
4
14
9
33
1
0
6
4
2
5
6
6
0
2
1
6
2
1
1
0
1
5
0
2
2
0
0
0
5
5
13
3
2
3
2
65
0
1
1
0
1
13
0
4
0
6
8
9
11
6
1
2
0
4
0
0
2
18
47
3
1
5
37
6
2
11
0
0
2
7
0
0
3
24
2
23
0
0
0
0
3
3
51
1
2
4
2
6
1
1
6
4
1
1
4
15
0
2
0
1
0
2
4
26
9
2
32
4
5
14
5
0
3
0
0
14
0
9
3
30
6
4
3
2
24
5
3
0
30
5
5
2
9
5
1
29
1
2
6
3
3
8
1
48
8
3
2
0
0
1
0
0
3
9
6
8
0
3
17
3
6
0
8
7
0
1
2
10
6
2
5
1
7
14
1
3
27
3
0
1
2
34
0
0
4
5
0
0
16
5
9
1
5
2
11
1
1
9
6
7
12
24
3
3
2
1
7
10
3
6
12
3
1
0
2
1
0
5
3
2
7
1
0
8
1
2
5
15
11
0
4
4
0
6
1
2
2
1
3
4
2
0
4
1
1
0
9
5
7
0
0
1
0
3
4
4
1
0
2
6
35
4
8
1
1
2
4
5
16
3
3
5
4
9
3
4
2
2
0
12
6
11
2
1
1
2
0
4
26
2
5
0
2
25
1
2
0
4
0
134
0
3
0
0
2
2
0
0
0
16
1
31
4
9
1
15
26
0
3
6
9
2
3
0
0
1
11
1
4
0
4
0
15
132
0
2
2
1
10
0
3
1
1
6
0
5
4
3
1
2
4
1
90
6
2
0
0
2
0
4
4
3
1
2
4
15
4
10
0
4
4
1
1
9
1
16
0
4
3
5
0
1
1
3
0
1
4
7
11
0
0
0
3
1
2
0
1
3
3
4
0
16
3
