8
94
3
9
4
6
4
6
6
22
10
9
3
6
20
32
13
7
11
10
0
17
180
4
19
10
1
16
1
3
15
10
11
9
2
22
1
11
7
4
3
11829
7
39
52
1
9
16
5
6
6
8
14
6
6
13
11
83
22
11
24
9
4
6
5
2
18
20
8
10
3
8
2
67
9
12
6
6
4
6
4
2
7
22
11
7
2
8
22
11
9
38
7
3
107
8
19
5
4
9
6
24
6
2
0
11
5
2
4
14
2
17
11
14
12
8
9
8
12
12
10
4
7
12
7
6
7
8
19
19
1
6
6
12
3
8
13
38
6
5
14
10
17
13
2
5
13
17
13
7
14
5
6
1874
7
8
12
1
13
7
4
4
8
8
7
4
14
10
7
12
17
10
0
8
6
3
2
5
7
6
2
13
19
3
1
19
24
16
3
5
13
16
3
11
8
18
11
2
15
8
2
4
5
22
4
13
13
2
32
14
13
29
21
8
17
13
127
6
4
6
20
1
10
5
8
25
8
3
17
3
4
15
168
5
26
29
21
12
4
8
9
6
7
5
18
12
0
10
12
3
11
29
4
10
24
11
7
35
58
7
8
3
13
10
26
49
11
14
8
118
21
5
35
0
6
41
0
3
11
4
12
17
14
8
9
13
8
11
128
3
11
2
38
2
12
15
26
20
5
0
7
7
2
34
3
6
21
45
10
9
6
14
12
2
4
15
1
17
8
3
6
4
21
1
2
4
6
7
35
4
3
4
5
12
12
1
13
21
20
15
12
9
24
11
11
8
2
1
12
2
3
6
14
10
25
24
2
14
1
5
10
8
8
6
4
2
7
10
103
2
18
21
7
5
9
9
5
13
4
2
68
8
1
5
11
20
256
11
5
2
18
11
31
6
4
2
6
11
11
17
2
10
3
3
10
3
9
9
7
25
4
7
7
24
10
3
10
4
6
5
14
4
2
1
3
1
14
19
29
11
13
6
9
16
31
7
7
16
8
54
17
4
9
4
4
3
6
3
5
3
130
6
13
1
4
6
17
96
57
36
5
61
3
12
34
3
7
11
54
9
15
8
4
28
0
7
14
13
8
4
76
1
4
10
10
2
12
0
1
8
3
42
11
14
15
14
10
6
23
5
8
94
3
9
4
6
4
6
6
22
10
9
3
6
20
32
13
7
11
10
0
17
180
4
19
10
1
16
1
3
15
10
11
9
2
22
1
11
7
4
3
11829
7
39
52
1
9
16
5
6
6
8
14
6
6
13
11
83
22
11
24
9
4
6
5
2
18
20
8
10
3
8
2
67
9
12
6
6
4
6
4
2
7
22
11
7
2
8
22
11
9
38
7
3
107
8
19
5
4
9
6
24
6
2
0
11
5
2
4
14
2
17
11
14
12
8
9
8
12
12
10
4
7
12
7
6
7
8
19
19
1
6
6
12
3
8
13
38
6
5
14
10
17
13
2
5
13
17
13
7
14
5
6
1874
7
8
12
1
13
7
4
4
8
8
7
4
14
10
7
12
17
10
0
8
6
3
2
5
7
6
2
13
19
3
1
19
24
16
3
5
13
16
3
11
8
18
11
2
15
8
2
4
5
22
4
13
13
2
32
14
13
29
21
8
17
13
127
6
4
6
20
1
10
5
8
25
8
3
17
3
4
15
168
5
26
29
21
12
4
8
9
6
7
5
18
12
0
10
12
3
11
29
4
10
24
11
7
35
58
7
8
3
13
10
26
49
11
14
8
118
21
5
35
0
6
41
0
3
11
4
12
17
14
8
9
13
8
11
128
3
11
2
38
2
12
15
26
20
5
0
7
7
2
34
3
6
21
45
10
9
6
14
12
2
4
15
1
17
8
3
6
4
21
1
2
4
6
7
35
4
3
4
5
12
12
1
13
21
20
15
12
9
24
11
11
8
2
1
12
2
3
6
14
10
25
24
2
14
1
5
10
8
8
6
4
2
7
10
103
2
18
21
7
5
9
9
5
13
4
2
68
8
1
5
11
20
256
11
5
2
18
11
31
6
4
2
6
11
11
17
2
10
3
3
10
3
9
9
7
25
4
7
7
24
10
3
10
4
6
5
14
4
2
1
3
1
14
19
29
11
13
6
9
16
31
7
7
16
8
54
17
4
9
4
4
3
6
3
5
3
130
6
13
1
4
6
17
96
57
36
5
61
3
12
34
3
7
11
54
9
15
8
4
28
0
7
14
13
8
4
76
1
4
10
10
2
12
0
1
8
3
42
11
14
15
14
10
6
23
5
3
14
1
19
20
13
9
6
15
7
5
12
6
57
18
9
4
22
15
2
21
97
3
6
9
4
4
5
5
1
8
7
14
9
49
34
918
4
40
9
2
8
6
35
8
12
3
2
3
0
28
6
5
18
4
12
9
3
12
6
6
9
9
18
40
22
4
12
15
14
5
73
9
20
11
27
15
3
6
10
7
12
5
3
35
15
19
8
3
9
25
2
20
1
70
1
13
1
21
9
36
5
5
36
38
3
41
6
12
8
12
4
7
24
4
20
16
0
6
20
7
106
1
4
6
3
8
7
16
8
7
10
4
41
19
12
4
9
10
19
7
57
14
1
9
12
16
3
9
5
12
27
3
30
43
5
6
1
3
4
7
26
13
2
100
7
16
3
1
22
15
9
10
14
6
10
28
6
11
1
5
5
6
6
6
5
5
29
8
7
16
12
3
8
93
9
11
6
15
14
26
2
13
12
4
5
6
4
12
8
4
5
13
12
10
29
11
10
4
1
3
5
32
9
3
91
4
3
8
7
4
18
4
18
90
3
14
40
3
4
6
17
72
13
14
3
7
16
10
18
3
5
6
14
5
9
8
27
6
45
5
27
9
3
10
11
7
413
93
2
13
2
22
6
7
16
4
8
12
9
10
19
18
10
9
38
1
17
7
20
17
6
4
19
6
23
7
7
21
11
18
17
8
2
3
5
10
2
11
4
19
1
14
7
9
1
2
1
40
24
2
8
1
13
12
7
7
5
9
8
2
14
9
6
19
5
10
4
7
8
4
10
7
11
9
7
20
7
7
4
0
5
7
16
3
2
5
23
6
16
2
6
12
5
9
3
6
7
1
5
4
6
2
11
0
4
1
7
7
8
3
25
3
15
8
3
2
5
6
3
30
6
2
6
14
15
14
4
5
9
6
17
19
1
16
9
6
15
39
5
11
8
3
7
4
8
16
13
3
15
5
18
22
7
5
0
11
4
4
5
4
12
15
18
29
5
16
10
5
6
18
129
8
4
6
16
6
8
8
9
10
169
5
3
3
1
19
9
13
10
8
12
18
7
2
13
6
10
36
40
133
37
11
2
7
2
8
43
10
10
62
7
4
12
4
3
6
6
4
0
8
10
4
11
10
0
2
15
69
5
9
42
13
8
4
12
3
2
17
5
14
5
1
5
0
25
5
4
5
2
19
1
5
6
13
4
11
8
6
16
7
1
11
9
5
12
3
6
2
10
1
5
3
4
9
10
7
20
6
6
16
8
5
13
51
2
2
5
13
6
4
15
14
9
1409
2
4
10
7
11
5
13
276
3
5
24
13
4
69
4
3
3
10
4
6
61
6
4
7
1
3
8
7
21
9
10
12
4
3
10
8
8
19
11
3
10
4
24
11
2
4
4
13
5
12
7
15
8
5
9
8
4
2
4
3
31
13
8
13
21
8
10
49
1
7
2
8
2
8
5
4
0
3
442
12
6
47
31
15
1
8
8
36
3
2
0
10
2
20
4
20
19
3
3
8
20
24
2
9
7
12
31
10
22
15
13
14
18
4
2
5
4
7
14
6
12
29
6
30
10
3
2
2
1
9
2
40
4
6
6
6
30
47
4
1
73
4
8
1
4
1
8
17
29
29
11
12
3
17
10
31
4
4
5
4
10
24
12
55
6
20
16
11
12
16
26
9
5
40
3
9
3
26
2
10
4
9
15
4
5
4
19
2
10
9
20
20
8
13
3
1
6
7
40
7
8
3
12
24
2
7
6
6
20
179
4
42
7
3
8
1
10
4
19
8
8
8
7
4
4
6
4
25
14
2
12
17
25
7
30
23
7
0
3
13
4
6
13
13
12
4
6
5
5
11
4
21
25
12
6
3
10
7
23
10
14
19
5
4
12
9
10
212
4
9
3
9
10
7
25
17
4
32
6
6
3
13
5
9
16
8
11
16
12
10
10
3
2
13
9
2
7
4
9
3
4
6
8
1
96
17
7
7
5
4
19
4
12
4
9
2
18
18
10
5
10
11
16
11
16
5
14
12
8
5
5
9
7
19
9
6
9
19
3
6
16
9
12
2
8
3
7
2
8
9
2
7
159
2
1
5
4
3
8
0
6
17
10
12
3
3
282
1
5
6
8
25
8
10
1
52
12
15
6
11
5
19
12
7
12
4
13
4
4
5
13
9
11
5
99
3
4
11
6
4
6
9
7
3
7
6
7
2
94
9
21
4
50
33
9
3
11
7
5
7
25
6
218
10
3
13
4
1
9
14
11
14
1
13
9
3
24
7
12
26
3
15
7
4
10
9
11
12
17
0
11
9
15
33
20
9
5
4
2
9
8
1
2
4
24
53
4
13
12
1
2
8
8
5
11
9
7
19
26
13
2
36
3
9
2
5
2
5
3
2
6
104
6
2
59
14
11
5
1
7
2
4
2
15
52
13
3
4
1
4
38
3
4
6
5
10
18
6
1
11
4
8
16
5
3
8
7
3
20
3
48
4
1
2
197
21
8
7
7
21
10
46
10
24
30
1
3
10
6
3
14
5
25
11
2
10
0
15
8
4
4
2
15
20
7
25
4
4
4
6
1
13
3
5
11
3
18
7
5
2
10
111
41
4
4
8
9
0
3
6
11
15
32
12
10
19
19
23
5
10
5
15
10
4
18
3
6
15
22
0
5
2
9
8
29
33
7
2
2
4
11
26
7
2
18
24
2
8
82
75
27
19
7
22
13
8
3
3
18
11
16
51
229
1
8
6
12
10
10
11
5
4
15
13
7
3
22
3
10
6
3
27
3
7
5
3
6
21
10
5
4
3
17
8
9
182
5
12
9
57
22
3
3
0
19
12
11
19
4
13
9
1
2
3
47
9
3
11
3
6
2
23
8
10
26
7
4
9
5
2
132
10
9
13
17
36
44
7
2
2
143
6
10
40
6
6
8
5
18
3
9
3
7
13
8
4
6
4
19
24
8
4
2
129
0
4
5
6
13
8
37
5
12
38
15
5
9
10
4
8
8
2
7
3
9
11
3
3
5
2
9
4
33
10
34
6
63
9
4
14
5
7
6
3
5
7
6
11
3
13
7
13
6
19
6
8
17
5
6
1
6
5
3
22
29
53
8
9
29
5
7
23
62
5
14
19
9
9
8
15
17
8
17
10
3
20
6
5
5
3
7
4
6
6
35
27
7
10
6
90
5
6
8
7
5
6
27
16
20
3
6
10
41
5
9
2
18
4
63
2
8
38
2
15
21
4
26
6
0
16
2
13
16
11
21
4
8
6
4
36
3
4
50
6
18
7
1
1
17
10
39
23
3
2
12
2
7
4
13
640
4
5
14
10
9
10
10
19
12
6
10
4
9
340
5
19
9
15
8
6
6
10
3
8
36
21
1
5
6
2
2
5
13
7
8
11
7
17
4
3
6
19
5
6
3
4
13
5
8
13
99
3
10
4
2
9
6
6
4
5
5
108
7
15
15
13
48
15
2
18
10
8
10
2
7
3
10
6
9
24
19
5
7
28
5
51
32
3
9
3
0
14
6
6
12
15
3
4
10
6
11
14
6
9
18
4
8
1
9
16
11
30
8
9
3
6
3
11
14
15
8
13
8
3
8
7
14
5
3
26
72
9
5
15
15
5
30
69
24
4
6
8
3
5
10
6
6
6
7
5
4
7
13
3
15
8
4
6
4
11
14
3
9
12
11
10
8
11
18
21
3
8
13
12
5
317
9
17
4
10
20
15
4
10
4
14
10
1
8
11
4
11
3
8
22
5
5
1
15
3
32
9
2
0
7
52
31
1
6
11
6
66
8
4
5
6
19
12
10
4
0
1
6
5
12
10
2
5
28
5
78
9
47
10
17
3
11
2
25
8
8
18
11
4
12
12
6
3
1
116
3713
3
5
3
7
7
3
10
9
14
12
2
2
8
10
21
2
11
28
1
176
2
1
5
6
31
8
4
15
10
6
53
5
12
2
3
16
4
1
118
18
8
50
5
2
3
9
5
19
8
6
0
12
9
12
8
13
21
8
11
4
7
1
20
7
40
8
5
10
5
6
36
13
7
2
6
50
11
9
5
6
5
11
8
5
3
30
7
7
8
8
9
12
9
9
47
9
8
4
3
10
40
19
2
16
12
163
13
14
5
2
4
6
44
279
0
12
6
0
20
2
4
9
7
5
8
10
4
7
3
65
2
12
7
139
1
12
4
5
17
27
5
13
16
12
12
5
3
3
4
1
5
5
10
27
8
8
3
8
153
8
16
12
0
1
11
3
9
3
0
81
31
4
9
12
1
14
5
4
6
4
5
50
7
2
14
14
25
15
7
55
15
1
25
5
4
10
6
5
6
5
39
8
10
16
23
17
8
6
8
17
9
9
3
113
4
21
7
2
9
4
7
6
12
35
1
3
9
15
1
4
41
9
34
17
3
7
7
2
24
21
3
24
13
22
2
7
7
3
22
4
4
8
74
2
6
8
6
22
12
37
1
10
2
8
11
0
2
32
12
12
20
22
34
6
6
5
13
4
22
8
35
6
7
79
9
3
6
5
81
7
19
6
3
6
10
10
13
5
2
17
2
11
7
9
4
14
12
6
3
74
3
27
9
3
6
6
16
1
6
6
3
5
2
75
1
0
10
5
12
10
68
7
10
6
6
10
63
4
2
26
12
9
1
4
0
6
13
6
14
10
6
23
4
5
54
6
46
15
0
18
12
3
13
10
7
18
6
11
30
1
17
28
7
25
43
5
8
14
5
10
11
22
10
2
5
29
24
5
4
1
1
9
9
1
21
6
12
1
3
8
6
4
5
13
9
18
1
13
21
8
87
78
20
7
1
3
4
2
6
13
9
11
391
6
86
23
14
38
4
21
13
10
29
12
10
14
5
2
9
7
33
6
4
5
24
4
296
8
1
12
1
17
34
983
9
10
16
0
19
5
8
12
87
71
6
24
6
6
12
146
11
16
11
73
9
21
13
5
5
88
19
9
78
6
21
0
3
16
6
30
22
13
1
4
6
0
4
10
4
4
19
9
10
1
6
22
7
3
6
14
204
21
9
6
64
10
4
3
5
62
5
13
6
9
3
18
4
6
7
22
69
3
4
5
3
0
10
3
12
5
3
12
0
10
6
39
26
55
8
25
13
11
4
6
19
5
11
2
1
20
17
39
10
102
10
8
2
7
2
1
4
19
14
8
12
19
3
2
21
7
7
7
10
4
41
7
13
32
15
3
13
8
11
2
3
15
23
4
0
4
12
3
5
4
12
5
19
33
3
7
11
3
6
3
9
11
2
9
5
1
5
23
14
19
8
4
9
9
22
11
40
9
14
20
9
9
10
6
8
10
5
6
5
2
17
9
4
13
174
21
76
3
3
9
45
10
6
6
9
8
20
4
5
6
3
8
33
14
12
6
8
8
6
13
63
18
26
4
16
11
6
10
20
7
13
1
9
25
5
3
5
18
7
3
22
2
5
46
6
31
2
9
4
7
2
5
14
17
7
3
6
40
7
4
5
774
5
3
16
3
12
10
13
17
8
9
10
4
16
18
5
2
11
13
50
20
6
75
36
16
10
4
7
12
9
12
112
12
2
5
6
3
7
13
10
19
5
2
28
37
7
11
7
11
3
4
8
8
2
0
8
5
0
52
11
0
48
4
13
15
13
4
5
9
121
6
34
2
4
13
2
3
7
10
8
66
2
4
8
7
9
8
11
0
10
6
4
2
11
14
14
12
62
98
10
46
11
12
7
4
15
12
7
8
1
8
2
6
5
14
5
10
32
33
13
3
5
4
201
2
47
71
5
8
14
7
2
3
13
13
98
48
2
13
10
10
28
9
6
5
4
2
4
25
2
8
8
36
14
12
17
19
10
15
38
3
1
8
28
29
11
7
4
18
60
14
3
7
7
4
17
16
3
2
7
14
11
7
18
9
1
9
6
22
7
9
8
97
3
5
5
25
8
8
18
7
4
2
3
15
10
13
14
3
6
6
4
18
19
2
0
5
11
6
6
2
6
17
18
36
9
0
0
10
7
10
3
5
7
26
4
11
634
6
5
13
14
6
9
13
5
34
11
15
24
32
15
13
30
10
26
8
32
16
22
27
27
6
10
2
4
0
33
15
3
2
4
2
7
6
10
6
16
9
3
10
5
13
6
9
30
2
13
8
7
2
7
6
1
3
9
2
11
8
4
5
6
8
15
11
67
21
5
3
3
15
18
9
5
5
10
9
37
28
17
9
14
1
10
4
6
6
8
7
10
4
7
7
8
17
7
8
3
9
17
6
6
2
7
6
9
17
5
18
3
4
1
9
22
17
5
18
9
8
7
4
7
30
47
12
9
7
3
16
21
30
7
2
25
32
3
5
10
6
3
6
8
3
9
16
8
17
9
7
24
22
26
15
14
8
14
7
0
5
5
8
3
8
16
33
10
6
5
2
6
1
33
25
23
36
3
6
8
5
9
13
46
41
5
10
6
10
10
11
8
28
3
10
74
1
12
5
12
28
5
13
13
5
29
18
9
9
1
2
9
21
10
10
6
15
5
10
35
5
6
6
2
6
3
4
11
8
8
13
22
7
6
2
0
24
5884
15
8
4
4
10
32
3
3
9
16
5
6
70
19
16
8
5
4
8
10
6
22
25
23
12
4
6
14
4
21
7
11
6
6
13
8
37
10
2
9
5
6
4
7
5
15
26
8
3
5
5
6
4
4
25
6
21
0
16
2
3
24
6
3
15
42
5
8
8
8
3
6
13
4
13
7
6
6
13
17
13
8
3
4
41
20
6
6
7
37
4
3
13
2
21
14
3
29
10
9
6
3
10
15
4
11
3
12
10
8
3
10
3
11
5
9
24
8
5
12
12
49
10
2
14
11
8
3
4
8
5
15
9
1
7
0
3
10
32
11
11
42
44
19
4
8
2
12
12
5
35
3
7
44
11
11
62
10
12
37
17
2
1
5
4
22
10
5
6
9
9
7
26
2
8
1
14
10
5
20
1
6
24
5
10
47
10
5
9
14
16
43
3
5
4
17
4
7
6
7
2
5
1
70
45
5
4
2
33
13
8
14
5
12
17
5
5
7
23
15
4
19
5
9
76
32
7
13
3
90
3
7
24
11
3
7
4
13
5
280
7
4
12
2
8
6
3
11
69
6
30
3
3
9
2
9
21
20
89
3
6
3
9
5
30
3
17
9
4
16
713
7
46
7
5
4
5
6
9
2
17
6
24
11
1
10
0
30
6
16
15
22
21
46
9
2
3
13
1
7
98
5
9
5
7
12
5
14
2
30
11
7
6
2
25
7
9
1
4
1
48
6
6
10
14
9
5
14
3
95
10
20
29
5
4
3
1
9
0
5
5
11
10
5
1
6
216
13
35
5
4
10
6
32
16
12
1
16
8
51
6
7
8
13
3
3
4
41
5
5
8
3
15
2
26
61
12
5
2
6
0
10
38
0
2
3
4
3
1
7
31
11
3
10
8
13
6
18
1
2
31
2
12
8
6
3
4
1
2
6
16
3
18
9
35
10
5
3
4
10
21
1
3
58
15
15
5
3
21
22
35
27
10
6
6
11
8
7
2
1
2
8
26
24
3
1
10
7
2
13
5
1
99
4
19
6
26
15
5
6
5
29
4
3
10
10
18
3
28
37
3
4
29
8
18
53
23
6
3
7
4
5
5
7
1
6
9
5
2
11
6
48
5
7
46
9
3
2
3
0
1
2
3
14
4
7
24
8
16
6
4
4
12
22
5
7
2
5
3
10
16
10
81
9
11
2
14
15
17
4
3
12
2
16
5
7
32
4
5
74
47
4
4
13
1
3
7
10
3
7
7
14
18
5
25
4
5
5
2
7
22
20
13
16
4
13
23
4
11
15
66
2
8
0
27
15
16
7
26
12
4
84
5
9
9
14
5
5
6
14
9
4
6
6
14
16
4
5
23
12
4
5
37
16
5
7
2
6
13
2
8
296
10
6
12
1
5
3
5
6
23
11
12
25
5
5
17
13
4
21
7
31
4
7
5
15
19
5
14
3
2
7
17
9
9
6
12
7
23
53
12
6
3
9
11
7
4
11
3
4
145
4
11
15
12
11
70
14
9
6
6
4
19
3
5
30
46
12
8
26
3
86
5
11
17
3
19
13
9
12
6
29
9
33
6
12
1
7
22
3
2
4
37
7
9
12
8
9
10
4
16
3
50
5
4
6
862
7
3
7
11
8
11
30
7
15
13
7
4
9
15
8
1
21
22
6
11
8
3
9
4
12
20
5
2
15
15
3
7
3
2
19
6
6
10
10
40
3
9
7
4
4
37
17
2
13
207
9
3
2
19
20
3
4
5
5
3
11
7
6
3
16
11
4
23
7
23
119
15
11
52
5
8
9
25
11
34
17
28
1
1
3
17
4
7
4
11
2
7
8
76
3
12
4
14
3
4
5
6
1
11
14
4
29
14
8
2
5
19
0
8
16
17
9
7
7
875
10
3
3
13
13
4
23
24
46
32
2
35
39
5
5
5
6
6
0
14
10
13
4
9
16
36
31
3
8
2
6
14
6
89
5
11
2
6
6
117
9
2
19
10
5
41
110
1
26
3
11
5
12
14
14
37
6
5
35
2
4
10
8
12
8
4
20
13
1
5
7
59
11
8
7
10
3
1
7
14
14
9
2
2
4
4
36
1
3
5
4
6
13
21
7
10
8
5
3
1
7
23
7
5
3
12
16
11
24
6
6
15
5
12
42
3
3
8
2
5
59
7
12
3
15
0
5
4
58
12
20
4
42
4
7
15
2
10
5
1
26
17
6
4
6
3
14
8
2
2
8
3
7
27
1
5
2
3
4
14
40
4
5
10
5
4
13
3
41
13
13
2
10
4
8
16
5
12
12
32
20
4
7
9
9
5
23
25
6
82
36
2
24
15
11
4
14
8
4
8
15
11
34
2
5
38
20
11
6
15
6
18
0
27
4
12
191
0
7
2
17
20
13
2
13
10
5
8
6
1
5
125
10
13
17
6
32
0
8
5
11
9
61
14
4
26
42
59
1
8
4
4
24
11
5
6
11
0
6
11
11
3
1
47
14
18
12
3
11
2
12
2
6
44
19
5
4
4
32
4
6
17
5
5
51
14
1
11
3
2
6
4
6
8
11
44
7
8
6
6
2
8
9
35
7
2
10
1
2
2
7
7
46
15
5
10
4
8
21
11
14
0
14
10
6
24
2
10
11
15
5
155
48
8
0
9
7
32
4
8
4
14
11
7
30
5
5
16
11
11
42
81
18
12
1
7
266
7
8
6
392
3
12
4
6
2
3
3
10
4
32
5
25
4
14
6
22
37
1
24
220
2
20
4
3
0
6
10
265
12
0
3
6
10
12
6
10
2
10
2
188
10
15
5
18
20
52
17
3
22
3
4
16
7
19
6
5
5
21
81
8
15
9
21
1
792
7
26
80
130
3
12
12
21
29
20
12
16
35
44
2
3
4
16
39
5
9
10
5
38
8
2
20
7
53
9
3
1
5
7
24
12
10
5
2
11
9
7
26
4
8
3
11
2
8
6
2
34
5
4
0
5
5
5
4
0
15
8
7
0
2
24
7
2
5
1
5
14
30
15
10
4
13
44
5
8
54
21
7
3
7
20
8
8
4
12
15
8
20
14
7
3
24
2
4
47
19
3
6
22
3
17
7
18
34
38
20
3
49
12
3
46
15
17
6
2
10
3
6
11
14
6
3
7
9
8
23
3
5
7
5
385
20
2
5
5
27
2
22
5
20
2
1
64
6
13
6
10
2
4
10
9
15
10
4
3
23
4
8
19
64
9
45
2
16
18
7
5
3
3
7
1
169
7
15
3
4
1
18
6
8
5
11
4
5
31
9
8
3
5
2
3
2
2
33
4
22
23
9
4
7
47
10
1
35
18
3
57
2
27
186
31
7
4
5
16
8
53
46
5
4
9
4
12
16
3
7
13
5
0
20
3
11
6
3
353
1
11
10
7
24
17
12
4
23
12
32
6
41
9
82
6
24
10
12
4
1
6
6
14
36
7
7
6
4
7
13
9
8
2
8
14
6
6
7
5
15
24
13
4
3
36
18
2
10
13
38
11
5
10
8
4
4
4
7
13
9
4
2
19
1
12
5
10
6
4
17
7
18
9
2
4
12
18
10
2
5
23
2
6
3
5
10
13
7
5
9
85
18
4
29
57
17
3
1
6
13
13
2
6
24
9
18
7
3
14
14
2
16
8
5
8
185
10
2
4
8
11
12
12
16
18
246
9
8
6
37
10
10
15
7
28
39
2
18
12
6
7
9
32
14
1
32
27
10
15
8
24
2
8
27
13
11
30
4
6
13
40
14
4
4
16
5
3
19
3
68
35
8
19
7
9
6
5
26
13
33
2
58
7
4
18
2
22
4
8
5
7
16
10
4
14
2
11
5
2
6
6
8
10
52
1
10
7
7
14
1
10
9
7
1
68
3
20
642
27
9
3
7
11
20
29
2
2
9
36
19
5
2
3
3
22
7
6
29
581
26
104
542
4
13
5
2
6
12
17
4
2
5
15
16
9
7
12
8
3
2
5
8
11
7
5
8
11
21
7
4
5
3
5
7
6
7
10
4
16
3
10
2
13
10
5
10
5
8
5
8
3
3
5
16
23
9
3
12
6
15
76
13
8
2
37
15
1
69
12
4
6
21
4
5
30
18
3
13
7
14
13
5
5
36
8
5
5
7
1
4
30
413
67
7
3
6
27
16
1
14
4
7
42
3
3
1
9
46
3
5
54
11
2
5
15
16
55
3
12
2
8
7
10
10
5
2
6
3
11
28
1
3
14
20
137
12
6
6
7
44
32
28
39
16
8
4
14
11
10
10
26
0
2
0
8
9
181
32
8
6
1
17
12
2
5
17
3
3
2
4
5
5
4
5
12
28
6
3
12
1
11
18
8
2
9
34
6
4
10
2
0
3
28
6
1
3
9
2
20
3
14
7
1
26
3
2
4
11
5
22
4
10
9
8
10
16
27
19
8
2
13
73
7
28
10
23
2
1
2
20
5
10
47
6
24
5
7
1
15
7
8
4
8
8
10
6
16
1
10
9
22
24
3
4
11
12
10
8
29
29
14
12
24
13
8
9
612
1
7
2
1
0
14
2
5
9
6
1
8
17
4
2
4
4
8
3
11
1
22
4
12
4
7
6
5
6
16
9
46
4
8
5
1
7
6
4
3
10
22
2
8
3
12
6
14
7
12
48
13
6
7
7
36
4
10
5
5
18
31
8
4
17
7
1
5
24
104
1
4
3
33
51
12
5
9
9
9
3
2
3
8
12
0
20
38
6
28
6
4
7
9
24
4
11
18
8
8
1
2
15
126
25
1
2
6
17
0
22
0
6
18
11
3
3
6
14
5
3
8
9
29
10
8
21
18
12
23
1
1
10
7
7
96
9
14
9
6
9
5
14
2
8
32
4
10
6
7
10
2
14
7
8
6
7
1
19
18
6
3
38
10
5
4
2
4
3
13
19
3
46
4
4
6
13
12
1
86
0
5
4
11
5
19
2
9
3
6
13
5
21
4
24
70
8
8
9
8
20
12
4
21
18
4
3
5
18
5
4
7
12
16
6
4
32
5
4
114
11
18
8
12
4
7
4
13
6
13
79
2
214
6
27
5
5
5
15
1
0
5
3
10
4
9
32
7
3
5
12
27
10
2
3
2
20
12
10
12
10
9
100
2
8
58
2
17
14
7
6
19
12
25
4385
10
6
14
7
3
12
4
3
6
4
4
2
4
27
9
3
13
3
15
19
24
8
4
13
5
25
5
3
17
3
5
21
9
0
2
7
4
11
6
9
2
26
14
8
13
12
24
11
14
4
6
7
9
4
189
0
10
30
11
4
20
5
2
4
2
2
20
14
12
38
29
15
3
7
15
9
3
4
5
3
3
1
6
8
19
7
5
4
3
3
15
23
12
5
15
8
71
5
13
15
8
3
6
2
16
18
20
7
8
35
8
5
6
3
6
8
75
2
6
2
9
9
8
6
27
2
4
11
5
0
6
15
4
3
6
29
22
69
22
10
714
38
14
7
3
5
19
72
4
5
14
8
41
5
479
8
2
8
3
4
1
3
293
13
13
16
12
8
6
6
14
5
8
34
27
9
11
68
8
9
4
1
14
5
11
2
7
13
7
55
7
6
4
3
4
5
3
11
16
9
26
14
2
17
2
3
3
21
158
1
3
25
4
9
35
19
5
1
12
25
10
5
9
12
4
7
4
10
2
9
10
6
49
5
7
33
11
8
2
21
11
4
3
12
10
2
8
1
12
84
4
8
5
23
18
12
10
32
4
8
57
16
4
8
0
6
19
15
12
3
18
1
7
82
15
5
3
148
9
5
13
3
7
5
14
22
1
27
5
8
2
14
10
10
2
17
17
22
9
9
8
12
3
11
12
4
6
70
3
10
19
9
4
5
23
3
4
11
2
7
9
23
3
3
20
15
15
3
1
6
5
19
3
15
18
5
7
11
49
4
19
1
12
16
79
12
352
7
4
9
1
8
4
31
6
11
10
14
16
4
3
11
5
3
9
9
12
4
6
15
30
7
4
5
26
2
3
45
6
4
6
13
15
9
6
2
12
14
7
15
5
75
1
7
9
8
9
15
7
11
11
6
30
14
0
410
8
9
55
4
4
26
5
26
10
20
5
12
17
12
38
5
13
12
37
7
15
14
15
3
16
2
3
3
22
10
965
16
10
5
5
14
8
3
2
9
43
14
19
2
8
7
16
7
44
6
13
6
13
5
2
19
24
9
11
7
11
15
6
8
5
18
31
18
47
16
9
0
13
31
8
10
10
7
5
14
4
4
11
4
7
4
2
83
2
23
7
2
19
4
18
9
3
4
4
22
32
6
4
3
7
27
9
4
9
1
8
150
29
12
4
15
8
65
8
37
7
8
2
14
1
5
1
257
3
3
4
27
4
13
12
14
5
35
5
4
13
10
18
8
20
10
7
44
65
8
4
16
4
9
17
4
11
10
3
0
15
2
2
10
99
6
14
19
4
37
3
9
5
24
7
6
11
10
47
14
23
9
16
43
13
6
2
10
10
8
1
9
10
0
1
101
5
6
15
24
12
1
5
76
12
3
9
21
14
11
8
46
7
35
13
7
9
2
6
2
13
12
4
3
9
16
3
7
4
15
9
9
7
2
6
30
137
13
5
12
7
10
28
15
6
11
1
26
18
12
5
12
11
14
2
17
15
3
4
9
9
16
9
10
7
16
2
12
6
10
6
31
10
4
24
56
5
5
21
9
25
6
25
3
7
5
6
8
2
14
19
16
8
36
5
19
3
7
7
13
3
17
5
12
91
3
5
6
16
2
16
3
12
7
470
31
3
7
2
30
2
16
9
4
4
11
116
42
10
1
13
4
5
2
42
4
6
4
8
3
8
10
10
4
5
5
8
10
18
0
7
7
25
13
17
2
24
6
14
5
7
28
3
7
2
3
1
11
6
6
16
9
8
2
16
32
2
5
7
21
12
4
3
12
8
4
12
10
3
3
19
3
5
22
10
5
5
30
4
3
11
0
22
14
14
6
6
11
1
5
11
9
4
6
11
20
235
35
2
5
10
72
9
7
8
5
13
2
8
6
174
1
12
4
57
6
14
9
11
7
51
5
61
11
11
6
9
7
7
30
9
63
4
34
32
3
10
0
2
14
8
9
3
13
22
13
8
23
6
11
1
4
2
4
7
4
12
13
8
24
4
14
27
20
3
4
14
2
18
8
4
18
11
3
11
23
27
6
10
8
1
4
3
6
7
8
24
15
5
71
8
9
11
4
4
11
31
85
9
2
3
8
4
9
2
208
16
15
13
11
2
6
1
7
10
7
2
9
14
9
10
8
20
9
4
13
10
10
3
10
31
6
4
8
11
13
2
42
4
35
19
11
2
4
28
90
55
8
15
6
18
4
6
2
3
5
6
13
8
15
41
17
76
42
10
6
4
1
10
3
11
3
2
14
7
4
8
7
4
14
3
10
12
9
10
12
2
18
9
4
19
22
6
10
8
7
1
3
3
13
4
23
23
3
4
29
16
13
19
7
6
19
23
191
15
5
8
25
4
7
9
19
4
5
3
8
6
3
8
11
17
4
4
6
1
5
12
6
5
5
6
17
29
10
8
13
14
7
6
6
12
25
17
8
10
5
22
61
5
6
8
39
3
2
14
1
15
8
11
42
20
0
2
3
9
21
6
42
0
7
23
7
8
4
3
37
10
5
2
14
3
10
8
10
12
3
24
11
5
9
6
5
8
16
73
15
6
10
29
31
2
9
124
9
53
87
2
4
1
5
19
4
8
17
1
7
9
8
18
7
8
14
3
5
5
10
29
4
6
10
1
6
1
12
9
16
4
0
27
16
10
8
9
7
0
22
11
3
17
9
34
11
14
43
1
4
18
7
45
134
2
7
5
6
8
10
38
34
3
6
4
30
8
9
13
4
14
3
7
8
2
33
16
2
58
6
6
44
2
6
12
2
30
12
6
5
7
0
4
30
10
9
54
6
14
15
8
5
19
4
32
13
68
2
8
8
18
22
11
83
23
4
2
8
0
1
7
8
6
18
22
12
8
20
4
1
7
9
9
1
12
7
22
10
6
7
6
13
6
9
7
10
64
11
19
4
4
11
5
6
6
13
2
28
10
31
19
30
5
9
7
4
10
9
2
21
3
5
30
15
19
15
13
1
20
5
6
6
1
16
10
9
9
15
4
10
7
2
21
7
4
21
5
10
87
7
14
16
19
2
55
6
10
0
18
3
8
244
16
7
14
7
7
47
32
10
19
32
15
33
2
3
5
12
5
22
21
2
3
15
9
3
14
3
15
9
8
6
7
15
12
37
5
13
17
15
69
6
4
3
6
3
3
9
1
6
22
20
28
11
12
2
6
53
0
5
5
23
8
3
4
18
3
26
22
5
7
3
3
4
21
18
4
15
69
11
19
42
13
1
48
13
3
5
16
106
4
13
6
6
8
230
1
3
9
13
10
4
4
5
21
15
6
19
5
17
3
11
6
2
32
4
4
11
7
24
12
12
5
5
30
3
34
12
19
10
20
6
52
31
4
10
29
8
5
4
50
6
16
8
6
3
3
9
71
7
12
1
16
18
12
12
6
13
2
10
2
0
2
17
9
37
12
23
2
3
10
25
17
3
48
8
10
1032
28
6
5
2
8
3
5
3
9
10
3
56
1
15
4
1
24
66
8
4
10
68
21
12
10
25
4
3
19
20
2
14
2
14
3
2
2
68
11
5
31
87
3
4
9
7
4
13
15
5
6
62
1
6
21
96
16
38
57
2
6
12
10
7
5
2
6
9
20
9
6
3
10
10
8
2
6
11
22
9
24
11
0
8
13
16
3
14
6
6
12
6
11
23
5
5
7
13
11
6
86
23
8
4
16
5
13
10
12
602
6
3
6
8
10
16
11
10
11
3
4
10
3
6
12
6
16
2
19
3
6
5
1
3
21
5
6
8
4
7
9
16
10
5
6
11
67
7
0
15
6
14
7
5
15
7
2
9
20
146
4
3
2
4
21
8
17
11
446
1
4
18
2
2
5
15
1
63
13
7
12
19
6
3
7
6
2
6
4
3
4
2
2
6
13
1
3
2
38
7
9
9
6
51
7
7
7
3
4
18
0
2
37
8
30
12
2
2
2
1
9
2
2
34
51
25
59
16
8
50
5
11
7
26
9
12
18
17
24
12
8
23
4
3
12
7
2
7
3
3
13
46
27
7
8
9
10
4
9
6
17
80
13
3
1
228
13
6
3
11
8
4
36
18
13
35
0
11
12
8
10
12
5
7
4
34
3
9
28
6
8
400
3
13
7
4
7
9
54
10
2
3
7
17
6
0
5
15
3
6
2
4
10
1
8
22
8
6
6
8
94
3
9
4
6
4
6
6
22
10
9
3
6
20
32
13
7
11
10
0
17
180
4
19
10
1
16
1
3
15
10
11
9
2
22
1
11
7
4
3
0
17
12
5
6
3
11
2
19
6
4
12
8
7
327
50
6
6
22
7
11
4
4
7
2
10
9
56
7
12
7
51
10
1
5
4
12
3
2
53
13
21
1
13
3
10
15
8
11
7
6
12
13
31
0
1
9
34
19
50
2
4
9
10
4
10
16
23
1
7
7
8
12
8
9
1
5
6
1
4
5
0
3
10
9
10
20
7
4
7
4
94
6
8
4
3
4
19
5
10
2
11
13
17
23
16
4
3
4
11
3
10
7
35
72
8
10
12
54
9
8
19
7
8
5
20
2
7
18
50
8
53
1
1
0
2
5
9
70
3
9
14
5
21
5
3
15
9
4
2
6
30
7
5
3
6
5
6
9
37
13
7
52
11
9
17
8
3
6
6
0
21
3
19
9
54
12
9
6
6
44
9
9
1
51
19
15
2
12
13
4
47
3
11
17
5
8
19
7
66
12
8
9
4
6
3
6
1
10
16
10
14
1
11
27
10
9
1
14
14
0
6
6
15
11
4
6
11
17
26
4
7
48
12
1
5
6
65
0
3
8
7
7
2
24
10
23
14
10
2
17
6
7
22
12
13
24
42
8
9
6
7
13
28
10
20
14
12
3
3
5
5
2
13
6
10
11
5
5
17
2
8
15
26
18
0
10
9
1
15
7
3
9
9
9
12
4
4
10
5
5
4
14
7
16
5
3
6
0
6
5
12
8
3
6
17
51
12
25
9
3
6
13
8
31
7
9
6
12
20
7
6
4
6
5
15
11
31
9
4
2
3
5
14
37
10
12
2
9
42
2
9
3
10
0
181
3
8
5
5
7
7
6
4
3
27
6
50
11
17
4
28
30
0
7
18
17
8
7
1
8
4
20
5
7
12
8
4
27
192
3
11
9
5
20
4
11
2
5
16
5
13
11
9
2
6
10
4
125
10
5
6
2
8
5
8
16
4
2
6
12
29
14
15
5
13
12
2
4
26
4
32
3
8
8
13
3
3
1
10
2
7
17
10
23
6
3
1
5
8
6
2
4
9
8
6
6
26
4
