6
9
9
2
97
7
2
10
1
10
0
4
8
5
21
3
7
6
1
10
3
24
2
1
4
11
1
24
1
5
1
4
1
1
28
12
2
4
15
1
12
23
2
1
4
2
5
2
13
4
23
46
6
8
1
2
7
3
91
1
3
5
8
6
3
12
4
5
0
7
7
5
0
3
22
1
5
3
13
0
1
7
2
8
22
8
8
9
29
37
3
4
7
4
4
1
6
4
14
2
3
3
3
21
20
4
2
5
2
4
0
21
1
3
1
0
5
4
2
19
16
5
14
7
1
12
5
12
15
3
0
2
12
2
3
1
1
3
6
3
37
12
9
1
6
2
2
8
12
12
1
1
3
13
4
35
3
16
2
4
5
8
17
2
1
2
1
10
4
5
8
1
1
3
8
4
29
1
0
1
2
9
4
27
14
2
25
37
3
1
5
10
6
1
3
20
16
14
5
2
2
10
2
0
5
3
69
54
3
2
5
1
117
3
9
3
2
2
8
8
2
15
5
13
12
4
3
3
2
4
2
3
8
54
6
2
7
5
11
3
0
5
5
38
2
5
0
8
9
6
5
18
7
5
0
3
0
12
85
27
1
0
3
18
0
2
19
1
26
22
4
29
30
54
42
40
4
7
14
10
10
20
15
11
7
2
1
1
50
10
3
13
2
2
2
8
5
3
2
5
88
13
3
24
1
21
15
3
10
11
2
11
1
2
3
1
17
74
17
1
8
8
3
0
1
0
5
3
9
6
5
0
5
10
3
12
3
5
0
12
4
10
1
0
1
1
2
6
10
1
0
0
6
16
2
4
5
2
29
11
8
0
6
3
4
6
21
12
0
1
1
5
5
0
2
3
1
9
3
12
8
1
7
24
5
137
2
4
3
3
5
2
3
1
1
1
8
3
5
25
2
2
7
7
5
2
4
338
0
2
2
11
1
6
1
26
1
7
4
2
5
4
4
8
2
11
3
25
0
2
10
22
0
2
3
28
10
4
12
0
5
7
1
78
6
3
2
7
9
10
8
2
2
2
4
4
3
6
2
3
3
11
4
58
15
8
3
0
0
37
1
4
9
2
10
3
18
8
5
4
3
6
6
1
6
6
1
4
10
554
69
5
2
3
11
6
10
13
5
3
6
9
9
2
97
7
2
10
1
10
0
4
8
5
21
3
7
6
1
10
3
24
2
1
4
11
1
24
1
5
1
4
1
1
28
12
2
4
15
1
12
23
2
1
4
2
5
2
13
4
23
46
6
8
1
2
7
3
91
1
3
5
8
6
3
12
4
5
0
7
7
5
0
3
22
1
5
3
13
0
1
7
2
8
22
8
8
9
29
37
3
4
7
4
4
1
6
4
14
2
3
3
3
21
20
4
2
5
2
4
0
21
1
3
1
0
5
4
2
19
16
5
14
7
1
12
5
12
15
3
0
2
12
2
3
1
1
3
6
3
37
12
9
1
6
2
2
8
12
12
1
1
3
13
4
35
3
16
2
4
5
8
17
2
1
2
1
10
4
5
8
1
1
3
8
4
29
1
0
1
2
9
4
27
14
2
25
37
3
1
5
10
6
1
3
20
16
14
5
2
2
10
2
0
5
3
69
54
3
2
5
1
117
3
9
3
2
2
8
8
2
15
5
13
12
4
3
3
2
4
2
3
8
54
6
2
7
5
11
3
0
5
5
38
2
5
0
8
9
6
5
18
7
5
0
3
0
12
85
27
1
0
3
18
0
2
19
1
26
22
4
29
30
54
42
40
4
7
14
10
10
20
15
11
7
2
1
1
50
10
3
13
2
2
2
8
5
3
2
5
88
13
3
24
1
21
15
3
10
11
2
11
1
2
3
1
17
74
17
1
8
8
3
0
1
0
5
3
9
6
5
0
5
10
3
12
3
5
0
12
4
10
1
0
1
1
2
6
10
1
0
0
6
16
2
4
5
2
29
11
8
0
6
3
4
6
21
12
0
1
1
5
5
0
2
3
1
9
3
12
8
1
7
24
5
137
2
4
3
3
5
2
3
1
1
1
8
3
5
25
2
2
7
7
5
2
4
338
0
2
2
11
1
6
1
26
1
7
4
2
5
4
4
8
2
11
3
25
0
2
10
22
0
2
3
28
10
4
12
0
5
7
1
78
6
3
2
7
9
10
8
2
2
2
4
4
3
6
2
3
3
11
4
58
15
8
3
0
0
37
1
4
9
2
10
3
18
8
5
4
3
6
6
1
6
6
1
4
10
554
69
5
2
3
11
6
10
13
5
3
1
3
3
6
2
2
69
2
18
0
4
6
11
1
21
5
2
97
2
1
6
9
2
7
11
0
5
3
7
7
30
11
14
2
5
63
0
8
6
59
2
8
2
12
7
8
3
10
21
2
4
4
4
0
12
2
8
5
2
2
21
14
3
0
13
2
9
1
4
31
14
3
3
3
1
29
3
1
9
3
0
7
3
27
28
5
2
6
3
2
4
1
3
5
4
4
6
2
4
3
1
3
4
1
6
2
4
3
5
0
9
6
2
2
3
7
9
5
6
1
6
5
2
8
1
6
38
5
11
2
4
3
20
4
3
4
2
10
5
0
15
1
0
104
4
7
6
6
31
3
4
4
5
16
8
3
0
25
11
7
10
2
12
8
6
4
34
1
4
5
1
12
2
6
317
1
4
3
10
69
6
4
4
1
4
11
2
2
11
12
7
2
5
97
9
5
2
3
10
3
1
9
2
7
3
2
29
7
3
335
0
15
2
3
3
2
7
1
4
18
6
3
2
17
26
26
126
7
7
3
5
9
7
11
5
3
4
12
9
4
24
14
1
3
43
5
5
3
3
1
9
4
6
4
3
1
0
6
11
7
4
0
9
2
18
4
3
1
2
6
13
4
6
15
4
1
2
2
5
0
6
2
0
12
14
8
3
6
1
3
5
9
6
1
5
1
2
3
33
15
8
6
4
2
5
3
2
8
3
2
3
1
16
2
8
0
7
141
4
2
12
194
0
4
4
12
1
0
1
8
3
0
4
2
2
5
4
1
0
0
9
5
2
7
2
5
2
3
11
6
16
37
6
2
13
3
12
0
0
6
0
5
1
6
2
3
10
12
5
2
0
2
2
6
123
1
3
2
16
4
10
10
68
3
3
8
3
26
3
16
4
1
2
3
5
7
0
4
3
8
1
3
8
1
17
1
48
15
5
0
5
3
4
5
1
4
4
3
1
15
5
1
4
7
0
38
5
4
12
5
13
3
19
4
7
15
8
4
4
26
4
2
1
3
40
5
6
2
10
7
3
7
2
1
3
3
1
1
7
1
895
5
2
4
1
9
4
1
12
14
3
1
6
1
1
3
2
18
3
76
4
3
13
7
2
5
1
0
13
6
4
0
3
3
3
0
2
8
25
42
0
5
10
7
3
0
21
5
2
3
2
5
1
8
1
3
5
1
2
4
33
12
9
0
8
1
94
15
24
15
3
2
4
6
46
1
3
1
0
0
21
1
2
5
4
6
42
45
9
15
12
8
0
0
6
140
9
9
10
1
2
4
0
13
1
7
9
22
5
10
5
4
2
2
9
1
4
1
4
4
10
4
5
41
4
0
6
5
28
8
2
12
3
18
7
6
3
5
4
9
6
4
12
6
3
27
1
60
5
11
2
7
2
3
1
13
1
3
7
8
5
3
9
1
5
23
0
13
4
4
4
8
134
9
1
0
3
2
3
0
11
1
4
1
5
3
14
7
10
1
5
8
4
17
365
29
2
3
2
17
24
3
6
2
12
8
7
1
4
4
2
6
18
182
4
0
45
5
1
3
4
11
4
11
22
16
20
2
9
6
4
14
102
1
40
25
1
5
0
8
3
5
2
0
6
2
6
3
1
6
3
15
1
1
6
3
1
4
2
12
3
5
8
5
21
2
0
2
2
11
17
3
3
6
1
8
36
4
7
6
6
9
22
8
0
1
3
4
1
5
11
2
3
6
3
19
1
8
0
9
2
0
2
21
13
4
0
13
1
0
18
3
4
15
9
1
12
11
2
0
82
0
13
3
1
2
3
1
4
0
2
8
23
10
3
12
5
11
2
3
10
1
6
1
4
6
2
5
14
1
16
3
7
0
42
15
6
4
17
6
1
5
7
18
24
36
13
59
16
1
26
4
2
4
7
9
8
6
14
0
2
5
15
11
9
8
3
4
17
6
8
3
11
11
1
4
11
87
9
2
1
1
0
3
10
270
0
12
5
40
2
8
1
8
1
5
2
3
7
3
2
65
11
4
0
1
2
13
1
27
1
13
1
1
2148
6
7
7
1
1
1
3
8
0
4
1
1
10
53
1
1
4
1
6
8
5
3
0
9
14
13
1
30
5
3
13
4
9
13
67
5
15
1
8
2
5
2
26
3
0
3
3
0
0
2
2
3
1
4
38
1
1
8
5
25
13
4
14
19
3
11
8
1
3
1
8
9
6
4
11
0
5
15
5
5
3
3
0
6
2
2
333
2
12
5
9
0
6
6
2
1
5
64
2
8
0
4
11
0
19
3
7
206
1
12
0
3
8
1
2
4
2
9
70
4
3
5
0
2
3
3
3
11
0
7
0
1
10
32
7
1
4
4
3
2
10
4
0
3
8
5
11
3
0
2
0
2
1
0
4
9
3
1
11
6
11
3
4
4
4
5
16
12
15
6
1
2
1
5
1
7
10
0
6
9
13
3
6
1
2
3
105
5
2
7
4
3
3
4
26
9
0
2
2
235
2
4
8
5
6
7
4
3
7
5
1
0
2
2
0
2
8
6
4
16
7
0
6
299
11
2
8
4
21
4
5
0
16
7
3
16
7
3
3
4
3
7
4
6
10
2
7
2
0
6
4
59
3
0
14
6
4
21
1
0
7
3
4
1
3
4
3
4
3
0
2
2
13
9
1
1
2
7
4
5
7
4
0
4
2
4
1
4
4
8
1
75
12
1
11
4
9
8
5
1
2
8
14
9
5
8
3
13
1
11
1
13
0
5
4
1
6
15
32
14
0
6
4
9
0
3
86
7
4
2
2
16
25
0
6
1
21
3
8
5
6
42
1
20
6
1
6
2
13
4
4
2
4
8
168
0
4
10
3
13
3
5
2
12
1
77
5
5
2
3
1
6
6
4
0
8
34
1
4
3
6
6
14
11
0
80
10
6
3
5
2
3
37
8
3
0
1
2
5
9
2
4
5
0
0
8
10
2
4
6
10
22
10
6
2
7
5
7
10
2
4
3
2
4
6
4
1
3
1
23
3
2
15
4
2
9
7
1
4
7
7
10
10
4
3
18
1
6
8
1
1
22
9
19
1
10
1
5
2
3
1
2
3
4
5
4
12
5
3
2
5
18
6
9
1
2
0
3
1
3
3
1
6
7
3
1
72
9
3
3
3
19
14
2
48
4
32
3
7
4
4
1
5
5
1
1
1
4
3
9
8
1
3
1
371
2
3
8
2
10
9
3
5
4
2
0
5
5
17
7
28
2
6
0
3
1
6
40
6
7
6
7
1
53
2
2
7
1
5
6
5
299
10
45
1
6
1
0
2
3
3
4
3
3
16
2
3
1
5
0
11
11
6
1
14
8
19
1
7
23
0
4
11
10
4
10
1
2
14
2
2
14
3
2
3
2
0
3
3
6
0
3
6
5
17
9
4
2
4
24
18
1
1
14
3
4
1
2
4
2
2
4
6
2
14
5
1
1
2
1
7
6
5
16
4
2
8
13
3
2
10
1
127
2
3
1
192
4
12
3
0
8
8
1
1
6
0
20
1
0
2
20
0
3
15
3
11
1
41
5
8
2
0
3
3
4
5
4
3
7
8
11
5
5
2
40
10
2
6
3
1
17
43
9
5
5
1
10
1
17
5
7
4
7
4
3
6
2
14
7
15
9
12
49
8
1
1
3
6
3
15
3
4
2
1
1
4
78
7
6
1
1
1
1
4
11
2
6
1
10
4
6
3
4
6
3
2
5
3
5
10
0
2
2
7
1
1
3
25
5
7
1
9
10
2
2
9
9
22
3
1
4
4
27
13
8
5
4
3
6
1
5
6
4
2
4
2
15
1
3
20
14
2
4
3
3
3
1
4
17
1
2
3
26
6
3
8
8
13
49
5
11
610
1
1
1
2
6
33
0
2
5
3
8
6
10
10
44
4
3
6
10
15
4
1
2
16
0
11
7
9
5
0
6
7
0
16
7
12
3
2
14
2
66
6
8
0
7
18
1
6
2
3
4
0
8
8
6
37
1
1
2
12
4
7
4
2
8
3
6
4
3
3
0
3
5
23
12
2
45
4
0
0
3
2
63
8
8
8
25
1
10
5
3
5
407
5
7
17
13
6
3
14
14
44
6
1
6
6
2
30
7
8
8
2
12
4
2
5
2
7
1
9
1
2
181
10
74
8
13
5
1
4
11
3
18
2
0
8
12
2
2
3
8
9
5
1
2
2
8
6
5
82
15
12
3
3
4
2
1
2
13
22
3
1
0
0
0
4
2
3
9
7
6
1
5
1
42
3
2
3
3
6
2
4
4
8
6
2
12
2
8
0
46
4
2
10
80
6
7
6
17
3
97
2
239
5
6
51
3
16
7
4
2
0
11
0
2
0
4
2
3
0
17
1
6
6
3
3
10
24
2
1
13
0
4
4
5
2
6
1
4
2
3
9
32
6
5
5
1
13
4
13
2
6
3
28
2
3
19
3
7
1
1
9
25
2
2
6
2
3
3
34
1
5
5
5
6
3
5
2
15
2
8
2
1
2
14
0
1
1
22
0
9
13
6
139
8
15
6
2
1
0
4
0
1
1
6
4
4
0
2
4
2
6
7
2
6
1
2
2
0
4
18
2
12
14
4
4
3
5
39
0
4
2
6
0
6
0
3
4
119
11
30
5
3
0
13
3
9
4
0
8
3
2
11
3
3
5
1
13
0
10
13
4
7
12
1
4
11
1
5
7
6
4
6
4
5
16
4
1
5
1
4
1
2
3
2
7
12
3
4
4
12
5
2
11
11
10
366
3
10
1
13
2
4
3
8
15
7
2
8
4
4
4
1
4
3
3
7
8
24
4
0
7
4
7
32
9
4
13
10
10
2
4
1
2
8
3
0
4
1
2
3
1
1
3
0
6
2
1
0
2
1
5
0
5
2
13
7
59
2
2
4
4
0
5
0
3
4
1
9
2
23
1
0
11
6
5
0
3
35
18
3
0
9
3
4
2
1
11
42
26
4
3
2
19
0
59
3
4
10
10
33
9
6
17
3
5
6
5
5
4
4
6
75
2
2
4
3
10
3
0
3
7
1
1
63
3
1
5
9
2
9
1
18
3
3
10
2
6
2
8
4
4
2
7
11
0
6
4
43
4
5
7
12
4
8
0
2
3
2
2
10
3
7
19
10
5
3
14
6
4
20
12
7
15
3
3
6
17
0
7
2
2
10
18
3
10
4
6
0
3
5
6
4
2
10
3
11
4
1
1
6
1
8
5
25
0
9
8
0
9
2
33
3
4
85
6
4
10
5
1
8
1
4
1
5
4
6
5
5
3
1
1
5
2
6
2
13
2
0
3
40
2
7
5
3
8
13
0
6
2
33
0
7
0
1
2
3
1
2
4
17
1
1
5
6
0
58
23
1
12
6
5
48
3
2
1
5
55
3
3
11
1
4
2
4
33
1
8
2
1
1
5
21
5
18
4
18
2
1
1
2
1
9
2
8
15
2
0
4
2
117
3
13
13
5
32
14
5
3
5
937
2
41
1
2
1
3
20
7
6
5
3
1
38
4
24
1
2
5
23
3
0
0
2
4
4
2
4
8
1
2
2
4
8
1
19
62
4
5
5
4
20
8
0
7
0
6
19
3
12
4
6
55
6
5
5
2
9
0
7
0
7
7
4
2
3
12
11
2
1
6
8
5
4
4
3
1
33
2
4
9
4
4
2
23
1
1
1
32
5
6
3
6
1
1
2
1
8
12
6
0
3
26
2
4
4
6
5
1
6
8
0
4
3
1
2
0
5
10
3
3
3
10
4
6
8
12
12
55
44
0
3
5
4
1
3
5
5
3
11
1
1
2
0
3
26
5
0
10
10
1
12
8
5
5
2
5
3
5
6
0
6
7
0
8
24
5
13
4
0
14
7
4
3
10
7
9
2
3
1
4
4
1
6
1
4
7
3
9
0
17
12
2
11
4
25
4
1
4
3
0
2
15
2
11
4
9
2
7
2
28
0
4
16
10
14
67
18
4
4
22
5
4
11
230
3
9
3
29
5
12
1
10
6
0
9
31
8
0
8
14
1
32
1
7
2
4
19
28
5
5
1
39
2
7
1
19
17
5
1
3
12
0
1
1
12
7
5
0
2
2
10
5
8
2
8
2
2
4
6
1
1
3
12
9
12
7
1
0
1
53
3
4
1
1
3
13
18
8
2
1
4
10
5
29
5
3
6
1
4
1
0
1
7
6
6
4
11
4
8
7
2
13
10
12
0
5
22
12
0
11
7
9
12
0
0
1
6
18
9
1
4
1
8
8
0
1
2
3
2
21
2
0
15
5
3
0
13
3
23
9
4
4
6
2
4
6
8
0
6
10
0
8
24
5
9
6
9
0
5
13
1
12
1
0
4
4
4
4
13
2
64
9
7
4
9
5
15
1
2
8
3
2
5
5
3
4
10
24
13
1
4
1
0
6
4
1
1
6
4
1
7
2
0
16
0
3
9
6
4
1
1
1
0
8
3
3
1
3
5
1
4
7
1
2
60
3
6
24
72
0
4
47
6
1
5
3
2
2
19
36
2
12
63
3
2
17
1
3
7
6
15
1
8
10
3
10
1
16
12
7
3
4
7
2
1
6
15
3
7
4
2
16
14
4
76
16
1
4
11
7
7
498
2
1
5
1402
3
5
23
34
1
0
108
11
4
5
8
22
1
43
3
3
47
10
10
0
3
2
2
22
3
15
6
3
6
34
1
4
4
3
12
133
6
1
0
7
17
1
5
1
1
20
2
11
6
5
4
13
3
12
9
12
2
1
3
5
1
1
11
2
11
4
5
4
34
7
5
3
11
13
5
1
0
5
3
266
2
8
3
42
7
3
9
8
12
0
2
1
12
4
4
50
4
18
7
10
1
15
4
2
15
1
14
1
11
7
18
1
0
3
18
0
7
9
6
2
2
5
8
5
2
5
25
5
4
0
0
3
10
2
58
11
4
3
7
2
4
4
9
3
0
4
2
2
11
4
2
7
2
3
6
8
6
24
12
4
62
11
24
29
32
8
37
15
3
14
1
3
5
0
1
10
9
22
10
2
9
8
2
2
8
17
8
9
3
25
3
8
7
6
57
18
2
4
0
8
4
14
1
3
10
2
8
3
3
3
12
27
4
3
3
10
1
0
6
0
2
1
2
2
13
19
2
7
5
1
26
3
0
8
15
12
7
3
11
1
9
2
148
10
3
24
3
4
14
0
2
0
4
1
1
2
4
3
5
5
2
7
1
2
12
1
9
10
2
10
2
3
5
4
9
9
3
9
2
2
6
2
0
6
5
7
6
2
2
5
1
6
2
2
5
11
3
4
5
11
4
7
1
3
2
1
36
6
3
1
0
4
3
1
8
5
2
5
1
2
0
3
3
3
122
40
7
8
1
17
5
2
8
4
5
2
1
0
12
9
9
12
1
3
14
0
1
0
17
0
0
9
2
6
5
1
9
7
18
4
4
1
2
0
7
1
4
14
4
2
0
3
2
4
1
0
5
29
2
3
4
3
5
8
15
6
10
1
5
13
9
17
1
25
0
3
7
4
0
7
1
7
105
10
4
9
10
1
1
10
2
3
14
4
8
17
0
2
3
12
0
9
22
1
3
0
1
14
20
3
1
28
1
8
2
7
0
0
3
0
7
12
2
16
29
3
1
10
2
6
5
2
50
6
16
151
1
9
4
6
24
5
2
5
1
0
2
3
1
18
13
1
4
4
1
1
5
4
32
49
11
11
1
5
4
1
0
1
3
1
6
2
1
3
3
2
7
2
1
5
7
73
4
31
2
7
4
3
2
3
2
7
2
2
2
1
1
2
4
8
1
3
5
14
12
4
6
8
3
2
0
4
3
15
4
1
3
6
11
1
3
2
4
3
1
26
0
4
4
9
5
4
5
2
15
34
11
20
52
3
11
5
2
7
4
4
0
18
1
4
6
2
1
14
1
15
26
5
1
5
29
9
2
3
8
10
7
22
39
22
2
55
65
4
6
2
2
3
2
1
1
4
3
3
15
7
11
5
12
2
1
10
4
17
11
0
4
0
0
8
98
29
7
1
2
13
6
27
3
17
8
3
1
0
1
10
66
1
1
7
11
19
4
31
1107
1
56
7
34
2
8
25
0
0
1
292
3
5
192
27
1
8
1
3
3
0
12
1
5
5
7
14
5
24
12
1
2
7
6
2
3
5
5
1
3
89
4
8
52
12
8
380
14
28
5
2
5
14
1
9
5
4
6
20
20
3
3
7
0
4
7
10
9
0
0
4
30
2
10
2
1
18
18
3
2
0
3
0
18
4
13
3
7
8
1
21
18
8
2
4
6
10
1
3
20
1
5
1
7
1
5
525
0
20
3
1
0
12
2
5
14
1
2
2
0
1
6
11
4
18
3
7
34
5
5
35
3
6
103
10
1
14
4
6
1
44
1
5
28
0
13
8
3
7
2
8
8
10
18
2
4
4
14
12
1
6
23
1
14
5
34
5
11
2
1
1
3
11
9
8
0
28
0
13
12
1
8
7
7
3
3
8
1
8
1
6
2
10
4
2
7
2
4
42
6
10
18
1
8
4
6
2
103
11
10
1
1
3
4
3
5
3
0
15
8
11
3
6
2
7
14
22
2
3
41
6
6
5
2
2
2
12
16
15
3
2
6
2
3
3
0
10
7
14
7
535
1
3
3
71
1
14
22
5
2
17
3
5
0
3
7
7
14
3
4
7
0
2
1
0
7
1
4
1
7
5
3
2
0
3
7
1
7
0
8
1
6
2
2
0
0
2
7
4
4
3
5
11
2
2
5
115
3
2
7
8
12
8
85
3
5
2
2
0
3
4
5
87
19
272
57
1
10
1
6
2
2
4
5
11
1
1
3
2
45
5
1
2
1
4
0
2
2
0
2
7
7
98
4
440
1
6
0
5
7
0
9
7
20
2
6
1
11
2
9
6
7
1
2
10
33
3
9
1
2
3
7
1
71
23
7
0
5
18
4
3
14
0
20
6
33
1
5
3
20
23
6
2
1
7
3
1
7
2
7
0
5
5
0
1
4
6
12
0
14
2
5
1
14
5
11
5
6
2
1
4
18
7
2
13
4
5
5
107
3
2
3
5
30
34
10
2
2
1
3
4
4
6
4
11
4
5
3
3
10
1
8
5
8
31
16
18
2
3
8
9
3
9
6
0
0
16
1
9
8
18
14
4
0
205
9
20
22
15
7
7
30
5
16
1
5
6
2
26
19
4
2
5
0
4
0
2
1
12
1
3
1
3
5
2
1
3
6
3
2
10
5
10
3
1
2
1
0
5
73
10
4
2
7
2
9
11
5
1
3
2
5
2
4
20
1
0
5
5
5
0
129
6
4
10
8
16
2
36
11
4
6
1
2
4
5
6
2
2
0
0
8
6
2
3
4
2
11
3
4
1
3
11
9
2
6
3
4
29
3
2
2
6
3
3
3
16
2
2
3
1
7
7
5
7
11
31
3
7
2
2
10
0
0
3
3
2
3
3
2
4
2
2
2
15
5
1
5
12
18
3
2
5
15
7
12
1517
3
1
4
3
0
3
27
1
0
10
1
2
10
1
15
1
8
6
3
6
1
7
2
3
6
5
1
8
3
2
3
4
6
21
2
10
16
2
3
10
2
2
1
64
6
4
39
4
5
4
1
6
1
4
1
3
3
1
3
19
1
5
5
1
19
9
2
4
1
3
26
4
8
1
3
3
1
2
5
4
5
4
3
1
12
2
6
3
2
6
4
2
3
1
2
10
6
5
3
4
10
1
9
5
6
0
2
23
3
157
15
5
11
6
7
1
22
6
4
5
2
10
7
1
4
2
3
12
6
4
9
1
7
4
6
10
10
1
3
3
18
5
5
3
11
7
0
15
38
0
11
14
3
18
9
32
4
5
8
5
7
9
5
5
4
9
4
2
4
26
7
13
1
2
3
22
2
3
4
3
4
9
8
3
7
15
0
19
1
20
2
7
3
4
3
3
1
2
5
77
1
3
13
30
54
5
5
9
2
1
10
0
1
4
3
3
4
13
1
3
3
2
0
3
9
4
7
59
8
7
1
2
16
29
0
4
14
2
7
4
1
41
15
2
3
2
2
5
1
8
5
17
0
11
2
11
12
3
6
0
10
13
2
4
4
11
4
8
2
2
4
1
5
5
3
3
7
1
3
6
4
0
1
9
14
6
5
7
11
4
3
5
5
5
4
7
9
6
5
10
22
6
4
3
1
27
2
0
1
9
9
6
2
3
3
2
4
2
0
3
3
7
0
0
4
5
2
5
4
2
9
8
3
123
3
2
10
3
18
2
8
6
3
1
0
8
7
3
8
47
3
1
11
19
19
1
42
4
1
9
1
1
5
4
10
3
19
1
0
7
12
2
5
21
11
0
0
0
3
1
8
5
5
144
7
2
15
4
10
1
6
2
5
8
0
2
0
2
10
3
8
13
2
20
7
11
0
12
9
2
1
1
5
0
6
3
2
4
1
1
5
3
52
4
5
2
4
1
3
3
34
5493
1
30
0
1
6
3
8
4
12
2
9
0
38
7
3
1
5
2
3
5
6
2
13
2
3
5
0
3
0
4
7
3
5
2
5
6
3
7
6
0
3
7
2
59
3
4
2
0
4
5
30
9
6
0
0
0
9
4
50
0
4
5
12
4
9886
2
4
8
23
20
20
1
3
4
6
2
4
7
5
6
1
5
0
63
3
4
4
1
2
6
3
26
4
4
5
128
7
3
17
10
1
2
1
1
2
0
0
2
11
27
3
1
1
3
3
3
9
5
8
18
2
6
2
3
10
1
116
6
3
3
12
16
1
41
2
6
0
4
4
4
51
11
2
32
9
8
1
3
3
6
18
6
3
5
1
53
16
2
3
17
3
3
2
4
3
0
4
10
0
3
0
9
13
1
1
88
1
5
12
36
29
11
2
7
1
10
1
2
13
12
4
5
3
0
11
3
12
1
5
3
6
2
4
1
6
3
6
1
5
4
2
5
1
3
22
4
3
9
10
25
2
2
5
0
1
3
3
32
6
16
4
14
2
2
15
4
2
3
10
0
6
4
5
7
11
12
13
0
10
5
15
9
19
9
2
7
2
3
11
0
3
1
17
3
5
1
3
0
2
9
2
2
10
3
0
3
9
1
0
0
4
25
3
0
0
9
24
18
6
3
1
4
9
1
12
6
1
22
0
5
8
1
52
40
1
8
21
6
10
2
2
10
0
3
1
9
3
17
1
2
6
0
2
1
7
4
24
5
4
0
3
7
8
1
12
2
0
8
5
19
2
57
11
4
10
11
2
9
4
1
14
17
10
1
7
0
9
1
2
3
29
7
6
6
3
2
2
6
7
6
2
4
3
5
14
9
8
1
5
4
3
3
1
4
4
12
2
1
11
9
1
19
0
1
7
5
3
3
9
5
3
2
0
10
1
1
0
11
13
3
0
1
9
8
6
181
2
6
3
9
36
17
8
9
5
0
5
4
0
3
1
1
7
3
5
1
1
5
192
1
33
9
4
4
1
2
2
10
11
3
1
4
8
6
24
2
0
528
2
12
5
4
0
14
3
2
5
2
12
5
7
17
11
2
1
3
0
5
2
6
8
0
2
5
22
15
4
4
2
11
7
162
6
9
1
7
0
2
12
18
4
7
4
2
3
2
4
3
7
3
11
5
8
20
36
24
1
4
17
7
5
10
0
1
9
13
7
2
9
4
0
83
3
27
1
2
8
62
8
2
3
5
14
5
29
8
34
1
4
8
2
7
10
9
2
3
9
4
12
5
2
5
24
18
2
18
1
3
2
11
7
16
6
12
4
2
26
4
3
7
5
3
0
23
5
5
12
2
2
0
2
17
9
10
5
3
1
186
14
3
7
35
1
13
7
3
2
2
5
7
1
1
6
2
2
4
1
2
8
3
0
1
5
5
0
3
1
5
11
7
1
2
2
29
5
4
2
10
8
4
8
1
0
4
0
1
12
6
15
3
1
208
2
19
14
2
25
4
0
1
4
12
24
11
5
1
7
6
1
17
5
6
4
2
0
22
2
9
5
7
4
2
14
3
18
7
5
13
10
11
1
3
2
1
1
2
5
1
5
1
21
8
9
17
5
0
18
1
5
9
10
10
3
20
11
24
3
4
1
2
5
2
29
3
3
14
1
1
8
8
1
2
2
21
4
0
1
5
8
4
25
11
13
0
2
15
2
8
8
0
15
4
9
10
9
2
35
14
1
4
25
7
1
1
8
4
3
1
0
7
0
1
2
8
52
4
5
4
0
2
7
4
0
17
0
1
0
20
6
7
9
16
8
6
339
5
7
5
21
33
2
3
61
10
8
1
10
5
11
3
11
7
3
6
7
9
36
1
2
8
6
2
1
2
3
517
5
2
1
3
4
2
2
4
10
4
4
7
2
4
9
2
2
1
2
8
1
24
5
2
8
3
23
3
5
2
6
2
17
3
1
2
5
6
4
13
2
8
4
34
1
5
4
1
4
6
2
3
0
9
8
3
16
3
2
2
4
1
5
15
6
4
2
3
4
1
3
7
1
30
30
1
13
3
6
4
0
12
5
6
4
7
8
4
12
15
33
0
0
23
5
1
9
1
2
4
10
2
22
3
4
15
2
4
51
1
16
2
10
1
10
4
1
3
1
13
20
4
6
10
13
2
4
5
6
14
3
1
3
8
12
1
5
3
1
6
6
0
2
5
11
0
9
4
14
7
4
8
6
2
3
10
2
13
63
8
2
1
2
3
10
2
7
205
5
5
5
3
3
3
0
21
1
0
216
3
2
5
5
5
1
19
36
3
15
8
9
95
12
22
3
10
1
1
31
0
6
70
5
3
6
5
16
2
3
0
35
3
2
6
2
4
4
3
21
0
6
2
7
0
1
12
6
5
4
7
0
2
21
14
4
2
5
7
7
19
6
2
2
3
2
0
5
14
26
29
4
0
1
7
1
3
7
3
2
25
1
2
2
16
5
9
16
2
2
1
18
1
6
8
2
0
5
5
4
8
1
5
4
1
1
0
11
2
28
6
1
13
29
4
2
3
4
8
11
2
19
9
0
26
16
16
3
5
1
11
8
3
8
1
12
3
12
3
3
5
1
7
37
44
3
22
9
3
1
4
0
9
7
1
3
3
4
1
7
2
1
3
4
1
16
5
14
2
4
2
4
7
71
5
1
19
9
8
45
2
3
1
6
2
3
2
6
1
33
42
3
10
1
10
8
7
0
1
29
3
5
2
7
2
4
11
0
1
2
4
1
4
6
4
10
0
0
15
12
0
7
3
10
4
17
13
43
3
11
3
7
33
8
2
5
1
12
44
3
2
0
3
5
6
4
5
2
0
5
3
8
2
5
151
3
14
0
3
18
8
3
3
3
1
0
10
4
6
5
6
6
13
3
3
5
3
5
5
4
2
5
9
7
5
5
8
6
65
0
3
3
7
7
0
7
4
4
0
1
7
6
6
4
4
4
15
13
5
9
1
1
4
10
2
2
9
2
2
13
7
3
3
2
2
1
41
5
3
2
3
9
9
6
140
1
1
9
4
110
16
10
3
7
2
15
4
23
1
5
19
3
13
126
8
4
5
6
2
5
6
3
1
3
7
4
1
4
8
5
12
1
14
16
23
5
2
75
12
7
8
12
7
6
0
1
51
1
11
0
5
4
12
3
15
103
3
4
3
1
3
41
2
1
5
3
10
3
5
27
3
2
7
1
28
2
26
20
2
2
3
6
5
2
5
3
20
14
4
0
7
5
8
6
14
14
14
2
1
1
4
1
1
2
0
4
50
22
0
33
11
21
3
3
2533
6
0
40
27
10
16
1
9
7
2
24
3
12
2
7
7
10
4
4
8
3
8
17
3
1
0
3
9
3
5
6
7
4
5
8
1
0
16
16
5
31
7
3
5
7
2
0
13
4
2
3
2
0
3
441
1
4
4
2
11
8
3
18
8
23
18
9
12
7
3
34
16
7
3
2
0
0
247
8
5
4
5
7
5
3
3
11
8
4
2
4
11
1
2
4
3
11
34
5
9
7
10
7
299
13
10
3
6
3
3
6
4
10
103
9
6
2
3
1
11
2
4
1
18
1
60
1
19
11
0
9
7
4
2
0
2
5
17
2
0
1
1
16
1
3
5
20
5
22
1
8
31
1
1
5
8
11
12
14
3
3
19
2
1
3
5
5
2
21
1
8
1
1
12
69
20
7
10
3
5
2
4
3
7
4
3
2
4
0
7
4
4
3
4
3
14
1
1
8
0
4
19
7
3
8
11
6
0
2
12
23
2
28
3
8
5
6
12
0
1
8
7
9
3
6
1
4
2
2
0
28
6
2
5
15
6
1
4
3
21
5
17
4
12
2
3
2
12
34
4
1
6
42
2
7
1
4
1
5
2
159
0
7
2
11
5
43
4
4
7
10
1
5
0
6
2
2
8
17
5
1
3
3
22
16
2
0
2
4
11
3
2
1
51
1
1
28
1
1
21
2
2
6
11
2
2
3
5
55
24
1
8
4
8
5
2
3
6
2
5
4
2
7
3
3
9
6
7
21
2
2
0
1
2
2
8
42
1
3
11
24
3
2
11
3
1
2
6
2
1
1
0
6
0
2
1
4
3
19
2
6
7
84
0
4
0
3
1
7
4
9
10
4
3
11
4
17
8
3
2
10
18
15
1
1
7
7
7
4
2
0
5
55
0
3
1
87
0
24
5
3
9
281
1
27
2
13
41
2
5
2
18
5
5
5
4
3
1
3
13
2
1
12
1
3
8
12
9
17
3
12
6
2
21
15
10
5
0
2
2
2
4
3
4
31
5
3
5
1
12
3
9
4
6
5
12
57
1
13
3
34
0
2
2
5
2
4
2
10
5
3
5
4
2
8
2
43
3
9
4
0
4
12
3
11
3
5
2
8
2
8
2
2
10
15
11
10
29
7
1
2
3
6
8
0
1
10
4
2
11
10
6
7
7
8
4
2
5
1
2
5
2
2
5
3
1
1
39
2
8
5
6
7
0
17
1
1
2
1
0
4
1
1
1
1
5
4
3
10
1
8
3
2
13
14
5
3
15
5
5
4
8
6
0
7
1
4
0
5
11
10
0
6
4
22
2
0
14
2
105
4
1
5
0
9
3
2
5
2
1
5
6
3
3
11
2
3
4
3
1
2
3
8
2
3
13
2
3
2
7
0
3
5
2
2
16
1
11
26
2
0
7
8
10
1
13
0
5
6
4
5
14
13
6
3
9
2
8
2
10
2
3
1
2
41
4
55
2
7
2
4
5
1
2
3
3
7
0
7
1
1
3
7
6
18
3
3
2
5
1
2
0
2
4
9
3
4
0
4
4
2
30
5
4
91
26
4
9
4
3
7
7
21
6
5
2
1
20
5
2
12
1
0
4
1
12
7
6
2
11
4
16
0
6
5
0
4
6
1
7
7
42
2
1
8
23
10
6
21
1
2
2
2
6
2
2
3
3
1
2
1
8
2
0
45
0
8
5
49
2
4
8
37
0
5
16
9
10
13
5
4
3
4
6
4
5
19
2
8
11
18
51
5
19
8
0
8
8
2
4
1
13
2
7
27
4
17
1
9
735
0
9
7
2
0
3
1
6
4
7
3
11
4
9
5
15
2
2
0
2
4
17
15
12
10
1
8
2
2
1
10
11
16
38
3
1
14
1
5
4
1
6
5
5
2
5
5
4
1
69
2
6
6
1
4
28
7
30
1
1
5
6
3
3
0
2
1
1
2
2
11
5
14
0
4
3
3
1
4
1
4
1
4
3
3
34
5
12
3
7
18
1
1
4
9
2
1
2
30
0
4
3
4
14
0
3
3
125
5
6
1
6
8
1
1
588
12
2
12
7
6
3
12
1
13
6
62
2
13
11
0
4
1
1
1
3
12
5
84
2
2
3
7
4
5
2
161
2
16
22
2
3
2
6
16
4
5
2
3
0
3
6
1
2
34
4
2
6
10
3
6
2
2
6
14
3
9
6
4
7
98
1
4
4
3
8
5
4
7
25
11
3
9
1
1
12
3
12
4
2
6
2
23
7
9
162
1
2
1
11
3
9
1
0
2
3
19
11
10
3
7
2
44
26
9
6
3
13
1
0
1
16
9
2
19
1
1
2
9
7
1
42
3
3
17
1
17
3
10
2
4
3
3
7
1
4
2
9
14
4
1
1
12
9
6
4
1
16
7
6
5
0
94
12
16
10
7
0
5
940
2
7
4
6
38
7
6
0
4
8
9
6
8
2
3
13
4
2
13
0
7
3
3
0
7
12
1
19
6
2
3
4
17
8
11
1
14
65
34
2
0
7
6
3
10
5
2
6
8
6
1
0
2
6
5
5
2
5
1
9
3
5
7
20
13
0
4
4
13
8
6
7
2
6
2
0
1
3
20
8
13
5
12
81
3
2
1
1
9
1
5
10
7
13
4
3
13
26
2
5
2
0
1
2
19
7
8
4
14
6
0
4
10
3
2
14
8
3
5
9
14
4
11
0
15
1
7
35
5
5
31
4
25
2
4
3
1
3
2
11
8
3
0
1
1
9
2
3
47
6
29
56
9
2
7
2
5
15
1
4
6
2
9
4
5
17
3
17
32
1
4
7
2
7
9
5
1
0
6
3
8
5
7
4
1
9
9
8
9
4
5
17
10
15
0
12
4
0
73
8
0
1
2
4
1
3
302
110
7
10
0
3
2
13
8
2
21
7
8
3
2
6
9
9
2
97
7
2
10
1
10
0
4
8
5
21
3
7
6
1
10
3
24
2
1
4
11
1
24
1
5
1
4
1
1
28
12
2
4
15
1
12
23
2
1
4
2
5
2
13
4
23
46
6
8
1
2
7
3
91
1
3
5
8
6
3
12
4
5
0
7
7
5
0
3
22
1
5
3
13
0
1
7
2
8
22
8
8
9
29
37
3
4
7
4
4
1
6
4
14
2
0
2
15
2
0
4
31
11
6
0
4
20
15
2
2
6
3
7
33
6
1
1
3
11
5
14
4
3
5
1
2
5
1
11
2
22
0
20
2
17
0
34
11
2
2
4
2
5
42
1
2
16
5
7
0
7
6
3
7
9
3
1
2
7
3
33
12
6
0
14
31
4
2
17
5
7
68
153
0
15
8
3
1
20
1
14
9
2
1
0
2
3
3
2
5
9
258
1
3
3
6
35
47
4
3
8
5
34
2
6
5
0
3
1
0
4
2
16
27
0
684
8
3
3
5
5
26
3
9
2
5
5
2
5
2
1
0
9
27
3
5
7
4
2
2
5
58
6
332
10
23
7
2
0
0
12
212
1
7
1
1
20
6
1
10
1
1
3
7
21
4
13
8
31
6
2
1
2
1
2
8
0
5
5
13
0
1
6
12
3
8
6
9
1
13
1
8
9
1
8
11
9
2
11
7
9
9
3
5
6
5
5
7
4
38
7
10
1
3
3
8
4
29
2
3
2
2
12
1
3
8
6
7
5
20
2
3
3
5
3
2
5
7
11
24
1
2
8
8
2
1
8
2
3
2
152
5
2
10
3
11
2
1
1
77
2
8
7
22
4
13
4
7
8
7
1
8
4
7
3
3
15
2
3
19
14
15
15
5
6
1
3
1
12
2
49
4
1
4
3
