1
4
5
1
12
0
1
1
4
4
1
5
0
0
20
1
0
0
1
6
6
12
1
1
2
6
2
9
5
4
3
6
36
372
2
20
2
2
9
14
5
5
9
5
135
5
31
0
36
1
4
0
3
6
5
3
37
1
2
5
0
3
2
28
35
0
4
7
6
3
18
4
1
24
8
3
3
0
3
1
0
5
1
4
0
2
3
1
3
10
7
32
13
19
1
0
8
3
0
39
12
11
0
1
4
1
10
1
3
2
3
43
20
11
44
12
7
17
27
8
4
2
1
11
1
11
0
2
1
4
25
19
20
30
4
1
2
3
1
7
6
5
10
1
2
26
3
0
2
11
3
0
15
1
79
3
1
57
9
3
7
1
3
1
1
2
16
6
8
0
14
7
0
4
0
4
3
1
12
2
5
3
0
4
21
1
8
2
8
4
3
9
13
3
2
1
10
1
2
1266
1
1
13
1
2
8
4
1
10
3
14
4
1
7
11
8
1
1
3
0
1
23
9
45
3
3
40
3
2
13
3
5
10
4
4
9
2
7
1
6
2
17
1
1
10
11
2
2
2
0
0
0
29
1
2
17
2
13
69
1
4
2
4
6
2
5
2
2
1
6
45
1
0
2
6
3
2
2
0
5
8
3
11
1
1
8
9
3
28
7
95
2
1
1
2
4
1
3
3
5
7
4
1
1
1
3
10
2
2
5
1
24
2
3
3
8
1
1
3
0
0
13
2
6
1
0
23
39
2
18
1
2
5
17
1
2
5
4
5
18
4
8
7
20
0
0
0
2
6
1
5
43
1
2
46
0
8
1
22
4
0
100
3
0
28
21
3
0
8
2
4
13
0
1
3
1
10
4
0
2
0
6
0
7
2
3
2
6
3
39
4
3
0
3
0
0
4
0
5
11
0
32
6
6
14
0
2
1
2
0
15
2
1
0
7
2
4
68
2
2
0
3
0
15
2
14
1
2
143
2
0
1
3
8
4
43
16
3
2
31
5
6
1
21
0
2
7
74
15
13
1
12
1
12
7
0
8
0
123
0
1
6
4
0
64
14
3
1
0
9
32
2
73
1
1
0
18
0
1
0
359
1
249
0
12
0
1
4
4
1
5
4
1
11
3
3
4
2
14
2
1
4
5
1
12
0
1
1
4
4
1
5
0
0
20
1
0
0
1
6
6
12
1
1
2
6
2
9
5
4
3
6
36
372
2
20
2
2
9
14
5
5
9
5
135
5
31
0
36
1
4
0
3
6
5
3
37
1
2
5
0
3
2
28
35
0
4
7
6
3
18
4
1
24
8
3
3
0
3
1
0
5
1
4
0
2
3
1
3
10
7
32
13
19
1
0
8
3
0
39
12
11
0
1
4
1
10
1
3
2
3
43
20
11
44
12
7
17
27
8
4
2
1
11
1
11
0
2
1
4
25
19
20
30
4
1
2
3
1
7
6
5
10
1
2
26
3
0
2
11
3
0
15
1
79
3
1
57
9
3
7
1
3
1
1
2
16
6
8
0
14
7
0
4
0
4
3
1
12
2
5
3
0
4
21
1
8
2
8
4
3
9
13
3
2
1
10
1
2
1266
1
1
13
1
2
8
4
1
10
3
14
4
1
7
11
8
1
1
3
0
1
23
9
45
3
3
40
3
2
13
3
5
10
4
4
9
2
7
1
6
2
17
1
1
10
11
2
2
2
0
0
0
29
1
2
17
2
13
69
1
4
2
4
6
2
5
2
2
1
6
45
1
0
2
6
3
2
2
0
5
8
3
11
1
1
8
9
3
28
7
95
2
1
1
2
4
1
3
3
5
7
4
1
1
1
3
10
2
2
5
1
24
2
3
3
8
1
1
3
0
0
13
2
6
1
0
23
39
2
18
1
2
5
17
1
2
5
4
5
18
4
8
7
20
0
0
0
2
6
1
5
43
1
2
46
0
8
1
22
4
0
100
3
0
28
21
3
0
8
2
4
13
0
1
3
1
10
4
0
2
0
6
0
7
2
3
2
6
3
39
4
3
0
3
0
0
4
0
5
11
0
32
6
6
14
0
2
1
2
0
15
2
1
0
7
2
4
68
2
2
0
3
0
15
2
14
1
2
143
2
0
1
3
8
4
43
16
3
2
31
5
6
1
21
0
2
7
74
15
13
1
12
1
12
7
0
8
0
123
0
1
6
4
0
64
14
3
1
0
9
32
2
73
1
1
0
18
0
1
0
359
1
249
0
12
0
1
4
4
1
5
4
1
11
3
3
4
2
14
2
0
0
1
0
41
5
6
4
32
0
5
1
27
5
2
3
4
5
2
0
17
1
1
45
2
16
61
67
7
3
3
6
0
11
5
7
1
1
1
1
2
4
4
3
7
9
25
2
7
5
2
2
0
7
3
2
6
5
0
0
0
5
2
5
2
0
20
2
12
23
9
14
2
0
3
13
2
7
2
8
1
1
7
5
6
5
29
6
12
16
0
20
3
6
2
3
5
1
1
17
2
4
3
3
0
4
14
11
69
0
3
0
1
1
1
3
10
0
2
1
184
6
7
9
5
0
1
30
3
3
2
11
1
1
2
0
0
61
16
10
0
3
9
0
8
0
4
0
5
0
12
4
6
2
11
1
3
7
11
0
5
5
3
11
0
5
1
17
3
3
2
1
87
11
2
2
6
4
19
17
1
8
18
2
3
2
10
6
3
124
3
1
10
1
0
1
5
32
1
2
3
4
4
24
1
0
0
4
8
21
7
5
17
3
5
1
2
3
0
9
5
2
8
8
1
0
0
11
0
0
5
1
16
19
5
2
0
30
36
0
11
0
7
4
14
11
12
5
14
0
3
1
1
3
1
75
2
0
1
8
23
7
1
3
11
4
0
7
0
1
5
6
2
3
5
2
1
11
1
17
4
10
48
2
121
5
1
3
14
15
5
0
2
0
1
6
10
1
11
13
11
1
12
4
2
38
24
0
2
0
0
7
39
9
14
0
25
1
125
127
8
5
5
1
5
0
0
0
2
2
4
2
1
17
2
3
21
1
3
3
0
1
2
16
22
16
1
266
57
1
22
3
1
2
27
3
6
7
15
1
0
3
4
0
3
3
4
1
1
7
47
4
7
4
2
2
4
4
2
5
3
2
1
5
1
1
1
6
2
3
79
1
7
23
3
0
5
3
8
4
6
1
3
41
0
4
4
9
5
1
4
5
0
10
0
1
0
7
4
0
12
2
1
0
0
17
24
1
1
8
0
3
220
1
1
1
7
1
2
6
2
25
29
33
16
22
15
9
1
4
11
2
1
6
0
1
1
0
7
2
1
3
3
3
2
1
20
0
2
0
8
50
4
4
3
7
36
4
0
22
5
0
29
107
0
2
0
4
2
2
2
35
7
0
16
9
0
12
11
3
17
1
1
25
0
3
8
19
1
9
4
4
1
1
6
1
4
1
4
2
1
18
0
3
0
0
1
4
1
5
0
3
1
60
12
7
4
9
3
4
4
4
2
1
3
0
34
6
4
15
7
26
3
2
11
3
17
6
3
7
10
2
0
1
3
31
1
18
6
13
7
86
1
7267
3
3
2
0
1
2
46
0
1
3
4
3
4
4
9
3
2
7
4
7
1
6
21
0
0
1
10
5
2
2
5
0
2
2
2
16
4
5
10
1
6
157
753
4
1
1
10
27
18
4
1
1
8
3
8
2
5
24
5
3
2
0
6
7
94
7
4
9
4
0
0
0
0
1
14
3
2
23
2
6
2
0
8
1
2
3
3
8
66
9
1
1
6
1
3
3
5
1
1
2
8
2
10
9
3
1
12
3
2
7
23
9
3
2
9
11
1
1
0
7
3
1
0
6
132
1
7
58
14
3
3
24
2
0
1
1
9
6
48
60
2
1
0
2
20
7
5
22
5
3
3
1
1
6
0
6
53
17
4
9
1
0
2
1
2
7
2
5
1
4
8
2
0
0
12
0
5
1
1
87
1
3
0
1
7
2
4
0
3
16
40
1
2
35
16
2
0
1
724
3
10
1
5
1
1
0
1
2
5
2
36
2
8
2
1
57
3
1
94
4
0
2
29
20
4
4
1
2
2
1
1
3
0
7
0
2
1
7
4
1
9
0
16
8
0
0
7
7
3
21
1
3
5
6
3
9
2
0
0
4
6
34
6
0
12
5
25
4
2
1
1
17
4
5
1
9
5
0
1
1
1
13
12
4
6
4
0
0
0
2
8
6
3
14
2
6
2
9
10
2
1
3
7
0
3
11
0
5
3
3
1
0
6
1
3
0
5
9
1
2
7
10
5
7
1
22
18
25
2
4
1
0
0
0
2
5
0
9
9
742
18
17
4
10
0
5
4
3
0
0
3
3
1
2
55
4
3
0
4
0
1
217
1
0
0
16
6
2
1
3
12
0
8
2
3
1
24
12
28
2
1
8
4
2
4
1
1
1
0
4
12
0
0
1
11
3
4
9
2
2
1
2
6
1
4
1
1
0
0
0
9
4
1
3
7
2
3
1
41
5
3
0
0
6
0
2
2
1
2
0
83
8
2
19
16
3
1
5
8
10
77
50
1
4
5
3
5
35
0
25
15
0
1
35
2
8
24
4
1
2
4
1
2
3
74
12
2
1
7
0
9
6
3
2
19
5
5
1
5
2
12
20
0
2
3
2
6
9
0
1
6
8
3
5
8
3
3
2
4
1
4
0
0
1
0
4
0
1
0
11
0
9
16
5
12
17
9
0
3
20
10
6
3
4
0
1
3
3
13
2
4
0
4
1
1
8
8
3
0
0
0
65
2
1
4
8
24
1
6
28
5
4
3
3
45
0
4
8
2
11
4
0
1
0
0
4
111
2
756
3
5
2
0
4
6
12
7
5
5
5
4
1
5
7
3
1
0
0
0
8
17
26
2
18
4
3
2
3
2
6
4
17
3
22
1
10
2
10
42
7
4
2
10
47
1
0
2
3
2
1
1
1
4
0
6
0
13
1
0
0
3
1
0
2
5
1
14
3
2
6
0
1
0
3
0
19
2
5
6
9
1
1
3
0
19
2
5
18
1
3
10
0
4
14
1
2
7
1
8
0
2
1
4
12
1
0
5
10
65
2
0
24
2
0
7
2
4
5
4
6
7
1
2
2
2
33
58
2
1
5
4
3
3
15
8
20
0
0
19
3
3
6
1
2
8
4
1
3
0
8
2
2
13
6
0
1
0
6
2
179
20
2
3
330
0
5
1
5
3
2
20
0
72
13
5
27
0
0
1
0
3
1
3
0
46
2
1
1
2
16
2
1
2
1
5
33
2
11
0
3
3
2
0
9
3
7
7
0
80
0
2
1
1
9
3
2
6
8
2
3
1
52
9
0
3
11
3
17
1
0
2
0
0
3
79
1
28
0
3
69
1
3
14
2
0
2
1
5
0
1
1
1
0
5
20
0
6
2
83
1
0
0
6
4
17
0
9
33
3
5
29
4
2
10
5
31
2
24
101
27
15
0
1
0
8
0
28
16
2
4
0
3
1
2
4
4
7
5
9
4
1
1
23
11
4
1
8
2
1
0
2
2
2
0
4
7
1
0
0
2
3
7
4
0
1
0
4
0
5
2
2
3
8
3
5
5
22
4
2
3
0
4
0
7
10
0
2
0
0
171
2
2
0
20
6
1
45
2
1
6
3
7
3
8
1
10
12
2
6
5
2
1
6
2
1
2
0
0
1
1
7
5
1
1
7
5
3
2
8
9
3
20
2
1
1
5
15
2
2
5
0
1
1
2
1
1
6
0
0
1
33
3
0
0
1
164
12
36
1
13
4
4
3
0
1
1
5
1
1
6
10
5
8
0
22
6
2
2
8
2
14
0
0
1
4
2
0
36
4
2
6
3
3
2
55
18
3
0
4
1
4
4
3
9
70
14
0
5
0
1
4
2
5
5
4
3
5
0
4
1
1
2
37
7
0
1
6
18
5
16
3
1
1
10
0
4
6
9
6
4
12
0
13
0
0
0
1
0
19
1
27
2
4
43
0
13
0
4
4
28
6
5
1
5
3
6
2
6
2
1
47
1
2
3
3
1
4
6
6
8
3
1
1
11
3
9
2
0
3
10
2
5
45
1
1
7
0
2
5
2
0
2
4
123
4
0
17
9
2
16
6
0
0
3
100
0
104
4
1
0
8
6
3
4
9
5
2
22
7
5
4
0
154
6
10
0
3
37
1
2
4
7
0
2
3
0
2
0
1
4
2
1
2
1411
0
2
3
5
47
0
8
1
0
1
0
1
2
0
5
2
6
2
1
23
7
1
3
1
0
2
3
1553
26
136
3
19
4
70
0
0
2
2
11
1
2
1
3
8
25
4
25
9
4
1
16
0
0
3
5
2
4
4
2
2
1
3
7
3
11
2
16
0
6
43
0
6
2
4
3
5
116
5
0
2
1
1
3
2
0
3
24
1
3
1
0
1
14
75
17
1
3
0
1
11
2
1
10
2
12
3
22
4
11
0
0
4
0
4
0
0
5
0
7
1
2
0
3
4
4
3
1
28
16
0
4
4
25
0
8
0
5
12
3
1
21
13
7
2
14
4
2
5
16
1
1
9
0
261
2
1
2
3
2
1
0
224
6
5
3
0
3
5
3
1
2
4
1
0
2
20
0
1
4
11
2
1
0
3
2
0
0
2
6
3
73
23
4
5
15
16
28
1
25
0
26
6
15
3
4
5
73
1
0
0
1
0
1
4
9
4
3
7
15
2
274
11
16
0
0
5
3
29
9
1
3
2
5
19
158
0
7
0
0
1
8
5
10
8
12
2
5
62
2
57
0
0
8
1
13
12
1
0
2
4
3
11
3
1
4
3
2
1
11
6
6
4
111
2
16
23
31
7
6
80
10
3
12
911
12
26
3
2
1
1
14
3
0
0
0
7
0
3
32
2
10
12
1
0
1
1
6
0
0
1
4
2
50
10
10
0
0
19
9
3
35
1
32
46
9
4
7
28
2
0
20
9
8
1
1
3
8
1
40
0
1
3
4
9
67
2
58
5
35
0
0
8
2
1
4
6
44
59
0
3
0
0
3
1
3
8
1
16
32
0
2
6
29
1
2
0
16
39
11
0
1
0
2
0
6
1373
0
357
2
6
19
6
2
4
28
13
10
10
3
13
5
1
143
17
2
1
3
2
12
0
2
3
0
2
6
9
7
4
1
2
2
2
0
5
0
4
6
7
5
12
19
33
1
3
0
1
2
3
4
5
2
2
5
7
0
1
13
12
6
3
16
0
6
15
5
0
94
78
7
6
1
0
9
0
4
12
1
4
3
2
6
10
7
1
17
3
2
6
2
1
35
0
0
2
0
5
0
2
3
1
1
3
0
2
7
3
4
1
2
6
6
18
1
4
7
0
13
10
5
11
0
0
2
6
1
6
2
0
5
5
21
4
7
28
10
6
3
2
5
1
3
13
0
7
1
10
9
0
3
0
9
1
6
14
2
21
4
0
0
2
6
6
3
3
0
3
0
9
6
2
24
8
2
23
0
4
16
1
5
1
0
2
16
6
4
5
2
0
2
9
11
2
23
2
5
29
1
70
12
26
23
2
0
27
28
2
7
39
0
6
21
0
3
4
6
0
2
0
12
28
2
2
17
0
5
10
3
27
4
2
6
1
1
3
0
0
5
0
3
13
1
1
0
2
7
17
0
12
3
2
1
1
3
61
2
2
4
4
5
9
4
0
1
22
20
2
7
2
1
2
5
10
4
0
9
2
1
12
1
1
0
2
0
0
5
3
2
8
2
7
1
4
4
0
14
0
37
4
7
18
1
4
7
3
0
3
2
0
3
45
0
13
77
3
10
2
1
34
9
5
0
3
5
14
10
3
1
2
1
5
21
20
1
22
7
13
3
0
1
1
161
5
1
2
6
1
34
0
2
0
1
1
0
9
8
3
4
4
2
4
0
23
29
4
3
0
1
1
12
0
4
4
1
6
2
0
320
0
53
0
1
4
31
0
3
0
57
0
5
6
2
0
5
1
1
1
8
6
2
5
790
2
21
23
2
4
2
47
1
8
0
3
4
0
3
1
1
1
8
8
0
16
4
16
3
5
21
2
0
0
21
4
0
3
0
1
0
4
1
0
0
6
2
5
3
0
3
6
2
5
17
2
31
2
0
1
2
2
5
4
2
144
6
4
0
2
0
6
0
2
1
2
2
8
0
15
2
3
3
0
5
7
1
1
6
7
1
9
1
6
1
0
3
0
7
5
4
3
0
22
1
4
4
5
6
3
2
2
3
0
3
40
0
5
36
8
0
3
4
9
15
90
29
4
0
0
1
32
8
6
5
18
9
43
10
3
36
11
9
2
2
12
9
4
3
3
3
2
1
0
0
0
6
1
8
0
5
13
79
3
4
17
9
13
4
2
76
0
3
7
0
0
0
1
0
2
8
2
1
0
3
17
17
6
26
5
3
20
12
7
12
1
25
0
1
3
0
2
11
4
1
3
1
2
1
1
116
0
2
13
5
5
5
9
6
1
0
0
2
2
0
4
15
5
19
4
218
4
26
40
0
2
33
27
4
13
67
138
5
4
30
1
5
5
4
10
2
3
0
1
3
21
1
1
2
22
50
1
0
11
1
1
2
1
29
5
2
167
2
7
3
2
6
28
4
2
20
3
2
3
12
0
1
3
1
18
6
2
60
13
2
2
2
4
0
68
8
0
2
2
0
0
16
6
11
17
12
0
6
15
1
4
0
4
17
2
4
1
0
2
3
0
16
5
9
1
5
6
5
12
18
7
1
1
4
7
14
5
4
0
39
0
6
4
3
3
0
11
2
0
26
6
5
6
2
19
0
0
59
6
5
5
1
2
1
13
19
0
5
1
2
3
7
5
2
2
4
32
1
316
1
5
1
3
2
0
3
3
1
10
2
26
4
7
2
8
7
1
2
26
4
1
2
2
4
3
48
8
0
0
3
4
20
5
15
20
0
4
1
8
3
9
7
11
4
0
0
4
1
72
0
11
7
1
34
8
31
13
2
5
2
2
2
119
2
2
1
0
3
41
3
3
6
6
4
11
5
3
0
2
4
58
5
21
10
1
2
3
1
0
13
0
8
3
51
10
2
2
0
10
0
208
2
1
1
3
4
2
1
0
10
5
0
93
4
59
9
3
11
28
1
7
3
2
1
6
4
30
0
4
3
2
3
3
0
2
13
17
7
3
5
0
7
30
12
4
0
0
6
1
1
1
3
7
0
1
2
20
0
6
12
0
1
17
11
15
2
17
6
1
6
3
0
2
3
52
2
6
1117
0
2
3
7
5
4
2
1
9
8
0
1
2
42
3
2
0
24
2
5
4
2
13
0
7
24
2
4
0
16
0
8
2
0
1
7
1
0
2
3
0
1
5
36
0
22
3
10
6
34
0
0
8
18
3
9
4
2
2
0
0
0
3
7
0
5
8
2
0
2
17
0
1
1
1
1
2
9
0
0
18
13
3
5
1
10
13
2
1
0
150
34
9
17
6
11
9
7
8
1
3
3
3
1
13
3
13
0
7
8
1
63
2
1
7
3
16
2
3
3
1
6
9
1
15
2
3
2
0
0
1
0
46
2
1
5
0
1
8
1
0
20
3
120
0
34
1
2
22
13
41
6
3
2
1
2
7
10
9
1
30
1
1
21
10
2
18
4
2
5
5
63
0
0
0
14
2
29
10
5
6
1
0
1
9
1
6
10
0
5
0
0
4
8
6
3
14
0
2
4
5
3
2
16
45
3
0
3
0
1
4
8
17
1
20
25
2
89
1
3
13
2
6
56
4
2
693
3
7
5
3
3
61
3
3
0
14
0
5
1
2
1
10
2
0
10
5
13
15
2
5
0
1
1
6
1
0
2
24
3
4
0
3
2
2
6
0
3
19
4
13
18
20
0
5
31
5
10
8
1
6
0
2
3
2
4
2
0
2
9
0
0
6
0
6
0
3
5
1
16
9
6
2
2
4
2
6
4
4
4
2
3
0
1
1
147
4
14
179
4
4
2
1
18
2
4
27
65
0
3
2
1
6
40
4
84
9
4
1
24
0
16
21
2
0
2
69
0
5
8
3
4
18
14
0
4
1
6
29
2
18
6
13
0
3
3
13
2
3
1
5
171
23
1
0
2
0
7
2
12
6
5
0
9
7
1
1
3
5
4
0
3
18
35
2
1
8
6
3
4
3
16
0
2
4
1
2
5
3
6
0
2
11
3
1
1
10
0
11
6
2
22
12
2
20
1
18
0
0
5
1
2
0
3
0
3
4
5
1
5
37
8
2
7
7
18
1
4
2
3
7
0
6
0
2
0
2
6
6
32
0
0
0
5
9
8
1
2
11
6
15
13
1
3
7
18
0
0
9
44
32
4
3
137
5
22
6
1
11
1
8
8
2
3
0
8
63
2
5
3
0
18
0
1
0
4
3
6
25
3
6
1
0
0
2
4
27
7
10
0
1
4
2
17
71
15
3
10
3
28
4
23
0
13
4
2
1
82
4
2
5
9
0
10
1
29
5
0
0
2
4
32
1
2
2
1
5
1
2
1
0
2
35
1
4
23
2
1
2
28
0
1
3
1
12
14
5
4
2
3
10
2
6
5
0
9
0
1
5
3
0
4
1
1
1
2
4
3
4
2
0
0
6
1
13
17
3
7
5
3
156
1
4
0
7
6
1
5
0
3
0
1
0
15
1
2
4
1
5
15
6
1
62
8
0
2
25
6
3
15
5
1
5
0
4
10
5
2
2
20
5
8
5
13
4
4
2
0
0
13
11
6
0
9
8
2
2
0
2
24
18
6
4
8
9
9
20
8
8
24
4
3
2
2
2
8
350
1
3
21
2
2
181
58
2
9
3
26
31
1
72
17
0
0
2
10
8
6
9
2
7
2
6
3
1
0
2
4
5
4
8
7
7
3
10
0
0
4
6
2
13
11
0
2
1
2
26
0
0
3
3
3
5
1
3
0
14
4
3
2
2
4
7
17
5
302
1
0
0
4
0
66
0
2
3
2
0
12
0
2
1
1
3
202
4
6
74
1
3
5
2
2
13
2
11
7
12
3
1
39
1
10
11
60
2
23
0
0
5
4
1
6
1
4
9
1
7
2
4
6
0
4
0
4
2
0
1
0
4
26
9
21
6
11
1
86
2
9
0
14
3
4
3
5
1
5
8
0
13
3
0
3
2
1
3
12
34
5
10
3
3
1
0
1
3
3
2
1
3
9
2
1
2
3
26
10
2
7
3
4
9
6
75
0
7
8
20
10
3
17
3
8
13
3
92
16
12
0
1
2
8
6
9
2
2
1
923
2
1
10
11
3
1
3
6
2
0
3
2
1
5
3
1
0
27
3
4
8
0
4
9
138
0
2
13
4
2
5
24
4
2
2
8
7
7
3
1
1
3
17
0
0
71
3
1
5
4
5
17
101
3
1
1
13
1
5
2
0
2
13
3
63
0
21
1
4
1
54
7
0
5
2
2
2
0
6
2
8
4
5
2
3
8
5
1
0
1
2
0
15
8
19
4
1
4
17
19
4
2
337
0
3
4
7
4
3
12
2
0
1
3
2
0
4
0
3
3
1
17
2
7
27
4
1
4
1
1
5
7
59
23
7
24
2
1
10
1
15
3
0
19
5
31
2
5
5
0
1
7
0
0
26
0
1
7
121
6
4
1
2
11
2
1
20
30
1
3
5
21
1
9
0
7
1
7
5
1
6
2
4
18
0
2
11
22
1
8
13
0
2
3
6
0
1
7
3
2
1
9
17
8
4
2
0
43
8
1
6
1
1
23
4
0
2
3
2
1
53
3
2
6
5
44
0
65
4
7
2
1
3
8
27
3
1
0
0
1
1
5
5
8
2
3
2
1
45
5
0
10
12
1
2
1
10
2
7
1
13
6
3
13
1
22
26
1
12
2
3
2
6
4
11
5
5
6
2
1
2
1
4
0
2
1
1
0
1
2
1
8
1
1
16
5
4
3
14
4
6
16
8
3
86
2
1186
1
1
0
2
18
7
4
3
4
45
1
1
21
17
3
4
2
2
4
13
1
6
25
0
124
0
4
1
5
9
1
134
9
8
3
2
2
3
8
4
7
0
2
7
3
2
20
1
0
11
5
3
5
5
5
3
5
8
1
19
2
7
12
2
1
7
4
1
6
3
1
7
2
0
2
6
7
6
48
4
15
8
5
1
0
11
4
7
3
89
5
13
107
7
0
6
3
77
5
0
1
12
10
1
2
1
2
1
8
7
3
10
3
0
0
11
9
46
0
5
1
5
3
14
0
0
6
0
9
9
1
3
1
1
6
4
5
3
160
0
1
3
2
4
0
33
17
48
60
2
28
0
0
10
35
5
0
19
0
0
1
3
47
0
0
1
1
3
1
2
22
0
2
5
4
1
10
7
10
0
0
1
4
6
0
2
9
7
7
34
2
9
1
15
3
6
6
14
9
2
0
1
0
6
4
47
3
0
0
8
2
10
1
0
0
5
11
1
6
4
2
0
1
2
4
7
70
9
0
1
56
0
3
9
17
11
5
9
4
2
3
3
3
4
5
3
0
0
7
4
7
3
4
4
16
5
2
4
4
3
0
0
1
30
1
5
5
5
5
788
0
2
4
0
5
12
4
2
1
3
7
1
0
55
2
1
1
1
6
10
2
5
2
0
9
7
54
5
1
5
0
0
2
1
0
1
8
3
0
8
3
1
6
4
11
12
6
1
2
0
13
6
5
6
1
3
7
10
200
0
0
2560
14
9
3
9
1
17
6
2
1
1
1
40
6
3
8
1
2
0
9
2
0
3
0
9
8
4
2
42
0
0
264
0
2
9
0
98
3
0
3
2
3
5
4
124
1
22
4
222
3
16
5
9
3
2
3
76
1
1
2
3
0
29
5
10
6
9
8
0
0
4
0
2
18
1
0
2
3
2
5
7
1
2
4
4
0
873
7
42
0
2
13
4
17
8
1
3
7
6
0
7
3
2
0
10
14
9
1
1
7
0
11
1
0
16
0
4
1
2
7
0
2
73
55
8
6
2
3
2
4
0
0
10
1
5
1
18
2
21
6
2
1
0
0
0
1
5
1
1
0
0
0
5
47
6
4
7
4
0
9
11
223
0
0
0
11
0
20
4
0
9
1
2
11
2
0
3
6
3
4
34
5
24
4
2
18
9
101
0
1
14
0
2
1
3
5
20
7
1
4
0
2
3
424
6
13
266
1
7
44
0
4
2
1
4
11
7
3
0
0
28
10
7
6
1
38
2
1
1
3
0
5
27
6
6
15
4
3
1
0
7
7
14
10
6
54
12
4
1
1
4
4
3
2
8
1
3
1
35
10
18
11
1
14
7
2
6
3
3
10
7
6
6
15
4
24
27
2
5
0
21
1
1
5
12
5
0
3
138
2
8
0
0
0
0
2
0
2
10
20
2
39
3
2
12
5
0
15
19
2
2
0
1
0
1
6
1
17
0
4
3
6
4
0
2
0
7
5
7
0
14
70
6
4
5
13
3
3
4
4
9
0
6
3
0
4
5
30
0
10
2
2
1
6
3
6
1
8
1
2
74
4
11
3
0
247
9
3
4
3
2
2
1
7
2
1
1163
1
10
16
1
1
6
56
893
2
3
3
6
1
33
1
7
490
2
6
11
0
316
1
0
5
2
1
1
7
2
0
7
1
1
1
1
3
17
2
2
2
0
1
1
3
9
17
1
2
15
3
1
42
1
5
3
0
2
3
3
1
1
3
19
6
3
1
6
22
6
0
2
0
3
3
5
13
0
3
9
52
0
1
110
3
12
1
1
9
1
1
5
5
0
2
1
0
2
133
4
10
0
21
23
6
5
17
6
3
9
22
43
6
23
2
2
6
7
28
2
0
2
68
3
4
8
25
4
2
2
6
19
15
0
7
1
0
13
10
2
0
6
0
1
8
1
7
8
11
40
0
5
7
1
13
2
25
1
5
0
16
186
0
1
12
2
3
17
5
1
5
3
16
5
4
1
0
9
1
5
6
1
0
3
3
1
4
8
0
35
18
0
23
21
2
2
0
2
2
0
1
6
5
3
7
6
0
2
2
15
3
3
14
9
1
0
6
2
2
4
2
4
7
20
1
1
9
4
4
0
0
1
1
7
0
3
22
1
8
1
0
4
7
0
22
1
1
6
0
8
3
16
4
20
1
13
7
0
5
15
9
7
0
7
3
13
2
1
2
0
2
5
1
2
1
1
3
2
0
2
34
1
3
2
8
3
17
1
3
0
2
58
0
0
0
1
25
2
2
1
0
178
27
1
3
1
30
0
7
2
0
2
1
11
1
51
4
36
0
2
4
0
3
9
0
5
2
0
4
2
2
0
3
17
0
6
11
1
6
4
9
1
0
0
3
1
8
5
78
5
2
1
0
10
1
1
10
3
3
5
14
7
1
6
2
3
0
23
1
13
2
2
77
5
1
5
3
5
134
4
1
1
1
1
9
1
1
1
4
4
1
4
16
7
1
4
11
7
0
3
2
18
2
2
6
15
0
3
2
13
22
26
2
2
0
3
2
3
1
0
3
2
4
0
2
2
13
1
1
5
1
4
5
568
1
20
12
2
1
5
27
3
13
0
2
0
5
0
71
0
0
3
2
17
1
2631
2
0
1
67
8
3
232
21
10
3
2
7
1
8
1
0
19
591
1
6
9
8
13
6
0
2
12
1
3
5
1
2
3
1
0
0
1
7
7
1
2
0
70
1
3
3
9
0
4
1
0
0
1
1
2
4
7
3
1
3
4
7
3
6
141
2
2
2
3
4
0
3
1
9
18
1
0
3
5
1
9
2
2
0
3
6
9
5
98
9
0
406
0
1
3
3
5
28
4
8
6
1
1
7
2
3
2
1
0
15
11
1
6
2
0
1
2
0
1
3
12
2
0
1
2
4
2
18
7
2
5
10
7
22
6
3
3
5
1
0
0
6
1
4
0
1
2
0
4
10
3
18
11
1
3
0
5
2
12
6
3
1
17
3
1
19
1
7
2
0
87
9
0
42
7
2
62
0
21
2
16
1
6
2
0
5
2
13
0
2
3
0
6
2
0
0
104
1
0
10
14
0
2
3
0
8
2
2
0
0
6
0
22
2
6
2
90
1
5
5
11
7
2
10
4
6
16
3
29
8
3
24
2
0
1
18
4
3
0
11
4
1
6
0
1
1
2
5
5
5
2
0
1
3
7
1
18
2
6
311
5
3
15
8
13
2
10
0
4
0
9
1
1
1
4
5
35
0
5
0
14
2
10
6
3
5
7
3
4
3
0
9
1
3
0
18
4
59
2
0
72
153
37
0
11
81
0
5
3
20
0
0
1
0
3
12
7
5
4
2
3
13
96
0
6
2
4
9
3
0
2
0
7
0
1
6
1
3
3
21
0
16
4
2
0
1
19
32
3
3
1
5
1
8
3
15
23
7
3804
0
11
1
1
14
5
2
14
19
0
15
5
28
0
10
11
10
0
4
3
5
1
1
4
9
0
2
3
0
15
148
6
5
4
1
4
20
2
0
30
19
1
4
3
8
72
0
22
1
150
40
0
2
14
0
7
2
6
15
3
2
15
29
2
12
2
58
5
12
10
11
5
0
314
2
0
4
3
3
15
35
1262
0
4
4
7
35
0
4
0
1
0
0
19
41
0
1
11
1
3
3
4
3
0
5
3
30
10
12
1
0
20
38
1
3
1
8
1
70
4
2
2
13
25
0
8
142
3
30
0
4
21
1
2
4
0
4
0
1
1
0
3
4
2
0
0
6
0
25
1
12
8
40
5
0
0
35
1
1
9
1
3
2
4
0
5
10
5
0
0
26
1
3
3
1
0
7
4
5
3
7
0
5
7
14
23
12
0
11
1
2
2
14
2
20
0
2
0
5
6
4
28
2
4
13
0
22
20
6
1
0
2
4
0
2
0
4
34
1
1
0
6
10
20
171
5
0
0
2
5
13
80
5
3
0
1
52
1
0
8
2
6
20
1
0
1
8
1
11
0
6
17
17
20
59
2
0
0
1
6
5
1
11
4
1
7
13
7
2
3
7
0
9
9
2
1
2
1
6
0
271
3
0
2
21
1
2
0
41
147
33
0
7
2
11
1
3
2
7
3
9
4
260
4
3
9
1
0
4
5
2
1
4
3
120
11
8
4
0
0
28
6
90
10
9
1
0
19
5
1
4
0
1
2
5
1
5
10
4
0
5
0
1
0
6
2
1
0
0
0
0
0
0
1
13
13
47
19
1
6
1
11
5
2
1
10
0
131
2
186
3
1
2
34
2
0
2
3
60
0
1
1
1
3
2
1
7
0
3
10
0
4
26
17
6
7
1
1
4
5
6
1
6
0
2
4
2
2
1
0
1
0
10
7
2
3
2
2
4
0
5
11
1
0
9
10
5
0
0
5
3
6
4
10
0
20
1
3
25
1
2
51
65
1
3
5
0
4
0
5
24
6
0
2
5
12
12
0
2
27
8
6
4
2
74
6
0
15
299
0
11
0
4
8
4
10
1
5
5
27
4
13
9
1
1
2
0
2
2
251
10
2
1
50
1
3
11
26
5
1
4
6
17
4
1
16
11
0
12
7
9
5
3
1
9
1
6
8
1
1
1
8
2
12
19
2
6
14
6
0
366
41
2
11
18
5
0
5
1
4
1
6
5
2
2
4
6
0
90
6
2
4
1
3
10
7
7
9
6
0
0
9
9
35
815
2
20
5
0
10
0
2
4
1
3
1
2
2
0
1
0
5
10
0
26
5
2
34
2
2
8
0
5
13
1
4
2
1
1
9
3
11
1
3
0
0
5
1
0
4
16
12
4
2
3
5
2
1
210
5
24
8
2
0
0
16
3
17
5
13
21
4
9
1
5
50
5
184
0
4
1
3
5
48
35
1
1
6
19
3
2
59
14
0
0
8
1
2
5
0
3
1
3
6
3
4
42
1
0
0
2
0
15
0
2
4
10
4
15
1
0
7
11
3
3
0
3
42
1
407
17
2
46
0
4
2
8
1
4
1
0
5
1
0
6
16
4
8
2
7
2
2
1
2
6
2
2
16
0
10
3
5
4
5
3
0
21
5
7
8
7
23
0
33
9
4
11
10
1
2
5
3
0
11
89
3
3
1
4
6
1
3
2
12
0
0
1
9
1
0
6
8
10
1
13
10
20
18
3
0
7
4
5
9
26
1
4
4
48
6
1
3
8
7
2
2
0
1
1
5
8
9
1
1
12
0
1
4
1
32
3
3
18
2
1
19
2
4
4
2
17
1
1
3
2
5
4
22
0
0
5
18
1
3
20
11
15
6
4
9
0
11
29
1
1
2
23
1
1
0
2
5
3
17
4
1
1
5
9
5
16
9
8
3
16
2
5
0
0
1
5
21
2
17
89
2
2
3
3
1
2
8
1
13
2
3
15
5
2
6
1
1
1
4
2
2
3
1
4
2
3
2
0
127
0
2
10
1
0
0
27
0
1
0
2
0
1
2
5
6
0
7
0
5
0
2
6
5
0
0
0
0
6
2
1
2
3
5
5
2
4
34
17
1
1
3
0
7
1
2
21
22
10
0
3
0
9
0
7
1
0
283
1
5
2
3
0
2
13
6
0
5
26
2
25
16
119
8
2
6
53
6
2
0
13
1
2
7
2
0
5
3
0
0
1
2
0
3
5
0
2
2
2
5
3
7
9
1
3
13
1
3
2
5
2
5
4
4
3
28
3
2
3
9
3
0
3
3
6
1
0
26
1
8
24
2
4
36
4
12
13
5
7
2
0
491
4
6
4
2
19
2
5
32
22
6
1
3
5
6
5
4
2
0
1
0
1
3
5
5
3
0
2
3
11
4
0
16
6
41
0
8
1
1
0
1
1
0
1
3
56
2
3
6
2
1
42
5
6
0
1
0
2
0
1
2
1
6
3
2
2
107
0
6
3
4
3
7
1
1
1
18
40
7
6
4
31
0
0
243
2
0
6
3
35
142
2
10
3
4
1
3
2
10
29
9
3
11
5
6
0
2
37
5
0
7
0
7
1
1
15
9
4
3
6
1
7
1
5
3
5
3
1
1
12
2
2
0
2
43
0
29
22
1
2
343
1
1
10
210
2
4
0
4
11
7
1
1
1
5
4
5
24
2
0
25
2
1
7
3
0
2
0
8
5
1
0
6
1
2
0
9
4
8
4
1
2
73
3
2
0
0
2
7
29
5
17
4
0
108
9
2
3
6
1
1
5
8
14
5
9
5
8
10
4
2
5
1
6
1
7
1
20
5
0
0
28
7
2
6
2
1
65
9
40
0
2
0
19
7
3
2
3
0
1
0
49
3
4
10
1
3
24
6
0
6
9
5
5
4
0
1
3
211
0
1
0
4
8
0
6
0
2
0
0
5
2
7
3
31
0
15
3
3
3
2
0
21
4
1
2
3
4
0
5
5
2
0
5
11
15
1
4
1
3
0
0
0
7
1
2
5
0
1
27
1
3
5
95
3
0
11
0
0
0
1
3
3
7
79
2
0
4
5
9
0
9
5
7
2
13
1
0
4
0
0
0
0
0
1
1
17
2
5
0
7
1
2
1
0
0
0
0
1
12
5
1
0
1
1
1
1
6
2
9
3
147
7
7
0
1
8
10
22
4
5
8
2
2
5
4
6
0
1
3
1
27
1
11
1
23
10
1
4
5
3
1
4
5
1
12
0
1
1
4
4
1
5
0
0
20
1
0
0
1
6
6
12
1
1
2
6
2
9
5
4
3
6
36
372
2
20
2
2
9
14
5
5
9
5
135
5
31
0
36
1
4
0
3
6
5
3
37
1
2
5
0
3
2
28
35
0
4
7
6
3
18
4
1
24
8
3
3
0
3
1
0
5
1
4
0
2
3
1
3
10
7
32
13
19
1
0
8
3
0
39
1
9
0
6
3
1
0
6
5
0
1
6
3
3
1
4
0
5
7
27
9
2
7
12
3
7
12
6
2
60
1
16
13
12
1
9
2
1
20
0
10
23
6
0
2
15
3
0
23
5
5
1
8
5
0
57
14
1
0
19
1
1
6
30
1
6
3
32
28
0
25
3
9
2
4
1
1
3
3
0
0
9
527
4
7
2
1
9
9
1
2
1
10
0
8
0
1
2
3
0
2
0
1
113
6
0
5
0
15
2
4
5
1
30
3
0
6
1
0
3
6
3
1
21
7
1
9
2
57
0
2
0
7
3
0
0
3
20
2
21
0
7
11
4
5
0
1
2
10
28
0
2
2
1
16
1
2
69
13
4
0
1
2
25
1
21
22
6
8
1
5
2
1
0
6
4
6382
3
3
58
6
3
2
21
1
0
4
3
0
0
9
2
7
1
0
175
3
7
0
6
2
1
5
18
6
7
3
7
3
0
9
7
3
5
4
1
3
5
248
2
3
0
1
1
3
8
7
4
6
2
0
20
6
20
5
9
1
0
14
348
5
94
3
3
2
10
1
3
2
3
14
1
4
2
3
11
2
6
3
1
0
36
50
6
3
8
0
5
19
22
2
5
1
9
5
4
5
9
4
1
60
10
1
14
3
2
1
0
2
2
4
22
0
3
16
4
5
26
5
5
18
3
1
2
6
0
3
403
9
4
10
8
0
19
138
1
3
20
3
0
12
1
3
2
2
7
4
1
2
2
2
9
1
1
2
0
3
0
9
2
14
18
36
0
2
1
0
3
2
1
1
0
7
1
1
4
38
6
1
2
4
4
0
0
7
7
24
3
3
2
4
9
9
7
3
5
2
2
17
3
11
3
12
9
2
1
7
12
2
37
15
1
1
4
1
14
1
3
2
3
2
5
4
4
0
1
5
2
48
24
0
1
4
4
1
4
1
2
0
2
1
20
0
6
5
70
3
2
3
9
2
8
0
1
18
7
5
6
2
1
11
1
1
4
