9
30
16
14
41
13
16
9
16
20
10
23
4
13
54
18
13
12
8
18
21
38
17
15
15
19
19
25
25
28
17
24
90
577
13
63
16
16
33
45
25
30
33
15
240
14
87
7
62
20
24
14
35
33
26
20
88
13
23
32
8
16
20
56
63
10
17
23
22
15
64
18
8
62
30
29
18
9
17
7
11
22
17
20
10
17
14
12
21
27
28
85
38
64
19
8
28
14
17
67
38
36
7
16
32
8
34
18
23
16
22
80
59
30
92
38
32
50
62
31
25
32
16
36
8
44
10
21
14
20
48
64
82
66
17
17
17
15
14
40
28
35
35
12
25
59
28
9
23
29
11
12
54
14
144
21
18
129
25
16
30
26
23
27
18
31
43
21
30
10
36
31
11
23
12
20
23
17
34
17
24
24
11
16
67
9
34
20
60
26
16
21
35
17
10
10
29
14
22
1797
15
20
36
7
17
21
30
17
33
15
45
20
16
34
33
31
17
17
14
9
19
46
30
93
21
13
78
28
21
33
20
29
37
11
16
42
20
26
16
30
6
44
14
14
32
54
21
7
13
21
16
5
84
18
20
44
10
31
135
11
27
15
17
21
8
23
15
17
11
24
97
20
9
16
24
14
22
31
10
26
33
18
33
13
15
38
30
13
90
24
183
12
6
18
20
23
13
21
18
23
27
22
10
25
12
21
25
17
15
17
19
51
12
16
26
31
11
8
17
11
6
35
12
26
12
8
59
82
19
59
15
11
29
37
19
26
26
19
17
51
13
28
21
46
8
11
5
14
30
17
24
81
16
20
92
12
22
8
52
15
8
210
15
8
79
64
22
12
35
20
17
43
10
11
25
19
34
11
10
23
8
31
11
35
13
20
23
36
18
88
29
18
15
18
5
9
23
23
28
32
18
65
15
22
30
6
10
16
11
7
54
23
10
9
28
16
18
137
23
16
7
22
7
47
14
34
5
23
216
17
17
5
15
36
15
85
40
24
17
90
34
44
8
42
19
18
27
146
33
27
12
36
11
44
45
15
27
15
220
12
17
30
26
3
132
36
22
11
18
19
97
16
158
14
16
12
53
8
23
7
551
15
396
10
31
20
12
14
20
22
20
24
19
26
24
25
20
18
59
11
9
30
16
14
41
13
16
9
16
20
10
23
4
13
54
18
13
12
8
18
21
38
17
15
15
19
19
25
25
28
17
24
90
577
13
63
16
16
33
45
25
30
33
15
240
14
87
7
62
20
24
14
35
33
26
20
88
13
23
32
8
16
20
56
63
10
17
23
22
15
64
18
8
62
30
29
18
9
17
7
11
22
17
20
10
17
14
12
21
27
28
85
38
64
19
8
28
14
17
67
38
36
7
16
32
8
34
18
23
16
22
80
59
30
92
38
32
50
62
31
25
32
16
36
8
44
10
21
14
20
48
64
82
66
17
17
17
15
14
40
28
35
35
12
25
59
28
9
23
29
11
12
54
14
144
21
18
129
25
16
30
26
23
27
18
31
43
21
30
10
36
31
11
23
12
20
23
17
34
17
24
24
11
16
67
9
34
20
60
26
16
21
35
17
10
10
29
14
22
1797
15
20
36
7
17
21
30
17
33
15
45
20
16
34
33
31
17
17
14
9
19
46
30
93
21
13
78
28
21
33
20
29
37
11
16
42
20
26
16
30
6
44
14
14
32
54
21
7
13
21
16
5
84
18
20
44
10
31
135
11
27
15
17
21
8
23
15
17
11
24
97
20
9
16
24
14
22
31
10
26
33
18
33
13
15
38
30
13
90
24
183
12
6
18
20
23
13
21
18
23
27
22
10
25
12
21
25
17
15
17
19
51
12
16
26
31
11
8
17
11
6
35
12
26
12
8
59
82
19
59
15
11
29
37
19
26
26
19
17
51
13
28
21
46
8
11
5
14
30
17
24
81
16
20
92
12
22
8
52
15
8
210
15
8
79
64
22
12
35
20
17
43
10
11
25
19
34
11
10
23
8
31
11
35
13
20
23
36
18
88
29
18
15
18
5
9
23
23
28
32
18
65
15
22
30
6
10
16
11
7
54
23
10
9
28
16
18
137
23
16
7
22
7
47
14
34
5
23
216
17
17
5
15
36
15
85
40
24
17
90
34
44
8
42
19
18
27
146
33
27
12
36
11
44
45
15
27
15
220
12
17
30
26
3
132
36
22
11
18
19
97
16
158
14
16
12
53
8
23
7
551
15
396
10
31
20
12
14
20
22
20
24
19
26
24
25
20
18
59
11
8
22
12
9
99
28
26
33
80
17
21
26
89
29
21
15
10
18
18
5
58
16
10
90
21
43
131
131
26
14
28
33
14
31
24
28
13
21
11
25
17
23
14
18
35
39
63
36
28
23
19
30
11
21
13
9
26
23
15
14
13
22
21
27
20
10
55
10
35
51
26
25
7
9
24
47
19
34
10
24
19
15
21
19
18
31
70
17
36
51
4
62
21
19
9
20
20
17
16
44
21
31
21
25
10
29
35
27
137
15
23
6
16
10
13
17
38
15
15
20
316
30
33
25
30
4
12
61
18
21
24
35
12
19
11
9
10
152
36
24
12
14
38
12
31
13
22
8
17
7
35
23
24
12
33
20
15
28
42
13
26
13
31
42
11
21
9
59
18
18
15
19
158
27
15
13
16
25
56
43
11
27
30
29
20
20
24
16
27
239
17
14
33
18
19
14
16
69
26
11
25
24
32
84
9
9
7
25
21
57
21
18
47
7
34
19
18
32
22
46
19
19
32
30
25
12
13
41
2
16
19
16
43
41
19
5
12
73
68
12
21
7
17
18
43
35
22
23
32
19
17
13
20
27
15
161
20
10
8
21
59
24
23
18
40
19
30
32
14
16
29
21
11
15
23
15
14
32
23
41
21
26
108
17
192
20
8
18
50
49
24
7
13
12
11
27
33
9
34
50
37
12
39
20
23
82
56
6
12
24
16
20
88
38
50
16
58
15
226
258
27
27
26
22
32
12
6
9
13
16
14
25
20
47
21
15
61
10
21
17
5
7
11
43
49
40
17
422
92
9
55
15
12
4
82
24
16
39
46
12
12
18
25
9
14
15
24
17
17
24
104
18
32
21
20
16
32
33
20
20
15
10
11
23
11
20
8
35
19
24
151
19
31
41
8
12
19
17
30
24
24
10
29
70
9
20
30
36
28
11
23
23
6
37
9
10
15
20
16
18
47
21
6
20
12
44
69
25
8
25
17
19
366
14
11
9
21
4
17
29
11
57
83
61
44
65
36
24
8
25
38
16
13
15
14
14
14
13
37
15
14
24
24
14
20
12
65
13
13
4
29
118
26
20
12
31
78
27
11
53
19
25
69
199
7
33
17
19
10
11
18
107
25
12
50
31
12
24
32
18
42
19
9
55
12
20
39
50
18
37
30
21
18
15
17
8
36
11
18
18
18
54
15
19
8
17
23
16
9
22
14
24
5
124
43
25
23
27
23
29
19
25
23
14
16
11
65
20
9
51
21
71
9
11
36
22
53
24
17
19
28
18
9
14
18
71
13
54
22
38
27
158
10
10039
21
21
11
8
16
24
111
6
22
17
16
18
15
19
28
12
19
27
22
30
16
34
45
8
10
17
21
16
23
13
31
14
17
17
15
44
17
23
22
15
32
250
1039
21
14
23
27
65
49
30
16
17
22
18
32
17
27
58
34
18
13
12
44
29
152
19
19
35
16
8
9
22
20
17
41
13
21
56
15
27
18
19
37
15
19
12
15
28
157
32
19
12
26
12
16
18
27
12
9
15
23
14
30
36
17
15
28
14
19
22
55
29
20
19
40
37
20
10
12
24
23
13
16
27
211
16
17
111
42
21
26
50
10
18
8
4
26
23
116
129
25
20
9
15
43
22
29
70
32
17
15
13
13
14
14
20
116
34
28
27
13
8
17
16
13
31
17
20
11
17
19
20
9
20
49
15
22
13
19
162
16
14
17
20
20
10
16
19
18
36
68
11
23
89
53
16
10
13
1046
19
34
9
21
7
13
14
20
19
21
20
80
24
36
10
9
126
26
18
155
21
11
23
81
52
20
22
25
18
12
12
15
16
9
33
11
16
10
33
20
17
39
10
49
23
4
17
33
32
19
49
21
14
31
23
23
26
23
6
16
26
29
63
36
13
53
24
54
26
22
8
18
64
21
31
8
31
29
5
6
9
14
37
37
16
12
17
12
15
18
20
29
21
13
40
10
25
16
29
30
15
10
17
20
17
23
32
3
15
28
18
14
15
24
16
15
6
22
27
11
13
38
40
27
29
17
56
48
74
17
16
7
13
13
10
20
28
8
30
26
1214
46
55
13
29
12
23
13
19
20
6
24
17
7
21
100
24
26
21
30
11
24
338
11
20
11
44
41
14
14
18
42
14
14
11
18
12
57
32
47
18
14
39
15
21
38
13
16
12
7
21
36
5
11
21
36
21
22
31
16
17
11
20
32
13
21
19
15
9
9
11
30
23
25
18
23
12
21
13
73
25
23
6
13
14
12
18
8
14
25
13
160
26
12
33
41
12
16
21
38
32
134
91
16
17
23
19
32
75
6
47
51
17
9
83
19
22
46
29
10
22
21
10
20
19
164
45
20
15
19
12
36
29
14
23
50
33
25
21
23
16
32
49
13
19
20
15
38
30
10
11
21
31
13
18
42
18
18
9
17
12
28
15
13
12
10
18
18
8
13
20
7
36
37
24
35
33
33
12
22
37
38
29
29
18
10
9
15
25
38
12
16
5
16
22
13
36
28
28
11
13
10
115
26
14
20
22
61
10
26
71
19
42
18
12
82
9
13
29
14
49
15
10
23
17
16
22
194
21
1170
22
28
21
14
28
27
38
29
11
19
20
14
18
20
27
14
12
14
7
12
33
59
67
30
45
17
17
9
18
19
33
13
36
17
53
10
25
21
34
91
29
17
16
29
99
13
9
19
15
15
12
7
11
27
9
32
5
26
11
6
13
10
16
6
14
23
13
38
13
9
15
14
8
5
27
7
37
21
20
22
29
14
9
14
13
38
20
30
53
20
17
35
9
20
32
13
10
16
18
30
8
8
18
11
27
23
21
33
21
152
23
11
54
14
17
23
15
20
21
23
30
18
12
15
14
13
71
109
17
15
23
20
10
25
48
24
48
16
12
43
21
14
29
9
18
41
17
10
18
14
38
12
20
36
24
16
21
7
18
19
324
61
22
12
542
9
23
12
20
27
15
42
10
109
51
17
60
13
9
7
8
23
11
19
12
105
15
15
12
13
41
23
18
25
13
15
67
13
42
12
14
19
16
11
29
18
29
20
10
161
5
16
13
10
34
21
12
31
35
15
19
21
113
44
13
13
26
13
48
16
10
15
9
12
17
133
11
69
10
12
110
10
27
28
26
7
13
20
32
10
14
19
11
14
18
54
7
32
15
140
6
7
11
24
22
60
6
26
65
12
30
75
32
17
43
28
91
17
50
180
63
54
9
23
11
25
16
61
41
21
29
15
21
14
8
17
26
19
18
28
23
20
17
52
27
30
12
35
20
22
7
11
17
18
14
22
30
10
14
6
28
19
24
13
16
13
20
27
5
15
16
15
16
25
18
26
12
72
20
14
29
12
28
13
15
30
14
23
5
13
298
12
13
9
44
31
17
100
18
12
20
32
19
31
22
14
33
44
24
31
13
16
8
28
14
17
11
9
12
9
15
24
31
15
13
28
20
19
15
39
42
19
53
12
18
15
20
58
19
17
14
13
11
19
15
15
13
35
17
19
8
78
20
19
7
9
259
50
77
10
42
20
23
11
11
14
12
31
17
10
15
33
42
31
10
46
24
18
12
25
15
42
16
8
17
23
18
22
83
23
21
23
9
14
36
120
68
18
14
29
12
23
28
15
29
137
58
11
18
14
14
19
16
24
24
24
15
34
10
16
19
3
11
74
27
11
11
21
40
23
47
24
13
4
27
8
22
25
26
26
29
44
9
51
8
12
12
14
12
36
14
82
14
32
71
14
24
12
17
12
66
25
17
24
25
21
20
19
13
14
19
102
10
13
35
21
11
20
25
23
32
19
20
8
38
16
25
10
14
17
50
12
27
108
11
13
36
3
12
27
18
17
19
20
207
20
14
38
22
27
57
40
9
23
17
176
10
172
28
16
13
33
21
18
23
28
31
9
48
32
31
25
6
292
23
44
10
14
84
27
20
19
28
9
11
19
16
16
13
19
15
16
12
7
1847
3
23
14
20
92
16
34
10
12
20
8
15
15
6
16
18
15
13
13
89
25
15
23
12
14
27
22
2392
64
242
22
51
30
138
8
10
17
11
49
11
20
17
15
33
49
22
71
38
27
14
36
7
14
26
22
17
18
14
26
22
13
19
24
15
44
29
44
14
29
95
9
18
16
25
24
23
234
23
9
9
14
16
19
18
8
19
41
21
16
20
6
13
36
145
52
6
16
12
15
50
13
6
29
10
48
16
66
18
33
17
12
23
12
19
15
10
28
8
35
23
10
9
17
19
25
17
16
65
33
13
17
24
65
13
24
3
19
48
25
20
57
45
29
9
32
14
19
25
32
6
15
28
13
363
11
8
28
22
29
14
7
402
29
17
20
13
26
25
13
16
12
16
14
8
13
49
7
9
31
31
14
15
10
20
19
12
15
13
18
22
147
38
21
28
46
35
67
17
57
7
63
25
40
16
11
14
113
10
7
8
16
12
14
18
24
35
25
33
35
19
450
39
44
11
19
23
16
58
28
14
19
15
21
31
272
19
25
12
3
10
33
19
39
31
39
18
24
129
14
111
12
11
26
13
35
42
25
12
17
21
18
31
17
13
19
16
14
9
37
25
26
29
183
21
62
40
84
31
20
124
20
15
45
1309
46
64
19
15
15
26
40
15
13
10
17
26
13
15
49
18
43
39
18
14
27
20
16
13
11
12
15
27
93
29
34
8
9
67
23
26
73
14
86
106
28
27
35
66
20
19
34
41
30
10
11
19
28
15
84
6
16
13
23
30
149
22
110
33
79
5
7
29
15
10
15
20
105
127
16
22
16
8
35
10
10
35
7
48
83
8
14
36
65
24
11
9
42
79
45
11
22
9
13
9
29
1756
10
609
16
28
54
28
19
32
54
34
29
34
22
35
25
18
284
58
12
14
18
19
36
10
10
26
16
10
21
45
24
26
14
24
19
23
10
27
8
15
30
20
19
41
71
70
13
27
10
8
9
24
20
20
19
9
27
25
19
14
43
40
21
25
41
16
29
35
22
16
160
121
27
21
10
13
31
8
22
49
4
21
23
15
25
30
24
19
35
20
11
31
22
10
66
17
5
16
14
20
14
15
13
15
15
25
13
10
23
20
28
10
14
19
19
50
13
12
39
22
35
37
18
33
12
6
13
24
21
21
19
20
34
32
50
25
39
78
30
31
17
17
36
13
13
37
12
18
17
25
31
11
30
15
28
17
23
53
22
51
29
9
10
22
27
17
15
20
5
22
13
23
22
18
63
27
7
72
17
34
58
6
22
18
15
26
46
30
35
30
10
18
23
33
33
13
72
17
19
57
20
149
57
69
64
9
9
55
57
8
26
65
21
15
53
14
14
17
28
12
18
15
26
70
9
19
60
7
25
30
23
70
25
16
17
11
22
15
13
7
28
11
20
39
18
15
8
22
25
43
10
35
12
11
15
27
16
108
17
13
18
11
22
38
24
13
16
72
48
26
37
23
11
22
28
33
19
13
37
21
16
41
12
16
12
13
12
11
23
22
15
31
30
25
9
25
31
13
48
9
85
22
26
58
12
27
26
20
10
25
13
17
22
109
9
41
147
16
36
20
16
65
31
32
19
17
17
48
27
16
16
13
23
19
56
39
7
68
27
53
16
15
18
11
251
16
18
16
19
7
80
5
16
6
14
16
14
22
36
21
24
34
15
29
11
87
59
10
20
11
16
17
50
22
31
15
7
26
22
6
488
8
117
9
11
26
55
11
18
4
103
11
21
20
15
8
28
18
11
12
28
33
14
19
1172
11
64
51
30
14
35
130
7
21
9
18
25
8
14
19
6
11
27
26
6
47
16
38
21
20
48
9
15
6
68
16
15
14
4
20
11
17
24
11
6
23
16
18
12
6
25
28
12
29
63
16
63
14
12
20
16
15
22
15
9
248
25
20
9
28
16
31
8
14
20
25
13
17
8
45
18
13
19
10
28
23
12
17
32
24
12
35
23
30
22
11
22
18
38
14
21
15
12
65
19
22
25
33
25
13
14
29
34
14
29
97
13
22
80
20
13
16
18
43
35
131
57
16
10
12
17
61
28
29
19
43
19
96
38
21
101
39
28
17
20
34
37
25
15
11
21
14
8
11
18
18
23
11
26
7
14
32
142
22
23
51
32
34
20
17
163
7
15
32
6
11
16
12
7
19
30
20
19
13
24
52
32
27
74
27
16
56
38
44
39
17
52
12
9
16
10
15
51
23
11
17
12
12
26
19
175
12
10
47
26
21
27
25
24
11
28
16
16
21
13
18
39
17
47
21
396
21
62
63
15
19
84
81
11
37
121
214
34
14
53
17
27
21
23
25
10
17
16
16
9
53
9
22
22
53
87
15
17
36
11
18
23
16
69
21
14
245
26
21
21
9
34
69
16
9
37
24
14
17
36
6
10
7
11
43
22
15
119
33
10
17
12
18
15
144
36
8
26
15
9
14
44
14
34
50
39
14
19
44
3
12
11
34
51
24
19
6
8
8
15
4
45
28
33
17
28
26
17
36
54
27
10
17
23
27
33
18
28
9
80
15
18
18
18
22
16
35
12
12
57
27
23
33
17
45
17
18
107
28
18
31
14
11
18
54
56
11
18
10
14
14
19
26
8
28
21
75
13
466
13
18
17
12
18
14
17
18
15
21
23
62
22
45
12
23
24
11
11
63
28
9
17
7
34
15
87
29
3
7
25
19
49
18
67
54
20
15
10
37
13
26
19
32
32
11
8
14
16
114
7
42
44
16
82
27
77
33
18
19
14
9
29
193
19
24
12
20
17
91
29
24
27
20
22
42
24
20
11
13
27
109
41
60
35
15
14
22
23
9
38
13
20
17
87
27
23
17
3
28
5
373
15
11
20
26
15
15
12
12
31
17
15
188
19
117
37
32
34
58
8
27
18
20
28
19
21
66
9
19
29
11
20
13
17
13
42
46
39
20
26
9
36
72
42
24
3
7
24
7
12
15
14
23
6
16
24
60
5
33
27
9
13
35
31
55
25
58
20
14
32
19
7
20
13
87
23
32
1552
11
29
14
22
29
13
11
18
36
23
9
16
17
90
19
21
11
65
11
23
24
9
36
13
24
66
32
17
19
45
18
23
18
17
9
29
10
6
18
21
14
20
21
62
7
87
24
36
21
100
9
11
46
53
16
47
27
29
29
8
16
10
16
25
12
28
28
16
13
26
46
13
16
10
10
17
20
37
11
10
56
44
18
20
10
36
32
18
24
10
220
76
28
50
24
44
36
31
23
12
24
24
20
12
32
16
27
15
18
30
17
113
15
22
27
11
39
14
21
19
12
22
36
10
40
30
33
16
10
17
15
17
72
19
7
28
17
7
19
10
7
67
23
220
12
54
5
14
50
52
96
45
15
25
12
15
24
23
41
12
71
9
13
49
55
10
46
28
14
28
17
125
4
15
13
37
17
88
31
26
32
10
11
10
28
10
30
23
6
30
6
11
26
36
23
24
45
12
12
16
22
17
12
48
89
15
9
17
19
8
28
43
40
23
65
67
16
170
21
13
40
17
20
103
18
14
1141
18
37
28
15
15
111
24
14
1
37
4
30
26
19
13
44
13
9
35
26
39
33
13
15
20
9
16
31
13
9
22
59
16
18
6
15
15
23
25
7
20
39
18
43
51
61
14
30
66
21
24
34
19
36
8
14
19
21
15
19
10
15
31
10
3
24
9
15
10
21
30
5
41
42
23
16
17
25
27
21
16
20
18
14
18
5
15
10
299
26
52
302
22
23
18
10
48
9
18
64
125
14
24
14
8
36
87
17
156
33
20
10
75
17
43
51
15
12
16
108
10
18
27
20
22
60
46
10
21
16
21
53
11
44
27
34
17
13
16
36
13
18
16
27
315
63
16
9
16
8
33
12
45
28
19
9
44
22
16
21
13
19
22
10
19
43
64
21
11
29
22
13
25
29
48
20
10
23
11
19
25
26
25
13
18
41
11
16
15
32
11
42
23
13
52
44
21
43
13
47
30
6
23
9
8
14
23
9
15
18
21
20
20
69
25
16
33
39
42
10
21
17
25
23
10
33
14
11
19
15
24
31
61
9
11
14
24
31
26
12
12
35
23
43
31
14
23
25
36
9
12
27
77
74
24
27
243
18
66
25
15
21
10
24
47
14
25
10
35
115
21
21
12
16
57
8
15
6
16
26
28
77
10
24
15
9
18
8
14
57
26
39
7
13
26
18
41
159
39
16
32
22
65
30
60
11
43
17
14
9
141
23
16
30
30
7
35
19
68
19
14
15
13
12
71
15
22
8
18
24
13
13
13
5
18
94
9
13
46
21
12
16
78
24
21
16
14
45
41
21
26
20
22
31
16
24
31
13
36
9
12
21
28
18
24
11
17
18
14
19
19
17
17
9
15
22
14
33
49
10
28
23
12
240
8
33
11
28
21
13
15
14
11
9
25
9
39
24
17
19
7
17
34
25
6
99
30
8
20
63
22
31
47
17
18
23
14
23
35
26
23
18
43
15
40
14
41
14
20
17
10
13
43
36
35
4
34
32
9
18
7
10
60
50
26
22
43
23
33
63
26
27
73
21
11
24
16
20
22
579
10
22
46
13
25
307
97
16
23
17
105
81
14
148
44
19
12
17
39
23
30
30
11
22
23
32
28
12
14
21
23
17
22
23
25
29
16
33
14
9
19
16
15
30
31
6
15
17
16
57
9
14
17
20
23
21
10
12
15
34
15
12
17
14
21
30
40
18
455
11
8
17
24
15
152
9
13
17
13
11
32
13
6
13
13
14
339
22
29
138
19
14
20
21
8
39
26
46
28
48
17
22
79
10
36
38
96
20
56
9
10
22
28
13
19
15
26
29
20
36
19
28
22
8
18
5
34
18
12
11
11
19
70
36
43
29
31
18
179
16
27
14
34
25
28
18
20
15
21
30
17
40
22
16
21
15
9
13
29
61
14
36
12
31
17
10
11
18
21
25
12
21
42
15
7
31
22
59
28
14
32
26
20
20
32
130
12
34
29
57
43
20
51
8
31
38
25
172
34
31
15
23
17
37
20
38
31
10
26
1250
17
16
43
31
19
10
14
31
14
5
16
8
16
22
26
12
4
64
20
24
28
7
22
35
274
9
18
34
26
15
28
78
23
11
14
33
25
30
15
12
18
15
37
18
18
162
20
10
14
24
30
30
176
18
9
8
43
11
20
13
14
19
38
21
152
14
55
5
23
14
104
25
13
24
16
16
18
12
32
16
21
18
21
12
21
39
19
17
11
15
18
4
57
27
46
17
26
15
44
52
16
8
497
9
31
25
24
25
14
39
15
10
18
21
11
14
23
13
21
15
14
62
20
29
68
17
12
24
15
24
31
34
109
53
28
59
16
9
39
22
39
21
10
43
30
58
23
15
28
19
21
34
11
10
48
7
9
29
181
27
23
13
12
36
22
17
64
69
12
18
27
61
10
33
23
22
8
26
28
6
22
14
25
45
9
22
44
49
10
20
56
8
26
10
31
16
17
29
24
12
15
34
59
37
24
15
12
95
19
13
25
12
6
72
16
14
28
13
13
12
120
21
26
26
24
81
8
124
13
25
25
12
25
28
69
21
10
10
8
5
17
15
25
31
25
15
11
11
85
43
15
27
38
11
23
8
20
17
36
16
39
32
22
43
22
72
76
18
24
22
14
27
23
26
46
25
19
40
17
11
13
12
29
14
15
12
14
8
12
19
15
24
7
16
44
16
20
16
44
16
16
41
31
16
167
15
1881
10
10
8
12
36
39
21
17
23
88
12
10
54
35
20
16
23
15
28
37
13
18
66
10
230
4
25
12
21
27
11
237
23
23
20
19
10
14
30
18
31
8
10
29
10
22
38
15
13
39
28
15
20
33
29
15
29
34
11
35
11
22
41
25
13
25
21
19
25
16
10
34
20
10
9
36
25
28
99
23
54
29
21
20
9
43
30
24
22
168
22
27
177
24
17
20
13
191
24
12
12
23
19
10
15
7
10
15
31
30
16
42
18
19
14
39
36
102
11
31
14
21
24
45
6
10
22
21
35
30
10
19
11
17
33
18
20
24
262
6
13
17
18
24
14
68
33
96
126
23
59
10
6
34
76
28
7
67
9
6
22
12
112
14
15
14
10
22
9
13
43
13
11
15
23
10
21
22
24
10
12
14
24
34
17
16
38
21
33
92
26
45
12
34
12
26
21
46
44
15
9
8
20
28
21
97
21
10
11
27
15
35
9
17
9
15
49
13
34
21
11
7
16
20
23
23
184
36
12
11
126
7
22
25
41
32
11
26
31
12
13
23
22
22
26
21
6
15
31
25
25
18
13
18
39
28
19
23
19
17
7
11
5
56
7
33
23
17
21
1057
7
18
14
18
26
21
16
15
14
21
32
8
6
113
22
23
17
16
29
20
14
29
22
4
31
25
98
27
18
27
13
12
18
7
16
13
23
24
23
40
24
15
21
20
42
38
20
11
11
10
51
31
26
24
13
12
23
28
318
5
16
3438
45
34
16
31
17
51
34
13
16
16
16
90
22
17
34
14
14
8
32
15
10
25
15
42
26
29
24
88
10
7
497
5
14
32
6
155
26
5
21
17
15
22
31
208
12
74
16
331
29
62
25
32
18
12
10
121
12
22
26
19
19
64
28
29
27
24
39
12
13
14
14
21
51
15
15
22
20
15
34
33
20
20
25
20
8
1447
26
87
10
9
40
18
57
15
18
15
30
23
11
23
11
24
15
36
31
30
11
6
24
8
33
9
17
36
8
11
17
17
30
11
22
129
138
39
17
21
16
11
20
12
14
56
17
13
20
42
24
73
20
5
12
10
15
6
19
28
13
6
11
16
15
13
86
34
31
24
18
12
32
40
372
15
10
6
29
10
51
22
13
24
23
9
33
18
12
12
19
13
21
66
23
82
15
14
52
38
189
6
19
37
12
14
11
24
27
42
41
11
10
9
28
15
657
31
42
412
16
14
83
19
15
13
15
21
44
21
22
22
8
64
35
29
29
14
62
8
5
7
29
8
13
69
22
31
43
18
16
25
11
17
34
34
27
21
118
40
20
15
12
26
20
12
15
28
20
18
18
68
46
55
32
13
44
42
11
26
17
25
29
30
17
26
38
26
67
59
16
22
10
72
10
11
29
35
13
11
24
211
19
35
4
11
4
5
14
13
21
24
56
15
78
20
16
41
29
4
56
45
13
11
12
15
10
10
28
12
44
5
19
13
29
23
23
19
10
30
28
36
13
31
148
34
25
27
57
15
23
22
20
39
7
27
27
13
19
25
64
11
21
14
15
10
23
27
43
10
28
16
9
145
17
35
12
7
375
58
31
21
23
25
18
12
30
19
16
1588
7
39
43
21
30
20
96
1511
12
30
21
18
11
67
21
25
728
18
37
48
6
464
11
12
19
29
14
14
32
18
14
22
15
10
28
15
18
53
21
20
14
17
18
14
20
41
51
19
35
26
24
12
77
7
26
12
5
14
23
14
17
12
12
42
39
19
19
22
47
22
9
12
5
16
23
17
33
8
18
21
100
7
9
269
17
43
8
14
35
27
21
14
33
8
14
13
8
22
242
20
32
10
51
66
25
19
57
22
10
26
45
93
15
46
10
18
29
18
69
11
14
11
122
13
21
28
63
30
18
16
26
49
59
13
25
18
11
53
26
33
10
17
8
13
23
27
29
24
29
97
13
28
25
11
32
11
63
11
34
10
50
344
8
25
32
17
11
49
18
18
9
19
32
19
21
21
18
31
15
31
24
13
8
16
30
9
23
37
11
87
49
7
48
47
11
26
6
12
20
13
13
26
18
15
30
28
9
16
15
55
16
20
39
29
18
10
22
18
17
23
26
31
24
46
15
8
34
15
18
16
11
6
8
29
20
16
55
16
33
13
7
16
20
12
65
13
14
34
13
26
24
46
29
46
7
38
38
12
20
55
42
25
12
37
25
39
10
9
13
11
13
20
17
14
8
15
17
23
12
20
86
18
17
13
35
17
54
10
31
15
19
140
13
11
7
7
69
16
10
20
14
289
61
14
19
12
64
8
28
21
11
13
7
40
19
102
31
79
7
13
24
12
26
31
11
29
14
16
26
11
15
10
20
43
13
22
25
11
24
25
23
22
4
8
19
19
35
29
153
23
20
21
15
37
14
17
41
27
20
31
50
22
23
25
14
17
12
45
12
30
21
13
163
24
13
19
20
18
203
11
17
21
15
14
19
18
18
20
18
19
13
17
47
33
7
22
22
25
5
21
17
65
14
15
27
30
9
10
23
41
47
69
17
21
5
15
9
13
23
17
24
19
21
16
15
13
60
9
11
24
19
29
31
963
13
46
33
16
13
34
65
12
56
10
8
13
22
16
168
7
7
18
26
46
19
3681
20
4
23
134
23
16
375
36
35
12
12
27
7
21
26
13
47
853
23
26
35
27
48
31
8
19
39
5
25
19
18
28
19
10
13
13
13
19
20
16
21
11
118
17
17
21
43
6
18
17
14
21
9
15
18
30
26
16
8
13
12
37
9
21
241
15
21
12
28
15
8
20
26
33
52
12
15
6
30
9
28
34
8
16
16
23
32
30
178
24
11
564
7
11
16
20
17
68
19
50
20
12
13
26
19
18
9
16
6
30
54
9
24
14
16
18
13
12
11
17
42
14
9
16
19
29
16
51
26
17
24
36
33
47
25
16
17
13
11
11
9
23
15
23
10
11
13
17
16
41
15
54
34
13
13
21
29
16
48
14
17
12
54
12
8
48
8
19
14
10
182
31
14
100
25
12
116
16
39
16
41
14
31
12
6
19
21
60
18
15
14
6
23
18
16
10
184
18
7
27
49
13
13
10
8
20
16
21
6
14
16
20
69
10
25
20
139
9
31
31
23
21
26
38
25
30
54
24
80
26
20
35
10
8
15
40
20
17
7
41
17
15
20
9
15
17
15
18
17
22
16
26
13
17
21
26
60
11
29
517
19
18
44
27
42
14
30
6
15
11
35
9
14
10
20
24
72
19
24
18
44
17
42
30
15
21
36
22
20
12
5
36
11
21
17
52
13
117
18
7
111
233
84
11
51
136
8
22
19
46
10
8
18
13
16
43
21
29
17
11
15
44
215
5
32
17
14
32
23
7
16
10
31
11
19
25
14
21
18
62
15
52
43
15
13
19
69
64
12
24
21
31
9
41
19
62
50
43
5089
11
35
9
18
44
24
10
35
44
8
44
23
68
14
37
29
34
8
25
14
22
21
10
24
34
17
18
18
9
46
277
20
32
23
14
16
52
24
13
59
51
10
19
24
22
133
14
54
12
224
100
10
10
44
8
29
10
21
47
27
22
52
67
13
35
16
132
34
46
30
39
33
13
451
23
5
25
20
13
38
89
1693
11
24
17
21
86
12
22
10
22
9
21
50
92
6
11
21
13
14
17
29
9
5
25
15
65
28
35
12
10
60
75
12
20
10
23
7
123
18
19
11
30
57
8
33
239
18
95
17
23
43
8
15
16
0
17
10
25
9
4
15
23
28
11
7
27
12
54
8
30
35
75
26
15
6
64
16
19
25
19
21
7
19
14
18
29
40
17
3
68
15
24
20
22
9
23
30
21
17
35
7
32
27
31
39
35
13
30
18
15
17
42
11
42
19
22
5
27
39
25
65
13
22
42
7
58
44
31
9
5
19
21
8
18
10
39
72
11
13
7
18
45
38
300
18
7
10
16
22
52
180
36
11
20
10
90
7
13
29
17
27
77
12
15
26
31
9
40
13
28
60
53
51
135
13
4
16
27
22
17
12
45
18
15
26
37
27
17
21
20
21
27
36
23
18
17
12
19
7
440
16
7
23
46
9
20
13
78
250
99
13
25
17
41
14
21
22
35
24
35
24
392
36
21
39
13
10
34
17
14
9
18
28
252
37
29
17
11
18
89
25
142
35
47
14
13
61
21
15
18
12
14
13
25
20
31
30
12
15
21
18
17
4
15
18
22
10
11
27
4
17
11
14
50
29
120
69
14
26
6
27
22
21
10
21
4
235
18
313
19
10
28
74
16
15
18
28
124
13
10
19
11
29
22
11
31
7
23
34
14
19
56
27
28
22
17
18
21
15
24
8
20
13
22
18
18
11
13
15
11
16
25
23
12
16
13
15
18
5
24
27
11
12
35
25
23
9
10
31
20
26
17
26
10
45
15
22
54
11
12
91
140
14
19
25
8
25
12
27
58
24
16
18
24
34
30
13
5
73
29
13
23
17
109
27
10
42
518
18
56
14
23
36
18
21
8
18
23
62
29
48
32
16
13
26
12
15
12
413
38
10
22
123
7
20
51
64
20
15
17
27
70
24
10
38
48
9
30
19
32
17
17
14
24
36
28
36
13
14
13
29
13
46
44
17
25
30
23
16
511
82
14
33
57
24
9
11
12
22
22
22
33
15
18
15
29
22
163
23
23
20
13
20
22
31
25
32
30
14
4
37
22
68
1294
19
55
19
10
27
8
14
18
7
25
13
13
23
11
12
6
27
27
10
49
26
19
78
25
14
32
13
24
42
23
28
14
14
17
35
22
45
14
16
7
5
25
11
12
23
32
28
33
11
10
32
17
15
349
32
78
35
15
8
15
47
19
55
30
38
53
22
46
19
24
94
22
299
13
30
10
29
16
102
80
16
15
35
55
26
12
99
45
10
8
25
16
14
16
20
22
9
13
32
30
27
80
10
15
20
21
11
43
20
15
21
40
32
50
14
14
34
32
16
21
11
12
88
11
615
43
12
96
14
21
18
36
12
15
17
21
24
17
10
24
38
18
14
15
27
15
19
9
11
19
21
20
29
15
26
23
25
15
14
15
4
48
22
31
31
24
65
12
68
28
24
55
33
11
15
26
20
14
49
154
25
19
10
20
25
10
18
19
37
7
12
16
33
11
16
32
27
39
9
49
26
72
36
16
12
42
19
28
32
52
12
15
17
107
37
15
21
24
33
16
17
13
17
13
27
29
37
13
11
39
13
15
19
5
78
22
18
35
16
19
71
10
20
16
18
51
16
9
23
12
23
30
57
10
12
14
38
7
12
37
37
41
19
35
36
10
41
58
7
12
14
69
18
23
19
23
28
17
52
12
15
8
24
32
28
50
31
32
16
49
18
29
9
20
12
15
60
11
45
154
22
24
26
16
8
19
38
18
48
15
18
69
33
12
20
19
8
19
19
18
19
13
12
19
13
15
15
10
179
11
14
38
11
12
10
65
6
20
5
12
6
9
29
21
27
7
21
16
20
12
17
34
24
17
14
16
15
31
19
22
12
17
15
32
23
14
76
56
24
7
23
16
28
13
14
57
58
19
7
12
10
33
12
28
21
9
448
9
27
19
21
10
20
41
15
7
25
72
18
79
46
254
24
18
40
110
29
23
9
52
13
16
17
18
12
21
12
23
6
11
20
7
19
23
10
21
19
19
22
15
23
43
11
20
42
35
18
24
19
9
27
32
16
36
68
11
12
17
36
28
9
20
13
36
13
20
62
13
30
71
12
13
95
18
35
30
26
35
12
7
750
21
28
20
19
41
23
22
71
55
27
17
20
28
33
29
25
13
15
14
11
15
15
14
12
15
17
17
16
40
29
14
64
20
99
14
38
14
7
20
15
14
19
11
15
83
12
21
24
16
14
87
21
22
12
22
19
24
8
11
19
17
35
20
9
14
188
16
26
22
19
26
30
7
7
36
56
78
33
28
16
67
9
8
354
14
17
11
19
97
283
24
40
15
28
16
26
16
27
69
36
11
28
21
21
21
15
62
13
15
20
11
42
19
15
40
39
14
15
30
28
26
13
24
23
27
17
6
14
24
17
12
9
20
97
21
54
46
17
10
625
14
14
34
363
15
15
14
33
37
33
8
21
16
25
38
27
42
11
13
48
15
9
30
20
6
15
14
32
28
21
15
39
10
25
12
38
29
33
15
15
14
158
23
24
13
17
8
27
69
17
46
23
10
174
38
8
19
24
10
29
21
35
34
25
39
32
24
25
16
28
21
14
20
14
27
13
67
26
5
6
56
19
25
34
18
6
143
41
77
10
18
10
35
35
16
14
34
9
21
14
118
33
23
34
15
15
75
15
12
22
25
32
24
33
10
4
9
347
16
8
9
18
25
9
22
13
11
7
18
21
21
29
18
79
12
49
17
22
10
19
8
48
19
8
13
8
14
15
18
22
28
10
23
32
46
19
18
16
20
10
11
20
29
13
11
23
11
15
71
19
16
28
163
13
14
33
7
4
11
13
16
13
22
138
10
13
22
16
32
11
27
29
26
19
42
16
14
35
19
18
4
16
10
20
17
43
24
39
15
30
15
16
11
14
14
15
26
15
34
17
18
8
13
24
13
11
22
10
32
26
211
30
28
8
15
24
38
43
24
25
31
13
21
24
17
21
23
12
20
23
68
25
40
14
65
38
7
15
25
15
9
30
16
14
41
13
16
9
16
20
10
23
4
13
54
18
13
12
8
18
21
38
17
15
15
19
19
25
25
28
17
24
90
577
13
63
16
16
33
45
25
30
33
15
240
14
87
7
62
20
24
14
35
33
26
20
88
13
23
32
8
16
20
56
63
10
17
23
22
15
64
18
8
62
30
29
18
9
17
7
11
22
17
20
10
17
14
12
21
27
28
85
38
64
19
8
28
14
17
67
4
32
12
18
18
12
15
25
27
9
14
30
18
14
10
25
11
26
16
62
35
32
28
32
19
26
35
22
15
101
10
60
47
29
12
32
12
20
57
11
35
52
19
22
7
40
32
11
67
22
32
18
19
20
7
101
49
19
13
43
24
16
19
62
10
34
23
97
70
12
45
24
27
7
23
12
13
19
11
11
8
28
825
30
19
15
13
27
25
9
14
15
40
8
30
11
19
15
17
7
8
15
14
211
35
24
28
5
36
19
18
21
24
74
21
9
22
18
6
12
21
12
13
61
25
12
46
14
105
11
21
5
28
30
9
12
25
75
15
51
14
39
35
21
24
10
20
22
36
71
10
7
20
15
46
11
16
159
32
16
2
11
22
58
25
52
65
20
24
22
21
17
12
18
24
19
9115
19
20
116
27
17
21
43
7
19
23
15
17
16
26
15
19
15
19
275
20
17
11
19
8
20
29
48
20
36
22
24
24
7
32
29
15
46
18
14
27
15
388
20
22
13
8
14
17
25
17
22
33
21
19
60
31
52
25
29
17
8
50
584
16
196
26
14
19
30
22
20
13
22
31
9
18
23
22
41
17
26
16
18
8
66
102
24
8
24
5
23
58
56
13
24
15
36
19
30
33
44
18
22
149
35
10
40
11
14
12
5
27
14
19
80
10
13
49
26
28
72
29
31
53
17
14
11
24
12
15
687
31
14
43
34
4
51
211
19
21
37
22
7
29
10
18
12
7
27
18
20
11
13
15
28
17
12
11
13
14
4
26
17
55
42
108
12
16
10
12
21
21
20
11
8
29
4
23
27
74
21
14
16
18
17
6
13
31
31
75
23
18
22
30
28
36
33
20
33
13
14
39
15
37
18
36
26
23
14
21
31
13
68
39
12
18
15
24
45
15
16
12
17
17
28
18
21
11
22
18
8
106
71
20
13
10
17
18
17
12
15
6
20
16
59
4
20
24
135
22
11
25
38
27
26
7
15
53
44
14
20
16
15
25
10
14
23
