8
21
16
12
9
7
12
2
21
12
5
24
11
2
14
6
10
5
15
20
18
7
7
38
2
17
6
29
3
5
7
0
13
7
13
3
6
19
14
19
11
9
11
16
13
12
14
13
14
11
4
11
4
11
9
40
7
2
24
8
24
36
5
13
14
18
15
5
22
13
6
3
22
11
19
19
15
8
17
8
7
14
8
10
6
18
65
27
6
11
7
11
6
8
8
3
9
9
4
10
8
8
9
5
4
2
4
14
6
9
8
11
4
12
9
14
21
6
19
12
10
18
9
6
10
4
6
9
6
10
5
22
27
7
5
14
13
10
10
21
8
10
15
7
15
13
6
17
7
4
17
18
38
12
6
13
9
7
7
6
16
10
8
20
9
50
8
8
15
30
3
12
26
7
7
16
13
38
10
16
9
39
6
7
6
16
5
10
19
3
247
20
13
38
8
17
53
2
6
8
7
31
10
3
14
62
14
59
19
10
23
10
8
8
10
11
4
7
134
15
10
14
5
10
2
7
2
8
12
9
10
7
7
8
12
10
7
15
9
13
2
11
6
8
6
8
18
21
8
25
14
12
11
11
11
20
15
14
8
9
31
24
11
21
5
4
27
13
6
7
2
13
5
7
21
12
20
152
16
2
14
3
14
5
5
6
19
15
17
6
6
10
14
3
7
5
5
16
2
13
16
35
26
8
4
13
5
20
8
4
3
8
6
15
17
15
12
7
12
2
8
3
6
124
11
10
5
19
16
10
7
20
6
18
4
12
9
10
17
11
2
12
56
7
33
20
6
10
7
5
8
8
8
5
22
26
3
7
3
4
7
18
13
11
8
16
5
46
23
7
3
13
9
8
24
8
14
20
20
12
12
2
9
6
8
9
19
9
7
12
30
8
14
8
15
7
2
6
4
13
11
21
56
5
10
25
3
11
10
56
24
22
220
1200
7
29
14
24
14
9
7
7
12
8
6
5
12
6
1
29
17
16
10
3
4
83
52
4
13
17
11
8
7
13
9
6
17
8
9
21
76
7
26
10
11
12
5
10
25
7
4
3
12
4
15
2
31
6
4
11
8
7
19
8
21
16
12
9
7
12
2
21
12
5
24
11
2
14
6
10
5
15
20
18
7
7
38
2
17
6
29
3
5
7
0
13
7
13
3
6
19
14
19
11
9
11
16
13
12
14
13
14
11
4
11
4
11
9
40
7
2
24
8
24
36
5
13
14
18
15
5
22
13
6
3
22
11
19
19
15
8
17
8
7
14
8
10
6
18
65
27
6
11
7
11
6
8
8
3
9
9
4
10
8
8
9
5
4
2
4
14
6
9
8
11
4
12
9
14
21
6
19
12
10
18
9
6
10
4
6
9
6
10
5
22
27
7
5
14
13
10
10
21
8
10
15
7
15
13
6
17
7
4
17
18
38
12
6
13
9
7
7
6
16
10
8
20
9
50
8
8
15
30
3
12
26
7
7
16
13
38
10
16
9
39
6
7
6
16
5
10
19
3
247
20
13
38
8
17
53
2
6
8
7
31
10
3
14
62
14
59
19
10
23
10
8
8
10
11
4
7
134
15
10
14
5
10
2
7
2
8
12
9
10
7
7
8
12
10
7
15
9
13
2
11
6
8
6
8
18
21
8
25
14
12
11
11
11
20
15
14
8
9
31
24
11
21
5
4
27
13
6
7
2
13
5
7
21
12
20
152
16
2
14
3
14
5
5
6
19
15
17
6
6
10
14
3
7
5
5
16
2
13
16
35
26
8
4
13
5
20
8
4
3
8
6
15
17
15
12
7
12
2
8
3
6
124
11
10
5
19
16
10
7
20
6
18
4
12
9
10
17
11
2
12
56
7
33
20
6
10
7
5
8
8
8
5
22
26
3
7
3
4
7
18
13
11
8
16
5
46
23
7
3
13
9
8
24
8
14
20
20
12
12
2
9
6
8
9
19
9
7
12
30
8
14
8
15
7
2
6
4
13
11
21
56
5
10
25
3
11
10
56
24
22
220
1200
7
29
14
24
14
9
7
7
12
8
6
5
12
6
1
29
17
16
10
3
4
83
52
4
13
17
11
8
7
13
9
6
17
8
9
21
76
7
26
10
11
12
5
10
25
7
4
3
12
4
15
2
31
6
4
11
8
7
19
34344
3
7
26
86
29
9
7
10
21
4
3
8
5
7
2
12
18
12
10
9
9
12
4
7
25
7
9
8
5
15
5
5
10
7
42
6
12
3
16
15
4
9
5
9
6
9
17
18
18
7
49
10
11
9
281
12
18
7
4
8
12
21
45
5
8
5
7
47
10
45
8
7
7
3
12
16
2
5
3
50
23
7
6
15
22
4
10
10
12
3
3
34
19
19
4
12
7
30
6
9
13
12
8
8
24
12
8
11
6
11
7
10
16
9
61
11
1
9
39
8
5
17
11
6
37
6
3
4
155
40
11
12
5
14
12
15
11
13
84
13
7
8
3
10
8
7
1
7
6
4
4
25
8
5
11
7
16
15
5
17
10
27
82
7
1
9
8
31
6
10
15
10
8
13
8
18
8
10
25
11
4
23
11
4
18
9
5
15
3
17
19
18
2
1
19
6
5
62
11
14
7
18
9
21
232
5
10
7
4
13
15
5
12
60
10
33
2
32
12
5
9
4
5
10
46
30
20
24
5
21
10
10
13
15
4
4
10
6
25
8
255
11
7
4
23
16
12
8
8
10
41
18
7
71
12
4
26
12
17
10
8
5
3
16
18
10
4
8
13
12
19
12
9
6
15
16
14
9
5
31
37
20
9
13
165
24
6
18
14
6
6
12
51
6
13
7
10
14
15
7
7
9
15
8
33
10
6
12
7
6
15
8
6
17
8
21
4
2
5
6
4
12
5
7
9
13
12
9
13
13
5
3
8
56
6
10
41
12
7
2
5
14
5
13
15
12
4
12
25
2
18
19
11
22
2
14
13
9
32
12
16
2
11
11
5
7
6
9
6
23
5
6
5
4
18
3
9
50
2
33
2
13
5
22
8
5
3
14
16
15
8
15
9
20
4
9
11
7
50
10
7
4
19
31
10
8
19
4
3
67
3122
8
30
6
2
10
10
12
13
5
13
11
8
14
24
21
29
3
5
14
7
10
6
2
5
10
16
11
14
15
9
24
9
11
6
8
7
12
12
3
6
6
32
16
13
3
27
10
16
6
4
3
14
19
7
4
30
4
3
4
14
10
2
31
18
9
11
14
14
9
5
23
9
8
14
5
9
69
18
13
6
7
3
11
15
6
7
3
6
8
15
3
8
5
4
3
10
5
7
20
12
20
19
19
4
12
6
7
6
16
6
18
28
22
4
15
10
2
10
11
25
9
11
7
35
42
5
7
10
5
14
23
26
10
6
31
14
5
17
9
9
30
7
6
18
9
6
17
8
16
9
2
103
6
29
3
8
10
9
19
9
6
12
17
17
18
28
4
5
14
15
7
8
8
6
5
8
8
11
4
9
8
5
3
18
21
17
8
9
8
40
7
10
8
6
9
22
21
22
10
6
9
10
5
24
73
3
98
11
9
10
9
15
73
4
14
10
7
41
23
48
16
10
64
9
33
9
17
5
10
21
10
12
8
2
4
13
7
4
16
4
14
11
2
8
9
10
12
3
11
19
5
15
2
6
6
9
9
7
2
17
7
44
24
4
6
9
27
9
5
39
6
8
7
6
9
8
11
19
12
19
23
11
11
35
13
10
20
16
3
8
14
7
7
24
11
10
6
10
19
6
14
6
5
13
34
10
17
6
14
18
10
6
8
16
17
28
7
17
11
17
78
10
6
11
11
6
16
4
9
7
8
10
8
59
15
15
8
6
2
2
24
11
21
18
3
6
10
10
10
5
10
9
6
18
2
12
6
8
10
2
8
22
161
14
80
7
6
3
8
5
12
5
235
16
3
8
11
13
14
15
9
21
16
9
16
13
10
9
3
9
4
62
6
15
9
14
21
16
7
4
7
9
13
6
42
3
5
16
1
15
7
27
36
39
13
3
18
11
19
8
16
7
14
22
14
17
8
46
21
9
16
15
3
16
9
2
45
9
11
15
6
73
60
2
139
10
9
4
45
14
6
4
6
4
26
16
4
5
15
3
5
9
9
15
12
6
11
12
9
15
8
13
14
10
8
11
16
11
4
13
9
7
13
7
6
7
17
27
5
9
11
4
5
6
7
2
25
29
9
12
7
12
2
8
14
7
5
9
5
4
30
15
14
25
5
4
9
6
16
15
39
9
10
7
24
5
6
19
8
10
10
8
9
5
23
23
15
5
2
15
15
14
15
12
1
19
6
16
9
79
10
24
6
1
8
11
14
9
17
5
6
13
5
5
3
13
18
40
19
5
9
15
11
3
7
20
13
15
9
7
11
7
15
3
8
22
10
9
9
4
16
9
9
14
8
7
84
10
34
15
7
5
11
21
23
7
20
8
10
12
18
11
3
5
4
12
8
8
8
13
54
7
29
18
6
11
13
22
7
21
6
8
26
3
26
16
9
5
15
5
6
28
10
6
67
6
6
10
28
7
19
25
4
6
13
10
17
12
7
24
10
14
48
9
41
31
4
10
9
4
17
26
14
4
11
8
16
11
9
20
8
12
17
18
9
9
4
7
19
42
15
10
7
7
13
14
23
46
29
10
11
8
5
9
8
8
30
12
22
28
16
4
12
7
7
15
9
6
2
6
14
8
3
8
11
2
10
7
6
8
16
10
19
7
63
5
17
7
12
7
6
10
10
7
9
35
7
6
7
21
7
29
30
6
11
17
13
32
11
4
44
15
13
19
10
19
32
6
15
11
14
22
18
18
7
7
8
41
15
14
5
23
12
15
3
24
9
6
11
39
18
9
27
16
14
13
10
4
14
10
16
8
21
14
10
3
6
13
9
22
4
4
9
18
14
8
15
16
22
12
22
17
26
50
5
7
15
13
9
42
10
19
3
32
8
4
12
12
7
4
22
8
17
29
2
36
9
13
1
26
4
13
10
9
6
201
16
8
12
9
19
7
12
2
9
5
6
8
35
6
12
19
10
53
24
8
28
2
18
3
4
19
19
9
11
9
9
15
8
6
24
18
73
6
16
10
78
101
14
5
7
11
7
7
9
9
32
14
9
9
3
8
11
15
16
3
13
7
11
14
20
7
32
6
27
12
6
17
7
6
10
8
10
7
13
9
10
10
6
2
2
5
61
10
13
10
8
13
7
2
3
17
9
9
16
4
9
5
16
2
15
6
7
13
4
5
34
20
6
4
9
2
5
15
15
9
16
6
7
10
14
10
5
9
9
11
8
9
3
7
5
3
16
11
6
7
14
3
9
13
8
2
21
11
13
69
17
1
1
22
43
5
8
6
9
8
9
17
4
15
26
5
15
11
11
12
11
47
22
8
23
24
5
4
11
7
11
4
6
9
7
12
9
3
6
24
4
1
7
5
6
6
5
56
2
10
8
10
11
27
4
9
10
8
5
12
13
13
8
23
5
5
8
9
22
6
8
20
6
4
14
8
11
7
21
7
9
12
10
9
12
20
13
8
9
5
12
85
14
10
27
9
6
4
6
41
2
9
4
10
10
15
12
98
7
11
5
4
23
20
14
2
17
14
13
7
11
10
9
7
1
5
22
6
1
4
12
10
13
12
19
11
5
33
5
20
11
6
7
11
13
10
12
35
13
17
6
11
4
10
8
14
18
5
7
5
21
20
10
24
21
10
23
13
52
8
8
12
8
6
3
17
22
9
54
5
28
9
1
23
4
24
4
4
20
14
10
19
9
9
8
13
8
9
11
16
18
10
17
7
16
12
13
9
8
15
15
29
7
38
4
8
29
10
17
6
1
8
13
5
14
4
20
4
10
24
6
6
15
19
15
10
6
2
12
40
4
25
4
13
14
5
3
9
9
7
66
30
12
19
7
32
11
8
13
3
31
14
4
4
10
30
9
6
12
2
3
21
6
16
9
9
3
106
3
10
26
7
4
13
7
13
2
5
31
4
10
6
12
12
6
3
7
24
11
7
16
13
31
2
28
17
25
5
19
7
8
12
10
4
16
9
14
6
10
12
93
11
7
9
45
9
6
11
21
10
3
6
11
5
6
21
7
31
11
7
16
57
9
6
15
18
13
16
12
2
7
19
8
220
5
9
35
5
6
13
10
12
7
13
7
7
9
7
13
12
18
8
44
12
8
25
14
25
101
5
41
7
17
8
2
17
13
10
12
6
11
13
8
28
30
11
16
38
82
36
6
9
15
9
19
13
11
7
17
5
8
11
5
34
8
15
12
21
4
17
16
4
11
6
167
23
15
19
2
6
15
4
3
9
15
11
5
17
11
4
6
14
2
5
13
34
15
18
7
27
14
72
20
10
12
11
10
8
7
6
13
7
10
14
7
14
3
14
12
17
11
9
24
5
10
20
17
7
115
23
5
7
7
20
12
11
7
11
3
18
4
10
12
51
7
6
12
14
24
6
818
14
9
16
53
8
5
9
27
6
5
12
6
14
9
4
26
6
13
5
15
18
12
29
10
12
10
10
12
7
46
5
9
11
12
10
32
4
9
9
7
21
13
29
43
22
9
17
19
27
14
14
7
20
8
9
17
22
23
7
2
4
2
4
13
9
9
9
286
8
9
14
3
5
13
8
8
4
22
7
20
7
14
20
2
105
4
15
7
9
4
21
15
9
9
18
14
25
14
8
8
52
8
4
32
9
9
34
6
10
35
7
27
10
20
4
20
6
2
10
6
19
4
6
34
9
11
27
23
7
9
28
13
62
54
15
9
10
9
9
8
9
9
10
10
9
7
5
16
11
10
7
7
12
18
2
6
31
30
0
15
9
12
12
12
10
16
2
9
49
12
13
4
8
28
11
5
5
2
20
18
24
18
5
6
10
12
2
8
13
11
6
16
8
6
6
11
3508
9
9
3
18
27
4
12
3
18
24
20
16
19
5
12
11
22
18
10
5
6
19
9
35
11
28
12
7
12
1
6
8
8
7
13
13
3
6
28
4
5
10
21
38
49
9
6
9
4
16
4
27
39
20
8
18
6
18
8
6
2
6
9
18
23
35
17
144
6
9
10
10
10
6
10
14
13
14
5
2
10
3
8
7
13
4
7
37
8
4
16
9
15
30
15
4
6
13
7
7
7
6
5
17
8
22
64
15
7
6
10
11
15
8
9
7
5
7
9
10
46
11
10
8
3
9
9
6
5
8
4
29
6
13
8
8
6
12
5
5
17
8
13
9
11
55
24
9
12
14
16
9
13
10
11
30
8
12
10
38
4
11
4
21
7
3
7
6
11
6
6
8
0
9
13
16
9
30
11
29
6
2
7
6
3
11
8
5
14
14
3
13
12
5
7
4
15
16
14
98
21
6
8
6
17
10
13
7
21
15
9
11
21
7
10
15
13
3
8
7
6
19
17
17
5
153
4
17
12
8
5
3
33
18
6
1
23
79
10
4
14
9
12
17
5
12
8
8
10
4
5
11
16
17
10
3
11
10
26
15
42
8
11
3
8
14
6
10
7
16
11
3
8
10
4
8
6
13
15
7
7
6
81
108
31
6
8
18
5
28
14
23
19
3
6
13
12
8
3
7
21
6
1
56
15
7
9
10
7
3
13
20
12
10
40
16
10
34
7
5
6
8
16
4
4
4
14
3
8
26
11
11
12
12
9
10
1
6
13
11
13
14
162
6
10
4
10
7
7
10
26
9
53
22
30
22
7
15
516
4
13
13
8
9
10
6
4
14
7
10
10
4
12
20
13
6
8
20
11
13
19
13
23
9
8
24
29
31
7
31
10
11
3
7
9
7
13
17
6
7
7
37
8
11
30
33
9
22
9
10
7
8
10
8
6
26
7
4
6
7
9
7
6
15
13
11
10
7
1
6
9
27
4
6
6
5
18
17
7
10
22
8
7
13
25
6
3
25
12
19
14
6
7
9
6
5
16
6
16
7
9
9
10
11
8
93
14
7
9
11
11
15
6
5
39
11
19
12
11
16
4
7
8
7
10
14
5
7
31
3
8
14
28
8
11
11
23
6
7
15
4
11
10
17
12
22
198
9
8
11
19
18
17
5
7
7
27
9
25
19
10
29
2
29
15
9
8
18
12
4
31
8
10
33
16
7
3
35
4
23
13
21
261
11
9
2
12
16
6
11
11
5
10
15
23
9
5
14
13
11
7
10
13
10
10
19
5
12
6
9
11
4
5
13
3
8
4
9
11
8
19
11
10
8
1
53
16
15
6
24
9
12
2
4
28
4
5
7
99
7
19
21
7
13
8
8
17
6
4
16
13
61
11
19
14
11
13
7
7
41
17
12
7
7
3
19
15
4
5
17
11
12
4
4
32
22
5
5
10
18
9
8
16
64
9
23
11
27
6
9
24
5
6
36
3
109
15
5
7
12
6
8
4
3
16
14
6
3
16
7
23
2
18
11
12
6
10
10
10
109
8
17
5
14
15
1
8
6
56
3
11
28
19
11
23
3
6
6
12
48
232
141
4
32
3
7
5
41
8
109
11
4
9
4
5
7
6
21
35
9
12
5
23
19
8
164
8
22
5
10
16
7
8
17
22
1
11
6
7
27
27
19
21
5
6
9
10
17
24
33
6
8
14
34
9
15
5
3
9
66
9
16
8
7
13
7
15
10
17
12
13
15
7
38
1
13
3
12
2
4
12
10
7
14
5
18
7
5
7
8
3
23
29
12
4
25
2
6
8
4
9
48
13
4
8
12
10
13
12
69
7
15
58
6
5
13
6
8
7
14
8
10
5
6
13
28
9
14
16
11
0
20
13
19
6
8
12
5
12
9
14
6
12
9
13
0
6
4
3
9
8
6
10
13
12
2
14
8
7
11
12
9
9
8
36
12
7
14
15
23
3
8
6
10
11
14
10
15
22
6
12
7
8
5
4
4
3
18
12
21
8
22
25
18
29
7
8
16
45
0
9
5
7
10
15
12
6
14
19
14
5
5
10
3
5
4
0
48
3
6
11
8
7
13
12
15
8
3
41
2
12
0
3
5
14
4
7
5
10
6
9
6
9
7
21
9
12
9
33
17
13
4
7
18
2
9
5
17
9
8
8
5
6
6
507
24
22
3
15
23
4
7
15
15
7
8
8
12
13
14
7
56
10
5
4
28
22
90
56
27
11
27
88
6
0
18
11
4
4
4
8
5
9
13
4
12
3
11
8
16
4
8
11
7
16
19
7
10
2
26
20
11
4
7
8
17
5
5
2
30
8
3
4
4
6
7
22
10
22
9
10
8
6
11
4
8
9
31
22
1
17
15
18
15
15
269
13
9
9
15
6
5
75
25
14
6
7
15
6
9
5
2
10
7
5
5
5
1
23
6
9
5
9
8
8
17
17
10
6
2
282
8
14
4
12
7
12
83
6
2
15
17
16
1
19
51
9
31
9
34
6
7
4
12
7
9
11
4
16
9
10
14
9
3
8
17
11
9
12
7
7
4
7
15
32
11
3
9
31
3
7
9
4
19
6
6
14
10
6
6
6
7
4
16
9
8
6
7
9
9
2
4
7
10
7
14
30
15
8
5
9
153
7
71
45
5
334
4
18
4
5
9
46
119
46
23
23
12
3
7
3
17
13
8
5
4
2
3
38
21
8
25
1
13
5
3
7
6
20
8
1
8
6
9
11
22
2
5
4
14
4
7
2
24
10
8
118
6
5
8
14
31
9
16
3
21
5
7
9
9
18
22
380
10
7
7
6
9
5
7
10
9
8
8
7
2
21
4
14
7
695
3
14
9
7
5
9
12
7
17
13
12
10
9
15
5
13
12
16
7
18
26
6
49
8
32
6
5
8
12
19
4
10
22
8
10
7
7
4
6
7
6
7
34
8
11
9
17
23
15
23
288
8
4
14
7
13
10
3
10
1
6
6
8
11
18
5
23
28
8
14
42
13
41
22
56
14
3
16
9
4
36
9
21
21
4
6
9
20
5
26
7
4
6
3
6
10
9
12
5
13
8
3
12
19
17
15
9
26
28
2
38
16
4
24
14
7
28
4
18
22
12
24
12
10
3
9
16
9
11
10
10
4
6
4
9
9
5
3
10
12
10
28
21
19
25
2
14
4
14
18
15
25
6
29
9
18
9
4
9
9
14
26
9
14
7
9
8
13
30
7
2
4
7
28
7
11
22
10
12
4
7
13
1
7
28
15
12
7
5
22
10
16
24
21
5
128
11
5
58
2
14
7
11
5
4
22
9
15
7
12
23
33
101
6
5
8
5
12
13
14
16
80
6
4
10
7
10
6
16
7
3
14
4
14
6
17
8
4
15
3
104
9
6
7
18
18
18
9
8
6
15
7
6
35
16
9
9
21
12
9
26
9
13
2
16
5
15
9
4
30
16
8
16
6
11
15
15
5
10
8
9
8
7
9
29
4
13
6
18
9
6
8
25
51
2
6
7
11
5
12
11
10
7
16
4
41
6
9
23
13
11
31
22
17
10
10
8
10
7
6
4
42
11
14
10
38
10
7
9
10
11
22
7
12
4
15
10
15
10
7
19
18
8
9
14
2
9
5
13
9
31
17
5
2
7
6
9
15
9
3
10
16
4
9
18
8
35
3
5
6
6
3
24
73
7
9
6
5
22
34
6
7
10
6
9
16
32
6
10
19
9
9
12
23
8
6
7
9
4
10
21
57
21
11
25
46
9
5
27
20
7
15
3
6
9
35
1
23
6
7
9
8
5
26
9
13
15
7
12
8
13
6
11
11
16
5
6
8
14
47
14
11
13
13
7
10
88
7
8
7
11
12
7
15
3
24
5
12
33
19
13
7
5
4
10
5
6
16
16
8
8
7
5
12
3
7
10
5
11
13
19
10
10
0
15
4
18
6
6
24
7
2
12
3
20
43
21
24
11
22
5
9
19
8
8
35
11
9
17
8
11
5
16
12
9
15
4
7
37
9
6
17
5
13
4
5
8
4
4
9
31
5
11
6
6
7
3
10
9
9
3
11
14
8
7
10
7
5
16
17
28
15
13
35
8
8
8
6
7
15
4
11
8
9
4
6
9
12
7
4
7
3
16
5
8
6
16
5
4
15
6
19
40
15
10
7
15
16
2
4
23
43
37
10
3
14
12
13
1
3
9
10
7
26
19
9
5
25
6
9
8
8
9
9
32
10
8
10
13
50
10
19
19
20
9
3
18
4
15
5
22
13
7
5
9
4
28
11
7
3
4
14
10
11
2
5
11
40
23
4
21
10
9
4
7
10
5
12
6
1
31
10
28
12
3
17
15
47
44
322
7
4
13
11
11
24
9
20
7
23
7
15
10
2
9
12
11
12
10
11
11
5
8
3
41
24
14
2
4
17
13
31
11
10
18
6
10
8
16
25
4
32
5
5
12
48
3
7
8
3
9
10
5
7
4
3
3
14
10
22
8
19
17
29
7
12
5
8
10
16
20
5
19
18
4
12
19
11
3
22
5
19
7
16
8
6
63
7
7
3
30
7
25
4
8
44
10
10
6
9
8
19
7
16
10
6
14
11
7
6
10
12
22
7
13
17
15
20
29
13
9
9
11
36
16
6
13
54
12
3
3
17
5
9
18
16
106
2
16
7
3
13
2
9
13
6
6
5
7
9
8
11
8
7
14
15
10
8
14
10
10
5
20
17
11
10
20
17
12
7
35
6
22
8
5
20
1
19
17
10
24
18
9
6
30
8
112
10
9
7
24
8
4
21
7
40
13
10
26
8
8
4
7
9
7
4
4
21
7
10
21
19
9
15
10
8
7
7
13
6
14
9
5
23
5
5
2
15
7
3
66
8
9
8
15
73
6
7
25
11
4
4
15
10
20
9
9
24
8
14
15
7
461
10
29
10
11
4
16
781
11
5
18
6
19
93
6
10
13
6
19
7
6
15
7
3
11
11
17
24
15
20
37
16
18
26
8
24
6
4
18
231
2
10
27
31
4
16
5
9
6
9
18
15
13
5
19
9
4
5
36
19
15
7
6
149
35
8
8
12
4
7
4
6
24
7
9
4
4
3
1
9
14
10
8
16
28
11
7
29
9
215
6
2
8
11
4
20
13
9
11
5
15
7
13
15
4
7
26
18
1
2
38
21
1
7
6
5
3
21
35
12
5
6
7
19
13
12
24
16
70
8
13
135
7
27
13
14
15
13
8
13
22
21
7
16
12
6
15
2
8
8
10
6
20
7
7
12
15
13
6
27
9
115
3
4
1
13
9
4
6
17
12
6
16
11
29
10
61
10
16
6
7
14
18
7
11
7
5
7
8
16
11
13
9
6
2
7
5
9
9
6
12
2
9
10
19
67
19
7
17
26
3
12
17
44
202
19
180
10
5
3
10
6
6
11
4
16
29
11
7
8
29
7
5
5
52
12
6
7
17
2
1
9
22
8
5
15
5
8
11
20
7
8
5
6
14
10
13
5
10
10
10
8
8
5
9
19
30
7
15
34
64
5
8
20
100
11
24
18
9
5
12
18
25
7
7
2
11
4
15
7
104
10
34
5
14
23
12
308
5
16
15
15
7
16
19
8
6
9
7
11
8
10
60
19
8
12
19
3
14
10
9
17
308
3
8
10
3
10
14
20
20
20
10
15
14
2
17
9
27
25
16
18
6
6
9
5
7
8
13
7
9
14
53
8
15
7
23
1
57
16
11
6
8
10
8
4
24
17
23
16
6
11
107
12
12
11
17
28
9
3
14
14
9
13
9
6
9
7
6
17
15
6
5
16
10
12
4
13
7
53
5
9
16
3
3
6
12
14
4
6
5
8
9
13
23
28
58
7
9
4
65
9
9
6
37
4
8
3
10
13
10
17
6
7
14
10
7
10
7
6
8
6
12
69
43
67
25
15
5
10
99
6
117
119
19
3
11
12
4
9
16
13
12
3
4
10
17
9
11
7
11
20
6
15
23
10
12
22
15
8
4
21
7
12
7
26
37
2
18
7
7
17
22
12
7
22
13
9
57
13
7
7
14
5
8
3
8
4
12
89
6
468
25
14
13
18
4
10
4
14
7
5
105
6
20
10
20
20
10
2
12
10
17
2
6
6
26
1
3
8
16
9
6
7
11
9
8
15
6
7
1
9
12
14
12
28
32
11
14
10
14
17
5
73
1
10
14
10
8
9
7
13
8
10
13
25
12
6
2
9
3
20
6
7
12
11
6
3
361
12
11
5
10
21
7
4
13
11
5
7
15
23
7
51
15
9
11
41
18
70
18
11
11
26
21
9
9
13
17
4
13
2
14
5
5
19
9
14
7
8
2
7
8
7
13
6
9
176
4
4
23
4
4
7
8
41
7
19
6
10
6
3
10
4
19
4
9
10
7
6
21
23
6
10
6
9
7
7
5
6
11
6
19
12
8
16
4
24
7
5
21
16
8
7
5
4
13
8
15
4
5
11
18
6
6
20
8
20
7
4
8
4
7
7
9
87
5
10
14
11
4
5
13
29
18
13
10
12
9
8
25
13
7
14
38
6
11
9
8
10
16
7
4
13
20
14
10
4
7
12
7
4
7
7
5
8
8
13
9
5
4
14
16
2
5
9
28
6
18
5
12
5
6
5
10
2
9
12
9
7
20
13
3
105
0
20
9
5
9
10
30
13
15
18
19
17
64
9
25
7
6
3
73
5
18
7
6
11
9
6
8
11
13
7
2
20
5
15
11
32
7
3
12
13
8
11
15
10
7
19
8
8
6
4
5
16
4
4
4
10
1
35
3
3
12
11
4
3
4
7
12
5
12
3
8
11
56
34
6
16
25
6
17
4
4
11
10
16
2
10
12
8
11
9
10
5
5
42
14
17
19
3
11
11
15
30
21
18
1
9
21
7
25
15
5
7
30
18
14
27
8
25
14
6
9
5
14
3
16
34
7
6
9
22
19
3
14
2
16
41
8
6
13
8
13
4
11
6
5
10
7
11
29
68
10
7
16
19
8
35
11
13
34
20
7
2
5
8
46
6
17
10
4
11
19
4
0
10
5
9
18
23
32
25
12
9
105
16
21
12
12
8
10
10
9
7
7
23
20
44
4
248
10
5
6
7
30
5
18
12
15
16
8
6
2
7
12
7
15
37
16
6
45
14
20
8
14
13
10
7
10
20
17
8
11
18
4
13
11
59
11
26
8
39
6
10
20
5
1
39
16
10
12
9
13
13
61
5
9
11
22
8
8
11
6
5
3
8
138
28
10
27
18
9
9
5
8
12
13
11
6
11
9
6
10
3
10
96
4
7
14
9
3
4
10
10
19
10
2
9
15
7
6
25
9
19
11
13
6
13
4
4
2
6
9
15
10
17
18
11
6
27
6
10
3
7
11
6
3
15
13
10
39
22
6
15
11
18
18
15
11
4
16
19
16
8
4
8
8
15
16
11
8
15
47
6
5
66
6
4
10
7
11
138
4
9
7
3
5
8
6
7
17
11
10
16
4
8
10
45
18
18
10
27
16
11
24
35
14
11
10
6
4
5
10
6
7
8
48
17
79
6
11
7
9
3
14
20
6
31
9
4
9
13
43
16
25
5
4
16
6
20
3
20
6
12
26
8
15
7
5
10
23
23
179
7
18
9
4
4
3
10
10
18
1
33
11
8
12
1
69
10
6
12
2
24
17
11
5
4
10
63
18
15
9
9
9
18
13
9
10
15
7
10
5
5
20
20
16
25
13
16
10
3
8
9
16
4
12
4
10
14
6
17
9
8
57
5
56
14
10
12
15
66
40
10
8
4
103
15
4
61
11
9
12
12
6
14
6
11
9
9
8
5
6
9
6
3
5
7
17
4
10
7
31
10
9
21
9
13
14
4
13
11
3
5
30
15
7
10
1
13
9
18
17
20
19
25
6
10
3
20
10
11
3
10
33
14
7
2
5
94
10
19
21
5
7
8
10
6
6
23
3
10
57
5
29
1
1
7
6
3
11
11
8
36
4
2
11
9
2
9
27
15
13
10
10
8
15
20
4
7
19
10
34
3
10
4
21
11
9
5
6
21
4
7
8
27
1
5
23
9
11
13
10
7
12
22
8
3
3
5
12
6
12
7
9
9
8
14
5
9
5
7
17
3
7
12
5
7
6
14
12
63
8
20
6
17
10
7
4
17
7
11
5
11
8
7
12
7
13
5
11
47
11
15
13
5
2
5
11
6
10
31
5
11
5
4
22
13
10
17
2
14
11
35
9
90
10
6
13
19
5
13
13
12
8
6
10
15
13
10
3
3
7
11
6
8
21
3
6
4
5
8
6
10
16
28
9
6
16
11
12
3
10
26
25
22
9
43
10
11
11
9
12
10
17
9
27
74
3
3
9
8
20
6
18
4
6
12
14
6
4
7
6
100
9
14
31
17
8
16
15
9
18
40
33
15
12
8
5
9
32
7
2
12
6
13
17
7
6
22
5
14
7
10
8
1
7
21
11
11
47
19
21
7
17
6
16
31
8
14
16
13
6
16
2
8
11
12
17
4
17
19
6
16
3
10
3
20
2
9
7
10
15
6
3
15
14
5
13
24
29
7
4
6
3
11
25
18
5
4
14
5
67
24
15
8
115
25
16
16
5
14
2
3
129
4
23
8
8
2
47
19
6
9
12
21
5
6
8
14
6
15
11
9
10
9
8
14
7
11
9
17
12
9
9
29
9
4
14
10
8
11
12
8
19
5
9
8
8
12
5
8
28
7
2
16
5
49
67
5
12
44
7
5
12
5
10
9
6
11
4
30
6
6
12
11
28
17
18
9
8
7
3
11
15
28
18
8
10
28
38
60
9
7
7
20
8
9
14
8
6
6
43
13
15
6
3
40
12
7
9
16
12
5
11
9
46
28
19
5
6
6
17
12
31
7
14
10
16
14
23
18
18
12
3
7
4
7
9
24
9
150
4
7
7
10
15
20
23
4
12
28
13
10
7
46
20
8
13
4
8
7
7
6
11
19
9
3
10
10
9
15
36
10
32
17
13
18
8
19
7
11
8
12
8
13
13
2
9
11
114
10
11
16
4
12
11
12
5
16
6
12
11
7
7
12
15
7
10
15
6
116
4
13
28
24
5
8
12
14
4
15
6
20
5
8
35
13
5
17
19
19
13
9
29
7
3
3
10
7
9
14
10
7
5
367
11
2
8
5
13
7
5
3
14
8
18
9
8
10
20
31
5
12
13
11
17
16
3
35
10
14
23
8
16
9
11
22
11
14
5
8
11
50
25
3
18
3
9
10
10
7
23
6
17
10
3
4
8
20
3
21
23
27
16
5
17
62
12
8
4
2
12
11
18
13
11
4
5
7
8
4
10
42
6
12
68
4
311
10
10
10
10
10
14
10
58
11
16
10
1
11
15
12
17
9
10
169
123
14
17
25
21
2
12
21
108
5
7
9
12
6
4
20
13
10
9
9
42
8
20
14
5
11
16
6
3
1
12
4
17
10
7
13
6
9
6
2
22
8
19
9
4
8
11
12
18
14
3
4
13
7
13
5
4
211
13
22
8
9
16
5
15
12
14
3
9
10
14
4
11
21
12
13
12
7
7
8
7
6
8
5
11
13
7
3
16
12
48
14
8
22
16
28
14
57
25
5
9
10
2
8
17
10
19
10
2
9
9
12
1
10
12
12
32
14
22
3
15
6
51
4
9
12
10
6
28
16
11
4
5
7
23
6
2
6
8
8
15
19
13
8
6
7
3
11
12
14
9
16
4
13
9
13
13
4
57
11
14
9
12
4
9
22
385
13
7
2
70
13
11
6
8
14
19
8
7
17
16
8
3
6
7
5
4
14
15
14
11
7
14
6
6
5
12
5
14
16
4
1
4
19
3
9
9
6
10
34
7
11
12
11
5
7
16
8
10
18
58
13
5
15
36
7
14
8
10
11
9
2
22
6
7
10
27
10
18
15
9
11
21
5
11
23
10
19
13
18
5
8
16
12
8
8
12
7
21
10
7
24
11
9
10
8
14
8
12
13
7
8
8
4
42
12
19
34
11
7
13
10
23
60
17
31
6
6
4
11
5
9
14
1
17
9
15
4
17
4
25
4
5
6
4
33
8
19
22
16
10
9
9
12
17
6
8
13
8
11
10
11
16
38
2
56
13
47
4
10
17
1
15
8
6
35
21
22
56
3
19
14
9
16
27
15
23
5
12
92
4
7
5
13
15
31
8
7
20
6
11
10
9
5
9
120
9
2
53
84
8
17
4
4
5
7
39
6
5
15
6
96
4
4
8
3
5
3
27
9
7
18
13
7
14
7
6
11
162
13
22
10
9
8
9
20
8
4
13
23
11
16
6
9
13
12
8
11
29
14
8
9
13
3
29
7
3
83
7
2
17
7
21
13
11
5
10
6
15
3
5
9
25
5
12
26
21
12
6
9
9
11
3
11
16
8
11
9
12
19
8
12
7
16
10
17
35
10
7
5
6
7
8
3
5
2
5
24
4
7
17
8
5
10
12
25
11
4
31
10
22
7
12
12
9
23
30
10
12
0
16
14
7
4
14
6
10
5
11
51
21
15
68
10
7
7
15
3
18
5
8
33
11
13
8
6
49
97
4
48
11
11
17
75
31
27
47
9
40
2
6
11
8
13
21
9
5
11
12
9
10
5
68
21
6
8
9
8
10
6
11
9
8
9
8
2
8
20
6
10
6
15
6
11
10
9
4
9
10
3
7
8
7
9
10
24
6
7
7
36
15
14
7
25
14
14
58
19
4
72
11
13
8
13
76
27
40
9
6
7
24
7
4
27
11
21
22
10
8
8
8
3
7
15
11
9
70
21
2
16
9
16
7
8
22
12
9
10
5
8
7
17
22
9
10
6
39
10
12
113
14
8
3
8
7
7
9
11
14
1
13
4
27
10
4
11
12
27
15
25
5
37
7
19
8
13
86
5
8
37
5
3
6
8
5
9
10
23
6
5
9
31
9
8
2
10
15
9
9
10
17
10
6
8
14
17
5
5
8
3
15
11
10
6
7
8
9
8
1
10
17
19
2
6
23
7
7
32
9
6
49
7
12
9
3
9
11
5
7
8
9
8
9
27
13
7
5
13
20
7
21
3
5
9
72
5
6
6
5
9
3
213
2
8
13
11
75
8
5
34
12
13
8
11
10
9
8
21
13
7
4
4
18
6
21
23
3
5
23
34
54
14
2
5
5
4
12
10
9
28
5
22
28
1
17
8
3
8
16
2
30
4
9
6
7
8
11
9
17
9
2
13
30
12
5
7
12
6
5
51
7
6
4
9
82
4
3
48
9
9
10
7
8
5
33
10
54
9
7
20
9
11
25
8
29
16
13
8
6
9
4
13
9
2
4
14
55
68
8
7
20
27
7
6
9
23
15
16
28
9
7
20
9
19
13
9
15
33
5
4
12
3
3
5
6
3
27
6
15
15
19
6
6
6
17
15
4
6
11
11
12
13
16
8
26
18
15
13
13
7
6
8
13
48
9
20
11
8
3
8
28
9
8
4
9
6
3
5
1
11
6
4
6
19
15
14
21
5
8
14
26
5
17
3
17
6
9
6
1
23
22
17
108
4
5
10
18
9
16
20
12
16
9
20
1
6
14
17
8
14
13
20
7
12
8
30
9
19
14
2
25
10
18
13
4
6
9
13
8
6
12
8
13
2
7
25
5
11
3
14
7
20
18
7
7
5
8
6
5
3
14
4
3
5
11
7
11
14
4
15
20
31
8
5
12
27
11
18
10
18
8
21
92
2
4
6
9
74
16
33
3
12
11
35
8
13
7
7
7
6
4
38
3
1098
1
17
31
13
10
5
5
5
89
8
6
8
8
4
9
15
88
10
12
9
5
30
10
5
22
11
6
28
7
8
18
24
4
7
9
9
12
4
18
7
9
24
17
15
5
18
6
8
3
4
13
12
39
13
24
24
5
9
15
12
7
4
12
19
6
10
5
12
11
6
9
10
8
49
8
21
16
12
9
7
12
2
21
12
5
24
11
2
14
6
10
5
15
20
18
7
7
38
2
17
6
29
3
5
7
0
13
7
13
3
6
19
14
19
11
9
11
16
13
12
14
13
14
11
4
11
4
11
9
40
7
2
24
8
24
36
5
13
14
18
15
5
22
13
6
3
22
11
19
19
15
8
17
8
7
14
8
10
6
18
65
27
6
11
7
11
6
8
8
3
9
9
4
10
10
6
14
19
9
10
8
3
4
6
9
11
4
8
5
4
7
6
4
3
22
6
12
8
3
4
10
8
33
8
8
12
12
10
10
6
9
11
8
5
8
40
14
7
8
9
4
25
6
5
3
10
21
8
9
30
8
10
5
18
5
17
13
6
8
5
9
7
6
8
12
13
7
7
14
7
15
13
1
11
7
19
25
27
10
10
15
14
12
4
16
18
10
4
10
6
141
13
15
9
79
11
8
8
7
1
8
19
6
13
5
13
7
968
6
11
6
5
16
17
63
20
9
23
14
34
15
15
9
14
8
4
19
14
6
12
14
9
20
12
15
11
9
11
17
4
2
10
12
7
14
4
11
12
6
10
13
17
5
5
13
14
101
7
5
2
22
61
6
7
4
6
9
5
17
13
0
18
19
8
14
45
4
7
78
12
17
12
3
14
19
14
10
20
11
12
2
12
9
20
16
15
5
5
18
6
5
6
14
7
13
5
5
170
21
19
22
1
9
20
20
40
5
13
92
6
15
4
94
6
13
12
6
11
556
30
21
2
22
3
28
4
14
10
4
13
14
22
8
12
19
7
19
18
7
23
29
3
22
13
18
4
11
25
38
4
14
32
10
9
14
48
4
5
10
7
11
10
19
21
9
1
9
6
17
15
15
40
3
5
5
9
9
12
8
5
11
8
12
8
8
14
24
7
3
22
1
10
20
15
15
12
19
18
6
33
6
8
8
4
9
22
14
27
13
202
3
4
1
17
3
22
8
5
8
3
5
7
6
11
7
8
9
6
4
1
7
9
9
10
26
18
10
1
12
11
27
18
17
8
13
10
77
10
38
2
8
6
5
8
12
8
4
6
25
9
6
14
4
7
6
11
5
6
4
20
11
5
7
12
4
9
4
3
8
8
10
4
9
9
