23
129
14
22
20
21
14
16
19
35
16
21
13
16
53
56
21
27
21
21
13
28
231
16
38
25
11
29
10
19
36
29
26
27
20
47
15
34
20
13
18
13605
21
66
90
8
23
33
22
16
33
26
41
19
17
27
29
125
43
31
44
21
11
15
15
12
31
39
19
23
8
22
15
91
29
39
23
28
23
17
15
18
18
34
28
21
16
19
34
40
29
56
16
25
157
27
33
16
22
25
23
47
20
16
10
35
17
13
10
35
13
35
19
34
32
25
25
18
29
22
31
16
20
27
25
22
26
20
39
37
3
24
20
31
13
28
35
66
18
18
27
40
37
30
15
23
25
41
32
19
31
24
23
2195
25
16
30
18
36
24
19
18
18
22
23
19
38
20
18
19
42
24
15
19
14
18
14
21
29
19
12
28
44
16
13
39
51
33
13
19
28
30
17
23
28
37
30
10
29
27
12
12
17
34
14
30
28
17
58
37
31
53
38
30
32
25
183
12
14
16
38
5
23
18
19
51
21
14
43
18
18
34
222
14
48
45
33
24
14
31
21
19
21
23
30
30
10
33
27
13
24
55
10
25
51
25
17
45
76
20
30
17
29
21
46
75
44
24
22
157
38
16
72
11
20
72
11
11
22
11
29
36
38
27
26
35
29
23
174
13
25
8
51
9
25
28
48
46
20
4
27
23
26
67
12
18
32
74
22
25
20
28
24
11
17
32
13
36
17
10
21
18
43
10
10
19
19
28
56
18
20
15
16
25
23
11
27
35
31
34
22
22
47
31
18
20
14
12
30
16
18
20
22
31
47
36
9
44
14
14
27
16
27
23
18
14
28
28
148
9
31
40
15
19
19
19
16
27
15
23
101
20
12
21
37
51
307
34
20
9
39
24
49
13
21
19
20
25
27
31
15
23
18
14
30
18
24
27
20
42
19
18
16
47
31
11
18
23
23
13
27
31
20
8
10
17
37
44
49
29
34
14
20
35
61
26
27
37
15
82
53
16
25
21
15
21
22
9
11
19
193
23
25
10
22
21
31
126
87
57
15
91
7
31
63
21
23
34
85
27
34
19
12
51
14
17
26
22
23
16
91
8
21
28
24
14
24
11
10
16
11
62
23
23
27
26
27
13
39
19
23
129
14
22
20
21
14
16
19
35
16
21
13
16
53
56
21
27
21
21
13
28
231
16
38
25
11
29
10
19
36
29
26
27
20
47
15
34
20
13
18
13605
21
66
90
8
23
33
22
16
33
26
41
19
17
27
29
125
43
31
44
21
11
15
15
12
31
39
19
23
8
22
15
91
29
39
23
28
23
17
15
18
18
34
28
21
16
19
34
40
29
56
16
25
157
27
33
16
22
25
23
47
20
16
10
35
17
13
10
35
13
35
19
34
32
25
25
18
29
22
31
16
20
27
25
22
26
20
39
37
3
24
20
31
13
28
35
66
18
18
27
40
37
30
15
23
25
41
32
19
31
24
23
2195
25
16
30
18
36
24
19
18
18
22
23
19
38
20
18
19
42
24
15
19
14
18
14
21
29
19
12
28
44
16
13
39
51
33
13
19
28
30
17
23
28
37
30
10
29
27
12
12
17
34
14
30
28
17
58
37
31
53
38
30
32
25
183
12
14
16
38
5
23
18
19
51
21
14
43
18
18
34
222
14
48
45
33
24
14
31
21
19
21
23
30
30
10
33
27
13
24
55
10
25
51
25
17
45
76
20
30
17
29
21
46
75
44
24
22
157
38
16
72
11
20
72
11
11
22
11
29
36
38
27
26
35
29
23
174
13
25
8
51
9
25
28
48
46
20
4
27
23
26
67
12
18
32
74
22
25
20
28
24
11
17
32
13
36
17
10
21
18
43
10
10
19
19
28
56
18
20
15
16
25
23
11
27
35
31
34
22
22
47
31
18
20
14
12
30
16
18
20
22
31
47
36
9
44
14
14
27
16
27
23
18
14
28
28
148
9
31
40
15
19
19
19
16
27
15
23
101
20
12
21
37
51
307
34
20
9
39
24
49
13
21
19
20
25
27
31
15
23
18
14
30
18
24
27
20
42
19
18
16
47
31
11
18
23
23
13
27
31
20
8
10
17
37
44
49
29
34
14
20
35
61
26
27
37
15
82
53
16
25
21
15
21
22
9
11
19
193
23
25
10
22
21
31
126
87
57
15
91
7
31
63
21
23
34
85
27
34
19
12
51
14
17
26
22
23
16
91
8
21
28
24
14
24
11
10
16
11
62
23
23
27
26
27
13
39
19
14
33
12
36
39
27
23
21
26
17
17
26
22
87
44
25
11
49
34
6
44
137
10
21
18
19
17
20
13
11
23
21
35
24
80
58
1085
17
65
24
16
18
28
61
31
35
22
12
25
14
47
23
21
40
12
28
30
13
31
17
19
22
33
39
60
42
18
29
34
30
25
110
23
39
25
54
33
12
19
28
26
28
23
16
55
38
47
16
21
18
50
18
33
11
94
10
34
6
36
15
60
13
21
60
72
11
54
15
26
15
29
22
18
46
26
39
32
4
28
34
19
152
9
18
18
19
22
24
42
24
17
24
13
65
31
32
22
22
26
33
18
82
24
10
21
24
32
15
33
17
32
53
11
51
73
21
16
8
17
21
26
46
27
11
143
23
36
9
14
49
34
31
27
36
18
31
56
23
25
11
13
15
19
15
25
16
16
52
20
18
38
23
18
19
152
22
33
14
27
25
40
12
36
32
13
20
16
12
28
22
21
15
30
29
23
58
29
24
14
12
14
19
50
22
23
120
18
9
15
24
15
40
13
38
131
21
34
70
19
14
14
32
110
29
33
12
24
40
26
40
9
20
24
33
16
20
22
47
20
73
18
44
29
17
22
18
19
535
131
10
30
18
31
13
17
44
14
27
26
23
29
40
36
26
19
67
17
40
21
45
43
21
16
45
15
58
24
21
38
29
29
34
19
10
16
19
25
12
20
14
41
10
27
20
23
16
11
17
61
45
11
31
15
30
30
25
26
19
22
18
16
36
23
23
36
18
20
21
22
30
18
20
23
23
24
23
52
21
17
16
10
14
20
33
18
14
26
47
24
24
6
22
25
19
24
24
21
16
7
23
20
21
16
31
16
15
12
18
24
19
10
58
29
37
24
13
15
16
20
27
48
16
13
13
30
35
26
11
20
25
19
33
44
6
40
28
26
38
68
13
23
16
16
12
19
20
29
33
20
36
21
32
44
17
19
13
31
17
16
16
22
28
34
35
56
22
24
20
20
23
32
175
30
19
23
26
17
18
26
21
31
203
21
10
17
12
44
28
30
27
23
28
36
16
14
34
19
20
58
68
172
77
27
14
20
15
26
64
25
29
89
24
16
21
15
13
19
19
19
20
30
22
10
30
31
8
17
37
103
15
20
53
34
20
14
21
16
12
38
18
40
16
14
20
4
52
20
16
20
18
31
15
14
18
29
23
26
22
22
28
25
13
28
33
15
26
19
20
12
24
15
19
18
13
22
30
22
51
21
15
49
18
20
25
86
13
13
12
29
16
16
29
34
28
1680
8
15
21
15
21
18
30
366
22
19
54
34
17
118
17
13
8
25
21
19
96
19
24
24
19
16
23
23
44
23
26
28
12
22
33
35
26
38
35
23
23
21
51
19
16
21
14
33
19
23
18
28
17
14
32
23
19
11
21
13
61
32
25
27
40
26
29
79
7
21
10
18
10
22
19
13
11
13
548
25
37
83
54
30
11
18
24
56
19
14
10
27
14
33
12
39
38
25
17
21
41
47
14
28
17
35
53
27
36
36
27
32
50
19
17
20
14
27
31
14
17
60
20
60
27
11
9
15
7
20
18
59
16
23
17
24
65
67
20
25
112
17
22
11
11
16
20
39
49
53
26
29
11
33
24
63
20
17
19
14
20
53
30
95
18
38
24
22
23
44
55
22
16
62
9
20
25
44
15
20
18
25
34
20
19
22
47
17
24
30
37
49
17
32
17
13
19
20
82
26
17
13
28
44
13
20
19
21
50
228
12
78
24
9
29
14
19
15
44
27
25
24
39
19
16
23
19
50
33
10
24
29
39
15
42
43
25
19
12
33
22
20
26
30
30
20
17
20
12
33
24
47
47
24
17
14
28
16
63
26
32
30
24
14
21
17
27
267
4
19
11
22
18
19
33
38
20
46
18
23
11
35
14
27
30
23
25
31
22
26
15
20
8
38
21
15
25
15
25
15
17
18
24
11
130
29
18
22
19
15
54
13
37
21
30
14
40
43
23
25
17
24
26
26
45
19
31
25
15
23
15
29
19
41
19
22
25
31
17
21
38
28
34
22
20
13
15
11
23
16
21
21
220
10
6
17
17
18
31
11
16
43
24
31
16
17
319
10
23
17
28
48
19
20
13
70
32
31
17
25
18
31
28
21
29
12
27
15
11
23
28
22
21
16
143
11
17
24
15
21
18
28
20
12
21
22
24
12
140
21
43
19
82
50
24
12
31
22
20
22
44
16
273
25
12
29
22
8
22
29
23
30
6
28
22
16
41
27
36
42
12
38
21
15
29
23
29
30
31
14
23
24
30
56
35
24
22
32
14
22
20
10
13
20
35
73
16
28
32
8
10
27
22
12
31
24
25
40
53
28
17
63
25
23
6
19
11
18
17
13
14
144
18
11
87
30
25
21
10
20
17
15
14
41
91
23
15
15
14
23
56
18
13
22
20
28
30
23
13
29
14
28
33
16
14
15
19
19
37
16
76
15
9
18
236
39
21
18
20
47
27
82
29
37
44
6
11
22
21
14
35
17
50
22
10
25
5
35
24
19
11
13
35
33
20
42
17
13
19
14
8
31
16
15
27
11
48
18
12
7
35
140
76
23
17
22
24
11
14
21
25
46
60
26
20
37
37
51
18
25
13
35
23
20
40
14
16
32
49
9
17
17
26
16
50
57
23
15
23
24
21
42
26
17
29
40
19
24
126
107
56
42
25
44
30
29
14
11
36
22
38
74
281
8
20
19
33
27
24
32
21
15
31
28
23
13
35
19
28
17
13
49
14
27
22
14
24
42
27
17
21
14
33
19
20
261
21
22
20
105
47
17
13
7
36
25
28
36
15
34
20
6
16
15
68
19
16
29
15
26
15
35
26
25
49
19
17
23
19
11
196
36
24
27
38
62
75
20
9
20
190
17
18
63
18
26
20
14
34
15
20
18
16
26
26
17
24
13
46
50
26
21
6
180
13
22
17
15
35
22
55
23
21
62
34
17
21
24
22
28
22
16
21
14
22
21
20
17
17
15
29
16
63
29
63
15
92
28
21
37
17
21
17
24
15
18
23
31
13
28
19
36
27
39
14
24
35
18
24
16
15
17
11
36
40
86
21
26
59
22
21
39
85
13
29
38
21
26
20
37
37
22
46
27
12
44
29
14
16
15
28
12
27
16
49
52
27
21
14
134
14
28
23
15
13
23
51
35
32
16
23
27
80
15
29
12
36
19
98
19
20
57
16
30
39
18
45
21
11
36
14
24
32
20
43
18
17
18
15
69
12
19
76
16
31
26
12
18
36
26
60
38
23
11
29
13
19
11
34
743
20
12
23
17
23
21
25
39
28
19
24
21
30
429
17
34
21
24
23
18
20
32
13
20
75
41
12
29
14
11
14
24
38
18
23
32
15
33
15
20
18
38
22
14
21
17
29
21
16
25
139
10
26
21
14
22
10
16
15
18
24
156
17
31
36
33
87
37
14
32
28
25
30
23
21
15
23
14
23
44
43
19
18
45
11
75
63
20
33
17
9
29
14
19
36
33
9
19
20
14
25
31
21
22
33
18
27
6
22
39
27
44
15
29
18
15
20
24
43
48
17
39
25
14
23
22
34
16
25
45
102
24
17
33
40
23
47
97
42
19
22
20
13
20
22
14
22
21
27
18
17
22
28
11
28
21
20
18
20
25
33
9
21
27
28
30
27
29
35
41
16
20
41
22
19
406
30
37
16
22
47
35
11
23
12
32
21
8
26
28
12
23
13
18
35
17
19
8
39
14
50
24
10
20
28
93
56
12
20
24
23
98
16
18
15
19
35
33
27
25
4
14
20
24
28
27
12
17
39
17
121
26
68
22
34
13
41
19
51
18
23
36
22
23
26
26
12
16
5
176
4190
12
16
16
25
14
17
29
21
24
30
19
22
19
24
41
21
29
56
7
232
12
18
18
15
54
21
20
25
24
18
78
15
27
11
20
35
10
8
167
51
18
76
19
17
15
28
16
41
20
23
11
25
28
32
15
26
40
16
22
20
24
12
33
25
61
17
13
27
19
20
67
31
17
8
20
76
26
28
16
29
15
22
17
26
13
63
17
24
26
31
24
29
25
30
73
24
24
15
17
27
71
50
11
33
29
237
31
38
11
17
19
13
64
354
7
23
17
10
40
14
21
26
25
19
31
16
19
32
20
88
14
27
20
201
15
30
14
16
41
49
14
32
27
24
41
18
12
20
21
16
16
21
33
48
21
20
11
23
212
22
30
24
10
14
26
20
21
19
20
106
53
14
22
30
7
33
15
12
16
17
20
83
20
9
31
30
46
35
23
86
31
7
42
16
20
28
23
25
19
11
63
21
24
32
49
31
20
14
32
41
19
25
16
161
21
48
21
13
27
9
20
26
34
58
11
14
20
31
8
12
62
23
61
39
11
12
20
10
45
37
9
51
29
48
11
22
22
20
51
8
22
26
104
15
21
28
13
41
33
68
18
28
11
20
30
9
19
56
34
36
45
53
49
22
18
23
37
17
42
18
60
21
17
106
18
17
18
18
112
15
35
20
14
17
25
29
30
17
16
36
17
18
17
27
16
33
33
17
18
115
13
39
34
18
17
19
35
7
23
13
11
18
9
103
14
11
25
21
27
17
104
24
25
19
17
25
109
7
10
45
25
23
12
19
15
26
32
20
34
25
26
52
19
23
83
21
69
33
10
33
27
15
25
21
18
47
18
24
55
12
35
50
24
41
77
15
19
27
13
27
32
45
22
18
19
44
48
13
17
9
10
24
21
11
44
24
28
9
21
33
13
22
14
34
26
32
14
33
50
21
108
107
38
27
12
18
18
18
21
27
18
24
503
15
123
46
38
69
12
46
26
31
56
26
29
25
16
12
18
19
55
20
17
21
40
19
401
23
19
26
15
33
63
1139
21
23
29
15
30
27
22
33
148
115
24
43
17
21
36
202
34
35
25
121
21
53
25
21
25
115
35
24
105
12
36
8
19
28
19
61
44
28
13
12
25
9
27
26
20
18
36
31
29
6
21
46
16
10
30
36
248
46
23
22
98
27
20
10
18
88
18
31
23
22
14
31
9
23
24
42
107
11
14
11
17
4
18
12
27
21
19
26
17
18
18
67
52
91
17
39
29
24
15
18
38
19
27
16
8
32
40
58
29
146
23
23
14
14
16
26
29
40
32
23
24
42
6
14
39
23
18
25
30
16
60
14
45
51
48
18
32
17
23
12
17
32
47
15
6
18
27
13
15
13
26
24
43
51
21
15
23
11
17
12
30
29
15
23
23
9
14
45
26
47
34
14
21
22
39
34
69
18
32
38
21
26
39
16
21
22
18
16
14
17
38
25
20
31
225
41
116
23
26
25
70
22
24
19
22
25
42
14
14
20
12
29
48
21
24
18
23
29
23
27
86
41
49
20
34
32
18
23
38
15
35
13
29
40
18
19
16
44
18
15
47
16
24
65
14
48
17
23
19
22
18
21
25
34
16
13
21
65
17
17
22
919
15
10
28
8
30
30
27
28
19
24
26
15
33
42
18
13
27
29
66
44
24
101
54
24
27
15
28
30
24
30
134
27
20
13
22
15
19
32
23
44
21
16
47
75
17
41
24
25
17
11
28
22
12
19
28
27
11
83
14
14
74
15
27
24
31
16
15
28
187
10
55
15
23
31
9
15
19
23
20
82
11
21
25
26
23
17
33
12
21
24
19
13
44
28
33
32
99
133
32
79
26
23
18
23
31
32
20
23
18
19
15
20
23
40
20
33
57
67
32
13
13
14
292
17
61
102
16
23
35
21
8
12
28
23
149
70
7
33
21
34
54
17
16
15
26
18
27
35
11
15
22
51
30
23
36
24
29
26
67
22
12
30
51
41
30
24
11
34
92
27
17
26
29
22
33
33
14
18
17
28
30
18
35
26
10
28
25
34
26
20
24
161
21
15
18
48
20
21
40
18
11
11
16
30
34
29
33
20
16
17
15
41
37
9
10
12
26
17
19
16
17
30
34
57
29
15
9
25
19
28
14
15
19
43
13
37
761
18
14
30
24
23
25
31
30
47
28
34
47
68
36
30
53
26
39
27
48
30
49
47
54
28
30
15
17
11
49
29
17
17
21
13
15
18
25
25
39
24
15
18
16
23
29
27
60
13
25
20
27
15
20
20
10
10
25
10
27
20
14
28
18
20
30
29
104
52
13
15
12
35
29
23
21
25
33
21
59
54
32
27
30
12
23
21
18
16
21
23
31
16
23
18
21
42
24
24
14
23
39
18
13
13
19
19
26
30
21
40
23
13
12
21
45
36
20
39
17
21
22
14
27
43
83
30
29
26
7
24
33
51
26
9
42
52
22
19
24
24
18
16
28
11
31
30
24
26
21
26
43
41
44
28
37
21
26
19
8
19
20
16
12
20
27
50
21
23
18
13
26
15
51
47
49
73
18
22
27
20
35
25
68
69
16
29
20
24
39
22
23
53
18
20
101
16
36
17
24
49
19
33
30
17
49
32
24
29
14
21
26
39
35
28
14
28
13
31
65
18
15
17
11
20
17
20
28
32
25
30
42
22
18
19
10
45
6717
25
23
18
14
21
55
19
15
18
39
21
23
111
47
34
19
18
15
28
20
16
47
45
58
32
15
18
26
12
46
27
25
13
16
38
20
48
30
13
27
16
22
13
24
18
26
40
27
21
18
21
20
20
18
57
19
40
12
38
15
7
48
16
13
27
72
21
24
23
18
15
21
31
19
33
20
19
21
24
32
25
22
17
20
65
36
23
18
20
51
15
15
34
10
43
32
16
61
32
26
20
17
26
33
18
29
14
40
29
22
21
17
26
36
11
22
47
22
21
29
27
68
24
15
29
24
27
17
20
17
25
31
23
11
31
17
14
37
49
31
25
66
63
42
14
18
17
33
26
20
69
21
22
72
30
28
86
24
26
53
38
9
10
17
13
46
20
20
19
27
20
22
45
11
22
18
25
26
23
42
16
21
46
15
20
68
23
15
25
34
32
60
9
21
23
29
17
22
27
29
14
19
22
110
71
19
13
12
58
26
21
31
26
23
31
22
21
24
51
29
17
44
19
25
98
57
19
26
16
138
17
22
49
22
21
15
32
38
21
342
23
19
26
11
19
17
13
35
101
25
50
21
13
37
10
21
35
40
124
11
22
14
31
18
49
8
32
24
25
44
884
21
65
27
25
18
19
19
25
14
37
19
47
24
13
26
15
59
14
28
25
38
42
71
30
16
24
24
15
24
134
29
28
16
24
37
18
35
14
56
17
24
16
27
43
17
29
9
20
7
75
27
20
24
30
26
19
28
14
126
30
45
55
19
14
15
5
33
14
23
16
21
27
26
14
13
261
28
74
22
25
25
21
60
35
29
7
29
24
86
27
26
27
23
14
18
14
76
28
27
29
16
47
15
44
100
20
21
11
20
12
19
75
12
14
16
17
18
8
17
50
30
9
29
23
25
21
30
16
11
45
11
36
28
21
15
16
13
10
24
42
17
37
30
66
26
21
13
27
25
47
10
14
87
33
29
25
16
34
41
54
46
24
15
21
33
21
20
15
10
12
18
45
42
16
6
21
21
12
37
17
10
138
19
44
21
51
36
14
20
14
47
19
14
29
25
39
16
42
61
15
13
55
21
37
77
53
20
16
21
13
11
17
21
10
24
23
20
16
34
20
67
15
30
73
25
11
11
14
4
11
13
16
25
19
26
40
27
38
23
14
23
29
43
20
24
8
16
15
31
39
21
117
28
26
13
32
33
34
22
11
34
12
34
19
22
55
13
17
104
65
19
16
24
12
13
14
21
22
19
28
28
29
19
50
29
19
13
17
21
44
40
38
35
17
32
46
13
25
38
110
8
26
11
41
29
38
19
45
29
18
123
17
18
25
32
22
15
18
32
33
19
16
21
39
29
18
16
53
28
17
17
52
33
15
22
12
16
33
14
29
371
23
20
23
11
17
16
15
21
46
31
31
58
18
11
40
30
21
28
24
47
21
28
11
27
32
15
37
19
17
27
32
32
32
17
25
13
36
79
19
21
12
17
25
24
7
23
13
13
211
16
28
41
32
31
109
30
31
27
24
14
38
13
24
53
66
20
17
35
16
123
16
31
39
13
34
31
28
33
19
54
26
56
16
31
12
13
42
15
11
17
59
19
33
31
26
21
29
18
36
17
85
15
16
16
998
21
14
19
31
21
27
58
15
42
35
17
14
24
26
26
15
40
45
16
27
19
13
25
13
28
36
17
17
23
43
9
29
18
13
43
21
25
25
18
61
14
19
20
18
16
67
40
10
39
277
36
20
15
46
39
7
17
25
22
16
25
19
25
19
30
26
11
42
18
43
168
43
31
94
21
17
14
40
28
43
36
61
7
14
17
45
15
22
22
36
18
17
29
92
13
26
15
33
21
13
19
25
18
24
33
21
42
35
20
13
11
36
11
16
29
30
18
16
20
1027
30
8
11
26
26
18
50
48
68
60
18
67
54
15
20
14
21
24
12
25
14
31
18
27
44
60
46
18
22
13
17
37
22
147
21
28
18
19
18
162
16
16
36
30
16
61
147
9
42
11
27
20
20
27
32
57
18
24
50
12
14
34
22
32
24
11
35
29
19
27
13
98
28
13
22
16
19
16
23
34
34
17
8
14
13
18
64
14
13
13
16
20
23
44
14
26
23
16
15
13
25
49
20
14
14
30
31
28
48
30
29
31
19
21
70
15
9
33
16
25
75
22
33
21
34
8
30
12
85
23
44
18
72
10
20
21
8
27
26
5
49
38
20
18
24
8
26
19
20
13
20
12
21
53
10
12
12
15
13
26
59
17
23
22
19
19
34
18
67
30
32
15
33
14
15
34
22
31
25
54
34
12
16
25
28
18
44
55
14
104
49
9
47
42
21
19
25
26
15
20
22
27
67
16
13
59
49
33
20
37
17
31
18
38
14
21
263
12
21
21
36
52
30
11
25
32
19
20
26
7
18
170
31
32
34
17
50
11
30
16
23
22
89
30
20
55
63
87
5
21
16
22
39
18
13
28
35
7
15
21
34
18
10
73
40
33
30
22
22
13
34
20
24
71
35
12
15
19
55
7
21
34
21
14
84
31
16
23
17
10
14
18
23
23
19
66
21
25
28
26
13
18
26
59
15
9
26
13
10
13
20
16
69
30
22
19
27
18
40
28
36
14
26
29
19
39
14
26
21
42
28
203
67
29
8
28
22
50
17
23
11
30
17
21
46
13
21
35
33
29
80
116
30
31
19
21
330
17
18
14
491
13
26
22
23
14
16
20
19
13
51
20
53
21
30
20
49
64
14
47
266
17
50
19
13
11
18
31
329
27
7
16
17
22
20
16
29
10
31
15
239
20
29
17
37
41
79
37
11
42
14
24
41
18
33
27
24
18
34
115
30
25
20
41
8
945
17
40
117
181
24
25
28
47
49
34
30
28
57
85
14
15
15
34
59
16
21
23
14
60
22
9
31
31
73
24
14
6
15
24
37
29
30
16
18
36
29
22
39
14
19
14
31
10
24
16
18
62
16
13
7
18
20
15
20
10
32
20
22
12
10
51
19
17
11
11
19
32
52
37
23
20
25
71
20
24
82
43
30
13
22
41
34
25
19
21
39
19
54
40
22
16
44
13
16
66
32
11
13
38
21
30
19
36
54
66
45
15
78
35
15
77
33
36
20
12
29
7
17
18
35
23
16
26
26
29
44
15
16
18
15
492
51
15
18
15
60
18
43
20
37
16
6
80
20
27
19
26
19
25
28
19
30
18
17
14
46
20
21
35
102
20
81
15
29
33
22
13
16
15
15
15
224
22
37
15
19
12
39
14
28
23
34
16
25
52
25
21
12
16
14
15
9
11
54
27
38
46
24
13
17
91
33
11
52
41
17
94
14
45
248
59
26
14
20
32
18
87
76
13
19
18
19
31
29
18
17
26
13
15
32
10
33
19
19
414
14
23
19
25
55
44
39
18
56
24
51
23
74
33
131
16
50
20
23
23
11
25
22
29
63
24
26
24
19
36
30
32
29
20
29
31
21
21
20
16
33
45
31
22
12
55
32
12
27
31
62
24
18
22
26
25
14
17
24
30
23
17
8
32
14
27
16
27
21
25
30
17
36
27
9
23
24
39
38
15
13
44
13
17
25
14
23
29
21
19
18
113
50
18
59
84
33
15
11
18
32
33
26
21
50
18
37
18
17
27
37
15
37
24
11
17
244
29
11
16
20
32
29
25
37
42
303
25
29
21
62
31
25
30
22
51
76
13
41
30
21
16
22
51
27
9
53
42
34
29
38
46
13
22
43
27
20
60
10
20
35
61
44
19
17
38
20
10
43
13
91
60
28
43
21
25
21
22
49
34
52
12
109
26
19
34
16
34
19
25
15
29
34
32
20
29
12
21
16
6
29
14
20
24
69
16
26
18
25
38
13
33
31
26
17
101
10
34
805
59
23
14
18
21
31
50
10
24
25
55
37
13
11
23
11
45
22
23
57
741
48
124
584
12
29
28
14
22
23
34
11
11
11
36
40
24
20
30
23
25
10
15
24
30
26
16
21
26
44
20
18
16
15
13
16
23
22
28
14
44
18
23
14
29
26
21
26
20
16
13
23
13
15
19
36
35
18
20
29
16
37
117
33
23
8
70
29
10
111
26
15
20
40
11
22
55
44
20
34
20
31
34
16
14
62
22
22
22
22
19
24
53
514
88
21
13
25
52
35
11
40
17
17
64
14
13
12
28
65
12
8
78
27
22
13
39
25
88
16
22
12
16
21
24
22
16
12
25
13
15
53
9
12
28
36
178
27
21
15
22
72
48
47
53
40
16
14
33
35
24
29
41
14
13
9
24
27
220
55
23
17
12
41
25
13
23
38
15
21
13
18
21
21
13
21
25
48
24
18
36
16
26
42
22
12
18
62
19
30
25
14
15
16
50
24
11
11
26
18
34
15
30
23
16
48
16
9
12
23
14
44
21
31
22
19
35
24
46
31
23
11
33
116
15
52
36
44
10
10
9
44
18
25
69
10
50
19
23
11
27
21
23
20
26
24
29
23
43
17
24
23
46
42
7
21
25
26
22
20
64
55
36
31
44
28
28
24
743
12
18
13
14
13
35
20
18
26
19
18
23
39
15
10
12
16
18
14
33
8
44
18
38
14
24
19
20
18
35
29
79
15
23
18
12
23
18
18
19
35
40
19
28
18
30
24
29
19
28
69
24
21
30
17
64
20
23
14
17
31
50
22
14
36
17
13
16
46
135
16
14
17
51
76
28
19
24
25
20
11
17
15
27
32
6
29
72
17
47
15
27
19
29
43
17
33
45
20
30
17
13
32
160
49
11
7
30
27
13
46
9
15
46
38
23
30
17
36
19
13
24
21
50
25
30
42
40
21
46
15
7
25
19
15
143
18
34
22
23
28
19
28
16
18
72
17
24
19
20
27
14
38
22
22
29
18
17
32
39
20
13
61
23
16
15
9
15
17
36
33
15
71
23
20
17
30
27
12
102
13
15
18
26
16
46
16
16
13
8
31
19
35
15
49
84
26
21
21
30
42
39
19
34
41
25
25
14
38
16
16
20
26
35
20
12
50
24
15
151
25
46
20
24
12
24
10
33
20
26
100
16
283
26
47
27
16
21
30
12
12
15
14
21
6
26
52
18
12
27
39
51
23
15
17
15
43
31
27
32
24
30
140
12
20
75
11
39
34
31
23
37
31
44
5073
20
21
37
22
22
32
14
10
18
18
23
15
24
49
24
13
33
21
27
40
40
23
15
32
19
44
22
16
46
23
23
39
23
9
21
17
14
30
17
25
17
44
31
25
38
30
42
33
24
17
14
17
34
21
255
8
17
49
21
10
40
18
11
15
17
10
36
36
32
60
52
25
12
19
40
19
13
18
13
18
9
14
21
24
40
21
18
20
13
19
33
31
21
20
29
25
105
21
36
23
25
10
24
16
38
37
37
24
23
70
22
22
19
21
22
26
105
7
23
13
22
24
22
20
51
14
16
28
16
9
20
28
15
8
25
55
36
101
42
23
892
60
25
29
10
21
34
92
13
17
39
28
73
15
624
15
20
25
21
18
7
15
374
24
33
33
32
26
18
24
26
21
26
47
48
28
34
94
17
29
19
4
23
17
31
16
19
25
17
89
22
19
21
10
17
24
14
26
30
28
41
28
10
35
14
13
14
46
208
6
11
51
21
29
62
30
10
10
28
51
21
20
28
26
12
22
22
31
10
33
21
20
60
14
22
75
30
27
16
40
21
20
16
33
30
9
21
10
35
124
17
20
20
31
39
34
19
47
13
14
93
42
26
21
7
21
31
29
30
18
28
14
24
127
30
21
23
201
27
20
29
20
13
24
43
52
5
44
24
20
15
31
32
34
7
31
29
46
23
25
21
27
20
28
26
19
18
116
15
23
37
24
17
23
50
15
13
23
13
25
27
48
23
16
29
25
31
13
12
15
21
34
6
34
34
14
17
29
69
13
31
23
26
36
108
33
437
29
16
27
11
15
18
50
11
29
20
32
32
22
17
20
22
16
24
29
23
13
18
29
48
28
11
13
47
16
13
78
18
20
24
31
29
24
21
17
32
24
24
25
20
118
5
22
20
24
24
31
17
31
27
21
53
32
12
517
22
22
101
23
21
48
19
41
21
44
11
26
35
28
57
19
25
35
62
28
35
36
30
12
25
13
16
13
41
35
1112
31
29
18
17
28
16
18
17
23
67
29
51
12
21
21
31
27
67
18
29
20
24
20
10
41
42
30
22
23
32
25
23
23
17
38
44
48
65
34
21
5
36
55
30
21
30
17
21
29
8
16
20
21
24
14
18
118
12
45
23
15
41
17
36
29
15
16
16
51
58
26
20
11
16
39
20
21
33
13
20
227
66
29
17
31
21
99
27
48
19
28
12
35
13
29
9
333
16
13
13
38
15
25
33
32
21
60
31
16
26
21
45
25
42
18
24
71
88
21
19
35
18
25
31
28
24
21
9
11
27
14
14
23
139
17
33
37
14
65
13
25
20
36
31
23
27
30
78
31
45
19
30
67
20
21
13
18
22
19
14
24
23
6
11
126
25
13
30
42
29
16
24
97
32
21
29
36
26
20
21
78
14
55
25
21
22
13
12
23
37
25
14
13
32
35
19
19
21
25
27
19
20
16
20
48
178
32
22
28
15
27
64
28
19
26
13
46
29
21
16
31
33
26
17
36
26
15
16
26
20
32
19
29
21
39
13
30
25
23
12
55
30
11
41
77
28
16
46
27
44
16
42
10
21
21
19
23
16
36
32
30
20
66
18
32
16
21
29
26
13
39
25
27
126
20
15
21
37
10
23
13
26
18
602
52
17
19
13
56
10
38
20
11
17
26
172
71
25
11
25
22
23
20
70
16
22
23
21
21
22
30
33
15
13
24
27
25
32
18
15
23
55
38
31
10
50
22
26
16
18
48
9
29
14
14
10
28
26
17
31
17
23
10
32
58
11
21
20
43
28
18
20
33
33
18
32
21
13
15
37
14
14
37
33
14
12
50
20
12
24
7
37
27
27
14
14
27
11
16
32
25
15
18
43
33
324
59
15
15
29
102
23
22
21
21
29
19
24
17
221
18
44
16
85
16
31
27
26
19
76
19
85
26
30
19
21
23
17
62
18
88
10
61
55
21
25
8
15
29
18
25
19
29
52
25
32
43
15
32
15
17
19
22
17
12
37
28
20
44
13
30
42
38
14
18
31
14
43
28
16
35
22
15
34
44
45
21
31
22
12
31
18
12
21
27
41
36
19
100
24
20
22
19
16
27
58
131
37
14
7
28
23
22
14
283
34
29
26
36
10
13
13
30
21
23
14
25
33
28
32
21
36
26
15
32
24
30
22
23
61
13
16
17
23
32
16
70
18
60
39
25
17
22
49
127
82
30
32
16
45
18
21
20
11
22
10
31
20
27
66
31
111
68
24
22
16
16
30
19
25
10
12
28
31
19
20
19
19
32
13
28
35
26
28
25
14
38
17
16
34
34
16
23
25
17
11
8
7
27
12
45
39
12
21
56
22
25
33
22
18
34
38
256
41
19
21
38
13
12
32
35
15
13
15
24
18
21
23
21
42
17
22
24
15
26
26
21
16
9
23
29
47
28
29
28
34
16
23
22
25
48
36
29
28
23
43
98
18
21
22
54
15
14
40
8
29
26
32
69
41
11
13
16
24
37
22
74
9
16
41
19
17
17
14
52
30
21
12
35
11
26
21
30
30
8
51
28
15
25
17
20
21
32
121
34
17
31
45
53
18
22
175
24
78
121
9
18
8
20
41
17
25
33
17
18
21
21
42
20
18
29
18
22
14
22
52
19
23
23
13
17
31
29
17
40
22
14
48
29
18
26
21
24
14
46
21
16
35
18
60
25
27
63
16
17
31
22
66
183
10
25
18
11
17
21
58
61
23
16
14
59
26
18
33
17
33
16
17
22
10
59
37
14
84
17
20
74
15
22
24
23
57
29
15
21
15
10
10
60
34
19
84
21
31
38
18
12
34
22
56
40
88
10
27
22
38
46
28
126
44
15
16
30
13
14
25
30
14
36
44
26
20
40
19
12
24
28
28
12
31
14
48
19
25
30
23
27
17
25
33
23
98
31
35
14
11
27
17
19
21
29
13
42
30
69
39
44
20
26
25
15
22
19
11
39
21
15
51
38
32
32
25
16
40
18
19
15
8
36
28
19
22
38
22
24
29
18
38
16
14
47
26
22
133
20
34
43
48
8
82
22
21
8
40
21
28
297
27
30
28
19
20
73
56
19
37
56
35
54
20
14
14
29
21
41
36
15
15
34
26
12
38
15
36
24
25
23
29
36
27
60
12
26
36
44
110
19
14
20
20
16
11
29
12
20
41
38
39
24
34
10
18
84
12
22
20
41
22
18
19
35
18
45
48
13
20
21
13
15
45
36
16
39
104
35
37
76
22
12
63
29
9
19
36
148
17
44
21
17
25
312
11
16
31
26
21
16
13
18
36
34
18
35
17
42
21
23
21
13
56
13
21
36
25
39
26
23
17
13
46
15
66
23
37
32
36
12
81
51
15
27
54
19
24
22
71
26
43
25
20
21
19
21
103
18
34
9
28
39
31
23
22
35
4
32
11
8
17
39
29
67
35
42
14
19
31
47
35
15
72
27
18
1277
59
27
16
14
30
13
21
13
28
25
20
88
12
27
8
15
53
102
31
18
28
102
38
25
16
50
13
18
37
29
15
29
18
32
19
15
14
97
22
22
60
119
8
15
24
26
22
32
39
17
22
94
16
24
36
136
31
61
84
19
17
26
28
21
21
12
18
15
40
21
18
13
23
20
14
17
25
24
44
31
43
25
5
19
29
24
19
33
26
25
29
24
30
42
18
13
20
34
36
19
111
47
19
18
42
21
28
26
29
745
26
15
14
22
21
40
24
20
25
10
19
22
14
21
21
20
40
16
40
19
27
19
10
14
37
15
24
27
25
23
20
40
24
19
19
24
99
28
13
48
21
35
22
12
42
20
11
32
27
194
22
11
9
14
33
14
30
29
584
11
16
32
13
15
18
34
13
91
30
25
34
35
19
19
15
18
18
18
16
15
11
13
8
14
22
11
17
16
77
20
25
28
16
70
17
21
19
13
14
39
7
14
56
24
55
22
18
7
17
9
19
22
16
62
70
46
91
29
20
83
21
32
17
54
29
27
38
36
41
33
26
45
23
22
27
19
18
24
14
12
27
75
46
17
17
23
31
12
26
24
37
114
31
11
12
291
27
20
16
21
20
22
55
29
36
58
7
25
27
22
23
30
18
17
22
58
25
32
54
22
24
494
10
22
15
17
19
21
81
18
7
5
25
37
18
17
28
22
15
18
12
17
27
15
30
48
27
14
15
23
129
14
22
20
21
14
16
19
35
16
21
13
16
53
56
21
27
21
21
13
28
231
16
38
25
11
29
10
19
36
29
26
27
20
47
15
34
20
13
18
8
27
16
12
24
13
32
9
53
26
18
27
20
22
416
80
23
23
45
24
25
17
26
20
16
16
25
89
16
25
26
94
24
11
27
11
37
13
23
76
27
35
21
29
15
21
33
19
26
24
19
27
34
59
7
13
30
46
42
74
21
18
22
29
18
33
38
42
11
17
21
22
22
17
33
7
14
21
13
26
25
13
11
25
28
25
32
28
18
21
11
127
21
29
17
17
16
29
17
25
12
28
21
34
48
44
22
12
10
31
13
28
22
60
100
25
22
29
71
31
23
42
18
21
16
44
20
20
36
85
27
83
9
11
7
11
12
25
84
23
29
31
23
38
25
22
32
20
23
12
19
48
24
21
13
19
20
16
23
56
26
27
79
24
24
43
17
12
20
18
18
38
17
31
18
89
21
28
24
21
67
22
25
17
76
39
23
11
28
36
26
85
11
24
30
13
23
39
17
100
30
17
25
22
15
16
19
20
28
41
19
35
11
24
47
26
24
7
29
30
12
18
16
33
26
17
21
24
30
45
24
20
67
31
10
24
27
90
11
10
18
24
15
12
44
22
38
22
33
14
32
19
24
34
28
31
38
73
22
21
19
15
23
49
28
31
31
29
20
8
29
19
16
27
12
22
27
30
16
33
18
26
28
45
35
7
20
24
10
32
31
10
31
26
25
32
18
17
21
17
23
25
33
19
40
16
19
21
11
20
19
27
24
7
18
31
79
31
43
32
16
18
24
22
58
20
22
19
31
42
22
21
12
23
20
33
28
49
22
12
19
25
19
34
52
20
24
11
25
67
16
26
16
31
7
227
27
27
16
19
19
23
25
19
20
49
17
78
26
38
12
49
56
15
22
41
31
23
26
7
22
22
41
20
19
31
26
16
61
260
16
20
22
17
44
10
26
15
13
36
18
24
29
39
8
18
22
14
169
26
23
12
20
21
16
22
38
22
10
21
29
51
34
33
15
27
31
19
16
40
22
50
15
23
21
30
18
21
11
23
8
22
41
29
42
22
17
14
20
27
23
11
19
22
14
24
19
47
21
