6
9
9
2
97
7
2
10
1
9
0
4
7
5
21
3
7
6
1
10
3
23
1
1
3
10
1
24
1
3
1
3
1
1
26
12
2
4
14
1
12
22
2
1
4
2
4
2
12
3
22
44
6
8
1
2
7
3
87
0
3
4
7
6
3
12
4
4
0
7
7
5
0
3
20
1
4
3
12
0
1
7
2
8
20
8
8
9
29
37
3
4
7
4
4
1
5
4
14
2
3
2
2
19
19
3
2
5
1
4
0
21
1
3
1
0
5
4
2
18
14
4
14
7
1
11
5
10
15
3
0
2
12
1
3
1
1
3
6
3
37
11
7
1
6
2
2
8
11
12
1
1
1
13
4
35
3
16
1
4
5
8
16
2
1
2
1
10
4
4
7
1
1
3
8
3
28
1
0
0
1
8
3
23
14
1
24
36
3
1
5
10
6
1
3
19
16
14
5
2
2
10
2
0
5
3
67
53
2
2
4
1
116
3
9
3
2
2
7
8
2
15
5
13
12
4
3
3
2
4
2
3
7
53
4
2
6
5
11
3
0
5
5
37
2
5
0
8
9
6
5
18
7
5
0
2
0
10
83
27
1
0
2
17
0
2
19
1
25
21
4
27
29
52
41
39
4
5
14
10
10
20
15
10
7
2
1
1
48
10
3
13
2
2
2
7
5
2
2
5
85
13
3
23
0
20
15
3
10
10
2
11
1
2
3
1
16
74
17
1
7
8
2
0
1
0
5
3
9
6
3
0
4
10
3
11
2
5
0
12
4
10
1
0
1
1
1
5
10
1
0
0
6
16
2
4
5
2
29
10
8
0
4
3
4
6
21
12
0
1
1
5
5
0
2
3
1
9
2
12
8
1
7
24
5
134
2
4
3
2
3
1
3
0
1
1
7
1
5
24
2
2
7
7
5
2
4
330
0
2
2
11
1
6
1
26
1
7
4
2
5
4
4
8
2
11
3
24
0
2
10
22
0
2
3
28
10
4
12
0
5
7
1
77
6
3
2
7
8
10
8
2
2
1
4
4
2
5
1
3
3
11
4
55
14
8
3
0
0
36
1
4
9
2
9
3
18
8
5
4
3
6
6
1
6
6
1
4
9
540
68
5
2
3
10
6
10
13
4
3
6
9
9
2
97
7
2
10
1
9
0
4
7
5
21
3
7
6
1
10
3
23
1
1
3
10
1
24
1
3
1
3
1
1
26
12
2
4
14
1
12
22
2
1
4
2
4
2
12
3
22
44
6
8
1
2
7
3
87
0
3
4
7
6
3
12
4
4
0
7
7
5
0
3
20
1
4
3
12
0
1
7
2
8
20
8
8
9
29
37
3
4
7
4
4
1
5
4
14
2
3
2
2
19
19
3
2
5
1
4
0
21
1
3
1
0
5
4
2
18
14
4
14
7
1
11
5
10
15
3
0
2
12
1
3
1
1
3
6
3
37
11
7
1
6
2
2
8
11
12
1
1
1
13
4
35
3
16
1
4
5
8
16
2
1
2
1
10
4
4
7
1
1
3
8
3
28
1
0
0
1
8
3
23
14
1
24
36
3
1
5
10
6
1
3
19
16
14
5
2
2
10
2
0
5
3
67
53
2
2
4
1
116
3
9
3
2
2
7
8
2
15
5
13
12
4
3
3
2
4
2
3
7
53
4
2
6
5
11
3
0
5
5
37
2
5
0
8
9
6
5
18
7
5
0
2
0
10
83
27
1
0
2
17
0
2
19
1
25
21
4
27
29
52
41
39
4
5
14
10
10
20
15
10
7
2
1
1
48
10
3
13
2
2
2
7
5
2
2
5
85
13
3
23
0
20
15
3
10
10
2
11
1
2
3
1
16
74
17
1
7
8
2
0
1
0
5
3
9
6
3
0
4
10
3
11
2
5
0
12
4
10
1
0
1
1
1
5
10
1
0
0
6
16
2
4
5
2
29
10
8
0
4
3
4
6
21
12
0
1
1
5
5
0
2
3
1
9
2
12
8
1
7
24
5
134
2
4
3
2
3
1
3
0
1
1
7
1
5
24
2
2
7
7
5
2
4
330
0
2
2
11
1
6
1
26
1
7
4
2
5
4
4
8
2
11
3
24
0
2
10
22
0
2
3
28
10
4
12
0
5
7
1
77
6
3
2
7
8
10
8
2
2
1
4
4
2
5
1
3
3
11
4
55
14
8
3
0
0
36
1
4
9
2
9
3
18
8
5
4
3
6
6
1
6
6
1
4
9
540
68
5
2
3
10
6
10
13
4
3
1
3
2
6
2
2
69
2
16
0
4
6
10
1
21
5
2
95
2
1
6
9
2
6
10
0
5
3
7
5
29
11
14
2
4
61
0
8
5
57
2
8
2
11
7
8
3
10
21
2
4
3
4
0
12
2
7
5
1
1
21
14
3
0
13
2
9
0
4
30
14
3
3
3
1
29
3
0
9
3
0
5
3
27
28
5
2
6
3
2
4
0
3
5
4
4
6
2
4
2
1
3
4
1
5
2
4
3
5
0
9
6
0
2
3
6
9
5
6
1
6
5
2
7
1
6
38
5
10
2
2
2
20
2
2
3
2
9
4
0
13
1
0
104
3
7
6
5
30
2
4
4
5
15
7
3
0
24
10
7
9
2
12
7
6
4
33
1
4
5
1
12
2
6
308
1
4
3
9
68
6
3
4
1
4
11
1
2
11
11
7
2
5
97
8
5
2
2
10
3
1
8
2
7
2
2
27
7
3
328
0
15
2
2
3
2
7
1
4
17
6
3
2
16
26
25
123
7
7
3
5
9
7
11
5
3
4
12
8
4
23
13
1
2
43
5
5
3
2
1
9
4
4
4
2
1
0
6
11
7
4
0
9
2
17
4
3
1
2
6
13
4
6
15
2
1
2
2
4
0
5
2
0
12
14
8
3
6
1
3
5
7
5
1
4
1
2
1
32
15
8
6
4
2
5
3
2
8
2
2
3
1
16
2
8
0
7
136
3
2
12
185
0
4
4
12
1
0
1
6
3
0
3
2
2
5
4
1
0
0
9
4
1
7
2
5
2
3
10
4
15
35
4
2
12
3
12
0
0
6
0
5
1
6
2
1
10
7
4
2
0
2
1
4
121
1
3
2
16
3
10
9
67
3
3
8
3
26
3
16
3
1
2
3
5
6
0
4
3
8
1
3
8
1
17
1
47
15
4
0
4
3
4
5
1
4
4
3
1
14
5
1
3
7
0
37
5
4
12
4
13
2
19
4
6
15
7
4
3
26
4
2
1
3
38
5
4
2
10
6
2
7
2
1
3
3
1
1
7
1
875
5
1
4
1
9
4
1
11
14
3
0
6
1
0
3
2
18
3
75
4
3
13
7
2
5
1
0
11
6
4
0
3
3
3
0
2
6
23
41
0
5
10
7
2
0
21
4
2
3
2
4
1
8
1
3
5
0
1
4
32
12
9
0
8
1
94
14
23
14
3
2
3
6
45
1
3
1
0
0
20
1
2
3
3
6
42
43
9
14
10
7
0
0
6
138
9
7
10
1
2
4
0
12
1
7
9
22
4
10
5
4
2
2
9
1
4
1
4
3
10
4
5
40
4
0
5
4
28
8
2
12
3
16
7
5
3
5
4
9
6
4
12
6
2
27
1
59
5
11
2
6
1
3
1
12
1
3
7
7
4
2
9
1
5
21
0
12
4
3
2
8
132
8
0
0
2
2
3
0
9
1
4
1
5
3
13
7
10
1
5
8
4
16
359
28
2
3
2
16
23
3
4
2
11
8
5
1
4
4
2
6
17
180
3
0
43
5
1
2
4
11
4
10
22
16
20
2
9
5
2
13
100
1
38
25
1
5
0
8
3
5
2
0
6
2
6
3
1
6
3
15
1
1
6
2
1
4
1
11
3
5
8
5
21
2
0
1
1
11
17
3
3
6
1
8
36
4
7
6
5
9
22
8
0
1
3
4
1
5
11
2
2
6
3
19
1
8
0
8
2
0
2
21
12
4
0
13
1
0
17
3
4
15
9
1
11
11
1
0
79
0
13
3
1
2
3
1
4
0
2
8
22
9
3
11
4
10
1
3
9
1
6
1
4
6
2
5
12
1
16
3
7
0
42
15
6
3
17
6
1
5
7
18
24
35
13
59
16
1
23
4
2
4
7
8
8
6
12
0
2
5
15
11
9
7
3
4
17
5
8
3
9
11
1
3
10
86
9
2
1
1
0
3
10
265
0
12
5
40
2
8
1
8
1
5
1
3
6
3
2
64
11
4
0
1
2
12
1
26
1
13
0
1
2122
5
7
6
1
1
1
3
6
0
4
1
1
10
51
1
1
2
1
6
8
5
3
0
8
14
13
1
29
5
3
13
4
9
13
64
4
15
1
8
2
5
2
26
2
0
2
3
0
0
2
2
3
1
3
36
1
1
7
5
21
13
4
14
18
3
9
8
1
3
1
7
9
6
4
10
0
5
15
5
5
2
3
0
6
2
1
329
2
10
5
7
0
5
6
2
1
5
64
1
6
0
4
10
0
19
3
7
204
1
12
0
3
8
1
1
4
2
9
70
4
3
5
0
2
3
3
3
7
0
5
0
1
10
30
7
1
4
4
2
2
10
4
0
3
8
5
11
2
0
1
0
2
1
0
4
7
1
1
10
6
11
3
4
4
4
5
14
12
14
5
1
2
1
4
1
7
9
0
5
9
12
3
6
1
2
3
105
5
2
7
3
2
3
3
25
9
0
2
1
233
1
4
7
5
6
7
4
3
7
5
0
0
2
2
0
1
8
5
3
15
7
0
6
292
11
2
8
3
21
4
5
0
15
6
3
16
7
3
3
4
3
6
4
6
10
2
7
1
0
6
4
58
3
0
14
6
4
19
1
0
6
3
3
1
3
4
2
4
3
0
2
1
13
9
1
1
2
6
4
5
7
4
0
4
2
3
1
4
4
8
0
73
12
0
11
4
9
7
5
1
2
8
14
9
5
8
3
12
1
11
1
13
0
5
4
1
6
15
32
14
0
6
4
9
0
3
82
6
4
2
2
14
24
0
5
1
21
2
8
4
4
42
0
20
6
1
6
2
13
4
4
2
4
8
165
0
4
10
3
12
3
5
2
12
1
76
4
3
0
3
1
6
6
4
0
8
34
1
3
3
6
6
13
9
0
80
10
6
3
4
2
3
37
6
3
0
1
2
5
8
2
4
5
0
0
8
9
2
4
6
10
22
9
5
2
7
3
7
10
2
3
3
2
4
6
4
1
3
0
23
2
1
15
4
2
9
7
1
4
7
7
9
8
4
3
17
1
6
8
1
1
21
9
19
1
9
1
4
2
3
1
2
3
4
5
2
12
5
3
2
5
18
6
7
1
2
0
2
0
3
3
1
5
6
3
1
69
9
3
3
3
18
14
1
48
4
32
2
6
4
4
1
5
5
1
1
1
4
3
9
8
0
3
1
369
2
3
7
2
9
7
2
4
4
2
0
5
4
15
7
27
2
5
0
3
1
6
40
5
7
6
5
1
51
2
2
7
0
4
6
4
298
9
43
1
6
1
0
2
3
3
3
3
3
14
2
3
1
5
0
10
11
6
1
14
8
17
1
7
23
0
3
11
10
4
10
1
2
14
1
2
13
3
2
2
1
0
3
2
5
0
3
6
5
17
9
4
2
3
23
18
1
1
14
3
4
1
2
4
2
2
2
6
2
14
5
1
1
2
1
7
5
5
15
4
1
7
13
3
2
10
1
123
2
3
1
189
4
11
2
0
7
7
1
1
6
0
19
1
0
2
20
0
3
15
3
11
1
41
5
8
2
0
3
2
4
5
4
3
7
7
9
5
4
2
38
8
2
6
3
1
17
43
8
5
5
1
10
1
16
5
6
4
7
3
3
5
1
14
7
15
8
12
48
8
1
1
3
6
3
15
3
4
2
1
1
3
78
7
6
1
1
1
0
3
10
2
5
1
9
4
6
3
4
5
1
2
5
3
5
10
0
2
2
6
1
1
3
25
5
7
1
9
10
2
2
9
8
22
3
0
4
4
27
13
7
5
4
3
6
1
4
6
3
2
3
2
14
1
3
20
14
2
4
3
3
2
1
4
16
1
2
2
25
6
3
7
8
13
48
3
11
602
1
1
1
2
5
32
0
2
5
2
8
5
8
10
43
4
3
6
9
15
4
1
2
16
0
11
5
9
5
0
6
7
0
15
7
11
3
2
11
2
66
5
8
0
7
16
1
5
2
3
3
0
5
8
6
37
1
1
2
12
4
6
3
2
6
3
5
4
3
3
0
3
5
23
12
2
42
3
0
0
3
2
59
7
8
7
24
1
10
4
3
5
402
5
7
17
13
6
3
13
14
44
4
1
5
6
2
29
7
8
8
2
11
4
2
5
2
7
1
8
1
2
179
7
73
8
12
5
1
3
11
3
18
2
0
8
12
2
2
3
8
9
4
1
2
2
8
6
5
80
14
11
3
3
4
2
1
2
13
21
3
1
0
0
0
4
2
2
9
7
5
1
4
1
41
3
2
2
3
6
2
4
4
8
5
2
12
2
8
0
45
4
2
9
75
6
7
5
15
3
97
2
238
5
5
51
3
16
7
3
2
0
11
0
2
0
4
2
3
0
16
1
5
5
3
3
9
23
2
1
12
0
4
4
5
2
5
1
4
2
3
8
30
4
5
5
1
13
4
12
2
6
3
25
2
3
19
3
7
1
0
9
25
2
2
6
2
2
3
33
1
5
4
5
5
2
5
2
14
2
7
2
1
2
14
0
1
0
22
0
9
13
4
136
7
15
6
2
1
0
3
0
0
1
6
4
4
0
2
4
2
5
7
2
6
1
2
2
0
4
18
2
11
14
4
4
3
5
39
0
4
2
6
0
6
0
2
4
116
11
30
5
2
0
13
2
7
3
0
7
3
2
11
3
3
4
0
13
0
9
13
4
7
12
1
4
11
1
5
6
6
4
6
4
5
16
4
1
5
1
3
1
2
3
2
7
11
3
4
3
12
5
2
11
11
10
359
3
9
1
12
2
4
3
8
15
5
2
8
4
4
3
1
4
3
3
6
8
22
3
0
7
4
6
31
7
4
13
10
9
2
4
1
2
7
2
0
4
1
2
2
1
1
3
0
6
2
1
0
1
1
5
0
5
2
13
6
59
2
2
4
4
0
5
0
3
3
1
9
1
21
1
0
11
5
5
0
3
34
16
3
0
9
3
4
1
1
9
41
24
4
2
2
19
0
58
3
4
10
10
33
8
4
16
2
5
5
5
5
3
4
6
74
1
2
3
3
9
2
0
3
7
1
1
62
2
0
5
9
2
9
0
18
3
3
10
2
5
2
7
3
4
2
7
11
0
6
4
43
4
5
7
12
4
8
0
2
3
2
2
9
3
7
18
10
5
2
13
6
4
18
12
7
14
3
3
5
17
0
7
2
1
10
17
3
10
4
5
0
3
5
6
4
1
9
2
11
3
1
1
6
1
8
5
25
0
9
8
0
9
2
31
3
3
83
5
3
10
5
1
8
1
4
1
5
4
6
5
5
3
1
1
5
2
6
1
13
2
0
3
37
2
7
5
3
8
12
0
6
1
33
0
5
0
1
2
3
1
2
4
16
1
1
4
6
0
57
23
1
12
6
4
47
2
2
1
5
53
3
2
11
1
3
1
3
32
1
8
2
1
1
5
21
5
17
4
17
2
1
1
2
1
8
2
8
14
2
0
4
2
114
3
13
13
4
32
10
5
3
5
930
2
41
1
2
1
3
20
7
6
5
3
1
38
4
24
1
2
5
22
3
0
0
2
4
4
2
3
8
1
2
2
4
8
1
18
60
4
5
5
4
20
8
0
7
0
5
19
2
12
4
6
53
6
5
5
2
9
0
6
0
6
6
4
2
2
12
11
2
1
6
8
5
3
4
3
1
31
2
4
9
4
4
2
23
1
1
1
32
5
6
3
5
1
1
1
1
8
11
6
0
3
25
2
4
3
6
5
0
5
7
0
4
3
1
2
0
5
10
3
3
3
8
4
6
8
12
12
52
44
0
3
5
4
0
2
5
4
3
11
1
1
2
0
2
26
5
0
9
9
1
12
7
5
4
2
5
3
5
6
0
6
6
0
8
24
5
13
4
0
14
7
3
3
10
6
8
2
3
1
4
4
1
6
1
4
7
3
9
0
17
12
2
11
4
25
4
1
3
3
0
2
15
2
11
3
9
2
6
2
27
0
4
15
10
14
67
16
4
3
20
3
4
10
224
3
9
2
28
5
12
1
10
6
0
9
31
7
0
8
13
1
31
1
7
2
3
18
27
5
5
1
38
2
7
1
19
15
5
1
2
11
0
1
0
12
6
4
0
2
2
10
5
8
1
8
2
1
4
6
1
1
3
12
9
12
7
1
0
1
53
3
4
1
1
3
13
16
8
2
1
4
9
5
26
4
3
6
1
4
1
0
1
6
6
6
4
11
4
7
6
2
12
10
11
0
5
22
12
0
11
6
7
12
0
0
1
6
18
9
1
4
1
8
7
0
1
2
3
2
20
1
0
15
5
3
0
13
3
20
8
3
4
6
2
4
4
7
0
6
10
0
8
23
5
7
6
9
0
5
13
1
9
1
0
3
4
3
4
13
2
64
9
7
4
9
5
15
1
2
7
3
2
4
5
3
4
9
23
13
1
4
1
0
5
4
1
1
5
4
1
6
2
0
15
0
3
9
6
4
1
1
1
0
8
3
3
1
3
4
0
3
7
1
2
59
3
5
22
71
0
4
46
6
1
5
3
2
2
19
36
2
12
61
3
1
14
0
3
6
6
15
1
8
10
3
9
1
15
11
7
3
4
6
2
1
4
15
3
7
4
1
16
14
4
75
15
1
4
10
7
7
488
2
1
5
1385
3
5
23
32
1
0
107
11
4
5
6
22
0
42
3
3
45
9
9
0
3
2
1
20
3
14
5
3
6
33
1
4
4
3
11
131
5
1
0
6
16
1
5
1
1
20
2
10
6
5
4
13
3
12
9
12
2
1
3
5
1
1
11
2
11
4
5
4
33
6
5
3
11
13
5
1
0
5
3
263
1
8
2
42
5
3
9
8
12
0
2
1
12
4
4
48
3
17
6
9
1
15
4
2
15
1
14
1
11
7
16
1
0
2
17
0
7
9
6
2
2
5
7
5
1
4
24
5
4
0
0
3
9
2
57
11
4
3
4
1
4
4
8
3
0
4
2
2
11
4
2
7
2
3
6
8
6
23
12
4
62
9
24
27
32
8
36
15
3
13
1
3
5
0
1
9
8
22
9
2
9
8
2
2
8
17
8
9
2
25
3
8
6
6
53
18
2
4
0
8
4
13
1
3
10
2
8
3
3
3
12
25
4
3
2
10
1
0
6
0
2
1
2
2
13
17
2
7
5
1
25
3
0
8
14
11
7
3
11
1
9
2
147
10
3
24
3
4
14
0
2
0
4
1
1
2
4
3
5
5
2
6
1
2
11
1
8
10
2
8
2
3
4
4
9
9
3
8
2
1
6
2
0
6
4
7
6
2
1
5
1
6
1
1
5
11
3
4
3
10
4
7
1
3
2
0
36
5
3
1
0
4
2
1
8
5
2
5
1
1
0
3
3
2
121
39
7
8
1
16
5
2
6
4
5
2
1
0
11
9
9
12
1
3
13
0
1
0
15
0
0
9
2
6
4
1
9
6
17
4
4
1
2
0
7
1
4
13
3
2
0
3
2
4
1
0
4
29
2
3
4
3
5
8
13
6
10
1
5
13
8
17
1
24
0
2
6
4
0
7
1
6
102
9
4
9
9
1
1
10
2
1
14
4
8
17
0
2
3
12
0
9
22
1
2
0
1
14
18
2
1
25
1
8
2
7
0
0
3
0
7
11
2
16
27
3
1
10
2
6
5
2
50
5
14
148
1
8
4
5
23
5
2
4
1
0
2
3
1
17
12
1
4
4
1
1
5
4
32
44
10
10
1
4
4
1
0
1
3
1
6
1
1
3
3
1
7
2
1
5
7
72
4
30
2
7
4
3
2
2
2
7
2
2
2
0
1
2
4
7
1
1
5
13
12
4
6
7
2
2
0
3
3
13
4
1
2
6
11
1
3
2
3
3
1
25
0
4
4
8
5
4
5
2
14
34
10
20
51
3
11
5
2
6
4
4
0
18
1
4
6
2
1
14
1
15
25
5
1
5
29
8
2
2
8
10
7
22
39
21
1
53
63
4
6
2
2
3
2
1
1
4
3
3
15
7
10
5
9
2
1
9
4
16
11
0
4
0
0
8
93
29
6
1
2
12
6
27
2
17
7
3
1
0
1
7
66
1
1
7
11
19
4
29
1094
1
55
7
33
2
8
24
0
0
1
287
3
5
190
27
1
8
1
3
3
0
12
1
4
4
6
13
5
24
9
1
2
6
6
2
2
5
5
1
3
89
4
8
50
12
8
375
12
27
5
2
5
14
1
8
5
4
6
20
20
3
3
7
0
4
6
10
8
0
0
3
30
2
9
1
0
16
17
3
2
0
2
0
17
4
12
3
7
8
1
21
17
8
2
4
6
9
1
2
20
1
4
0
6
1
4
515
0
19
3
1
0
12
2
4
14
1
2
2
0
1
6
11
3
17
3
7
34
5
5
35
2
6
100
9
1
13
4
6
1
43
0
5
27
0
12
7
3
6
2
7
7
9
18
1
4
4
13
12
1
6
23
1
13
5
33
5
11
2
1
0
3
11
9
8
0
26
0
13
11
1
7
6
7
3
3
8
1
8
0
5
1
9
4
0
7
2
4
42
6
9
17
0
7
4
6
2
102
11
10
1
1
3
4
3
5
2
0
15
8
11
3
6
2
6
14
20
2
3
37
6
5
4
2
2
2
12
15
15
2
2
6
2
3
3
0
10
6
14
7
534
1
2
3
69
0
13
22
5
2
17
3
5
0
3
6
7
13
3
3
7
0
1
1
0
6
1
4
1
5
4
3
2
0
3
7
1
7
0
8
1
6
2
2
0
0
2
7
4
4
3
4
11
2
2
4
112
3
2
6
7
11
8
83
3
4
1
1
0
2
4
5
82
19
269
57
1
10
1
5
2
2
4
5
11
1
1
3
2
44
5
1
2
1
4
0
2
2
0
2
7
7
96
4
437
1
6
0
4
7
0
9
7
20
2
5
1
11
2
9
6
7
1
2
9
32
3
9
1
1
3
6
1
68
22
7
0
5
16
4
3
13
0
20
6
31
1
5
3
20
20
6
2
1
7
3
1
6
2
7
0
3
5
0
1
4
5
12
0
14
2
3
1
14
5
11
5
6
2
1
4
18
7
2
13
3
5
5
105
2
2
3
5
30
34
10
2
2
1
3
3
4
6
3
11
4
5
3
2
9
1
6
5
7
31
16
18
2
3
8
8
2
9
6
0
0
16
0
9
8
18
11
3
0
203
8
19
22
15
7
6
28
5
16
1
5
6
2
25
18
4
2
5
0
4
0
2
1
12
1
3
1
3
4
2
1
3
5
3
2
9
5
9
3
1
2
1
0
5
70
10
4
2
7
1
9
11
5
1
3
2
4
2
4
20
1
0
5
4
4
0
127
6
3
9
8
15
2
36
10
4
6
1
2
4
5
6
2
1
0
0
8
6
2
3
4
2
11
3
4
1
2
11
9
2
6
3
4
28
3
1
1
6
2
3
3
15
2
2
3
0
7
6
4
6
11
29
3
7
2
2
10
0
0
3
3
2
3
2
2
4
2
2
2
14
4
1
4
11
15
3
2
5
14
7
12
1501
2
1
4
2
0
3
26
1
0
9
1
2
10
1
15
1
7
5
3
6
1
6
2
3
6
4
1
8
3
2
2
4
6
20
2
9
16
2
3
10
2
1
1
61
6
3
37
4
5
4
1
6
1
4
1
2
3
1
3
19
1
5
4
1
18
8
2
4
1
2
26
4
8
1
2
3
1
2
4
4
4
4
3
1
12
2
5
3
2
6
4
1
2
1
2
10
6
5
3
4
9
1
9
4
6
0
2
23
3
155
13
5
11
6
7
1
21
5
4
5
2
8
7
1
4
2
3
12
6
4
7
1
7
4
6
9
9
1
3
2
17
5
4
3
10
7
0
14
37
0
10
14
3
17
9
31
4
5
7
4
5
9
4
5
3
9
4
2
3
24
7
13
1
2
2
21
2
3
4
3
3
9
8
3
7
15
0
19
1
19
2
5
3
4
2
3
0
2
5
75
1
3
13
30
52
5
5
8
2
1
10
0
1
4
2
2
3
13
1
3
3
2
0
3
8
4
7
58
7
7
1
2
14
29
0
4
14
2
7
3
1
40
15
1
3
2
1
5
1
7
5
17
0
11
2
11
12
3
6
0
10
13
2
4
3
10
4
8
2
2
2
1
5
5
2
3
7
0
2
6
4
0
1
8
13
5
5
6
11
4
2
5
5
5
4
6
9
6
5
10
19
6
4
3
1
25
2
0
0
9
8
4
2
3
3
2
4
2
0
3
3
7
0
0
4
4
1
5
4
2
9
7
3
118
3
2
7
3
17
2
8
6
2
1
0
8
7
3
8
46
3
0
9
18
19
1
40
4
1
9
1
1
3
3
10
3
19
1
0
6
12
2
5
21
10
0
0
0
3
1
8
4
5
141
7
1
15
4
10
0
6
2
5
8
0
2
0
1
10
3
7
13
2
17
7
11
0
11
9
2
1
1
5
0
6
3
2
4
1
1
4
3
51
4
4
2
3
1
3
3
33
5437
0
27
0
1
6
3
8
4
11
2
9
0
38
7
3
1
5
1
2
5
6
2
13
2
2
5
0
2
0
4
7
3
5
2
4
6
2
7
6
0
3
6
2
59
3
3
2
0
4
5
29
9
6
0
0
0
8
4
48
0
4
3
12
4
9789
2
4
8
23
20
19
1
3
4
6
1
4
6
3
5
1
5
0
61
3
3
3
1
2
6
3
25
4
4
5
125
7
2
17
10
1
2
1
1
1
0
0
2
11
26
3
1
1
3
2
2
8
5
7
18
2
6
2
3
10
1
111
4
3
3
12
14
1
40
2
5
0
4
3
4
50
11
2
31
8
8
1
3
3
5
18
6
3
4
1
53
15
2
3
17
2
3
2
4
3
0
4
9
0
3
0
9
13
1
1
86
1
5
12
36
29
11
2
7
1
10
1
2
12
11
4
4
3
0
11
3
11
1
5
3
6
2
4
1
6
3
6
1
5
4
2
5
1
3
21
4
3
9
10
25
2
2
5
0
0
3
3
32
5
16
3
13
2
2
14
4
2
3
9
0
6
4
5
7
11
11
12
0
9
4
12
8
17
9
2
7
2
3
11
0
3
1
17
3
5
1
3
0
2
8
2
1
10
3
0
2
8
1
0
0
3
24
3
0
0
8
23
18
6
3
1
4
9
1
12
5
1
22
0
5
8
1
51
39
1
8
19
6
10
2
0
9
0
2
1
9
2
16
1
2
6
0
2
1
4
4
23
5
4
0
3
7
8
0
12
2
0
8
5
18
2
57
11
4
10
11
2
9
4
0
13
17
10
1
7
0
9
0
2
2
28
7
6
6
2
2
2
6
6
6
2
3
3
5
13
8
8
1
5
4
3
3
1
3
3
11
1
1
11
9
1
18
0
0
7
5
3
3
9
5
3
2
0
10
1
1
0
10
13
3
0
1
9
8
6
180
2
5
3
7
35
17
8
8
5
0
5
3
0
3
1
0
5
3
5
1
1
5
190
1
32
9
4
4
1
2
2
10
10
3
1
3
8
6
22
1
0
522
2
11
5
4
0
13
3
2
5
2
12
5
7
17
11
2
1
3
0
5
2
6
6
0
2
5
22
15
4
4
1
11
6
158
6
9
1
7
0
2
12
18
3
6
3
2
3
2
4
3
7
2
11
4
8
20
36
23
1
2
17
7
5
9
0
1
9
11
7
2
7
3
0
82
3
25
1
2
7
62
8
2
3
5
14
5
28
8
34
1
4
7
2
7
10
9
2
3
9
4
11
5
2
4
23
18
2
17
1
3
2
11
7
16
6
11
4
2
24
4
2
7
5
3
0
22
5
5
12
2
2
0
2
17
9
10
5
3
1
184
13
3
7
35
1
13
7
2
2
1
4
7
1
1
6
2
2
3
0
2
7
3
0
1
5
5
0
3
1
5
10
6
1
2
2
27
5
4
2
10
7
3
8
1
0
4
0
1
12
6
15
3
1
208
1
19
14
2
24
4
0
1
4
10
24
11
4
1
7
6
1
17
5
6
3
2
0
21
2
9
5
6
4
1
13
3
18
7
5
13
10
10
1
3
2
1
1
2
4
1
5
1
21
8
8
16
5
0
18
1
4
9
9
9
3
20
11
23
3
4
1
2
4
2
28
2
3
14
1
1
8
7
0
2
2
20
3
0
1
5
6
4
24
11
13
0
2
12
1
8
8
0
13
4
9
10
8
2
34
14
1
3
23
5
1
1
7
4
3
1
0
7
0
1
2
8
51
4
5
4
0
2
5
4
0
17
0
1
0
20
6
7
9
16
8
6
337
4
6
4
20
30
2
2
58
10
7
1
9
5
10
3
11
7
3
6
7
9
35
1
2
8
5
2
1
2
3
509
5
2
1
3
4
2
2
4
9
3
4
7
2
3
8
2
2
1
2
7
0
23
4
2
8
1
23
3
5
2
6
2
16
2
1
2
5
6
3
12
2
8
4
33
1
5
4
1
4
6
1
3
0
9
8
3
16
3
2
2
4
1
5
13
6
4
1
3
4
1
3
6
1
30
28
1
13
3
6
4
0
12
5
5
4
7
7
4
12
13
31
0
0
22
5
1
9
1
2
4
9
1
21
3
4
14
2
3
49
1
15
2
9
1
10
4
1
2
1
13
20
4
6
10
12
2
4
5
6
14
3
1
2
7
12
1
4
3
1
6
6
0
2
4
11
0
9
4
14
7
4
8
6
2
3
10
1
12
62
8
2
1
2
3
10
2
5
203
5
5
4
3
3
3
0
20
1
0
213
3
2
5
5
5
1
19
36
3
15
8
9
93
10
21
3
9
1
1
30
0
5
67
5
2
5
4
16
2
3
0
35
3
2
6
2
4
4
3
21
0
5
1
7
0
1
12
6
4
4
7
0
1
21
13
4
2
4
6
6
19
6
2
2
3
2
0
5
13
25
29
4
0
1
7
1
3
7
2
2
24
1
2
2
15
3
9
16
2
2
1
17
1
6
8
2
0
4
5
4
8
1
5
4
1
1
0
11
2
26
6
1
11
26
4
2
3
4
6
11
2
19
9
0
25
14
15
3
5
1
11
7
3
7
1
12
3
11
3
2
4
1
6
36
43
3
20
8
3
1
4
0
9
6
1
3
3
4
1
7
2
1
3
4
1
15
5
14
2
4
2
4
6
68
5
1
17
9
7
44
2
3
1
5
2
3
2
6
1
32
41
3
10
1
9
8
6
0
1
26
3
5
2
7
2
4
10
0
1
2
4
1
4
6
4
9
0
0
15
12
0
7
3
10
4
17
12
41
2
11
2
7
33
7
1
5
1
12
43
3
2
0
3
3
5
4
5
2
0
5
1
7
2
5
150
2
14
0
3
17
8
3
3
3
1
0
10
4
6
5
6
5
13
3
3
5
3
5
5
4
2
5
9
6
4
5
8
6
65
0
3
3
6
7
0
7
4
4
0
1
7
6
5
4
4
3
14
12
5
9
1
1
3
9
2
2
9
2
1
12
7
3
3
1
2
1
41
3
3
2
3
9
8
6
138
1
0
9
3
106
16
10
2
6
2
13
4
22
1
5
19
3
13
125
8
4
5
6
2
5
6
3
1
3
7
4
1
4
8
5
11
1
14
16
22
5
2
74
11
7
8
12
7
5
0
1
50
0
11
0
5
4
11
3
15
101
2
3
3
1
2
37
2
1
5
3
10
3
5
27
3
1
7
1
27
2
26
20
2
2
3
6
4
2
5
3
19
14
4
0
7
5
8
5
14
14
14
2
1
0
3
1
1
2
0
4
49
22
0
33
11
21
3
3
2497
6
0
38
27
10
16
1
9
7
2
24
3
12
2
7
7
10
4
4
8
3
7
17
3
1
0
2
8
1
4
6
7
4
5
7
1
0
15
16
5
30
7
3
5
7
2
0
12
3
2
3
2
0
3
437
1
4
4
2
10
8
3
18
8
22
18
8
12
7
2
34
16
7
3
2
0
0
247
8
4
4
5
7
4
3
3
10
8
3
2
4
11
1
2
4
3
10
34
5
8
7
10
7
298
12
10
3
5
2
3
6
4
9
101
9
5
1
3
1
10
1
4
1
17
1
60
1
18
11
0
9
6
4
2
0
2
5
17
0
0
1
1
16
1
3
5
20
5
22
1
8
31
1
1
5
8
10
12
14
3
3
19
1
1
3
5
5
1
21
1
7
1
1
12
68
20
6
10
2
5
1
3
2
6
3
3
2
4
0
6
4
4
3
2
3
14
1
1
5
0
4
19
7
2
8
11
6
0
2
12
19
2
28
2
8
5
6
11
0
1
8
7
9
3
6
1
4
2
1
0
27
5
2
5
14
5
1
4
2
21
5
17
4
12
2
2
2
11
32
4
1
6
42
1
6
1
4
1
3
2
153
0
7
2
11
4
42
4
4
6
10
1
5
0
6
2
2
8
16
4
1
3
3
22
16
2
0
2
4
11
3
2
1
51
1
1
28
1
1
21
2
2
6
11
0
2
3
5
52
24
1
6
4
8
5
2
3
5
0
5
4
2
7
2
3
8
6
7
18
2
2
0
1
2
2
8
41
1
3
10
24
3
2
11
2
1
1
6
2
1
1
0
4
0
2
1
4
3
19
2
6
7
82
0
3
0
3
1
7
4
9
9
4
3
9
3
17
8
3
1
9
18
12
1
1
7
7
7
4
2
0
5
53
0
3
0
86
0
24
4
2
9
279
1
27
2
12
37
1
5
2
17
4
5
5
4
2
1
3
13
2
1
12
1
3
8
11
8
16
3
12
6
2
21
15
10
5
0
2
2
2
4
2
4
30
5
3
5
1
9
3
9
4
6
5
12
57
1
13
3
34
0
2
1
5
1
4
2
10
5
3
5
4
2
8
2
42
3
8
4
0
4
12
3
11
3
4
2
8
2
8
2
2
10
15
11
10
26
7
1
1
3
6
7
0
1
9
4
2
11
10
6
7
7
8
4
1
4
1
2
5
2
2
5
3
1
1
38
2
6
5
6
7
0
17
1
0
2
1
0
3
1
1
1
1
5
4
2
10
1
8
3
2
13
12
5
2
15
5
3
3
7
6
0
6
1
4
0
5
11
10
0
5
4
22
2
0
14
2
100
4
1
5
0
9
3
2
5
2
1
4
6
2
3
11
2
3
4
3
0
2
3
8
2
3
13
2
3
2
7
0
3
3
2
1
16
1
11
26
2
0
7
8
10
1
12
0
5
5
4
5
12
13
5
3
9
2
7
2
10
2
2
0
2
40
4
55
2
7
2
3
5
1
2
3
3
6
0
6
1
1
3
7
6
18
2
3
1
5
1
2
0
2
3
9
3
4
0
4
4
2
29
5
4
89
25
4
8
4
3
7
7
19
6
5
2
1
20
4
2
12
1
0
3
1
12
7
5
2
11
3
15
0
6
5
0
3
6
0
7
6
41
2
1
8
23
10
6
21
1
2
2
2
6
2
2
3
3
1
2
1
7
0
0
43
0
8
3
44
2
4
8
33
0
5
16
8
10
13
5
4
3
4
5
4
5
18
2
8
11
18
51
5
19
7
0
8
8
1
4
1
13
1
6
24
4
16
1
9
726
0
9
7
2
0
3
1
6
3
7
3
11
4
9
5
15
2
2
0
2
4
16
15
12
9
1
8
2
2
1
10
11
16
38
3
1
13
1
4
4
1
6
5
5
2
4
5
4
1
68
2
6
6
1
4
26
7
28
1
1
4
5
2
3
0
1
1
1
1
2
11
5
13
0
4
2
3
1
4
1
3
1
4
3
3
34
5
12
3
6
18
1
1
4
9
2
1
2
30
0
4
3
4
14
0
3
1
124
5
6
1
5
8
0
1
580
12
2
12
7
6
3
11
0
13
5
61
2
12
11
0
4
1
1
0
3
12
5
81
2
2
3
7
4
5
2
159
2
16
22
2
3
2
6
16
4
4
2
3
0
2
6
1
2
33
4
2
6
10
3
5
2
2
6
14
3
9
5
4
6
98
1
4
4
3
7
5
4
7
22
11
3
9
1
1
11
3
11
3
2
6
2
23
6
9
161
1
2
1
11
3
8
1
0
2
3
18
10
10
3
6
0
44
26
9
5
2
13
1
0
1
14
8
2
19
1
1
2
9
7
1
40
3
3
17
1
17
3
9
2
3
3
3
7
1
3
2
9
14
4
1
1
12
9
6
4
1
16
7
6
5
0
93
12
15
10
7
0
4
924
2
5
4
6
38
7
6
0
4
6
8
5
7
2
2
11
4
2
13
0
7
3
3
0
7
11
1
17
5
2
3
4
17
7
11
1
14
65
34
1
0
7
6
3
8
5
2
5
8
6
1
0
2
6
5
5
2
5
1
9
3
4
7
20
12
0
4
4
13
6
6
7
1
4
2
0
1
3
18
8
12
5
12
80
3
1
1
1
9
1
4
10
6
13
4
2
11
25
2
5
2
0
1
2
18
7
8
4
14
5
0
3
10
2
2
14
8
3
5
9
12
4
11
0
14
1
7
34
5
5
30
4
24
1
4
3
1
3
2
11
8
3
0
1
1
8
2
3
46
5
28
54
8
2
7
2
4
13
1
4
6
2
9
4
5
17
3
17
31
1
4
7
2
7
9
4
1
0
6
3
8
4
6
3
1
9
8
8
9
4
5
17
10
13
0
12
4
0
72
7
0
1
1
4
1
2
300
106
7
9
0
3
2
13
8
2
20
6
8
3
2
6
9
9
2
97
7
2
10
1
9
0
4
7
5
21
3
7
6
1
10
3
23
1
1
3
10
1
24
1
3
1
3
1
1
26
12
2
4
14
1
12
22
2
1
4
2
4
2
12
3
22
44
6
8
1
2
7
3
87
0
3
4
7
6
3
12
4
4
0
7
7
5
0
3
20
1
4
3
12
0
1
7
2
8
20
8
8
9
29
37
3
4
7
4
4
1
5
4
14
2
0
2
15
2
0
4
30
10
6
0
4
19
15
2
2
6
3
6
33
6
1
1
3
11
5
12
4
3
5
1
2
4
1
11
2
20
0
20
2
16
0
34
11
2
2
4
2
5
41
1
1
15
4
7
0
6
6
3
6
8
1
1
2
6
3
32
12
6
0
14
31
4
2
15
5
7
66
148
0
13
8
3
1
19
1
14
8
1
1
0
2
3
3
2
5
8
255
1
3
3
3
34
45
3
3
7
5
34
2
6
5
0
3
1
0
4
1
16
25
0
675
8
3
3
4
4
25
2
9
2
4
3
2
5
2
1
0
8
25
3
5
7
4
2
2
5
58
6
327
10
22
5
2
0
0
12
209
1
7
1
0
20
5
1
10
1
1
2
7
20
4
13
8
30
6
2
1
2
1
2
8
0
4
5
12
0
1
6
12
3
8
6
8
0
13
1
8
9
1
7
11
9
1
11
7
9
9
3
5
5
5
5
7
4
36
5
10
1
2
3
7
4
29
2
3
2
2
12
1
3
8
6
6
5
18
2
3
2
5
3
1
5
7
11
24
1
2
8
8
2
1
8
2
3
2
152
4
2
9
3
11
2
1
1
77
2
7
7
21
1
12
3
7
8
7
1
7
4
7
3
3
15
2
2
18
14
13
14
5
6
1
3
1
12
2
48
4
1
4
3
