3
8
6
2
16
0
2
2
5
8
1
6
0
3
28
2
2
2
5
7
8
15
4
2
3
8
4
11
8
10
3
8
48
446
4
25
4
3
12
22
10
7
13
7
170
7
39
0
44
5
7
0
10
16
9
4
48
3
4
10
0
5
4
36
40
3
5
12
7
3
30
7
3
33
13
5
8
1
5
2
2
6
2
4
3
4
5
1
4
13
12
44
19
31
2
0
11
3
2
45
16
14
1
4
7
3
13
2
9
4
6
50
25
15
57
14
12
20
34
11
6
6
2
19
1
14
1
4
2
7
30
26
33
37
4
5
3
4
1
12
11
11
15
2
6
34
7
0
6
15
4
2
17
2
95
6
4
67
12
5
9
6
3
4
1
6
24
8
13
1
17
14
0
8
2
5
11
3
16
3
7
3
1
4
33
2
10
5
16
5
4
12
18
4
3
1
12
4
5
1430
3
3
18
2
3
8
10
4
14
5
19
6
6
11
13
13
1
2
4
0
4
25
12
50
4
5
46
9
3
16
5
9
14
5
6
20
5
10
4
15
2
20
4
3
14
18
8
5
3
1
2
1
43
3
8
22
2
17
87
2
9
5
4
8
2
8
4
5
1
10
56
5
0
3
14
4
6
8
0
10
11
6
16
2
1
14
10
5
42
8
112
4
2
4
7
5
2
5
5
8
11
9
1
4
1
6
14
2
4
5
3
30
2
7
5
11
4
2
4
3
0
20
5
8
2
1
30
52
5
29
3
3
9
21
3
3
9
6
6
25
8
14
10
23
0
0
1
4
8
3
8
54
2
5
57
0
10
1
26
4
0
137
3
0
37
27
6
0
17
3
8
18
0
4
4
2
16
6
0
4
0
12
0
10
3
3
5
7
3
53
7
9
1
6
0
1
4
0
12
15
2
37
8
8
17
2
3
3
2
2
19
4
1
1
9
2
8
85
8
5
1
4
0
18
3
18
2
6
158
2
2
1
4
14
7
56
20
5
3
51
7
12
2
24
1
3
9
90
17
17
2
19
3
18
15
1
11
2
157
1
2
8
10
0
82
17
4
1
3
13
48
4
95
3
2
2
25
0
2
1
413
2
297
0
15
1
3
7
6
3
8
8
2
16
7
7
6
3
18
3
3
8
6
2
16
0
2
2
5
8
1
6
0
3
28
2
2
2
5
7
8
15
4
2
3
8
4
11
8
10
3
8
48
446
4
25
4
3
12
22
10
7
13
7
170
7
39
0
44
5
7
0
10
16
9
4
48
3
4
10
0
5
4
36
40
3
5
12
7
3
30
7
3
33
13
5
8
1
5
2
2
6
2
4
3
4
5
1
4
13
12
44
19
31
2
0
11
3
2
45
16
14
1
4
7
3
13
2
9
4
6
50
25
15
57
14
12
20
34
11
6
6
2
19
1
14
1
4
2
7
30
26
33
37
4
5
3
4
1
12
11
11
15
2
6
34
7
0
6
15
4
2
17
2
95
6
4
67
12
5
9
6
3
4
1
6
24
8
13
1
17
14
0
8
2
5
11
3
16
3
7
3
1
4
33
2
10
5
16
5
4
12
18
4
3
1
12
4
5
1430
3
3
18
2
3
8
10
4
14
5
19
6
6
11
13
13
1
2
4
0
4
25
12
50
4
5
46
9
3
16
5
9
14
5
6
20
5
10
4
15
2
20
4
3
14
18
8
5
3
1
2
1
43
3
8
22
2
17
87
2
9
5
4
8
2
8
4
5
1
10
56
5
0
3
14
4
6
8
0
10
11
6
16
2
1
14
10
5
42
8
112
4
2
4
7
5
2
5
5
8
11
9
1
4
1
6
14
2
4
5
3
30
2
7
5
11
4
2
4
3
0
20
5
8
2
1
30
52
5
29
3
3
9
21
3
3
9
6
6
25
8
14
10
23
0
0
1
4
8
3
8
54
2
5
57
0
10
1
26
4
0
137
3
0
37
27
6
0
17
3
8
18
0
4
4
2
16
6
0
4
0
12
0
10
3
3
5
7
3
53
7
9
1
6
0
1
4
0
12
15
2
37
8
8
17
2
3
3
2
2
19
4
1
1
9
2
8
85
8
5
1
4
0
18
3
18
2
6
158
2
2
1
4
14
7
56
20
5
3
51
7
12
2
24
1
3
9
90
17
17
2
19
3
18
15
1
11
2
157
1
2
8
10
0
82
17
4
1
3
13
48
4
95
3
2
2
25
0
2
1
413
2
297
0
15
1
3
7
6
3
8
8
2
16
7
7
6
3
18
3
1
2
2
0
52
7
8
13
44
0
7
6
43
7
4
3
4
11
4
0
27
3
2
55
6
25
83
86
11
6
6
11
0
15
8
9
2
4
2
6
4
6
7
4
12
12
33
8
11
5
4
5
1
7
4
4
8
6
2
3
3
9
5
10
4
1
23
3
14
26
12
16
3
0
3
18
5
11
3
11
2
2
9
7
9
11
38
9
17
21
0
27
6
8
3
4
5
4
2
23
4
8
5
8
0
8
21
14
83
0
7
2
2
4
2
3
15
1
4
3
223
7
14
10
6
0
2
35
5
5
5
17
4
1
3
1
0
80
20
16
1
5
10
3
12
1
7
2
6
0
17
7
8
4
17
4
7
11
13
2
8
6
6
13
1
7
4
27
6
5
3
4
106
16
3
3
8
6
25
21
3
10
21
6
5
6
13
9
5
151
6
1
14
6
3
2
5
38
3
5
5
8
7
36
1
0
1
6
9
30
9
7
19
3
9
3
2
5
1
14
8
4
11
11
4
1
0
12
0
3
6
1
23
21
5
2
1
42
45
1
13
0
9
7
20
13
16
5
18
3
3
2
6
8
2
108
5
1
2
9
30
12
4
5
13
7
1
15
0
2
14
6
3
5
7
2
2
14
2
22
5
12
55
3
147
8
2
8
21
21
8
0
4
0
3
10
12
1
18
22
14
1
14
6
4
49
36
0
2
4
2
9
45
14
17
2
35
3
152
167
9
7
11
3
7
1
0
1
2
2
5
6
4
24
6
4
35
2
4
5
2
1
3
22
31
23
1
317
65
1
29
3
1
2
42
5
10
13
21
2
4
4
10
1
4
6
8
4
7
9
59
5
10
5
5
4
9
4
5
8
5
4
3
11
2
2
2
14
2
6
99
5
12
30
3
0
8
6
11
5
11
1
4
48
2
6
9
14
8
2
10
10
0
15
2
1
1
10
6
2
23
7
1
2
0
24
31
4
1
11
1
4
270
1
4
2
10
1
4
8
2
37
51
42
25
28
19
13
2
7
19
3
1
7
2
3
1
1
14
5
1
6
9
5
3
4
29
1
3
0
12
72
8
9
5
14
41
4
2
31
7
5
32
135
0
9
2
6
2
2
2
49
7
2
22
12
2
13
18
5
22
4
2
31
1
6
12
24
2
13
7
6
2
7
7
1
8
1
6
6
5
27
2
7
0
3
2
4
2
8
3
6
1
72
20
13
6
13
5
6
6
8
7
3
6
0
40
8
7
22
8
36
3
4
15
6
22
9
6
11
14
3
0
4
5
41
4
24
7
18
10
107
3
8152
4
7
3
2
1
6
58
0
4
9
5
5
7
6
14
5
4
12
8
12
1
14
29
0
2
1
10
8
4
4
10
1
3
2
5
20
7
8
11
1
10
192
838
6
3
3
15
36
22
8
1
4
9
3
13
4
6
32
7
5
2
2
14
11
106
7
8
13
8
2
1
5
0
4
21
5
4
29
4
7
6
3
15
1
2
5
3
13
85
9
1
3
8
3
4
5
9
4
1
4
12
4
13
14
4
2
15
4
5
10
29
14
4
4
13
16
3
1
0
7
6
4
1
9
152
2
10
75
21
6
5
27
2
4
1
2
10
7
63
80
5
4
1
5
27
8
10
34
7
4
5
2
2
7
0
9
73
18
5
13
2
2
5
4
2
13
8
7
2
6
11
5
0
1
23
0
6
3
1
96
3
4
3
2
8
3
5
4
5
22
50
1
7
47
29
4
2
4
832
4
14
3
8
2
2
1
1
4
8
3
48
6
13
3
1
80
7
4
106
6
1
3
39
25
6
5
3
4
4
3
6
5
1
7
1
5
5
14
7
2
15
0
20
10
0
3
12
15
5
26
3
5
8
9
4
10
7
0
2
8
9
40
11
2
19
12
28
7
3
2
1
26
6
7
4
14
7
0
1
2
1
18
17
5
6
5
0
2
1
5
11
10
5
21
3
7
2
14
15
5
3
4
9
2
4
18
1
5
6
6
1
3
9
4
7
0
9
14
2
4
15
14
11
11
3
29
22
36
5
5
1
3
0
0
4
9
1
12
12
887
25
27
5
12
0
9
5
6
2
0
7
5
1
3
66
5
8
5
7
1
2
256
3
1
0
24
14
3
1
4
15
0
9
4
9
2
38
15
33
4
2
17
7
2
7
1
2
3
0
6
18
0
0
3
15
5
8
9
5
4
1
4
13
2
7
3
3
0
1
0
15
5
5
5
8
4
6
3
52
8
4
0
1
7
0
3
3
2
8
2
97
14
3
19
25
4
4
5
12
15
92
62
1
4
7
4
12
41
1
28
18
3
1
51
5
11
29
6
2
5
8
1
3
6
101
18
2
2
8
1
14
9
4
3
26
6
5
4
5
3
18
27
1
4
5
6
11
12
1
2
12
14
4
7
15
4
3
2
4
2
9
2
0
3
0
6
0
2
1
11
0
18
21
6
19
19
12
1
4
22
21
10
8
5
0
1
6
7
20
3
6
2
6
3
2
13
12
13
2
3
1
78
4
2
8
10
32
1
11
37
6
10
5
4
53
0
5
13
3
24
7
1
4
3
5
9
138
6
886
7
8
5
2
7
10
18
10
6
8
6
6
1
8
11
3
1
1
0
1
9
27
35
10
27
4
6
2
4
4
10
5
19
6
29
2
14
5
14
49
11
4
5
11
63
2
2
3
4
4
2
1
1
10
0
9
0
16
3
1
0
4
3
2
3
7
1
19
4
3
7
0
1
2
6
2
23
2
7
12
13
4
2
4
0
21
5
8
22
2
5
14
1
5
16
4
3
11
5
10
0
3
5
7
16
8
4
10
10
91
4
1
29
4
3
7
3
6
6
6
7
8
1
4
4
5
39
67
4
4
8
8
4
6
26
11
21
0
0
22
7
3
13
1
4
14
4
3
6
1
18
3
3
19
9
1
3
0
7
5
221
27
4
6
395
1
10
3
7
6
3
23
3
82
19
8
29
0
1
2
0
4
1
7
3
59
4
2
4
6
22
2
1
5
5
5
40
3
17
3
5
7
6
1
15
4
13
9
0
100
1
5
3
2
14
5
3
9
11
3
8
3
65
22
1
3
13
4
25
1
0
3
1
3
4
94
1
33
1
4
76
1
7
15
5
0
3
5
7
1
1
6
2
1
8
29
1
6
4
102
2
0
1
6
6
24
0
12
36
3
8
41
9
6
19
6
46
5
34
122
31
25
1
2
0
11
0
36
22
9
7
2
4
3
3
7
10
10
8
12
7
1
2
28
15
11
4
11
7
7
0
2
7
3
2
8
12
1
2
1
5
7
10
5
1
6
3
12
0
6
2
4
3
12
7
8
7
33
9
2
8
2
9
1
7
11
0
4
0
1
212
3
3
2
24
10
5
59
5
1
9
14
9
10
12
2
16
19
4
14
5
7
1
10
5
2
2
1
0
2
3
11
11
1
2
12
7
6
3
14
17
4
25
3
3
5
7
26
4
2
6
2
2
2
3
2
5
10
1
4
1
45
5
2
0
2
192
17
42
2
22
4
6
4
1
2
2
6
3
3
7
12
10
12
1
26
8
3
3
14
2
18
5
0
1
7
6
4
52
4
7
10
4
3
6
76
27
7
2
9
2
6
5
8
12
93
19
0
9
3
3
8
2
6
7
6
5
8
4
6
3
1
3
45
12
4
2
8
22
6
23
5
3
1
17
0
6
8
16
8
8
21
1
19
1
3
1
3
1
23
3
35
2
7
52
4
15
2
4
5
41
11
8
4
6
7
8
3
7
3
5
66
3
3
9
4
1
5
8
9
15
5
7
2
17
5
10
2
0
4
21
5
8
56
4
3
13
0
2
12
3
1
5
7
152
7
2
22
11
5
24
14
0
3
6
123
3
125
6
3
1
9
8
5
7
13
11
2
30
13
10
5
1
190
11
15
1
4
56
3
3
5
10
1
3
6
2
2
1
4
4
4
3
2
1554
0
4
3
6
57
2
11
3
1
3
1
6
2
1
8
6
7
5
3
40
12
3
5
2
1
6
7
1803
31
169
8
26
7
88
1
0
3
3
21
2
4
1
4
12
30
7
34
15
8
4
19
0
1
8
7
4
8
5
6
3
3
4
7
3
14
7
21
2
11
52
0
7
4
8
3
8
151
7
2
4
1
1
8
2
1
5
26
5
5
2
0
1
16
99
27
1
7
0
1
17
2
2
16
3
18
4
34
5
16
4
0
8
1
6
2
0
9
1
10
3
4
1
4
7
8
4
3
43
17
1
5
7
31
4
9
0
6
20
6
3
26
18
13
4
18
5
3
6
19
1
3
11
1
278
2
2
7
4
8
3
0
271
9
7
6
0
5
7
6
3
2
6
1
1
4
24
0
2
6
15
3
1
3
4
3
3
0
6
10
6
96
27
9
9
15
17
45
5
31
1
32
10
17
4
7
7
84
1
1
1
2
2
2
5
14
11
7
9
16
4
330
12
23
2
2
9
5
35
13
5
5
3
8
19
188
1
15
2
1
3
15
5
12
11
18
3
9
78
3
73
0
2
12
1
20
17
5
1
2
4
5
15
4
1
8
4
2
2
16
12
13
9
134
4
22
27
44
14
7
90
10
7
18
1034
19
38
7
2
4
4
22
5
1
1
0
9
1
4
39
4
12
18
4
0
3
3
10
1
1
2
5
9
60
11
12
0
3
28
11
8
45
3
44
59
10
4
15
37
5
4
23
12
9
1
3
7
11
4
54
0
2
3
8
11
87
7
75
11
46
0
0
14
3
1
6
10
62
74
2
7
2
1
8
3
5
16
2
25
46
0
3
11
40
4
3
1
18
45
17
0
2
1
5
0
10
1512
2
448
4
7
23
10
3
8
35
16
13
16
6
16
7
1
181
28
3
1
4
3
17
3
3
5
2
5
8
15
9
8
2
4
3
6
1
8
2
4
10
11
10
18
30
38
3
4
0
1
4
6
6
9
2
3
8
11
2
1
18
18
10
5
22
3
12
17
6
2
113
86
12
8
4
2
17
1
6
20
1
5
3
4
8
15
7
2
22
5
6
11
3
2
42
2
0
3
1
7
2
5
4
5
4
7
2
2
7
5
6
1
3
8
10
30
2
4
14
5
19
17
7
18
1
0
3
8
1
9
6
7
13
12
27
6
14
44
14
8
6
4
12
1
4
17
3
10
4
12
14
1
9
1
11
7
7
22
6
33
8
1
0
3
9
7
6
5
0
7
2
13
8
4
37
8
3
36
1
9
23
1
11
2
2
8
27
10
13
9
2
5
2
15
19
4
34
3
9
33
5
96
20
33
34
3
1
38
36
2
11
45
1
6
24
3
4
4
10
0
6
0
13
34
3
3
28
2
7
14
11
31
7
2
9
1
3
3
2
0
9
1
5
19
3
4
2
3
9
22
0
15
3
5
2
6
4
71
4
3
5
5
7
15
8
4
2
34
28
5
13
8
2
4
8
14
5
0
11
4
5
17
2
3
2
2
0
0
10
5
5
14
5
10
1
4
8
3
21
0
52
7
8
24
3
8
13
3
0
6
2
1
9
64
0
21
96
8
15
4
4
42
11
11
2
3
7
20
13
5
3
5
5
8
30
24
3
34
10
20
5
1
4
2
181
6
5
3
8
2
42
0
4
0
3
3
3
11
16
6
6
11
3
5
0
46
35
5
5
1
2
1
20
2
8
5
2
9
2
1
356
1
67
2
1
6
38
0
4
1
72
0
8
7
3
0
7
2
1
4
12
15
6
7
899
4
27
28
3
6
5
71
1
9
0
4
4
2
4
1
1
2
10
12
0
20
5
16
9
8
27
3
1
0
31
5
3
5
0
4
2
8
2
1
0
9
4
5
3
0
7
10
2
10
27
5
43
5
2
1
4
2
11
7
2
176
7
7
1
10
0
9
1
3
2
5
3
10
1
21
4
6
4
2
8
10
2
2
12
11
2
15
3
12
4
1
4
0
12
5
6
5
0
33
3
8
10
14
11
3
4
5
10
3
9
52
1
7
48
9
2
4
5
13
20
98
35
4
1
0
2
39
13
11
6
23
9
52
14
5
49
15
13
5
3
13
15
6
3
3
8
2
1
1
3
1
8
1
11
1
6
16
97
5
6
23
13
19
9
6
94
1
5
12
1
0
4
3
0
6
14
5
3
4
5
24
18
7
38
9
4
28
18
15
16
5
33
0
3
10
1
5
19
5
2
3
1
2
4
4
135
1
2
20
12
6
9
11
8
2
3
1
5
6
2
6
16
8
27
6
275
8
34
45
3
4
41
38
4
23
79
158
13
4
35
2
10
9
5
10
5
5
3
4
5
27
2
4
6
31
59
2
3
15
2
4
8
1
43
8
4
190
5
8
5
4
13
37
6
2
24
7
2
4
19
2
5
4
3
23
12
4
69
17
2
6
3
7
1
81
12
0
8
2
0
1
20
7
18
24
16
2
8
20
1
6
1
9
24
4
5
1
0
3
3
0
20
10
13
1
7
9
7
16
24
16
2
4
7
9
18
8
10
1
49
2
6
5
4
4
1
19
5
1
31
11
8
10
3
20
1
5
72
10
7
12
3
2
3
19
29
1
7
1
4
4
11
11
3
6
6
42
3
371
2
8
2
5
5
1
6
6
2
11
5
33
7
12
3
11
11
1
3
40
6
1
6
3
6
6
57
13
0
0
11
8
27
8
32
28
2
6
1
10
4
14
11
15
10
1
1
4
5
85
2
17
13
1
43
9
39
16
6
7
3
2
7
133
6
8
2
2
5
53
8
5
10
7
7
18
6
6
1
4
10
71
14
31
14
3
2
7
4
0
18
3
9
7
61
12
5
5
0
13
1
256
3
1
2
9
7
2
2
1
13
8
3
116
6
70
14
5
14
37
2
9
5
5
2
9
7
38
2
7
6
3
5
4
0
5
21
24
14
6
7
2
10
43
22
7
0
0
6
1
2
4
5
8
0
2
8
29
0
8
13
1
2
18
13
22
4
25
7
2
10
5
1
7
3
65
5
8
1262
2
4
3
8
9
5
2
3
14
13
0
2
4
51
4
4
1
37
3
7
5
3
17
1
9
31
8
5
2
25
2
14
3
0
1
9
1
2
9
5
2
3
8
42
0
43
5
17
8
56
0
0
14
26
4
14
8
6
6
0
3
0
4
11
0
6
10
3
1
4
23
1
2
1
1
2
3
12
1
1
30
18
4
7
3
13
15
3
3
1
172
48
9
27
10
19
16
11
11
2
7
6
6
2
14
6
16
0
10
9
2
74
4
4
12
4
20
2
4
7
6
8
14
2
19
5
7
3
1
4
3
2
49
4
1
9
1
1
11
2
1
27
8
146
0
37
1
3
25
22
53
15
5
6
2
2
10
11
16
3
42
1
2
28
21
2
27
4
3
9
7
79
0
1
1
20
2
43
13
10
12
3
1
4
13
2
11
11
2
8
1
2
6
15
10
6
20
1
3
4
10
5
4
21
52
6
1
6
2
2
5
12
20
4
31
33
2
110
7
3
17
4
8
68
6
2
831
3
12
8
7
3
78
5
4
0
19
0
8
5
7
2
14
4
1
11
7
21
18
3
5
3
2
5
12
1
0
6
33
3
5
1
4
4
4
11
1
5
24
6
19
21
32
0
10
40
7
12
11
4
10
0
3
3
2
7
7
2
4
13
0
0
8
0
7
2
6
11
1
20
15
8
4
3
7
6
6
7
6
4
3
7
0
5
2
195
6
24
211
6
4
5
3
25
2
7
38
75
0
4
2
1
12
53
7
97
11
4
1
37
0
24
28
3
1
4
78
0
9
12
8
6
28
21
0
7
3
9
35
2
22
8
19
1
4
4
18
4
7
3
6
214
33
3
1
7
0
12
3
18
13
7
1
20
9
3
5
4
8
6
1
6
25
37
6
1
11
8
3
7
7
23
2
2
6
2
3
6
7
11
1
5
18
4
2
2
17
1
14
8
3
28
19
7
27
5
26
5
1
6
3
3
3
7
0
6
5
7
3
9
44
9
5
8
14
22
2
7
4
5
8
2
12
2
4
1
2
8
10
44
2
1
1
9
13
11
2
3
16
9
21
18
2
8
10
21
0
1
12
49
44
7
7
166
8
37
10
7
13
2
9
16
5
7
2
12
79
4
12
4
0
26
1
3
0
4
3
8
33
3
10
5
0
1
2
5
35
12
17
2
5
9
2
21
97
22
4
14
4
38
8
30
2
20
5
3
1
97
6
2
8
13
1
17
2
33
8
1
1
3
5
38
3
6
4
1
7
4
3
3
0
4
51
3
7
27
4
1
5
37
5
2
7
2
18
19
8
6
6
5
13
5
9
8
1
16
1
3
9
4
1
5
2
4
2
2
6
7
8
2
0
1
8
4
16
22
4
11
9
5
185
1
12
2
9
9
3
7
0
6
1
2
0
22
3
6
9
3
8
17
8
1
70
12
1
4
33
7
10
16
8
5
9
2
7
19
9
3
5
24
7
14
7
19
5
7
4
0
1
21
13
15
0
17
16
3
4
2
2
33
27
10
10
17
11
13
30
13
10
38
6
4
3
2
7
11
424
1
5
25
4
7
218
71
2
9
6
47
38
2
97
19
0
1
5
16
10
9
15
5
11
5
10
6
2
3
5
5
7
6
11
12
12
5
13
1
2
7
7
4
16
16
0
2
2
6
35
2
4
5
5
4
7
3
6
3
14
6
3
5
6
7
10
19
7
342
2
1
2
8
0
88
1
3
3
3
0
15
1
2
3
1
3
243
9
8
85
4
5
9
5
2
15
7
18
8
19
5
3
46
1
17
13
69
6
31
0
1
8
7
3
6
2
8
10
5
12
3
9
8
0
9
2
12
6
2
1
1
4
39
16
27
9
15
3
108
8
12
2
17
7
7
4
9
3
8
16
2
17
3
2
6
2
2
4
14
38
6
18
4
8
2
0
4
6
3
6
1
9
15
4
1
4
4
33
13
4
11
6
5
11
9
87
1
9
13
30
19
9
26
3
10
18
4
120
21
16
0
4
4
11
7
14
7
2
5
1027
5
2
17
16
6
4
4
11
2
0
5
3
1
8
5
2
0
37
5
8
12
2
8
11
168
0
4
18
5
5
9
30
7
3
5
11
9
10
5
3
3
5
21
0
3
97
5
1
6
7
8
26
125
9
2
1
19
2
8
3
0
4
18
5
84
0
29
2
6
2
73
8
1
7
4
3
4
0
9
2
11
10
9
3
5
15
7
1
3
2
4
0
26
11
25
7
1
6
28
25
6
2
383
1
5
7
10
6
4
19
5
3
4
8
3
1
6
0
6
4
2
25
2
7
41
6
2
9
4
7
7
11
68
29
11
32
4
2
16
4
23
5
0
25
12
36
7
7
8
5
4
14
0
0
33
0
2
13
137
6
7
2
3
16
4
3
33
40
3
6
10
33
3
10
4
10
1
9
7
1
7
2
5
26
1
6
21
26
2
8
19
0
4
3
11
1
3
8
6
2
3
11
27
16
9
3
1
55
9
2
9
5
1
35
4
4
7
4
5
3
68
4
7
10
8
55
0
75
4
12
6
2
6
12
36
8
1
0
0
1
4
6
9
12
6
7
2
4
58
13
4
12
17
2
8
2
12
3
14
5
20
11
5
20
2
34
43
4
13
5
3
4
8
7
17
7
8
9
3
3
4
2
9
1
5
1
3
2
1
4
1
10
2
4
22
6
5
4
20
7
7
19
13
5
107
3
1398
2
1
2
4
21
14
8
5
6
61
4
3
30
20
7
8
4
6
9
17
2
10
32
1
149
2
5
2
9
15
2
157
9
12
5
6
3
4
13
5
8
0
2
10
5
4
21
5
1
17
7
3
8
7
14
5
8
10
1
24
2
8
19
7
1
11
7
3
11
5
2
13
3
2
2
17
12
8
59
9
18
14
7
6
0
13
8
11
6
105
6
18
124
9
2
8
4
94
9
3
1
15
10
3
5
1
3
4
12
10
5
17
6
2
3
15
13
63
2
7
4
7
7
26
1
0
6
3
10
14
1
5
2
3
8
4
8
5
188
1
3
3
4
6
2
44
21
61
75
8
35
0
1
15
44
7
1
34
0
3
2
4
61
2
0
4
1
6
1
4
24
2
3
7
7
2
12
7
13
1
0
1
7
8
2
3
15
10
13
48
4
18
3
17
5
10
8
22
18
2
0
1
1
10
8
59
9
1
2
10
4
17
2
5
1
6
21
3
11
11
2
2
7
4
9
8
101
16
0
2
79
0
6
11
22
12
5
14
6
2
4
8
5
6
11
3
0
0
11
6
12
3
5
6
20
7
2
8
5
4
0
2
1
37
1
10
7
7
9
884
1
5
7
2
7
16
6
5
1
7
11
1
1
70
3
5
3
3
7
12
3
9
5
0
18
10
70
10
4
7
0
0
4
3
2
2
9
5
3
15
7
2
8
8
14
18
12
2
2
1
22
10
13
6
1
4
12
12
236
2
4
2856
21
10
4
17
4
20
12
4
3
3
3
46
8
6
12
2
4
0
13
4
1
6
3
17
10
9
4
47
1
0
335
1
2
14
2
117
9
0
4
4
4
8
6
156
4
34
5
258
6
22
5
12
3
4
3
88
2
3
4
5
4
34
9
13
8
12
14
0
2
4
1
5
28
2
0
4
3
2
9
13
3
3
8
6
0
1061
9
51
1
3
14
5
27
10
3
4
12
8
1
9
3
5
2
16
18
18
2
1
9
1
18
3
0
23
0
6
5
2
11
1
3
85
73
15
7
8
7
3
8
2
0
17
2
8
1
22
3
31
7
2
1
0
1
0
4
8
2
1
1
1
2
5
59
11
6
11
6
1
11
17
270
1
0
0
15
1
29
5
0
10
4
2
17
4
0
4
7
5
9
44
7
41
4
3
25
15
125
1
2
24
1
3
1
4
9
26
13
2
4
0
4
4
474
7
16
313
1
7
53
4
4
2
2
6
18
9
6
2
1
37
15
11
12
1
43
4
2
1
6
1
5
44
10
9
20
8
4
7
0
10
12
19
15
7
64
14
7
1
1
6
4
3
6
12
3
3
4
43
17
21
18
3
22
10
3
9
4
7
12
15
7
7
19
7
35
33
4
8
0
30
1
4
7
12
6
0
6
166
2
11
2
2
0
0
5
2
7
13
27
3
42
4
5
16
9
0
24
24
3
3
0
3
2
2
12
3
24
0
5
5
10
8
2
3
0
10
9
14
2
20
92
9
5
8
25
6
4
6
5
12
0
11
11
2
7
6
38
1
13
4
4
3
8
6
9
1
10
3
4
91
7
14
3
1
282
21
7
7
8
5
5
1
11
3
1
1293
1
12
27
1
5
10
67
1085
5
6
7
7
3
46
4
9
559
6
16
18
0
359
1
2
9
4
3
3
11
7
1
10
2
1
4
3
5
26
5
3
3
2
2
2
5
14
22
3
12
16
8
2
49
2
7
4
0
4
5
4
2
4
4
23
13
4
2
6
29
10
2
5
0
4
5
6
19
0
5
10
63
0
2
152
6
19
2
3
14
4
2
6
13
1
3
4
0
5
168
6
12
0
27
37
11
7
29
12
5
14
26
50
6
28
5
4
8
9
37
2
4
2
81
4
6
11
32
9
6
2
8
27
26
0
10
3
0
19
11
6
1
7
0
1
11
2
10
11
17
53
3
6
8
1
17
3
37
3
10
3
23
228
1
4
18
4
3
21
7
2
6
6
21
6
6
2
1
14
4
9
7
5
0
3
6
4
6
15
3
47
23
1
34
25
3
6
1
5
4
2
3
9
10
4
15
13
0
4
3
23
5
4
19
12
3
2
8
6
4
6
6
10
10
28
2
2
11
5
8
1
4
1
1
9
3
6
31
4
9
3
0
6
8
0
29
3
3
10
2
15
8
23
9
24
2
18
11
3
9
26
13
9
1
16
6
20
5
2
4
0
2
7
3
4
1
2
5
8
5
4
54
1
5
2
12
3
27
1
8
0
5
78
4
0
2
1
35
3
2
2
1
204
35
2
10
3
40
0
11
5
0
4
1
16
1
67
10
51
0
4
5
2
4
14
1
9
4
0
7
2
5
3
5
24
1
8
12
3
11
7
10
6
1
0
5
6
13
11
98
7
6
6
2
15
2
2
16
7
3
9
25
9
5
7
3
5
2
28
3
17
2
2
102
7
3
7
4
6
157
6
4
4
3
3
9
2
1
5
7
6
1
4
28
10
1
6
13
7
0
8
6
31
2
3
10
17
2
5
4
16
27
34
5
4
0
4
2
5
4
1
5
6
6
1
3
4
25
2
2
9
1
6
10
671
1
26
14
6
1
11
38
4
21
0
2
0
8
0
103
1
0
6
6
24
3
2966
7
0
7
92
10
4
272
23
16
4
4
10
2
9
5
1
25
669
4
9
11
12
20
10
1
7
15
1
6
6
2
2
8
2
1
0
2
7
8
2
2
2
84
5
5
4
16
0
8
5
3
3
2
3
5
7
10
5
1
4
6
11
5
11
173
2
7
3
9
5
1
4
4
11
23
2
2
3
10
1
10
5
2
1
3
7
12
8
122
12
2
464
1
1
5
4
6
35
9
17
8
5
4
10
4
5
4
3
0
19
21
1
9
6
1
4
2
3
2
5
19
4
1
2
6
8
3
26
10
5
10
17
11
27
9
4
4
7
2
1
0
9
1
8
1
3
3
2
5
21
4
24
17
3
4
5
10
3
21
7
3
3
29
4
2
26
2
10
4
0
106
12
1
52
10
3
75
0
31
2
18
3
9
4
1
6
5
23
4
3
8
2
7
3
0
1
129
2
0
14
27
3
4
3
0
12
3
5
0
0
6
4
30
2
7
4
100
1
6
7
16
9
2
16
7
11
27
7
42
12
4
27
2
0
1
24
5
6
1
15
7
1
8
1
1
3
4
8
8
6
5
8
1
4
10
5
29
3
9
364
7
4
19
12
15
3
15
0
6
2
15
2
4
2
6
6
43
4
9
5
17
7
19
12
3
6
15
9
6
5
2
17
2
5
5
24
6
72
3
1
87
182
50
3
18
101
2
8
6
26
0
1
7
1
5
14
9
7
6
3
5
19
121
0
9
3
7
13
5
2
3
1
10
0
3
10
2
6
5
27
2
23
12
3
0
4
28
44
3
6
2
7
3
13
4
24
28
17
4210
0
14
2
3
23
7
3
18
23
0
19
7
37
2
16
17
15
1
5
6
10
3
3
6
11
4
3
6
0
21
186
9
10
6
1
6
27
5
1
35
26
2
9
5
9
86
2
27
2
176
56
2
2
19
2
10
2
7
26
7
4
27
37
2
13
6
69
11
16
13
19
10
1
360
5
1
5
7
6
18
44
1400
1
11
8
8
49
1
7
0
4
0
3
26
53
0
3
14
3
7
3
10
4
0
7
4
39
13
17
4
0
39
48
2
5
1
10
1
82
5
3
2
18
29
0
13
167
4
43
0
5
24
1
4
5
0
6
3
4
2
0
6
6
3
3
0
11
2
34
2
15
14
46
6
0
0
43
3
5
14
6
5
2
6
1
6
13
11
0
0
34
2
7
5
6
0
11
9
9
5
9
1
8
9
14
29
15
1
14
2
3
5
19
3
26
1
4
0
8
9
9
36
2
9
18
1
32
24
10
3
1
2
7
0
3
0
12
40
4
2
1
8
18
25
211
8
0
0
3
6
24
107
8
3
3
2
59
1
0
11
5
8
31
2
2
7
10
2
19
1
11
27
26
27
79
3
0
0
5
8
7
1
19
7
2
14
21
9
3
5
12
0
13
15
4
6
2
3
6
0
322
4
2
6
24
1
7
1
53
179
47
1
11
5
17
1
6
4
11
6
12
4
296
8
3
16
2
0
10
7
3
3
8
8
159
17
12
6
1
3
37
8
101
13
18
3
3
26
9
3
7
1
2
3
12
2
6
12
4
3
9
0
2
0
6
2
3
0
1
2
0
1
2
5
19
17
65
32
1
11
2
15
7
4
1
12
0
164
4
228
5
1
3
44
4
1
5
3
75
3
2
4
2
6
6
1
11
0
5
14
2
6
33
19
10
10
1
3
6
6
6
1
6
2
3
4
5
3
4
1
6
3
12
9
3
5
4
3
7
1
8
15
3
1
13
13
7
1
1
8
5
8
6
13
1
27
4
4
33
4
3
58
80
2
4
7
1
8
0
8
30
8
3
5
8
15
18
2
3
40
11
7
9
3
83
7
1
18
364
2
17
2
8
9
7
12
1
5
7
33
8
19
15
4
1
9
2
2
2
296
13
2
3
70
1
4
18
33
5
1
5
10
33
5
1
21
21
0
13
8
13
8
4
2
11
8
8
12
3
1
3
12
4
17
21
4
9
16
10
5
402
46
3
14
24
10
1
6
3
7
2
6
11
2
5
7
9
4
102
7
4
5
2
6
13
10
9
15
9
0
1
14
12
39
960
3
29
6
2
13
1
3
8
1
4
2
4
6
1
2
0
9
13
0
31
7
4
44
6
3
12
1
8
16
2
7
3
1
4
15
5
16
2
4
0
0
6
2
1
8
22
13
9
2
4
8
3
4
246
14
39
9
3
0
2
24
5
23
12
17
32
7
15
2
8
63
5
216
4
7
2
5
6
61
47
3
4
11
27
8
2
71
21
1
0
17
4
4
8
1
4
3
3
14
10
7
47
2
1
1
2
0
21
2
5
7
13
12
24
1
1
15
15
4
6
0
6
51
3
484
23
3
61
0
6
3
12
1
6
2
1
7
1
0
7
22
5
9
5
11
4
5
2
3
10
6
3
20
5
11
8
6
5
5
5
0
27
9
13
17
9
32
2
40
13
6
25
16
2
4
10
7
1
20
111
4
7
1
4
7
4
4
3
16
1
3
2
14
2
1
9
13
18
1
23
17
36
22
6
1
12
6
8
10
36
2
5
7
61
13
2
5
10
9
4
3
2
4
3
7
11
16
1
3
16
3
2
5
1
42
5
6
23
2
4
30
3
5
6
5
25
5
2
3
4
12
6
29
1
3
6
21
1
4
26
17
21
10
8
11
1
17
37
1
2
5
32
3
5
2
7
6
6
25
6
2
1
9
13
6
25
15
10
5
26
4
9
1
2
4
6
23
3
22
106
5
6
5
7
3
7
13
2
23
3
5
34
11
4
6
2
1
5
5
3
5
7
2
8
3
6
5
0
142
1
3
16
1
2
1
35
0
3
0
3
2
2
8
7
7
1
9
2
8
0
8
12
8
0
1
3
3
10
5
4
5
6
5
7
6
4
48
26
5
2
7
0
9
1
2
30
28
12
2
4
0
11
0
12
5
0
342
2
9
5
7
1
5
20
6
1
10
36
4
36
22
160
9
6
9
65
8
4
0
21
1
5
9
2
1
6
4
1
0
2
5
1
6
11
0
3
5
3
8
5
7
16
3
6
19
9
3
5
7
2
9
7
5
8
40
4
2
7
17
7
0
7
3
9
1
2
33
2
14
34
6
6
48
6
17
18
7
12
2
1
574
9
7
6
5
20
6
8
39
33
7
5
5
8
14
9
5
2
2
3
3
4
6
7
6
4
0
3
5
17
10
1
29
9
49
2
10
1
1
1
3
3
2
1
7
61
2
4
11
4
3
55
7
10
0
4
0
3
0
1
3
1
12
8
3
2
127
4
9
7
5
5
11
1
1
4
27
49
13
10
5
40
0
2
278
4
1
6
6
50
182
6
17
7
5
1
6
5
13
40
15
6
13
8
8
3
3
44
6
4
9
1
12
2
4
19
12
6
6
10
5
9
3
7
8
6
6
3
2
13
5
4
1
4
57
5
33
25
2
2
425
4
3
15
262
4
4
2
10
13
12
2
4
5
7
7
7
29
3
1
32
2
6
12
7
0
4
2
12
13
3
3
12
2
6
0
15
8
15
4
1
3
93
8
7
1
1
3
8
36
6
21
6
1
127
12
2
4
8
1
3
7
13
17
8
15
11
9
14
5
3
8
3
9
1
9
2
27
8
0
0
32
12
4
8
6
3
80
15
49
1
5
1
20
13
6
4
8
0
2
1
69
6
6
16
2
5
37
9
0
7
12
11
7
10
3
1
3
257
2
5
1
5
8
0
9
0
4
0
4
8
8
10
5
43
0
20
5
5
3
4
3
26
10
2
3
4
6
4
7
7
4
0
7
16
26
4
4
3
6
0
0
1
9
1
3
5
2
2
38
2
4
8
116
3
2
18
2
2
0
4
6
7
10
93
3
0
6
6
16
0
11
10
7
5
21
3
2
13
2
1
0
2
0
2
2
20
4
10
1
12
3
3
4
5
0
0
4
4
16
8
1
1
1
6
3
3
9
3
12
6
157
10
10
0
4
14
15
26
6
8
10
3
6
7
8
9
3
2
4
4
40
6
14
4
30
16
1
4
9
6
3
8
6
2
16
0
2
2
5
8
1
6
0
3
28
2
2
2
5
7
8
15
4
2
3
8
4
11
8
10
3
8
48
446
4
25
4
3
12
22
10
7
13
7
170
7
39
0
44
5
7
0
10
16
9
4
48
3
4
10
0
5
4
36
40
3
5
12
7
3
30
7
3
33
13
5
8
1
5
2
2
6
2
4
3
4
5
1
4
13
12
44
19
31
2
0
11
3
2
45
1
13
0
8
5
1
1
9
13
1
3
8
7
3
3
5
1
7
9
35
16
4
8
14
4
12
14
9
5
68
1
27
17
17
2
16
2
4
26
0
14
25
7
2
2
22
8
1
34
10
6
2
9
8
1
62
20
2
2
24
6
2
7
39
6
10
5
40
33
2
27
9
13
3
8
1
2
5
3
1
0
13
609
7
8
2
2
12
12
1
2
3
13
0
14
2
5
3
4
0
2
1
4
139
11
2
6
0
18
3
6
7
6
40
8
1
8
5
0
3
8
4
2
27
9
2
14
4
68
1
2
0
13
7
1
2
8
32
5
31
0
13
13
6
6
1
7
6
14
37
1
4
4
4
19
1
3
100
19
4
0
2
6
31
7
34
32
8
10
4
6
3
2
1
8
7
7270
6
6
66
10
7
3
28
1
3
7
5
2
1
11
5
11
2
5
202
5
7
1
7
2
5
10
27
7
13
8
10
6
1
13
13
7
10
6
3
4
7
285
3
3
1
1
6
5
13
8
6
10
3
0
24
13
23
10
13
1
0
20
409
5
116
3
3
3
13
4
7
5
6
16
2
7
4
6
15
4
8
4
6
0
42
61
9
3
11
0
8
29
33
3
8
6
18
6
9
10
16
5
3
84
17
3
22
3
5
2
0
5
3
8
34
2
6
20
8
10
30
7
9
22
4
1
4
11
0
4
487
20
6
15
10
0
32
164
2
5
24
6
0
14
1
4
6
2
11
6
2
6
5
4
12
1
1
2
1
4
0
10
3
20
23
54
1
3
1
1
4
3
3
1
0
9
1
6
9
47
9
3
4
8
9
1
1
10
14
34
7
3
5
7
13
13
9
4
9
3
6
20
4
12
5
16
14
5
4
11
14
3
42
19
3
1
6
5
22
4
6
4
6
6
10
5
5
0
6
9
2
61
33
4
2
4
7
3
6
2
3
2
6
1
27
0
9
6
91
4
2
6
11
2
11
0
1
24
9
7
7
7
1
12
2
1
9
