11
12
12
2
107
7
6
15
4
13
1
7
12
8
25
4
12
9
1
14
6
28
3
2
5
17
5
29
4
9
5
5
3
1
33
15
3
5
19
4
20
25
4
3
5
2
7
6
14
7
25
53
9
10
1
2
9
7
108
2
4
8
10
9
3
15
6
14
1
9
8
7
3
3
26
2
7
3
14
1
2
12
3
8
33
14
8
17
32
43
4
4
10
11
5
3
7
6
17
3
4
5
6
24
26
6
7
7
3
6
1
25
1
5
3
2
7
5
3
21
21
5
19
9
1
20
7
16
18
5
0
5
15
3
5
2
1
7
6
5
46
18
14
1
9
4
3
13
13
17
2
6
3
13
7
42
4
20
4
6
6
9
29
3
5
4
2
11
8
8
13
2
2
3
11
6
32
1
0
3
3
11
5
31
17
5
26
42
5
2
13
11
10
1
5
22
17
17
10
3
3
13
3
0
6
4
82
60
4
2
6
3
124
4
11
4
3
2
9
8
4
18
6
16
18
5
3
6
3
10
6
6
9
68
6
6
8
5
13
3
2
8
6
53
2
10
2
10
14
9
7
26
8
7
2
4
2
16
92
37
2
4
6
23
0
3
23
3
29
30
4
38
32
60
61
47
4
10
19
12
10
26
17
16
11
3
1
4
55
11
3
17
5
2
5
13
7
4
5
7
107
18
3
28
2
27
16
5
12
17
3
12
2
6
5
3
25
88
22
2
9
13
3
2
4
0
8
4
12
6
6
2
8
15
3
17
4
8
1
17
6
13
3
0
3
3
4
6
14
3
2
0
7
19
2
7
9
3
39
11
13
1
7
5
4
7
28
18
1
1
1
8
6
2
3
5
2
13
4
16
9
4
11
26
7
144
6
6
4
3
7
5
11
1
2
3
10
5
7
29
5
3
8
10
10
5
5
365
1
2
3
16
3
10
4
29
3
7
5
5
5
6
8
11
4
12
7
32
3
4
13
26
0
4
4
29
12
5
19
0
8
10
2
98
7
5
2
8
11
12
12
2
2
4
4
5
5
10
3
4
4
13
5
63
15
10
5
3
2
43
4
6
11
3
15
5
23
9
7
7
6
8
10
2
10
10
3
6
11
621
74
13
3
5
13
10
14
16
7
3
11
12
12
2
107
7
6
15
4
13
1
7
12
8
25
4
12
9
1
14
6
28
3
2
5
17
5
29
4
9
5
5
3
1
33
15
3
5
19
4
20
25
4
3
5
2
7
6
14
7
25
53
9
10
1
2
9
7
108
2
4
8
10
9
3
15
6
14
1
9
8
7
3
3
26
2
7
3
14
1
2
12
3
8
33
14
8
17
32
43
4
4
10
11
5
3
7
6
17
3
4
5
6
24
26
6
7
7
3
6
1
25
1
5
3
2
7
5
3
21
21
5
19
9
1
20
7
16
18
5
0
5
15
3
5
2
1
7
6
5
46
18
14
1
9
4
3
13
13
17
2
6
3
13
7
42
4
20
4
6
6
9
29
3
5
4
2
11
8
8
13
2
2
3
11
6
32
1
0
3
3
11
5
31
17
5
26
42
5
2
13
11
10
1
5
22
17
17
10
3
3
13
3
0
6
4
82
60
4
2
6
3
124
4
11
4
3
2
9
8
4
18
6
16
18
5
3
6
3
10
6
6
9
68
6
6
8
5
13
3
2
8
6
53
2
10
2
10
14
9
7
26
8
7
2
4
2
16
92
37
2
4
6
23
0
3
23
3
29
30
4
38
32
60
61
47
4
10
19
12
10
26
17
16
11
3
1
4
55
11
3
17
5
2
5
13
7
4
5
7
107
18
3
28
2
27
16
5
12
17
3
12
2
6
5
3
25
88
22
2
9
13
3
2
4
0
8
4
12
6
6
2
8
15
3
17
4
8
1
17
6
13
3
0
3
3
4
6
14
3
2
0
7
19
2
7
9
3
39
11
13
1
7
5
4
7
28
18
1
1
1
8
6
2
3
5
2
13
4
16
9
4
11
26
7
144
6
6
4
3
7
5
11
1
2
3
10
5
7
29
5
3
8
10
10
5
5
365
1
2
3
16
3
10
4
29
3
7
5
5
5
6
8
11
4
12
7
32
3
4
13
26
0
4
4
29
12
5
19
0
8
10
2
98
7
5
2
8
11
12
12
2
2
4
4
5
5
10
3
4
4
13
5
63
15
10
5
3
2
43
4
6
11
3
15
5
23
9
7
7
6
8
10
2
10
10
3
6
11
621
74
13
3
5
13
10
14
16
7
3
5
5
4
8
2
2
82
4
20
1
4
6
12
2
25
6
2
104
3
3
10
9
3
9
18
0
5
4
9
8
33
13
17
3
9
74
0
10
10
74
2
9
4
18
8
9
5
12
22
2
7
5
4
2
16
7
11
7
3
3
24
17
4
4
16
4
11
3
8
34
16
5
5
4
3
31
6
1
10
3
0
9
4
34
36
9
3
7
4
6
6
3
3
6
6
6
11
4
7
4
3
3
8
1
10
3
6
8
6
0
12
7
2
3
4
11
10
9
6
2
6
5
2
13
2
7
40
8
12
3
4
5
23
6
4
7
3
12
10
1
19
4
2
107
6
9
10
11
36
4
4
5
8
19
13
6
0
27
13
7
12
3
18
9
12
8
44
1
4
6
1
14
5
6
339
1
7
4
13
77
8
6
5
3
4
13
3
3
16
16
9
4
7
110
10
7
3
5
12
6
2
11
5
9
4
3
35
12
8
371
0
19
3
4
4
3
7
2
5
24
12
6
4
24
30
32
137
10
7
5
7
12
9
16
7
4
7
16
10
4
27
20
5
5
48
7
8
4
5
2
9
4
7
4
5
3
1
7
13
9
5
0
13
5
26
6
6
3
4
7
16
5
6
17
4
2
2
3
7
2
8
3
2
15
17
9
5
16
8
3
7
10
8
5
6
2
4
6
37
25
9
7
4
3
10
6
2
8
4
2
5
3
19
3
9
4
12
150
9
2
17
221
1
5
5
12
2
0
4
11
4
0
7
3
2
6
6
1
0
2
11
7
3
13
2
8
6
10
12
14
17
44
11
2
16
4
15
2
0
8
3
7
3
8
6
5
16
18
6
4
0
2
3
9
141
2
6
2
16
10
15
14
82
4
3
13
4
29
6
20
4
1
6
5
9
10
1
5
6
9
2
5
9
3
24
3
60
25
7
0
6
5
5
5
5
6
6
4
3
19
9
1
7
9
1
41
5
7
15
8
22
5
24
8
12
20
9
6
5
31
5
4
2
5
47
9
8
2
17
10
3
10
5
3
5
4
4
2
10
2
981
6
4
6
3
12
5
1
16
19
8
3
7
2
1
5
2
23
3
92
7
7
17
13
3
9
1
0
18
8
6
1
4
4
5
1
3
12
31
47
1
7
11
8
4
0
26
6
3
7
2
9
2
11
3
5
7
1
2
5
37
15
14
1
9
1
107
19
28
17
6
5
6
7
54
3
4
2
2
2
27
3
4
8
8
10
45
47
13
18
18
13
3
4
8
147
13
13
14
1
2
6
1
15
3
10
13
24
6
11
7
4
4
2
13
4
6
2
6
5
11
4
7
46
7
3
10
7
31
13
9
15
4
23
9
9
5
6
4
12
10
8
19
8
5
35
2
74
5
13
2
10
4
3
1
16
3
4
10
13
9
6
11
1
6
26
3
16
4
9
9
10
148
10
1
0
8
3
6
1
13
3
5
4
7
5
18
9
14
6
7
12
5
19
409
32
4
7
5
21
26
7
9
3
16
11
9
2
6
5
3
9
22
196
6
1
50
7
4
6
9
14
7
13
31
17
25
3
13
8
9
17
118
2
53
26
1
12
0
11
5
8
2
3
8
6
11
5
1
8
3
17
1
1
9
5
4
5
2
14
3
7
12
8
26
8
0
3
3
15
22
5
4
9
3
8
38
5
9
8
7
10
28
10
0
4
5
6
2
5
14
3
5
9
4
23
3
10
0
13
4
4
4
29
16
9
0
14
1
2
26
4
6
18
11
2
16
13
6
2
92
1
17
5
3
2
6
2
8
1
4
11
27
11
3
17
5
13
7
5
14
4
9
2
8
8
6
9
18
1
20
8
7
1
49
15
7
8
22
7
4
5
11
22
32
44
16
67
18
2
33
4
2
6
8
11
10
10
16
1
4
8
19
17
14
10
5
8
24
9
13
7
14
11
3
5
14
93
10
4
2
2
1
6
11
294
4
16
6
42
5
10
2
11
2
6
6
4
8
5
3
74
15
5
2
6
3
21
1
29
1
16
2
4
2285
11
7
7
1
3
5
5
18
0
6
2
1
13
65
1
4
7
2
8
9
6
5
1
14
21
19
1
35
8
7
15
5
9
15
86
8
17
1
11
3
9
3
28
4
3
8
4
0
1
3
3
3
3
5
45
5
3
12
5
31
19
5
16
22
6
13
13
3
3
2
11
9
9
5
19
3
6
20
6
12
4
5
1
6
4
4
361
4
21
7
9
1
8
10
4
1
9
74
3
10
0
7
12
0
22
4
8
237
4
13
0
5
9
1
3
6
3
15
86
7
4
7
2
5
3
4
8
17
4
9
1
2
12
39
7
1
5
6
3
3
13
6
2
3
11
10
16
3
2
3
0
3
3
1
4
9
3
4
14
7
17
5
8
5
8
6
18
14
18
7
2
5
2
7
2
9
15
1
12
11
17
5
8
4
3
3
112
8
3
9
4
4
3
6
30
10
0
4
6
264
2
7
10
11
7
9
5
3
10
8
2
1
4
5
1
3
9
10
4
21
8
1
7
328
12
2
11
5
23
8
6
1
19
9
5
19
12
6
3
8
4
7
6
8
13
2
11
4
6
9
7
60
7
1
16
8
4
26
1
2
11
6
6
4
6
6
5
7
5
1
8
2
18
12
3
2
8
10
7
7
8
4
2
9
2
8
1
7
5
10
1
82
15
2
13
8
12
12
6
3
4
10
17
11
7
13
4
17
2
12
1
15
0
7
5
1
8
18
33
17
0
8
7
10
1
3
98
10
7
4
5
23
33
2
9
2
28
5
11
7
6
48
1
24
12
2
8
4
13
4
6
5
8
10
195
1
4
13
5
18
3
7
4
15
3
90
8
6
3
7
5
8
9
6
1
10
43
3
4
5
9
8
18
12
2
90
11
10
6
6
5
4
48
11
5
2
3
4
8
11
2
7
6
0
2
12
12
3
5
7
10
30
12
9
5
9
6
10
13
6
5
3
3
5
10
6
2
6
1
30
4
3
18
4
3
11
7
2
6
10
9
12
13
6
3
23
6
10
11
5
2
27
11
22
2
13
5
6
3
3
3
5
5
6
6
8
18
8
5
6
9
22
6
11
2
4
1
5
2
4
4
3
10
9
5
1
74
14
4
7
8
25
15
4
59
5
44
5
11
7
8
2
7
6
4
1
3
4
4
13
14
3
3
2
400
5
4
10
5
14
13
6
8
4
4
0
7
6
20
11
34
4
8
1
6
2
7
48
6
7
12
10
2
61
2
5
8
1
6
11
5
323
12
50
3
9
5
0
2
4
3
8
5
4
20
3
7
3
7
1
15
14
7
3
17
9
23
5
8
30
1
8
17
12
4
11
2
2
16
3
3
18
7
3
5
3
1
5
4
8
0
7
9
7
19
13
7
3
7
30
22
3
1
14
4
4
3
4
6
4
7
5
11
2
19
8
4
2
6
3
10
11
8
20
6
5
11
14
4
5
12
4
144
3
4
3
212
6
16
4
0
9
14
1
3
8
1
23
2
2
4
23
2
5
17
4
15
4
46
6
13
2
3
8
4
7
8
6
5
9
9
12
11
6
5
47
13
6
6
3
2
19
45
10
7
9
3
14
3
21
5
11
7
10
5
4
10
4
18
11
19
10
13
57
11
3
4
3
8
4
15
3
4
4
2
3
4
95
11
11
3
3
4
3
9
12
4
9
2
11
6
9
5
6
10
7
3
6
3
8
11
1
2
5
9
2
4
3
27
9
10
1
12
13
3
5
13
10
27
5
4
6
5
42
15
15
11
6
5
10
4
7
9
5
4
5
4
20
2
9
26
15
5
6
5
5
3
1
12
22
1
2
3
30
8
6
8
11
17
53
6
13
661
1
3
3
7
7
36
3
6
6
4
10
11
13
10
52
6
5
9
10
15
7
2
3
18
0
13
10
10
6
0
7
10
2
24
10
16
4
5
19
3
81
7
13
1
10
23
1
9
2
7
7
1
10
11
8
43
2
2
4
21
5
11
5
7
10
7
7
7
4
6
1
5
8
28
13
2
51
4
1
1
5
2
68
9
9
10
28
2
12
10
5
12
436
5
10
25
16
7
5
16
17
50
10
1
10
10
4
35
11
10
9
5
16
5
3
7
3
8
2
16
1
2
193
13
84
12
20
5
4
4
13
3
28
5
1
11
15
6
5
10
13
9
5
4
3
3
8
8
8
98
18
15
4
5
6
2
3
3
18
25
5
3
3
3
2
5
2
5
14
8
8
1
7
1
47
5
5
6
5
9
5
5
6
10
8
5
18
3
10
0
53
7
3
14
87
7
8
10
22
4
103
3
260
7
7
61
7
23
11
7
3
2
13
0
2
4
4
2
3
0
20
1
8
9
7
5
13
31
4
2
19
0
5
6
6
6
7
1
8
2
4
13
41
9
7
7
2
15
6
19
4
8
9
37
3
5
21
3
7
3
2
12
30
2
3
9
3
4
5
41
3
10
6
8
8
4
8
4
19
5
10
3
2
5
19
3
2
2
27
0
15
18
7
152
9
19
12
3
8
0
6
0
2
3
8
6
7
3
5
5
2
8
8
2
9
2
4
2
2
5
24
7
12
16
5
4
4
7
47
1
10
4
8
0
6
0
4
4
133
14
36
6
4
2
16
5
10
5
2
12
6
3
12
6
9
6
2
15
2
12
17
9
10
15
3
7
11
2
6
10
7
4
7
6
6
22
5
3
7
3
5
2
3
5
2
11
15
7
4
7
14
8
6
16
15
16
394
3
12
1
16
4
7
4
11
21
10
4
13
8
6
4
3
7
3
6
10
10
30
6
1
9
7
12
40
11
6
16
14
14
2
7
1
8
9
7
1
5
4
6
8
4
4
4
2
9
3
2
1
3
1
9
3
6
4
14
11
69
3
4
6
4
1
6
0
3
7
5
10
6
25
1
2
17
9
8
0
5
42
21
3
0
12
4
6
3
2
12
50
32
9
6
3
19
0
67
8
6
13
16
37
12
8
19
7
9
8
9
7
6
4
9
81
4
2
8
4
15
5
0
5
10
3
3
78
4
3
10
15
4
13
3
21
7
7
15
3
7
3
8
7
6
3
10
16
2
11
7
52
5
9
11
13
6
11
2
6
6
4
2
13
5
9
20
15
8
4
19
7
4
22
15
10
22
5
3
10
18
0
8
3
2
12
22
4
11
7
9
1
5
6
10
7
4
13
5
12
6
1
3
8
4
8
9
28
1
12
9
0
9
3
40
6
7
98
8
7
11
5
3
12
6
5
3
7
10
8
7
6
5
2
2
12
3
11
3
19
4
1
4
46
3
8
6
4
11
15
2
6
6
42
6
9
2
2
3
4
2
6
8
20
2
1
6
12
0
73
27
2
14
9
7
55
5
5
1
8
61
5
3
17
7
7
2
6
39
5
11
2
4
1
5
24
7
29
4
22
5
1
2
3
1
15
4
11
17
3
1
6
2
128
4
17
17
8
38
15
6
5
7
1000
3
48
2
6
2
6
24
8
6
6
4
5
42
4
29
2
4
8
31
4
2
2
3
9
5
3
5
9
2
5
6
6
10
1
21
75
8
8
11
9
25
10
1
9
2
8
21
4
13
5
11
61
8
10
8
4
12
2
11
0
8
9
5
3
6
19
15
5
3
11
13
8
5
6
6
2
36
2
4
11
5
6
3
26
3
2
1
40
8
7
4
8
4
4
4
2
10
14
7
0
4
30
2
8
5
7
10
1
11
11
2
5
4
3
4
0
6
15
7
4
4
17
6
6
11
14
18
74
49
1
4
9
6
1
4
6
7
6
14
3
1
2
0
6
31
7
1
12
15
1
14
10
9
5
3
6
4
6
9
0
7
10
0
9
29
6
17
5
1
16
8
4
4
12
10
12
4
4
2
6
6
3
7
1
8
11
6
12
1
21
12
3
16
5
29
4
1
5
4
2
2
24
6
12
4
12
3
7
3
37
0
5
19
10
17
76
24
7
7
23
7
4
16
255
3
11
4
31
6
13
1
12
8
0
12
36
13
1
12
19
3
37
6
11
3
8
22
35
5
9
1
43
6
10
2
20
23
6
1
3
14
0
1
1
15
9
8
2
3
5
15
7
11
2
9
4
3
5
9
1
3
5
20
13
18
10
1
2
1
62
4
5
2
2
4
19
23
11
5
2
4
16
6
35
9
5
10
1
6
2
1
2
14
9
8
7
13
4
12
8
5
22
14
16
1
6
26
15
0
13
9
12
14
3
2
2
11
21
15
2
8
1
9
9
1
1
4
5
4
24
2
0
19
7
4
1
15
6
32
10
7
9
6
4
10
9
13
1
6
10
0
11
25
6
14
7
10
1
7
18
2
13
1
1
6
7
6
4
13
2
77
11
9
6
13
9
18
2
2
12
4
7
8
8
4
7
12
29
18
3
6
2
5
10
5
3
2
8
4
4
9
2
2
23
0
4
12
9
6
1
3
4
1
10
3
4
1
6
8
2
4
11
3
2
65
5
7
27
82
2
7
50
9
2
9
5
4
2
21
45
3
14
75
5
7
28
1
5
13
7
17
7
11
20
4
13
3
19
14
8
5
7
10
3
5
6
18
8
10
4
5
23
15
7
90
21
2
7
14
10
9
530
5
6
7
1479
6
8
26
46
2
1
137
19
7
7
9
31
3
54
5
3
52
13
13
3
4
5
4
29
7
15
7
7
8
39
7
4
5
3
13
149
8
1
3
13
22
3
5
1
6
23
3
16
8
6
9
20
5
13
13
17
7
4
4
8
2
1
15
3
15
7
7
8
39
9
9
4
14
18
6
2
1
7
8
301
3
15
3
55
10
5
10
14
19
1
4
2
16
4
4
59
7
29
12
16
2
20
5
2
23
1
17
2
14
8
21
2
1
9
19
1
8
12
9
5
4
7
11
10
4
7
30
8
4
0
0
5
12
4
63
15
5
4
8
4
6
4
10
4
3
6
2
5
11
5
3
10
4
3
10
11
6
30
15
5
71
15
26
31
37
10
46
21
3
18
5
4
5
2
7
11
11
29
12
3
12
11
3
2
9
24
10
11
4
28
5
10
12
7
68
19
4
5
1
11
6
16
3
8
14
3
10
6
5
7
20
31
6
5
6
14
3
0
9
3
3
2
4
2
15
23
2
7
8
4
30
5
0
11
17
19
7
6
15
2
11
3
162
16
6
37
4
9
20
0
4
2
7
2
2
3
4
4
7
6
3
8
1
6
16
1
13
13
6
12
2
5
6
5
11
14
7
13
4
5
8
5
1
8
7
11
11
5
6
5
2
8
4
3
5
18
5
4
5
17
7
8
2
5
3
1
41
7
6
1
1
6
7
5
10
8
3
5
1
2
0
3
4
3
139
47
10
12
3
19
7
2
9
7
8
4
2
1
15
12
10
18
4
4
21
1
5
1
21
1
5
9
3
7
7
2
10
8
21
4
8
1
3
1
8
4
7
19
5
4
1
5
4
7
1
3
11
33
2
4
8
3
10
10
20
7
17
3
5
13
12
23
2
33
3
3
9
5
0
8
4
9
122
14
10
12
14
3
1
13
5
4
21
5
14
25
2
3
4
17
0
15
30
1
5
2
1
19
24
5
3
33
2
9
5
9
0
2
6
0
10
18
4
19
32
4
3
11
4
11
11
3
62
11
19
162
2
9
4
7
28
5
3
8
1
0
2
10
2
24
15
2
5
7
2
5
7
7
36
57
14
13
5
9
4
2
4
2
6
4
10
8
2
5
4
5
9
3
3
7
10
83
6
39
3
8
6
4
5
5
5
9
2
3
4
2
2
3
6
11
3
7
7
17
16
9
7
12
5
6
1
6
6
18
7
2
3
8
15
3
5
4
8
6
3
34
1
6
6
12
6
4
7
4
17
41
16
25
59
3
18
7
6
10
4
4
3
24
7
5
12
3
2
17
2
24
31
6
2
5
34
12
4
3
11
14
7
26
42
28
3
69
79
5
8
3
5
4
2
2
2
6
6
5
17
10
17
8
15
3
4
11
6
22
16
2
6
3
2
10
114
36
9
2
3
17
8
29
4
21
11
6
6
1
2
14
79
2
4
8
13
26
5
33
1183
2
61
10
36
5
14
29
1
0
2
320
5
10
210
32
3
12
1
6
3
0
16
3
6
6
11
17
7
30
18
4
3
10
10
3
5
5
9
4
6
98
6
14
60
13
11
413
20
35
6
5
10
18
2
13
7
6
9
21
25
5
5
9
3
6
8
12
12
0
2
4
42
3
13
3
2
21
23
6
3
4
3
1
18
8
15
5
9
8
1
26
19
9
4
6
8
12
1
4
23
2
8
1
12
2
6
575
1
23
3
1
1
17
5
5
16
2
5
3
2
1
9
14
9
22
5
10
39
5
9
39
8
6
114
13
2
20
7
6
4
51
2
7
31
4
17
10
4
8
3
16
9
11
20
3
8
5
14
15
5
8
33
1
18
5
39
9
13
2
1
2
5
16
14
12
2
33
3
16
13
1
10
12
10
6
5
11
4
11
4
7
3
14
6
3
10
3
5
46
7
10
18
2
9
6
7
7
119
12
12
4
2
4
6
4
6
7
1
16
9
13
5
8
3
10
22
27
4
4
49
6
6
8
6
2
6
16
17
18
7
6
11
4
5
5
1
16
11
18
8
553
2
8
3
79
4
16
26
6
5
21
5
7
1
4
9
11
15
6
4
8
2
2
2
1
10
3
6
3
9
7
3
3
1
4
9
2
7
0
13
1
8
5
3
1
3
5
11
7
12
4
6
11
3
3
7
127
5
3
10
11
13
14
107
3
5
4
4
0
7
5
8
103
22
293
64
4
10
3
7
2
3
4
8
14
1
3
8
3
52
6
2
2
3
4
0
3
5
1
3
11
10
110
7
489
2
7
0
7
9
1
10
12
22
4
7
1
12
3
12
8
10
1
2
12
35
5
13
3
3
3
9
4
82
26
8
1
8
23
5
3
17
1
23
12
38
2
5
5
25
29
9
4
3
9
3
1
10
3
10
1
6
7
2
1
6
11
17
1
18
5
9
5
20
9
13
7
9
4
2
5
20
12
2
18
5
11
8
120
6
4
5
8
32
44
15
4
6
3
3
6
4
10
6
17
5
9
4
5
14
4
9
7
11
38
22
20
2
5
12
12
5
10
9
1
0
19
3
15
12
21
20
6
0
224
13
25
28
17
9
10
35
8
18
3
8
9
3
33
22
9
4
5
1
7
1
4
3
14
3
4
4
5
9
3
2
4
8
5
3
13
6
12
10
2
2
1
1
7
84
10
4
3
8
3
12
18
6
1
3
3
6
4
5
26
3
2
8
6
7
2
144
6
5
13
9
21
2
44
12
5
7
1
5
5
8
7
4
4
2
1
12
6
4
4
4
5
14
3
6
2
3
12
12
7
8
5
6
36
4
7
4
9
5
4
4
17
4
3
5
2
8
7
9
9
14
37
4
8
8
4
12
1
1
4
4
4
4
5
3
4
5
6
3
17
7
1
7
15
23
3
3
5
21
12
13
1631
5
1
7
4
1
5
29
2
3
11
4
4
12
2
20
3
11
7
3
9
2
10
5
4
8
6
1
8
5
3
5
7
11
23
5
11
20
2
5
13
3
4
3
78
11
6
49
7
6
4
1
8
3
7
2
3
6
3
5
25
2
10
10
4
24
13
4
5
2
5
33
10
11
3
6
3
2
3
9
4
8
6
4
2
13
2
8
5
2
9
6
6
7
1
4
11
8
5
5
5
16
2
11
8
9
0
2
28
6
171
19
8
14
10
9
1
27
10
7
7
3
14
9
1
5
9
4
17
8
7
13
2
9
5
8
12
13
2
4
6
24
6
10
3
14
8
0
19
49
0
18
22
4
21
10
39
7
7
11
6
9
11
9
6
10
13
9
2
8
29
12
15
2
2
5
30
2
4
4
5
6
14
11
5
10
20
1
27
4
23
3
9
3
7
6
4
2
3
10
89
3
4
15
40
71
6
9
13
6
1
15
2
1
5
5
3
6
20
3
3
4
2
2
3
16
7
9
65
14
8
1
3
20
39
1
4
17
3
9
7
3
42
16
4
5
6
3
8
2
10
9
20
0
13
3
12
15
3
7
1
10
15
3
4
6
13
7
10
4
4
6
1
6
7
4
4
9
1
5
7
5
0
2
11
15
6
5
8
13
5
6
7
7
7
7
10
11
8
9
14
28
9
8
4
2
31
3
3
2
12
11
11
2
5
4
3
7
4
0
5
6
10
1
2
5
6
8
9
6
3
9
9
5
134
5
5
10
3
21
3
14
8
7
3
2
12
12
4
11
56
3
2
16
27
25
1
55
6
3
9
4
2
10
6
14
10
21
1
5
10
14
2
5
29
12
2
0
3
3
2
9
6
6
160
9
5
19
6
11
3
10
2
6
12
1
3
2
3
13
6
9
17
8
21
10
15
0
13
11
3
2
3
7
1
8
4
4
5
2
2
5
3
58
5
10
4
4
3
7
5
39
5853
2
39
3
2
8
5
13
5
17
2
10
0
48
10
5
3
7
7
4
5
11
4
17
2
6
9
2
5
2
8
10
5
5
4
6
8
12
10
6
0
3
11
4
62
7
6
4
2
4
7
34
10
7
0
0
1
13
7
58
1
6
6
17
6
10458
3
6
9
26
25
24
3
5
5
8
5
5
9
9
7
1
6
1
66
5
7
6
2
4
8
4
33
6
8
10
144
11
6
20
14
3
3
2
2
3
0
0
5
12
30
6
4
4
5
4
4
11
6
9
20
6
8
3
4
14
1
132
10
6
5
16
20
2
49
4
8
5
6
9
10
59
16
4
40
13
8
2
5
5
7
22
7
4
5
4
58
20
5
7
19
4
3
4
6
6
4
7
12
2
5
3
10
15
1
5
95
3
7
12
46
33
15
5
7
2
13
2
3
15
16
6
9
4
1
14
4
14
4
5
4
9
2
6
3
7
4
6
1
8
9
3
9
3
6
24
6
5
12
12
32
2
5
5
0
2
3
6
35
8
23
6
19
5
2
19
10
3
5
14
0
8
6
7
10
13
14
14
0
15
8
15
10
27
11
2
7
3
5
13
0
3
3
21
4
7
2
4
2
8
10
3
2
13
4
1
4
11
1
2
4
5
31
7
0
0
9
26
19
13
5
6
7
14
2
15
8
1
29
0
9
11
3
69
45
3
13
24
8
11
4
2
17
2
5
3
14
3
21
3
3
8
3
2
2
9
5
26
10
5
2
4
9
10
1
16
6
0
11
5
23
4
64
15
5
17
19
4
12
8
2
18
21
15
2
7
1
10
2
3
4
38
10
8
7
7
3
3
9
12
7
3
6
3
6
16
14
9
4
7
5
6
3
1
9
6
16
3
3
13
13
1
24
2
1
8
8
4
4
10
9
5
3
2
13
1
4
1
17
15
3
1
4
12
9
9
204
3
6
4
11
40
21
9
11
8
1
6
4
1
4
4
3
9
5
8
2
3
6
230
5
39
16
8
6
1
3
5
17
14
5
5
7
14
7
29
5
0
584
5
14
8
7
2
17
3
3
8
3
14
9
9
20
15
2
1
3
1
9
4
8
10
2
2
9
24
18
4
8
5
15
9
183
6
14
2
11
0
2
16
19
4
11
7
4
6
5
5
5
8
8
13
8
11
27
43
32
2
6
19
7
8
12
0
4
13
16
12
4
13
4
0
91
5
30
4
5
9
74
9
2
5
6
17
6
32
9
39
2
5
10
3
8
15
12
2
5
14
6
19
8
5
7
29
20
6
20
2
4
2
15
15
21
11
15
6
5
33
4
4
8
6
4
0
32
7
8
17
4
3
2
2
20
13
12
6
6
2
207
14
4
10
40
1
14
12
7
4
3
6
9
2
2
8
5
4
6
3
4
12
4
1
4
9
8
1
4
3
7
14
8
2
4
3
35
9
4
3
12
12
7
12
1
0
5
1
5
13
10
16
5
2
227
4
24
15
3
30
5
1
2
5
14
27
14
8
2
12
9
6
20
7
8
5
3
1
29
3
13
8
8
5
5
16
4
20
8
7
19
12
18
5
3
4
3
3
5
7
1
5
1
27
10
14
23
5
2
21
6
7
11
12
17
3
20
12
29
5
8
2
3
8
3
34
4
4
18
1
2
13
11
7
2
3
23
4
3
1
8
11
9
33
12
15
0
4
18
4
11
13
1
23
7
9
13
11
3
38
15
5
7
33
16
3
2
9
6
4
3
0
7
1
2
4
10
64
10
8
5
0
4
12
7
0
20
2
1
2
27
7
9
10
23
12
9
385
7
8
8
23
42
3
5
69
12
9
2
11
7
19
8
13
8
7
8
8
10
42
1
4
8
9
4
3
3
6
585
9
4
3
3
5
2
3
5
11
5
5
9
3
4
12
7
3
2
3
8
2
28
7
3
10
3
26
5
5
3
6
4
20
5
1
3
7
8
4
18
3
9
6
42
1
6
7
1
7
10
5
6
0
10
10
5
23
5
2
7
6
3
6
22
9
4
2
4
6
4
7
10
3
34
34
2
18
5
6
6
0
19
5
9
5
9
11
6
12
17
38
1
0
26
7
2
13
1
4
5
12
3
26
8
6
18
2
9
52
6
26
4
16
5
13
5
2
6
2
19
23
7
8
11
14
5
5
6
8
18
4
4
4
8
14
4
7
3
4
9
7
0
4
8
16
1
11
5
23
11
6
9
11
4
4
12
2
18
69
10
2
3
3
5
13
5
10
222
5
10
9
3
8
3
2
25
1
1
247
5
3
7
6
8
2
23
41
5
21
10
17
107
17
27
6
12
1
2
34
1
7
78
6
4
10
6
19
6
3
1
43
8
2
7
5
6
6
6
22
4
11
6
8
1
3
15
6
6
6
13
2
4
30
18
6
4
6
8
11
22
7
6
3
3
5
2
10
24
29
36
6
1
3
8
2
6
9
6
2
28
5
7
3
23
7
12
19
2
3
1
20
1
8
12
4
0
7
8
5
15
3
7
6
1
2
1
16
3
34
8
2
18
32
7
3
4
9
11
16
5
23
13
0
36
23
18
5
8
1
14
12
3
12
1
16
3
15
5
7
6
2
8
49
49
4
26
14
6
4
5
1
12
8
2
5
4
9
2
10
4
2
8
6
3
18
8
17
2
6
3
5
10
83
6
3
25
11
9
54
2
4
3
8
2
5
2
6
1
40
56
5
11
1
14
13
12
0
2
40
5
9
3
10
3
5
15
1
1
4
5
3
8
7
11
11
4
1
17
13
0
11
5
15
5
21
15
52
6
17
3
9
34
12
7
6
1
16
49
3
2
1
5
6
8
6
7
2
3
5
4
9
4
8
163
4
19
2
8
24
11
10
7
5
2
1
17
7
12
8
6
8
17
4
5
13
5
9
9
4
4
10
19
11
7
7
13
7
77
1
3
6
11
11
2
9
6
6
0
1
9
11
11
5
4
5
17
17
7
16
2
4
6
13
4
4
10
3
4
21
8
4
6
5
4
2
47
5
6
3
4
14
11
8
155
2
1
12
5
132
19
14
3
11
3
18
6
30
2
7
29
4
16
134
16
5
6
7
5
7
11
4
2
4
10
11
3
6
9
8
17
2
15
22
29
6
5
84
22
7
13
17
9
8
1
3
58
1
11
1
9
7
22
4
17
115
3
7
5
2
7
54
2
5
8
4
13
5
7
35
3
3
11
2
31
2
39
24
4
2
5
7
7
4
5
8
24
22
5
1
10
9
14
8
23
19
15
3
3
1
6
1
1
3
1
6
55
25
0
38
14
23
7
4
2691
8
1
43
32
12
22
2
10
11
2
28
3
13
3
8
11
14
8
4
12
4
14
22
7
2
0
6
14
3
8
8
9
4
8
11
6
0
19
20
5
40
12
6
9
13
2
1
18
4
4
6
3
0
6
473
3
6
5
2
14
8
5
21
9
24
23
12
15
7
4
41
19
9
3
4
1
0
256
15
7
5
7
10
10
4
5
16
17
8
3
8
12
2
3
6
5
14
39
7
12
8
15
9
322
21
14
3
8
4
8
10
7
11
112
12
9
2
4
3
12
3
8
1
23
2
74
1
22
16
1
10
11
4
3
0
4
6
27
5
1
3
4
17
2
3
7
25
6
27
2
11
36
2
4
8
11
17
16
17
4
4
20
7
1
4
6
7
5
23
1
12
2
1
16
84
25
13
12
3
5
4
12
3
7
4
7
2
7
0
8
4
5
4
7
5
15
4
3
9
1
7
23
7
8
8
13
8
0
2
15
27
2
30
5
9
9
10
13
0
2
11
8
9
6
9
6
4
5
2
4
37
8
6
8
21
7
2
4
4
24
6
20
5
12
6
4
3
12
41
6
3
6
51
7
9
3
5
3
7
4
172
0
11
4
11
7
49
5
6
10
11
3
9
0
8
3
5
10
21
7
1
5
4
26
20
3
1
2
6
14
4
2
2
56
4
3
33
2
1
24
2
6
8
14
4
3
3
6
66
34
3
10
9
9
7
2
8
9
2
8
8
3
9
5
4
14
12
13
24
3
9
1
1
3
4
9
48
2
5
13
30
5
4
18
4
6
2
10
6
1
4
0
9
2
3
4
6
4
28
3
10
11
100
3
5
2
3
1
8
7
12
16
7
4
15
6
22
12
5
3
10
21
21
3
4
9
7
8
6
5
2
6
62
1
5
1
103
2
26
7
4
12
310
1
32
5
14
44
4
8
2
21
9
7
8
8
6
3
4
18
4
4
19
2
5
8
14
12
20
5
14
9
3
24
21
11
8
3
5
4
4
6
3
5
38
8
5
10
5
16
5
10
5
8
7
17
67
1
18
4
41
1
3
2
6
4
6
2
12
8
5
7
6
2
12
3
53
4
14
4
4
6
14
4
11
3
8
6
10
2
10
4
4
13
17
13
12
31
9
2
4
3
10
9
0
1
10
7
3
11
15
7
10
9
11
4
4
8
3
2
7
7
4
6
8
4
1
48
3
10
9
8
11
0
19
5
2
3
1
1
6
2
3
3
5
8
7
4
12
3
13
6
4
17
15
7
6
20
8
7
5
12
10
1
10
1
5
2
8
15
11
2
10
6
26
2
1
21
3
117
5
2
9
1
13
4
3
6
2
2
5
8
5
5
12
3
5
7
7
2
3
6
9
5
5
16
6
3
4
13
2
5
6
2
5
21
1
12
29
2
1
8
10
12
2
15
2
8
9
4
11
17
15
8
5
11
3
17
3
14
2
6
3
7
45
4
70
3
10
4
7
9
1
7
5
6
8
2
8
1
1
6
8
9
23
6
4
2
10
1
5
1
2
6
13
5
5
0
8
6
4
40
7
4
98
30
6
14
4
3
9
9
22
7
6
4
2
25
7
4
18
4
1
5
1
13
9
9
4
15
5
16
0
10
5
1
7
8
5
10
8
47
2
1
14
26
12
9
27
4
3
4
2
8
7
3
4
5
4
3
2
12
7
1
48
1
8
6
52
3
8
11
48
1
9
20
11
18
16
5
5
4
7
8
6
6
26
3
9
17
20
61
8
23
9
0
10
10
2
4
3
16
2
10
34
5
18
3
15
814
0
12
10
3
2
4
2
7
7
9
5
12
4
11
7
19
3
4
2
2
7
18
22
17
12
1
8
3
3
3
12
12
19
42
5
1
16
4
8
7
3
8
5
6
3
5
5
10
3
73
6
8
7
4
5
38
12
35
3
2
7
9
10
6
1
5
3
2
2
4
15
6
16
1
6
3
7
2
6
1
5
2
6
3
5
40
8
16
3
8
21
5
3
9
10
6
2
2
34
2
5
4
6
18
0
5
7
143
6
8
3
7
10
1
4
625
18
3
19
15
8
3
14
2
15
9
66
4
16
14
1
7
5
3
3
6
19
9
96
3
5
5
12
4
6
7
193
2
26
26
5
5
3
7
19
4
8
4
5
0
7
8
6
5
39
5
2
9
13
7
9
3
3
9
18
4
10
8
5
10
107
3
5
6
4
12
7
6
11
31
13
5
15
1
2
16
4
12
6
3
6
4
24
9
11
176
2
4
2
14
4
9
1
0
3
5
24
17
12
6
8
2
51
28
11
9
5
14
2
1
1
21
13
5
22
2
1
6
14
10
2
55
7
4
23
5
17
9
13
5
4
4
7
8
2
6
2
15
16
5
4
2
18
13
6
5
1
19
8
6
5
5
104
15
18
14
10
1
7
1023
4
8
4
8
43
14
9
0
5
9
13
7
10
4
3
14
5
3
15
1
11
4
6
1
11
15
2
23
10
3
4
5
21
11
11
1
17
69
36
5
0
8
6
6
16
6
2
9
11
6
2
2
3
8
8
10
4
8
2
11
4
7
7
22
20
1
9
5
15
9
6
10
2
11
3
2
3
5
26
12
17
7
18
90
4
6
3
3
11
1
6
13
7
14
5
4
18
30
3
5
2
1
2
3
21
12
11
6
16
7
0
4
12
7
3
16
9
5
9
15
18
5
14
0
17
2
10
43
6
7
33
5
27
4
5
6
4
3
3
12
9
3
0
1
1
12
3
7
52
7
38
66
9
3
11
3
8
20
4
5
8
3
13
4
9
22
6
25
39
3
6
8
5
10
12
7
2
0
9
4
11
6
9
7
1
14
14
9
12
11
6
22
14
21
3
18
7
1
78
10
0
3
4
5
3
3
323
123
9
14
2
4
2
17
11
3
25
8
12
6
3
11
12
12
2
107
7
6
15
4
13
1
7
12
8
25
4
12
9
1
14
6
28
3
2
5
17
5
29
4
9
5
5
3
1
33
15
3
5
19
4
20
25
4
3
5
2
7
6
14
7
25
53
9
10
1
2
9
7
108
2
4
8
10
9
3
15
6
14
1
9
8
7
3
3
26
2
7
3
14
1
2
12
3
8
33
14
8
17
32
43
4
4
10
11
5
3
7
6
17
3
2
3
22
4
1
11
38
14
7
0
6
27
16
4
5
8
4
9
42
8
1
1
6
13
8
21
4
3
5
3
4
7
4
12
3
24
1
23
3
22
0
45
15
5
6
7
6
5
53
1
4
21
13
8
0
14
8
4
9
13
5
3
4
7
6
38
17
6
1
17
39
6
4
26
7
10
77
166
0
18
10
6
1
31
2
18
11
3
2
0
4
4
4
2
7
12
278
2
4
5
6
38
53
4
4
10
8
42
4
11
7
1
6
2
0
7
3
18
33
0
746
10
4
3
7
5
30
6
14
4
7
8
4
6
4
3
2
17
33
5
7
11
4
2
4
7
63
9
358
11
29
11
3
1
2
13
237
1
10
1
1
29
10
3
14
3
6
7
11
27
9
15
8
38
8
5
3
3
3
3
10
3
6
7
14
1
2
8
18
4
12
6
10
1
25
2
11
10
2
10
18
11
5
16
7
12
14
3
8
8
8
6
9
6
44
9
15
4
4
6
8
8
35
5
4
3
3
13
1
5
11
7
9
10
24
5
4
4
6
4
4
8
9
17
29
2
5
10
12
6
5
10
3
4
3
162
7
3
11
5
13
2
1
3
88
2
11
11
27
7
20
4
7
11
10
2
14
5
9
3
6
19
6
3
22
18
17
22
5
8
1
3
3
16
3
56
5
1
6
6
