10
9
10
2
101
7
4
13
3
12
1
7
9
8
22
3
10
7
1
12
4
24
3
1
4
14
3
26
4
6
3
5
1
1
31
13
3
5
17
3
16
25
3
1
4
2
6
5
14
5
24
50
6
9
1
2
8
6
100
2
3
7
9
7
3
14
5
9
1
8
8
5
0
3
25
1
6
3
13
1
2
10
3
8
28
10
8
11
30
40
4
4
9
8
5
1
6
5
15
2
3
5
4
21
26
4
5
7
2
5
1
24
1
4
1
0
6
4
3
20
20
5
15
8
1
15
6
13
16
4
0
4
13
3
5
2
1
4
6
4
43
14
13
1
8
3
3
9
12
16
1
3
3
13
6
38
3
19
2
5
5
8
20
2
2
2
1
10
7
6
12
2
2
3
10
4
29
1
0
3
2
10
4
29
16
3
25
39
3
2
9
10
8
1
4
20
17
17
6
2
2
12
3
0
5
4
78
58
3
2
6
3
122
3
9
4
2
2
8
8
3
16
5
13
14
5
3
4
2
5
5
5
9
61
6
4
8
5
12
3
1
7
6
45
2
6
2
8
11
7
5
22
7
7
0
3
0
14
89
33
1
1
4
19
0
2
20
3
28
27
4
35
31
58
56
41
4
9
16
10
10
22
16
13
7
3
1
3
54
11
3
13
3
2
3
10
6
3
3
6
94
16
3
26
2
24
16
3
11
13
2
12
2
4
5
2
22
80
20
1
8
9
3
1
2
0
7
3
11
6
6
2
6
12
3
16
3
8
1
13
6
13
2
0
2
1
3
6
14
2
1
0
6
17
2
4
9
3
34
11
9
0
6
4
4
7
26
16
0
1
1
5
5
1
2
4
1
12
4
14
8
2
9
24
6
141
3
5
3
3
6
2
8
1
1
2
10
4
6
26
2
3
7
8
8
5
4
349
1
2
2
12
1
7
3
27
2
7
5
5
5
5
7
9
2
12
5
28
2
3
10
24
0
4
3
28
11
4
16
0
5
7
2
87
7
4
2
7
10
10
10
2
2
3
4
4
4
8
3
4
4
11
4
61
15
9
4
1
0
39
2
4
11
2
14
5
19
9
5
5
5
8
8
2
7
7
2
5
10
592
72
9
2
4
12
8
11
16
6
3
10
9
10
2
101
7
4
13
3
12
1
7
9
8
22
3
10
7
1
12
4
24
3
1
4
14
3
26
4
6
3
5
1
1
31
13
3
5
17
3
16
25
3
1
4
2
6
5
14
5
24
50
6
9
1
2
8
6
100
2
3
7
9
7
3
14
5
9
1
8
8
5
0
3
25
1
6
3
13
1
2
10
3
8
28
10
8
11
30
40
4
4
9
8
5
1
6
5
15
2
3
5
4
21
26
4
5
7
2
5
1
24
1
4
1
0
6
4
3
20
20
5
15
8
1
15
6
13
16
4
0
4
13
3
5
2
1
4
6
4
43
14
13
1
8
3
3
9
12
16
1
3
3
13
6
38
3
19
2
5
5
8
20
2
2
2
1
10
7
6
12
2
2
3
10
4
29
1
0
3
2
10
4
29
16
3
25
39
3
2
9
10
8
1
4
20
17
17
6
2
2
12
3
0
5
4
78
58
3
2
6
3
122
3
9
4
2
2
8
8
3
16
5
13
14
5
3
4
2
5
5
5
9
61
6
4
8
5
12
3
1
7
6
45
2
6
2
8
11
7
5
22
7
7
0
3
0
14
89
33
1
1
4
19
0
2
20
3
28
27
4
35
31
58
56
41
4
9
16
10
10
22
16
13
7
3
1
3
54
11
3
13
3
2
3
10
6
3
3
6
94
16
3
26
2
24
16
3
11
13
2
12
2
4
5
2
22
80
20
1
8
9
3
1
2
0
7
3
11
6
6
2
6
12
3
16
3
8
1
13
6
13
2
0
2
1
3
6
14
2
1
0
6
17
2
4
9
3
34
11
9
0
6
4
4
7
26
16
0
1
1
5
5
1
2
4
1
12
4
14
8
2
9
24
6
141
3
5
3
3
6
2
8
1
1
2
10
4
6
26
2
3
7
8
8
5
4
349
1
2
2
12
1
7
3
27
2
7
5
5
5
5
7
9
2
12
5
28
2
3
10
24
0
4
3
28
11
4
16
0
5
7
2
87
7
4
2
7
10
10
10
2
2
3
4
4
4
8
3
4
4
11
4
61
15
9
4
1
0
39
2
4
11
2
14
5
19
9
5
5
5
8
8
2
7
7
2
5
10
592
72
9
2
4
12
8
11
16
6
3
3
3
4
7
2
2
76
2
20
0
4
6
12
1
22
5
2
102
2
1
9
9
2
8
14
0
5
4
8
7
32
13
16
2
8
68
0
9
9
66
2
9
4
13
8
8
5
11
22
2
5
4
4
1
14
3
9
6
2
3
21
16
4
3
14
3
10
2
5
31
15
4
5
3
2
30
5
1
10
3
0
9
4
31
34
6
3
7
4
4
6
3
3
6
4
5
8
2
5
4
2
3
5
1
6
2
6
4
5
0
11
6
2
3
4
11
9
8
6
2
6
5
2
11
1
6
40
7
11
3
4
4
22
4
3
5
2
12
8
0
18
4
1
105
5
9
7
6
33
4
4
4
6
17
10
4
0
25
12
7
11
2
14
9
10
6
37
1
4
5
1
14
4
6
325
1
4
4
11
71
7
5
4
2
4
13
2
3
15
13
8
2
7
104
9
6
3
5
11
5
2
11
5
8
3
3
32
9
4
353
0
16
3
4
4
3
7
2
5
20
8
3
2
18
27
27
131
9
7
3
5
11
9
15
6
3
6
16
10
4
26
19
1
4
43
5
7
3
4
1
9
4
6
4
4
3
0
6
13
7
4
0
11
3
20
4
6
2
3
7
14
5
6
15
4
1
2
3
7
1
7
3
1
14
15
8
3
12
5
3
5
10
6
1
5
1
2
4
35
21
9
6
4
2
7
5
2
8
4
2
3
2
19
2
9
2
9
145
5
2
15
206
0
5
5
12
1
0
1
10
3
0
7
3
2
6
5
1
0
1
10
6
2
10
2
7
4
6
12
9
17
38
8
2
14
3
13
0
0
7
1
6
2
7
4
3
13
14
6
3
0
2
2
6
129
1
5
2
16
5
12
12
72
4
3
10
3
28
5
19
4
1
4
3
8
7
0
5
4
9
1
4
9
1
21
3
52
21
6
0
6
3
4
5
4
5
5
4
3
17
7
1
6
7
1
39
5
6
14
7
19
4
23
7
8
17
9
5
4
27
4
3
1
4
43
8
8
2
13
8
3
9
3
1
3
3
2
1
10
2
939
6
3
4
2
10
4
1
14
17
5
1
7
1
1
3
2
21
3
85
6
5
13
9
2
5
1
0
17
7
4
1
3
3
3
0
2
8
28
45
1
6
11
7
3
0
23
5
2
4
2
7
1
11
1
3
6
1
2
4
35
13
12
0
8
1
101
17
26
15
4
3
5
6
50
2
3
1
2
1
24
2
4
8
4
8
43
46
13
16
15
9
1
2
7
143
9
9
12
1
2
6
0
15
2
8
10
23
5
10
5
4
3
2
12
1
5
2
5
4
10
4
6
44
7
0
8
5
30
9
3
13
4
20
8
6
4
5
4
11
7
5
14
6
3
29
1
68
5
12
2
9
3
3
1
14
2
4
9
11
6
4
10
1
5
24
1
14
4
6
5
8
142
9
1
0
6
3
6
0
12
2
4
3
6
4
17
9
13
3
7
8
4
18
392
30
3
5
3
21
25
5
8
2
15
11
7
2
5
4
2
7
19
187
5
0
48
5
2
4
6
12
4
13
26
17
24
2
12
7
7
14
111
1
45
26
1
8
0
9
4
8
2
2
8
2
8
3
1
7
3
16
1
1
8
3
1
5
2
13
3
5
10
7
24
5
0
3
2
15
19
3
3
8
2
8
36
5
9
7
7
9
27
8
0
2
4
4
2
5
13
3
4
9
4
21
2
10
0
9
2
3
3
26
15
6
0
13
1
1
24
4
4
17
10
2
15
12
4
2
85
1
15
4
2
2
3
2
5
1
4
9
24
10
3
12
5
13
3
4
12
4
6
2
6
7
4
7
16
1
18
3
7
0
43
15
7
8
20
6
1
5
8
20
27
39
15
62
17
1
30
4
2
4
8
11
8
8
15
1
2
5
17
14
11
10
5
6
20
7
10
4
12
11
2
4
13
91
10
3
2
1
0
4
10
286
1
13
6
41
2
9
1
9
1
5
4
4
8
3
2
68
14
4
1
3
2
18
1
29
1
14
1
3
2217
8
7
7
1
3
3
4
14
0
6
1
1
11
62
1
2
6
2
6
9
5
4
0
13
19
17
1
31
8
4
14
4
9
13
77
6
17
1
10
3
6
2
27
3
2
6
4
0
0
2
2
3
1
5
41
2
3
11
5
30
18
5
15
19
6
11
9
2
3
2
9
9
8
4
14
1
6
18
5
8
3
4
0
6
2
3
348
3
13
6
9
0
7
9
3
1
8
68
2
9
0
6
12
0
20
3
8
219
2
12
0
4
8
1
2
4
2
11
79
6
3
6
0
4
3
4
4
14
1
9
0
2
10
35
7
1
5
4
3
3
12
4
2
3
10
9
13
3
1
2
0
3
1
0
4
9
3
3
11
6
16
4
6
5
5
5
18
13
17
7
1
5
2
5
1
8
13
0
7
10
14
4
7
2
2
3
109
7
2
8
4
3
3
5
28
9
0
3
3
246
2
7
9
7
7
8
4
3
9
7
1
0
3
5
1
2
8
10
4
18
7
0
7
313
11
2
10
4
22
7
5
0
18
7
3
18
10
4
3
6
4
7
5
6
13
2
10
3
4
6
6
60
5
1
15
6
4
22
1
0
9
5
5
2
4
6
3
5
3
1
4
2
14
10
3
2
6
7
6
5
7
4
0
7
2
6
1
7
5
9
1
79
14
1
13
6
11
12
5
3
2
10
14
9
6
9
4
16
1
11
1
14
0
6
4
1
6
15
32
16
0
7
5
9
0
3
90
7
4
4
3
21
29
0
8
1
24
3
9
7
6
43
1
24
8
1
6
2
13
4
4
3
8
8
181
0
4
12
4
17
3
6
4
13
1
82
5
6
3
4
2
6
8
5
1
10
39
2
4
3
7
6
16
11
1
84
10
6
5
6
2
3
40
8
5
1
3
3
7
11
2
4
5
0
2
10
10
2
5
6
10
25
11
6
3
7
5
7
12
5
4
3
2
5
6
4
1
3
1
26
3
3
17
4
3
9
7
1
4
8
9
10
10
5
3
19
2
10
9
3
1
23
10
20
1
12
3
5
2
3
2
5
3
5
6
7
16
6
3
3
6
20
6
10
1
3
1
4
1
3
4
3
8
9
4
1
74
11
3
6
6
21
15
3
55
5
40
4
8
6
6
1
5
5
1
1
3
4
3
11
12
1
3
1
389
3
4
10
3
13
11
5
8
4
4
0
5
5
18
7
33
3
7
0
3
1
7
42
6
7
8
8
1
55
2
4
8
1
5
10
5
310
12
47
3
7
2
0
2
4
3
5
3
4
19
3
6
1
5
1
12
11
7
1
15
9
22
2
7
26
1
6
13
12
4
11
1
2
14
2
3
16
5
3
5
3
0
3
3
6
0
3
7
6
17
12
4
3
6
28
21
2
1
14
4
4
2
4
6
3
3
4
10
2
15
7
4
2
4
3
9
8
6
16
5
2
9
13
3
4
12
2
135
3
3
2
202
5
12
3
0
9
10
1
3
8
1
21
1
1
3
21
2
4
16
4
12
3
43
6
10
2
1
3
3
5
8
6
4
9
8
12
7
6
2
44
10
3
6
3
1
18
43
9
5
8
1
12
3
17
5
7
6
8
5
4
7
3
14
9
18
10
12
54
8
2
3
3
7
4
15
3
4
2
1
1
4
86
9
8
2
2
1
2
7
11
3
8
1
10
5
9
3
4
8
5
3
5
3
7
10
0
2
2
8
1
4
3
25
5
8
1
10
11
2
3
9
9
23
3
1
4
4
34
13
10
8
5
4
6
2
6
7
4
3
5
2
16
2
7
22
14
3
4
4
4
3
1
7
18
1
2
3
29
6
4
8
9
14
52
5
12
634
1
3
2
4
6
34
0
4
5
4
9
9
12
10
49
5
4
6
10
15
6
2
2
17
0
12
9
9
5
0
7
7
2
18
9
14
4
4
17
3
72
6
12
0
9
19
1
9
2
5
6
1
9
9
7
39
2
1
3
15
4
9
5
5
9
6
6
5
3
4
0
4
5
26
12
2
47
4
0
0
4
2
66
8
8
9
26
2
10
7
3
10
424
5
9
19
15
6
4
14
15
49
7
1
8
7
2
32
9
9
9
4
14
4
2
6
3
8
1
14
1
2
186
12
76
12
15
5
1
4
12
3
26
4
1
10
13
4
3
5
10
9
5
4
2
3
8
8
7
89
17
13
4
4
5
2
1
2
14
25
4
1
1
2
0
5
2
3
13
8
7
1
7
1
46
3
4
4
4
8
3
4
4
8
6
3
14
2
9
0
50
5
2
11
84
6
8
7
20
3
100
2
250
5
6
55
4
18
8
6
3
2
13
0
2
2
4
2
3
0
18
1
6
6
6
5
11
26
2
2
15
0
5
5
5
3
6
1
6
2
3
10
35
9
6
7
1
14
5
14
3
8
4
33
3
4
20
3
7
3
2
10
29
2
2
8
2
3
4
37
3
8
6
7
8
3
6
3
16
5
10
2
1
4
18
1
1
2
26
0
13
18
7
146
8
16
6
3
3
0
5
0
2
1
8
4
5
1
3
4
2
6
8
2
8
1
3
2
1
4
21
5
12
14
4
4
3
6
45
0
6
3
7
0
6
0
4
4
127
13
35
6
3
1
14
5
9
5
2
10
5
3
11
3
4
5
2
14
1
12
16
6
8
13
2
5
11
1
6
8
7
4
6
5
6
18
5
2
6
3
4
2
2
4
2
9
13
4
4
6
14
7
5
12
12
12
380
3
11
1
14
4
5
3
8
18
8
4
10
7
6
4
1
6
3
4
7
10
27
6
1
7
7
11
35
9
6
13
12
13
2
6
1
4
9
4
0
4
1
5
6
1
4
4
1
8
3
2
0
2
1
7
1
5
2
13
9
65
3
3
5
4
1
5
0
3
5
2
9
4
25
1
2
15
9
7
0
4
37
18
3
0
11
4
5
3
2
11
44
28
7
4
3
19
0
63
5
4
12
11
35
10
8
17
3
5
7
6
7
6
4
9
79
2
2
5
3
11
3
0
4
9
2
1
67
4
2
6
11
4
11
3
20
3
6
12
3
7
3
8
5
6
2
9
14
2
7
5
47
5
7
8
12
4
10
2
5
4
4
2
11
3
7
19
13
6
4
17
7
4
21
14
7
19
3
3
7
18
0
8
2
2
11
20
3
10
5
6
0
4
6
8
5
2
11
4
12
5
1
2
7
2
8
6
27
0
9
9
0
9
2
35
3
5
91
8
6
11
5
2
12
5
5
1
6
5
7
5
5
4
1
2
8
3
10
2
17
2
0
3
44
2
8
5
3
9
14
2
6
4
38
1
8
2
2
2
3
2
2
5
18
1
1
6
8
0
68
26
1
12
6
5
52
4
3
1
6
57
4
3
13
4
6
2
4
35
3
11
2
2
1
5
23
6
27
4
19
4
1
1
2
1
9
4
10
17
3
0
4
2
120
4
14
15
7
36
15
6
4
5
971
2
44
2
3
2
4
21
7
6
5
3
3
39
4
29
2
2
6
27
3
1
1
3
7
4
3
5
9
2
2
5
5
9
1
20
70
7
8
7
6
22
10
1
8
1
6
20
3
13
5
9
58
7
8
5
3
12
2
10
0
7
9
5
3
6
16
13
2
3
9
11
5
5
6
4
2
36
2
4
11
4
4
3
25
1
1
1
36
8
6
3
7
2
3
3
1
9
13
7
0
4
27
2
7
5
7
7
1
9
10
0
4
4
1
2
0
6
12
5
4
3
12
6
6
9
12
15
63
44
0
4
8
4
1
3
6
5
5
13
1
1
2
0
5
29
6
1
11
12
1
13
9
5
5
3
6
3
5
6
0
7
8
0
9
27
6
15
4
0
15
8
4
4
11
10
11
3
3
2
6
4
2
7
1
7
10
4
10
0
19
12
3
13
4
27
4
1
5
3
1
2
19
3
11
4
10
2
7
2
34
0
5
19
10
16
70
20
5
5
22
7
4
14
239
3
11
4
31
5
13
1
12
6
0
10
34
10
0
11
18
2
35
3
11
2
6
21
31
5
8
1
41
5
8
2
19
21
5
1
3
13
0
1
1
13
7
6
1
3
3
13
6
11
2
8
3
3
4
8
1
2
4
13
11
14
8
1
1
1
55
3
5
1
1
4
17
20
10
3
2
4
13
5
34
6
5
7
1
4
2
0
2
10
8
7
6
13
4
8
7
3
15
12
14
1
5
23
12
0
12
7
12
12
0
0
1
6
19
12
2
6
1
8
8
1
1
3
3
4
21
2
0
19
6
3
0
13
6
26
10
5
7
6
3
6
7
9
1
6
10
0
10
24
5
11
7
10
0
7
14
2
12
1
1
5
5
5
4
13
2
70
10
9
4
10
6
16
2
2
10
4
5
7
7
3
6
11
29
17
3
5
1
3
8
4
2
2
6
4
2
7
2
1
20
0
3
11
6
5
1
2
3
1
8
3
4
1
3
7
2
4
10
3
2
62
4
6
25
77
1
6
49
7
1
6
5
4
2
21
44
2
14
71
4
4
24
1
4
8
7
16
1
9
17
4
12
3
17
13
7
3
5
8
2
2
6
17
7
10
4
3
17
14
6
86
18
2
7
11
9
9
515
4
2
6
1439
3
6
26
42
2
1
126
16
4
5
9
26
2
51
4
3
50
12
11
3
3
3
3
25
5
15
7
6
7
37
4
4
4
3
12
143
6
1
1
10
19
2
5
1
4
21
3
14
7
6
5
17
3
12
12
14
4
3
4
6
2
1
13
2
13
7
6
6
37
7
6
3
13
16
6
2
0
6
4
285
3
12
3
50
7
4
9
9
16
0
4
1
15
4
4
55
6
25
10
11
1
19
5
2
19
1
14
2
13
7
20
1
0
7
18
1
8
9
8
3
2
6
10
7
3
6
29
5
4
0
0
4
11
3
61
13
4
3
7
4
4
4
10
3
1
4
2
2
11
5
3
7
2
3
8
9
6
26
14
4
68
14
26
29
33
9
39
15
3
16
3
4
5
1
3
10
10
26
11
2
10
9
2
2
8
19
10
10
4
26
5
9
8
6
61
18
2
5
1
10
5
15
2
5
10
2
8
5
4
6
14
29
4
3
5
12
2
0
8
2
2
2
3
2
15
22
2
7
6
1
28
4
0
10
16
17
7
4
13
2
10
3
154
13
4
29
4
7
17
0
3
2
7
1
1
2
4
3
6
5
3
7
1
4
14
1
10
10
3
10
2
4
6
5
9
11
5
11
3
4
6
3
1
6
6
7
10
3
5
5
1
7
3
3
5
14
3
4
5
16
5
7
1
3
2
1
40
6
6
1
0
4
5
1
8
6
2
5
1
2
0
3
3
3
129
42
9
10
3
18
6
2
8
5
6
3
1
1
12
10
10
14
4
3
19
1
1
0
21
0
1
9
2
6
5
1
9
7
20
4
7
1
2
1
7
1
6
16
4
2
0
4
3
6
1
1
9
31
2
3
5
3
9
9
18
7
12
1
5
13
12
20
1
27
0
3
9
4
0
7
3
8
109
12
9
9
10
2
1
10
3
4
18
4
12
19
1
2
4
14
0
11
27
1
4
0
1
15
24
3
2
30
1
9
2
9
0
0
3
0
8
15
3
18
30
4
1
10
3
7
9
2
55
9
16
155
1
9
4
7
24
5
2
6
1
0
2
5
1
21
14
2
4
5
1
2
6
5
33
50
13
11
3
9
4
2
3
1
4
3
9
4
2
4
3
4
7
2
2
7
8
77
5
37
3
7
4
3
4
4
3
8
2
3
3
2
2
3
5
10
2
4
6
15
14
6
7
9
3
2
1
5
4
15
7
1
3
7
13
1
3
3
6
4
3
32
0
5
5
10
5
4
5
2
15
38
13
24
54
3
14
5
4
9
4
4
1
21
3
5
7
2
1
15
1
16
27
5
1
5
31
10
2
3
8
12
7
24
42
26
2
64
73
4
7
2
2
3
2
1
2
5
5
5
16
8
15
5
12
2
4
11
5
19
15
1
5
2
0
9
107
33
7
2
2
16
8
28
4
17
8
4
2
0
1
12
74
1
3
8
12
22
4
32
1143
2
60
8
34
4
10
28
0
0
1
310
4
8
201
31
3
10
1
5
3
0
15
3
6
5
8
15
7
27
14
2
2
7
6
3
3
5
7
1
5
96
6
8
57
13
10
397
16
29
6
4
5
17
2
12
6
6
8
20
21
4
4
9
2
6
8
11
9
0
0
4
40
2
12
2
2
19
20
5
3
0
3
0
18
6
14
4
8
8
1
23
19
8
3
5
8
11
1
3
22
1
7
1
9
2
6
551
1
21
3
1
1
13
4
5
15
1
3
2
0
1
7
12
6
21
3
10
38
5
9
38
4
6
110
11
2
17
5
6
2
50
1
6
29
2
16
8
4
8
3
11
8
10
19
3
6
4
14
12
2
7
28
1
14
5
38
8
13
2
1
1
3
15
12
10
2
28
3
15
12
1
9
8
8
5
4
9
3
10
2
7
2
13
6
2
9
3
4
43
6
10
18
2
8
5
7
6
111
11
11
4
1
3
4
4
6
3
0
15
8
12
5
7
3
7
18
25
3
4
47
6
6
7
4
2
4
14
16
17
4
3
9
3
4
3
0
13
9
17
8
540
2
6
3
76
1
14
23
6
3
19
4
7
1
3
8
10
15
4
4
8
1
2
1
0
8
1
4
2
8
5
3
2
1
4
8
2
7
0
11
1
6
3
3
0
3
4
8
5
7
4
5
11
2
3
5
118
5
2
9
9
13
11
99
3
5
3
2
0
6
5
8
95
21
284
61
2
10
1
7
2
3
4
6
13
1
2
4
3
50
5
1
2
3
4
0
2
3
0
2
11
9
102
4
464
1
6
0
6
9
0
9
7
22
2
7
1
12
2
10
7
7
1
2
11
34
4
11
2
2
3
7
2
78
25
7
0
5
19
4
3
14
0
21
10
35
2
5
3
22
28
7
3
2
8
3
1
9
2
7
1
5
5
2
1
4
7
14
1
16
3
8
2
17
7
12
6
8
2
1
4
19
10
2
15
5
7
8
113
4
2
4
7
31
39
11
3
5
1
3
5
4
7
6
13
5
7
4
5
11
2
8
6
9
32
22
20
2
3
10
10
4
10
7
0
0
17
2
15
8
21
16
6
0
217
12
22
25
16
7
9
33
8
17
2
6
8
2
31
19
5
4
5
0
5
0
3
2
14
2
3
4
4
8
2
1
3
7
3
3
11
6
10
6
1
2
1
1
5
80
10
4
2
8
3
10
15
6
1
3
2
5
3
4
23
2
1
7
6
6
1
138
6
4
13
9
18
2
42
11
4
7
1
2
5
6
6
3
2
1
0
10
6
2
3
4
2
12
3
5
2
3
12
11
5
7
4
5
34
4
6
4
7
4
4
4
16
2
3
4
1
7
7
6
7
12
33
4
8
4
4
12
1
1
4
4
3
4
4
3
4
3
4
3
16
6
1
5
14
21
3
3
5
18
9
12
1576
3
1
4
4
0
4
27
1
2
11
3
2
12
2
18
1
8
6
3
8
1
10
3
3
7
6
1
8
5
3
4
4
9
22
3
10
17
2
3
11
3
4
2
71
9
4
42
4
6
4
1
7
1
7
1
3
5
2
5
23
2
6
5
2
22
11
3
4
2
4
28
8
9
1
5
3
1
2
6
4
6
6
4
1
13
2
7
3
2
7
4
4
4
1
3
11
8
5
3
4
14
1
10
8
7
0
2
26
4
165
18
7
14
9
8
1
25
9
5
5
2
12
8
1
5
6
3
15
8
5
12
1
9
5
8
10
10
2
3
4
22
6
7
3
12
7
0
18
40
0
16
18
4
18
10
35
4
7
9
6
8
10
7
5
7
11
5
2
5
27
9
13
1
2
3
26
2
4
4
4
6
11
9
4
9
16
1
21
2
20
2
9
3
4
4
3
2
2
9
82
1
3
13
35
60
6
5
11
6
1
11
1
1
4
4
3
5
18
1
3
4
2
0
3
11
4
7
60
13
8
1
2
18
36
0
4
15
2
8
5
1
41
15
4
4
3
3
6
2
9
8
19
0
12
3
11
14
3
7
0
10
13
2
4
4
12
6
9
3
4
4
1
5
5
4
4
8
1
4
6
4
0
2
9
15
6
5
8
13
5
4
6
5
6
6
7
10
6
7
10
26
7
4
3
2
29
2
2
1
9
10
7
2
5
4
2
6
3
0
3
4
10
0
1
4
6
6
7
5
3
9
8
4
128
4
4
10
3
19
3
11
7
6
2
0
8
8
3
8
50
3
1
13
26
22
1
50
5
2
9
1
2
7
5
12
6
20
1
3
9
12
2
5
25
11
1
0
2
3
2
9
5
6
149
8
5
16
4
10
2
6
2
6
11
0
3
2
2
11
5
9
16
4
20
8
11
0
12
10
2
1
1
7
0
7
4
4
4
1
1
5
3
56
5
8
3
4
1
4
4
37
5688
2
34
1
2
7
4
11
4
13
2
9
0
42
8
3
2
5
5
4
5
10
3
15
2
4
6
2
3
0
5
7
5
5
3
6
6
6
10
6
0
3
8
2
61
5
5
2
2
4
5
31
10
6
0
0
1
10
4
55
0
5
6
12
5
10175
2
5
9
23
21
23
2
3
4
6
5
5
8
8
6
1
5
0
64
3
4
4
2
2
6
4
30
5
7
8
135
9
4
18
14
2
2
2
1
2
0
0
3
11
29
4
3
3
4
3
3
10
6
8
20
4
7
2
3
13
1
120
6
4
4
14
17
1
47
3
7
2
4
7
7
56
12
3
37
12
8
2
3
3
6
21
7
3
5
3
57
19
4
5
18
3
3
3
4
3
1
4
12
2
4
0
10
13
1
3
92
2
7
12
40
31
13
4
7
2
12
2
2
13
14
6
7
3
1
13
4
14
3
5
3
7
2
5
2
6
4
6
1
6
6
2
8
1
4
23
5
4
10
11
28
2
5
5
0
1
3
4
33
8
18
5
17
3
2
17
7
2
3
13
0
7
5
6
10
12
12
14
0
13
7
15
10
21
10
2
7
3
4
12
0
3
2
19
3
6
2
4
1
3
9
2
2
11
4
1
4
10
1
0
0
4
27
4
0
0
9
26
18
10
5
3
5
10
1
15
6
1
27
0
9
9
2
60
41
1
12
23
7
10
2
2
12
1
5
2
12
3
19
2
3
7
2
2
1
7
5
25
7
4
0
4
7
8
1
15
4
0
10
5
22
2
59
12
5
13
16
3
11
6
1
15
18
11
1
7
1
9
1
2
3
33
7
6
6
5
2
3
7
11
6
3
5
3
6
16
12
9
2
6
4
4
3
1
8
6
14
2
2
12
12
1
22
0
1
8
6
4
3
10
7
3
3
2
10
1
1
0
14
13
3
1
3
10
9
6
195
2
6
3
10
37
20
8
10
7
1
5
4
0
3
1
2
8
4
8
2
2
5
210
3
33
10
7
5
1
2
4
15
13
4
2
7
13
6
26
3
0
561
4
12
6
5
0
16
3
3
6
2
12
6
8
19
12
2
1
3
0
6
3
7
8
1
2
7
23
17
4
5
3
11
8
172
6
11
1
11
0
2
14
19
4
10
5
2
5
3
5
3
8
5
12
8
10
22
40
28
1
4
18
7
8
11
0
3
9
16
10
3
10
4
0
88
4
29
2
3
9
66
9
2
3
6
16
6
31
9
37
1
5
8
3
8
11
12
2
4
12
5
14
6
3
6
25
18
4
19
1
4
2
12
9
17
7
14
5
3
29
4
4
7
5
3
0
27
6
8
13
3
2
1
2
17
11
12
5
4
1
196
14
3
8
37
1
13
9
5
2
2
5
8
2
1
7
3
2
5
1
4
8
3
1
2
6
5
0
4
1
7
12
7
2
2
3
31
7
4
3
11
12
5
9
1
0
4
1
5
13
9
16
5
2
215
3
20
14
2
28
4
0
1
5
13
25
11
7
2
10
8
3
18
7
6
5
2
1
28
2
11
6
7
4
2
14
3
19
7
7
15
10
14
2
3
2
1
1
3
5
1
5
1
25
10
11
22
5
1
21
4
6
11
12
14
3
20
12
27
4
7
1
3
6
3
29
4
4
15
1
1
11
10
4
2
3
21
4
1
1
5
9
7
28
12
15
0
4
16
4
9
11
1
19
5
9
10
10
2
36
14
2
5
30
14
3
2
8
5
4
1
0
7
0
1
4
9
57
7
7
4
0
3
11
5
0
19
1
1
0
23
7
8
9
20
11
6
363
7
7
7
22
38
2
5
63
12
9
1
11
7
14
4
12
7
5
7
8
9
38
1
3
8
9
3
3
3
6
552
7
3
2
3
4
2
3
5
10
4
5
9
3
4
9
6
2
2
2
8
2
26
5
2
10
3
24
4
5
2
6
2
18
4
1
2
6
7
4
16
3
9
6
37
1
5
6
1
5
7
5
3
0
10
9
4
20
3
2
4
5
3
6
17
7
4
2
4
5
4
5
9
1
31
32
1
16
3
6
4
0
16
5
8
4
9
8
6
12
15
35
1
0
24
5
1
11
1
2
4
11
3
24
5
5
17
2
4
51
3
20
2
12
3
12
5
1
4
1
15
21
6
7
11
13
4
4
6
8
16
3
3
4
8
13
3
5
3
2
6
6
0
4
8
15
1
10
4
19
9
5
8
8
3
4
12
2
14
65
9
2
1
3
3
11
5
10
214
5
7
8
3
6
3
1
24
1
1
232
4
2
7
5
7
1
22
39
4
18
9
11
100
14
26
4
11
1
2
33
1
6
75
5
4
9
5
17
2
3
0
39
5
2
7
3
5
5
4
22
0
8
2
7
0
2
13
6
5
5
10
0
2
25
16
4
4
5
7
8
19
7
5
2
3
4
1
7
16
28
33
4
0
2
8
1
3
7
4
2
28
4
5
3
22
6
11
16
2
2
1
18
1
8
9
4
0
6
5
5
12
1
5
4
1
2
1
13
2
30
7
2
16
30
4
2
4
7
9
13
2
21
12
0
31
20
17
3
8
1
13
10
3
9
1
13
3
14
5
5
5
1
7
43
47
3
24
11
3
1
4
1
11
7
1
3
4
5
1
8
2
1
4
5
2
17
7
15
2
5
2
4
9
78
6
2
23
11
8
51
2
3
2
8
2
3
2
6
1
39
51
3
11
1
13
11
9
0
1
34
3
6
2
9
2
5
12
0
1
3
5
2
5
6
6
11
1
0
16
12
0
9
4
11
4
18
14
46
5
13
3
8
33
11
4
5
1
13
46
3
2
1
4
5
8
5
6
2
0
5
3
8
3
6
157
4
16
2
4
23
10
8
6
4
2
0
14
6
11
8
6
6
14
3
3
9
4
5
8
4
2
9
12
8
5
6
9
6
72
1
3
4
9
9
2
7
4
5
0
1
8
10
8
4
4
4
15
14
6
11
1
2
6
12
3
2
9
2
4
19
7
3
4
5
3
2
43
5
3
2
4
13
9
7
150
1
1
11
5
119
17
12
3
8
3
16
5
26
1
6
24
4
13
127
12
5
6
6
4
6
7
3
1
4
9
8
3
6
8
7
13
1
14
20
27
5
3
80
15
7
11
15
8
6
1
3
55
1
11
0
6
7
17
4
15
109
3
5
3
2
4
44
2
2
8
4
11
5
7
31
3
2
9
2
30
2
34
22
3
2
3
6
7
4
5
5
23
19
5
0
8
7
9
6
15
18
14
2
1
1
6
1
1
2
0
4
52
25
0
35
12
21
4
3
2606
7
0
42
29
12
16
1
10
10
2
25
3
12
3
8
9
11
7
4
11
4
12
20
3
1
0
4
12
3
7
7
8
4
6
9
3
0
18
18
5
36
9
5
6
11
2
0
16
4
3
4
2
0
6
455
1
6
4
2
13
8
4
20
9
23
20
9
13
7
3
37
18
9
3
3
1
0
250
14
5
5
7
9
8
3
4
13
10
5
2
7
11
1
3
4
4
14
35
5
11
7
13
8
311
19
13
3
8
3
5
8
5
11
107
10
7
2
3
1
12
3
7
1
22
1
65
1
20
13
1
9
7
4
2
0
2
6
20
4
1
1
2
16
1
3
6
22
5
25
2
8
33
2
2
7
11
13
13
14
3
4
19
4
1
4
5
5
3
21
1
9
2
1
13
79
22
9
11
3
5
2
10
3
7
4
4
2
6
0
8
4
5
4
4
4
15
2
3
8
1
5
21
7
4
8
11
7
0
2
14
26
2
28
3
9
8
9
13
0
1
10
7
9
3
9
4
4
3
2
4
30
7
5
6
16
6
2
4
3
24
6
17
4
12
4
3
2
12
37
4
2
6
47
5
7
1
4
2
6
2
165
0
9
4
11
5
46
4
4
7
10
2
7
0
6
3
3
10
18
6
1
4
3
25
20
3
1
2
4
12
3
2
1
54
2
2
29
2
1
21
2
5
8
13
4
3
3
5
61
30
2
8
6
8
7
2
6
7
2
5
5
3
8
3
3
13
10
9
23
3
3
1
1
3
4
8
45
2
4
13
26
4
3
16
3
3
2
9
5
1
2
0
8
0
2
2
5
4
25
3
9
8
95
1
4
1
3
1
8
5
9
13
6
3
12
5
19
11
4
3
10
20
18
1
3
8
7
7
5
3
0
6
57
0
3
1
99
2
26
6
4
11
291
1
29
3
14
43
3
5
2
18
7
6
7
7
6
2
4
16
3
2
16
2
4
8
13
10
18
3
12
8
2
23
15
11
7
2
5
3
4
4
3
5
34
6
4
8
3
14
5
9
4
7
5
15
62
1
15
4
36
1
3
2
6
3
5
2
11
6
4
6
5
2
11
2
48
4
12
4
2
5
13
3
11
3
5
4
8
2
8
2
2
12
15
13
11
30
7
2
3
3
7
9
0
1
10
6
3
11
12
7
8
7
9
4
3
7
3
2
6
4
3
5
5
2
1
42
2
9
5
7
7
0
17
2
2
3
1
1
4
2
2
2
3
6
6
3
11
3
11
5
2
15
15
6
4
18
6
6
4
11
7
0
8
1
5
1
7
11
10
0
7
6
24
2
0
19
3
109
4
1
8
0
12
4
2
5
2
1
5
7
4
4
12
2
4
4
5
2
2
4
8
4
4
13
5
3
3
10
0
3
6
2
4
18
1
12
28
2
0
7
9
11
1
14
1
5
9
4
6
15
15
6
4
11
2
12
3
13
2
6
2
4
43
4
61
2
8
3
5
7
1
5
4
4
7
0
8
1
1
5
8
8
19
5
4
2
6
1
2
1
2
5
11
4
4
0
5
6
3
33
6
4
93
29
5
13
4
3
9
8
21
7
5
3
1
22
5
4
12
1
1
5
1
12
8
7
2
12
4
16
0
8
5
1
4
6
4
8
8
45
2
1
11
23
10
7
23
1
2
4
2
7
4
3
3
3
3
3
1
9
6
0
45
0
8
6
51
2
4
11
44
0
6
17
9
14
15
5
4
4
4
8
6
5
23
2
8
15
19
54
6
21
9
0
9
9
2
4
2
14
2
9
29
5
17
2
12
776
0
10
9
2
1
4
1
7
5
9
4
11
4
11
6
16
2
3
0
2
6
17
19
15
11
1
8
2
2
2
12
11
16
40
4
1
16
3
6
5
2
7
5
6
2
5
5
7
3
73
4
6
6
3
4
35
10
33
1
1
6
9
6
4
1
4
3
1
2
2
15
6
14
0
5
3
7
1
4
1
4
2
6
3
4
36
6
15
3
7
19
3
2
4
10
4
1
2
30
2
4
3
6
16
0
4
5
133
5
7
2
6
9
1
1
607
15
3
13
11
6
3
13
1
14
9
64
2
15
11
1
6
4
3
3
3
15
6
89
2
4
3
9
4
6
5
173
2
20
24
4
4
2
7
18
4
6
2
5
0
4
7
3
4
38
4
2
6
10
5
7
3
3
8
17
4
9
8
4
9
102
1
5
6
4
11
7
5
9
27
12
4
10
1
2
12
4
12
4
2
6
3
23
7
10
166
1
3
1
13
3
9
1
0
3
4
22
13
10
4
7
2
50
28
11
6
4
13
1
1
1
19
11
4
20
2
1
4
10
8
2
47
5
3
22
3
17
5
12
3
4
3
3
7
2
5
2
11
16
5
1
1
16
11
6
5
1
17
8
6
5
2
100
13
17
12
7
1
5
980
2
7
4
7
40
11
8
0
4
8
10
6
10
3
3
13
4
2
15
0
8
3
3
0
8
14
1
19
9
2
3
4
19
10
11
1
17
66
34
4
0
7
6
5
13
6
2
7
8
6
1
0
2
6
7
7
4
7
1
10
3
6
7
21
16
1
8
4
13
9
6
8
2
7
3
0
2
4
24
10
15
5
15
83
3
2
3
2
10
1
5
10
7
14
4
3
15
30
2
5
2
1
2
2
20
9
9
4
15
7
0
4
11
6
3
14
8
3
6
11
18
4
11
0
16
1
8
40
6
6
31
5
26
2
4
4
2
3
3
12
9
3
0
1
1
10
2
7
49
7
34
63
9
3
9
2
7
19
3
5
7
2
12
4
6
20
5
20
35
2
6
7
3
8
10
6
1
0
7
3
8
6
7
5
1
13
13
8
9
7
5
21
11
20
0
15
6
1
76
8
0
2
2
4
2
3
312
117
8
13
1
4
2
13
10
3
21
7
10
5
2
10
9
10
2
101
7
4
13
3
12
1
7
9
8
22
3
10
7
1
12
4
24
3
1
4
14
3
26
4
6
3
5
1
1
31
13
3
5
17
3
16
25
3
1
4
2
6
5
14
5
24
50
6
9
1
2
8
6
100
2
3
7
9
7
3
14
5
9
1
8
8
5
0
3
25
1
6
3
13
1
2
10
3
8
28
10
8
11
30
40
4
4
9
8
5
1
6
5
15
2
0
2
18
4
0
9
33
13
7
0
5
23
15
2
2
8
3
7
37
6
1
1
6
13
8
17
4
3
5
1
3
6
2
11
2
22
0
22
2
19
0
43
13
5
3
4
3
5
47
1
3
20
10
7
0
10
7
4
8
13
3
2
2
7
5
36
13
6
0
14
37
5
3
21
5
9
73
160
0
16
9
5
1
24
1
14
10
2
1
0
2
4
4
2
5
9
270
1
4
3
6
37
51
4
3
10
7
38
3
8
6
1
4
2
0
6
2
16
30
0
709
9
4
3
5
5
27
5
13
2
6
6
2
6
2
2
1
14
29
4
5
8
4
2
2
6
59
8
345
11
26
8
2
0
1
12
223
1
7
1
1
25
9
3
11
3
2
5
7
22
6
14
8
36
8
4
2
2
2
3
8
2
5
5
13
0
1
8
15
4
9
6
10
1
19
1
10
10
1
9
14
10
2
13
7
12
13
3
7
8
7
6
7
5
41
9
14
2
4
3
8
5
32
4
4
2
2
12
1
3
9
7
8
9
24
4
3
3
5
3
4
6
7
14
27
1
2
9
10
3
3
9
3
3
2
158
7
3
10
4
11
2
1
2
83
2
10
8
23
4
16
4
7
10
8
2
10
4
7
3
5
17
3
3
20
17
16
20
5
7
1
3
1
15
2
53
4
1
5
4
