2
6
6
1
15
0
2
1
5
6
1
6
0
1
25
1
1
1
3
6
8
15
4
2
2
7
4
10
6
8
3
7
45
424
3
25
4
3
10
19
7
5
12
6
159
6
37
0
43
3
7
0
9
13
8
4
46
2
3
9
0
4
4
32
38
2
4
10
7
3
23
4
2
32
12
5
4
1
3
1
1
6
1
4
2
3
5
1
3
12
10
39
19
27
1
0
10
3
2
44
14
12
0
4
6
1
12
1
8
3
5
47
24
12
55
13
7
19
31
9
5
4
1
15
1
13
0
3
2
5
28
23
29
34
4
4
3
4
1
9
10
7
14
2
3
32
5
0
6
13
3
1
16
2
89
6
3
61
11
3
8
3
3
3
1
5
21
7
10
1
15
12
0
6
2
4
8
2
16
3
5
3
0
4
30
2
10
3
12
4
4
11
13
3
2
1
11
3
4
1368
1
3
16
1
2
8
8
3
12
3
18
5
3
8
12
10
1
2
3
0
3
23
11
48
4
4
44
7
3
14
4
7
12
5
5
15
3
9
3
10
2
18
3
3
12
16
6
3
2
1
1
0
36
2
5
19
2
14
80
2
8
3
4
7
2
6
3
5
1
7
54
2
0
2
11
4
3
4
0
7
9
5
15
2
1
12
9
3
40
8
108
2
2
2
4
5
1
4
5
8
8
8
1
1
1
3
13
2
4
5
1
26
2
4
3
9
4
1
4
1
0
18
5
8
2
1
26
47
3
26
2
3
7
19
2
3
8
5
6
23
6
11
9
22
0
0
0
3
7
2
6
49
2
4
56
0
10
1
25
4
0
123
3
0
35
27
5
0
14
2
7
16
0
2
3
1
15
6
0
4
0
10
0
9
3
3
4
6
3
46
7
6
0
3
0
0
4
0
9
12
1
35
8
7
17
2
2
2
2
1
17
4
1
1
9
2
8
80
6
3
1
3
0
17
2
15
1
5
154
2
2
1
3
11
6
51
18
4
2
43
6
11
2
24
0
2
8
87
17
17
2
17
1
15
13
0
9
1
146
0
1
8
8
0
76
16
4
1
2
11
41
2
85
3
1
2
22
0
2
1
395
1
281
0
13
1
2
6
5
1
5
6
1
15
5
6
4
2
17
2
2
6
6
1
15
0
2
1
5
6
1
6
0
1
25
1
1
1
3
6
8
15
4
2
2
7
4
10
6
8
3
7
45
424
3
25
4
3
10
19
7
5
12
6
159
6
37
0
43
3
7
0
9
13
8
4
46
2
3
9
0
4
4
32
38
2
4
10
7
3
23
4
2
32
12
5
4
1
3
1
1
6
1
4
2
3
5
1
3
12
10
39
19
27
1
0
10
3
2
44
14
12
0
4
6
1
12
1
8
3
5
47
24
12
55
13
7
19
31
9
5
4
1
15
1
13
0
3
2
5
28
23
29
34
4
4
3
4
1
9
10
7
14
2
3
32
5
0
6
13
3
1
16
2
89
6
3
61
11
3
8
3
3
3
1
5
21
7
10
1
15
12
0
6
2
4
8
2
16
3
5
3
0
4
30
2
10
3
12
4
4
11
13
3
2
1
11
3
4
1368
1
3
16
1
2
8
8
3
12
3
18
5
3
8
12
10
1
2
3
0
3
23
11
48
4
4
44
7
3
14
4
7
12
5
5
15
3
9
3
10
2
18
3
3
12
16
6
3
2
1
1
0
36
2
5
19
2
14
80
2
8
3
4
7
2
6
3
5
1
7
54
2
0
2
11
4
3
4
0
7
9
5
15
2
1
12
9
3
40
8
108
2
2
2
4
5
1
4
5
8
8
8
1
1
1
3
13
2
4
5
1
26
2
4
3
9
4
1
4
1
0
18
5
8
2
1
26
47
3
26
2
3
7
19
2
3
8
5
6
23
6
11
9
22
0
0
0
3
7
2
6
49
2
4
56
0
10
1
25
4
0
123
3
0
35
27
5
0
14
2
7
16
0
2
3
1
15
6
0
4
0
10
0
9
3
3
4
6
3
46
7
6
0
3
0
0
4
0
9
12
1
35
8
7
17
2
2
2
2
1
17
4
1
1
9
2
8
80
6
3
1
3
0
17
2
15
1
5
154
2
2
1
3
11
6
51
18
4
2
43
6
11
2
24
0
2
8
87
17
17
2
17
1
15
13
0
9
1
146
0
1
8
8
0
76
16
4
1
2
11
41
2
85
3
1
2
22
0
2
1
395
1
281
0
13
1
2
6
5
1
5
6
1
15
5
6
4
2
17
2
1
1
2
0
48
6
8
10
40
0
6
6
37
6
3
3
4
8
3
0
25
3
1
51
5
22
75
80
9
5
4
10
0
14
6
9
2
1
2
4
3
5
5
3
9
10
30
4
11
5
3
5
0
7
4
3
6
5
0
1
3
7
2
7
4
0
22
2
13
26
10
16
2
0
3
15
4
10
2
9
1
2
7
6
8
10
36
9
13
17
0
24
4
7
2
3
5
3
1
20
4
7
3
7
0
7
19
12
78
0
6
1
2
3
2
3
14
1
3
3
210
6
9
9
6
0
2
32
4
4
4
15
3
1
3
0
0
75
19
15
1
5
10
2
10
1
5
0
5
0
15
6
8
3
16
3
5
8
11
1
6
6
6
12
1
6
3
25
6
4
3
3
98
15
2
3
7
5
23
20
3
9
21
5
4
4
12
8
4
138
4
1
11
6
3
2
5
37
2
4
4
5
5
32
1
0
1
6
9
26
9
6
19
3
7
2
2
4
0
12
7
4
9
9
1
1
0
12
0
1
6
1
19
20
5
2
0
37
41
0
11
0
7
5
19
12
13
5
16
2
3
2
6
7
2
97
5
0
2
9
29
10
2
5
12
6
1
11
0
1
11
6
2
4
6
2
2
13
2
18
5
11
53
2
139
6
2
6
16
20
6
0
2
0
3
7
12
1
14
18
12
1
13
5
2
46
34
0
2
4
0
8
42
13
15
2
29
2
142
156
8
6
10
2
7
1
0
1
2
2
5
5
4
21
3
4
32
2
4
3
1
1
2
22
27
21
1
302
61
1
26
3
1
2
35
5
8
12
19
1
2
4
8
0
4
5
6
4
5
8
55
4
8
5
4
4
7
4
5
7
4
4
3
8
1
2
2
8
2
4
90
3
10
27
3
0
6
5
9
4
10
1
3
45
2
6
7
13
6
1
9
7
0
14
1
1
1
9
5
2
22
4
1
1
0
23
29
1
1
9
1
4
248
1
3
2
8
1
2
8
2
34
44
37
23
25
19
12
2
6
17
2
1
7
2
3
1
1
12
5
1
5
5
3
3
4
24
1
2
0
11
65
6
9
5
12
40
4
1
27
6
4
31
126
0
7
1
6
2
2
2
41
7
1
19
12
1
12
14
4
20
2
1
30
1
4
10
22
1
11
5
5
2
4
6
1
7
1
4
5
2
22
2
4
0
2
1
4
2
7
0
4
1
69
14
11
6
12
4
6
5
8
5
3
5
0
40
7
5
18
8
33
3
3
12
6
20
8
5
10
12
2
0
3
5
40
4
22
6
17
9
101
2
7877
4
6
2
1
1
6
55
0
4
6
4
5
5
6
10
5
3
8
5
10
1
10
23
0
1
1
10
7
4
2
9
0
3
2
4
17
6
7
11
1
9
177
810
6
3
2
15
33
21
6
1
3
9
3
12
4
6
29
7
5
2
0
12
10
99
7
8
10
6
0
1
2
0
2
17
4
2
26
3
7
3
2
11
1
2
4
3
11
78
9
1
2
8
3
3
4
9
3
1
4
12
4
12
12
4
2
14
3
4
9
28
14
3
4
12
13
2
1
0
7
5
3
1
8
148
1
10
71
20
4
5
27
2
2
1
2
10
6
59
74
5
3
1
5
25
8
9
29
6
3
5
1
1
7
0
7
69
18
5
10
1
0
3
3
2
11
5
5
2
6
8
4
0
1
18
0
5
2
1
94
2
3
2
2
7
3
4
2
4
21
45
1
4
43
22
4
2
3
801
3
13
2
8
1
1
1
1
2
6
3
46
3
9
3
1
72
4
2
103
5
1
2
34
23
4
5
2
4
3
2
4
4
1
7
1
3
5
12
5
1
13
0
20
9
0
1
10
11
5
24
2
4
7
8
3
10
5
0
2
6
8
38
10
1
16
11
26
6
3
2
1
23
6
6
2
14
5
0
1
1
1
16
13
5
6
5
0
2
1
3
8
9
4
18
3
6
2
10
10
3
3
4
9
2
3
15
0
5
4
5
1
3
9
2
5
0
8
10
2
4
11
13
8
8
3
24
21
34
4
4
1
3
0
0
4
7
0
11
11
837
20
24
5
12
0
7
5
5
0
0
5
4
1
3
63
5
6
3
5
0
1
245
2
0
0
20
9
2
1
4
15
0
9
3
7
2
32
14
32
3
2
11
5
2
5
1
1
1
0
6
18
0
0
3
13
4
7
9
3
3
1
4
10
1
6
1
2
0
0
0
14
5
4
5
8
4
5
1
50
8
3
0
1
6
0
3
3
2
6
2
89
10
3
19
23
3
4
5
11
11
90
56
1
4
7
4
9
40
0
28
16
0
1
43
3
10
26
5
2
4
6
1
3
3
93
15
2
2
8
0
11
9
4
2
24
5
5
4
5
3
14
25
0
4
4
5
8
11
0
1
8
13
4
6
12
3
3
2
4
2
7
2
0
1
0
5
0
1
0
11
0
13
18
6
19
18
11
1
3
22
16
9
6
4
0
1
4
7
18
3
4
0
5
2
1
11
10
6
1
2
0
74
4
2
6
9
29
1
9
35
5
8
3
4
49
0
5
10
2
22
6
0
4
0
2
8
130
5
841
5
8
5
0
7
9
16
10
5
8
5
5
1
8
9
3
1
0
0
0
9
24
31
8
24
4
5
2
3
4
9
4
18
4
27
1
14
4
12
46
8
4
4
11
60
2
1
3
4
3
2
1
1
6
0
8
0
14
3
0
0
3
3
1
3
7
1
18
4
2
7
0
1
1
6
1
22
2
5
8
12
3
2
4
0
21
2
8
22
2
4
13
0
5
16
2
2
8
3
9
0
2
3
5
15
5
2
10
10
84
3
0
25
3
2
7
3
6
5
5
7
7
1
4
3
3
35
65
4
1
8
6
4
5
23
11
21
0
0
21
7
3
12
1
3
12
4
2
4
1
15
2
3
17
9
0
2
0
6
3
207
24
4
5
372
1
9
1
7
5
3
22
2
78
19
7
28
0
0
1
0
4
1
4
1
55
4
2
3
3
20
2
1
3
4
5
39
2
16
1
5
5
4
0
12
4
12
8
0
93
0
2
2
1
13
4
3
8
10
2
5
2
62
14
1
3
11
4
22
1
0
3
1
3
4
89
1
31
0
4
73
1
5
14
5
0
3
3
6
1
1
4
2
0
6
26
1
6
3
96
2
0
0
6
6
22
0
11
35
3
7
34
8
6
15
5
40
4
29
112
30
20
1
1
0
9
0
33
18
4
7
1
4
2
3
5
10
8
6
12
6
1
1
26
15
6
2
11
4
4
0
2
4
3
1
5
9
1
1
0
4
3
9
5
0
5
2
9
0
6
2
3
3
10
5
7
6
29
7
2
6
2
5
0
7
10
0
4
0
0
195
3
2
2
23
8
4
53
4
1
8
13
8
6
10
1
14
17
4
14
5
6
1
9
5
1
2
0
0
2
3
9
9
1
2
10
6
5
3
12
14
4
24
2
2
4
5
21
3
2
5
1
1
2
2
1
4
9
0
2
1
41
3
1
0
2
181
15
40
1
18
4
4
4
1
2
2
6
2
2
7
10
8
12
1
25
7
3
3
11
2
16
2
0
1
6
4
1
50
4
5
7
3
3
4
68
20
7
1
6
2
6
4
5
10
80
15
0
8
3
2
8
2
6
6
5
4
7
3
6
2
1
3
42
9
3
1
7
19
6
20
3
2
1
13
0
5
7
14
7
6
17
0
18
1
2
1
3
0
21
2
33
2
6
52
1
15
1
4
4
37
7
6
4
6
7
6
3
6
3
4
57
3
3
6
3
1
5
8
8
12
4
3
2
14
4
10
2
0
4
19
3
6
52
3
3
11
0
2
9
3
0
3
7
140
6
2
21
10
4
21
11
0
3
4
118
3
118
6
1
0
8
8
5
6
12
9
2
26
13
7
4
0
177
9
14
1
4
49
1
3
5
8
1
3
4
1
2
1
2
4
4
1
2
1513
0
4
3
6
50
1
10
1
0
2
0
2
2
0
8
5
7
5
3
35
9
2
4
1
1
4
6
1715
29
157
6
24
7
78
1
0
2
2
17
2
3
1
4
12
28
5
32
14
8
3
19
0
0
7
6
4
7
4
5
3
2
3
7
3
12
7
17
2
9
49
0
7
4
7
3
7
138
6
1
3
1
1
4
2
1
5
25
2
5
1
0
1
16
88
23
1
5
0
1
14
2
1
13
3
17
3
26
4
15
1
0
5
1
5
0
0
8
1
9
2
4
0
4
6
6
3
2
37
17
1
5
4
28
3
8
0
6
18
4
3
26
17
10
4
17
4
2
6
18
1
3
9
0
272
2
1
5
4
5
3
0
256
7
6
4
0
3
6
5
3
2
4
1
1
3
24
0
1
6
14
2
1
1
3
2
2
0
5
7
5
85
26
7
7
15
16
41
2
28
0
29
9
15
4
6
7
81
1
0
0
1
0
2
5
14
10
6
7
15
3
307
12
21
0
2
8
4
32
12
2
4
3
7
19
175
1
12
1
1
2
11
5
11
10
14
3
8
73
3
67
0
1
12
1
16
17
2
1
2
4
5
13
4
1
8
4
2
2
15
10
9
6
127
2
18
26
38
12
7
88
10
4
15
996
18
36
7
2
3
3
20
4
1
0
0
9
0
3
38
3
11
15
1
0
1
2
7
0
0
1
5
4
57
11
11
0
3
24
11
6
43
2
42
54
9
4
13
33
4
4
22
12
8
1
3
4
10
4
49
0
1
3
5
11
75
6
70
7
44
0
0
11
3
1
4
9
59
69
0
4
1
1
5
3
4
12
2
19
41
0
3
9
35
3
3
0
17
44
13
0
2
1
4
0
9
1466
0
418
4
6
22
6
3
7
32
15
12
15
6
15
6
1
164
26
2
1
4
2
17
2
3
5
1
2
8
11
8
7
2
4
3
5
1
5
1
4
10
11
8
17
26
36
2
3
0
1
4
3
6
7
2
3
8
11
2
1
18
17
8
5
21
1
10
15
6
1
108
84
11
7
1
2
15
1
6
18
1
5
3
4
8
14
7
2
20
5
5
10
3
2
38
1
0
2
1
6
1
4
4
4
3
6
2
2
7
3
5
1
3
7
9
26
1
4
11
4
17
15
6
17
1
0
3
7
1
7
4
4
11
9
24
6
12
36
12
7
4
3
12
1
4
14
3
10
4
10
13
1
6
1
11
4
6
18
3
30
7
1
0
3
8
6
3
5
0
4
2
12
8
4
32
8
3
27
1
6
18
1
11
1
1
4
24
8
7
6
2
3
2
11
16
4
30
3
7
32
4
89
16
32
30
3
1
35
30
2
9
44
1
6
24
2
3
4
8
0
3
0
12
32
3
3
21
1
6
12
7
29
6
2
6
1
1
3
1
0
9
0
4
18
2
4
1
3
8
18
0
13
3
3
1
2
3
69
4
3
4
4
6
13
6
2
2
30
25
3
12
5
2
4
7
13
5
0
11
2
4
15
1
2
1
2
0
0
7
5
5
11
4
9
1
4
5
2
17
0
48
7
8
21
2
5
11
3
0
6
2
1
7
54
0
17
90
5
15
3
4
40
11
10
2
3
6
17
12
5
2
4
2
6
27
23
2
30
9
18
4
0
2
2
175
5
5
3
7
1
42
0
4
0
2
3
3
9
11
4
4
9
2
5
0
39
34
4
4
0
2
1
18
1
7
4
1
8
2
0
346
1
62
1
1
5
35
0
3
1
66
0
7
7
3
0
7
1
1
1
10
12
5
7
859
3
23
27
3
5
5
64
1
9
0
4
4
0
3
1
1
2
9
11
0
19
5
16
6
8
23
3
0
0
24
5
2
5
0
2
0
7
2
1
0
7
3
5
3
0
6
9
2
9
23
2
41
2
1
1
3
2
8
6
2
164
7
6
0
7
0
8
1
2
1
3
3
9
1
19
3
5
3
1
7
7
2
2
12
9
2
13
2
9
4
1
4
0
9
5
5
5
0
30
1
6
10
11
10
3
3
3
8
3
4
49
0
5
45
8
1
3
5
12
17
95
33
4
0
0
2
38
13
10
6
23
9
49
14
5
43
13
12
5
2
13
14
4
3
3
6
2
1
0
3
0
6
1
9
1
6
16
92
5
5
21
11
18
8
6
87
1
5
10
0
0
3
3
0
5
10
3
3
2
3
23
17
7
35
8
4
24
14
13
14
3
30
0
3
5
0
5
17
5
2
3
1
2
2
3
128
1
2
19
9
5
8
11
7
1
3
0
4
4
1
6
15
6
23
6
256
5
32
43
3
3
37
33
4
20
77
153
11
4
34
2
8
7
4
10
4
4
2
3
4
25
2
4
5
27
56
2
2
12
2
2
6
1
37
6
3
183
3
7
4
4
11
33
5
2
24
4
2
4
16
1
5
4
1
21
8
3
67
16
2
5
2
7
0
80
10
0
6
2
0
1
20
6
15
21
14
1
7
16
1
6
0
7
22
3
5
1
0
2
3
0
20
8
12
1
6
8
6
13
23
12
1
3
7
8
16
8
9
0
43
1
6
5
3
4
1
15
4
1
29
8
7
8
2
19
1
2
67
9
5
10
2
2
1
16
25
1
6
1
3
3
11
10
3
3
4
39
2
354
1
6
2
4
4
0
4
4
2
10
4
33
7
9
3
10
11
1
3
35
5
1
5
2
6
4
55
10
0
0
9
6
25
7
23
26
1
6
1
10
3
13
10
12
8
0
0
4
3
79
1
13
13
1
41
8
38
14
3
6
2
2
7
126
4
4
2
2
4
50
6
5
7
7
7
15
6
3
0
3
8
65
9
27
11
3
2
6
2
0
17
2
9
5
58
11
3
4
0
13
0
244
3
1
2
6
6
2
1
0
13
8
2
107
5
68
13
4
11
33
2
8
3
4
2
9
6
35
1
7
4
2
5
3
0
4
18
21
12
6
6
1
10
35
20
7
0
0
6
1
2
3
4
8
0
2
5
26
0
7
13
1
1
17
12
20
4
22
7
2
9
4
0
4
3
60
4
7
1216
0
2
3
7
8
4
2
2
13
11
0
2
4
49
4
4
1
31
3
7
5
3
15
0
8
29
7
5
2
22
2
12
2
0
1
8
1
0
3
5
1
2
6
41
0
36
3
16
8
48
0
0
12
20
4
11
6
4
5
0
2
0
3
9
0
6
10
2
1
2
22
1
2
1
1
2
3
10
0
0
24
17
3
7
3
13
15
2
3
1
164
44
9
22
7
16
15
10
9
1
4
4
5
1
14
4
15
0
10
9
2
71
3
4
11
4
19
2
4
6
6
8
12
1
17
4
6
3
1
4
1
0
48
3
1
6
1
1
11
1
1
24
6
135
0
37
1
2
23
17
48
11
3
3
2
2
9
11
14
2
36
1
1
28
17
2
24
4
2
8
6
73
0
0
1
19
2
39
11
9
12
2
0
2
11
1
9
11
2
7
0
2
5
14
8
4
18
0
2
4
7
5
3
19
51
5
0
5
2
2
5
10
17
4
29
32
2
106
4
3
16
3
7
64
6
2
777
3
8
5
5
3
71
3
3
0
17
0
6
4
4
2
12
4
1
11
7
19
16
3
5
2
1
4
12
1
0
5
29
3
5
1
4
3
2
10
1
3
22
6
17
21
27
0
10
38
6
11
9
3
8
0
2
3
2
6
6
0
3
12
0
0
7
0
6
2
5
8
1
18
12
8
2
3
5
6
6
7
4
4
3
4
0
2
1
182
4
21
199
6
4
5
2
24
2
6
35
71
0
4
2
1
10
50
7
93
11
4
1
30
0
22
26
2
1
4
76
0
8
9
5
5
22
18
0
6
2
7
33
2
21
8
16
0
4
3
17
3
7
3
6
199
31
2
0
6
0
11
2
16
8
7
0
13
7
1
2
3
5
5
1
6
23
37
5
1
9
7
3
7
4
17
1
2
6
2
2
5
4
9
1
4
14
4
1
2
14
1
13
7
2
23
16
6
24
3
22
4
1
5
2
2
2
5
0
5
5
6
2
8
43
9
2
8
8
21
1
7
4
4
8
1
9
2
4
0
2
8
8
41
1
0
1
8
10
11
1
3
14
9
18
16
1
5
8
20
0
1
12
46
39
5
5
151
8
30
8
4
12
1
8
11
3
3
1
8
74
3
9
3
0
24
0
2
0
4
3
6
31
3
9
2
0
1
2
5
31
11
14
2
4
7
2
20
90
18
3
12
4
37
6
29
1
15
5
2
1
95
6
2
8
11
1
17
1
33
7
1
0
3
4
38
2
4
3
1
6
3
3
1
0
3
47
3
6
25
3
1
4
35
4
2
6
2
15
16
7
4
4
4
12
3
7
7
0
12
1
3
8
4
1
4
2
3
2
2
6
5
7
2
0
0
8
2
16
21
4
11
8
4
177
1
8
2
8
8
2
7
0
5
0
1
0
19
2
6
7
2
7
16
7
1
68
10
1
4
30
7
6
16
8
5
8
0
6
17
7
3
3
24
6
14
7
15
4
6
3
0
0
19
13
12
0
12
14
3
3
2
2
31
24
9
6
12
9
13
28
12
10
31
6
4
3
2
5
8
401
1
4
23
3
5
201
69
2
9
5
37
34
2
86
18
0
1
4
15
9
8
12
4
7
4
9
5
1
2
2
4
5
6
10
10
11
4
12
1
1
7
6
2
15
15
0
2
2
5
31
1
2
4
5
3
7
1
4
3
14
6
3
3
5
6
10
19
5
324
2
1
1
7
0
80
1
2
3
3
0
14
0
2
2
1
3
231
6
8
81
2
5
8
4
2
13
7
14
8
18
5
2
45
1
14
13
68
4
28
0
0
8
5
3
6
2
5
10
4
10
3
9
8
0
6
1
8
5
1
1
1
4
35
12
27
8
13
3
96
7
12
2
15
5
5
4
8
2
6
12
1
16
3
2
5
2
2
4
13
38
5
14
4
5
1
0
3
4
3
3
1
8
13
2
1
3
3
32
12
3
9
3
5
10
7
84
0
8
11
27
17
6
22
3
9
15
4
105
18
16
0
1
4
10
6
12
5
2
3
989
2
1
13
13
5
3
3
9
2
0
5
3
1
6
4
2
0
32
3
6
8
1
6
10
160
0
3
17
4
3
8
27
6
2
3
10
8
9
5
3
1
3
19
0
2
89
4
1
5
5
6
23
118
5
1
1
16
1
7
3
0
3
16
5
77
0
29
2
5
2
67
8
0
5
4
3
3
0
6
2
10
9
6
2
3
12
7
1
2
2
2
0
19
9
23
4
1
6
24
22
6
2
369
1
3
5
9
5
4
15
2
1
3
7
2
0
5
0
5
3
2
22
2
7
38
6
1
7
2
4
6
10
66
28
9
30
3
1
13
2
20
5
0
21
9
34
6
7
7
1
2
10
0
0
29
0
2
11
134
6
4
2
2
15
3
2
28
35
2
4
9
30
3
10
3
7
1
9
7
1
7
2
5
22
1
6
16
25
2
8
15
0
3
3
9
1
2
8
3
2
3
9
22
13
6
3
0
52
9
2
7
3
1
30
4
3
5
4
2
3
62
3
4
9
7
49
0
71
4
11
6
2
6
10
31
6
1
0
0
1
3
5
9
11
6
3
2
3
50
10
3
11
15
1
6
2
10
2
13
2
15
9
5
19
1
29
40
3
13
3
3
3
7
5
14
6
6
8
2
3
4
2
6
1
4
1
3
2
1
4
1
9
2
3
22
6
5
3
17
6
6
18
12
4
103
3
1325
1
1
1
4
20
11
7
5
6
55
3
2
27
20
7
6
3
4
8
16
1
7
27
0
137
1
5
1
7
12
1
150
9
10
3
5
3
3
12
5
8
0
2
8
3
4
21
3
1
16
7
3
6
6
9
5
7
9
1
23
2
7
18
7
1
10
7
3
6
5
2
10
2
1
2
16
10
7
53
9
17
10
5
4
0
12
8
11
4
97
6
16
120
8
1
6
3
84
7
2
1
14
10
1
2
1
3
2
11
9
4
13
5
0
0
13
12
57
2
7
3
6
7
24
0
0
6
2
10
11
1
4
2
3
7
4
6
5
182
1
3
3
2
6
1
43
19
54
70
6
32
0
1
14
42
7
1
29
0
1
2
3
55
2
0
4
1
4
1
3
23
1
2
6
4
2
11
7
11
1
0
1
4
7
1
2
11
9
10
45
3
12
3
17
3
8
8
17
16
2
0
1
1
9
6
56
7
1
1
9
2
13
1
3
1
6
17
2
10
8
2
2
3
4
7
8
87
14
0
1
75
0
4
10
19
12
5
11
4
2
4
5
4
6
10
3
0
0
8
5
10
3
5
5
18
6
2
6
5
4
0
0
1
36
1
9
6
5
7
848
1
3
6
2
6
15
4
4
1
7
8
1
0
66
3
3
3
2
6
12
3
7
3
0
11
8
64
7
4
6
0
0
3
2
2
2
9
5
1
12
3
2
7
6
13
18
9
1
2
0
16
10
11
6
1
4
9
12
221
1
2
2755
17
10
4
14
3
17
9
4
3
2
2
43
7
6
11
2
4
0
12
3
1
6
3
14
10
7
3
45
0
0
309
0
2
14
1
109
6
0
4
4
3
7
6
148
4
29
5
248
4
19
5
12
3
4
3
84
1
2
4
4
2
31
7
11
7
10
13
0
1
4
1
4
24
2
0
2
3
2
6
12
2
3
8
5
0
993
8
47
1
2
13
5
23
9
3
4
10
8
1
8
3
5
2
13
17
14
1
1
7
1
18
3
0
21
0
6
3
2
10
1
3
81
63
13
7
7
6
2
5
1
0
13
2
8
1
20
3
28
7
2
1
0
0
0
3
7
1
1
0
1
1
5
53
10
5
10
5
1
11
12
255
1
0
0
13
0
26
5
0
10
2
2
13
3
0
3
7
4
6
41
6
36
4
3
22
14
115
1
2
21
1
3
1
4
8
24
11
2
4
0
4
3
456
7
14
294
1
7
50
2
4
2
2
5
17
9
5
2
0
30
14
11
9
1
43
2
1
1
6
1
5
38
8
7
17
6
4
7
0
8
9
16
13
7
59
14
6
1
1
5
4
3
4
11
1
3
2
38
15
21
17
3
18
8
2
9
4
4
11
13
6
7
18
6
29
30
3
7
0
25
1
1
6
12
6
0
4
157
2
9
2
1
0
0
3
1
7
10
23
3
40
4
4
14
8
0
22
24
2
2
0
1
2
1
9
2
19
0
5
5
8
5
2
2
0
9
7
12
1
18
82
8
5
7
19
5
4
5
4
11
0
10
10
2
7
5
36
1
11
4
4
2
8
4
8
1
10
2
3
84
5
13
3
0
268
16
5
6
5
4
5
1
10
3
1
1248
1
12
24
1
1
7
60
1027
3
6
7
7
2
40
4
7
537
2
9
14
0
342
1
2
7
4
2
1
9
6
1
9
2
1
3
1
5
22
4
3
3
1
2
1
5
10
21
2
7
16
8
1
44
2
5
4
0
3
4
4
2
2
4
21
10
3
2
6
26
8
1
5
0
3
5
6
17
0
4
9
57
0
2
137
6
16
1
2
12
2
1
6
11
0
2
3
0
4
157
5
10
0
22
30
9
6
25
9
4
12
25
49
6
28
5
3
6
9
34
2
2
2
75
4
5
10
28
7
5
2
7
26
20
0
9
2
0
17
11
5
0
6
0
1
11
1
9
10
13
49
3
5
7
1
16
2
35
2
8
0
20
218
1
4
15
3
3
21
7
1
5
4
21
5
6
2
1
12
3
7
6
3
0
3
6
3
5
10
1
42
21
1
32
23
3
5
0
4
2
1
3
9
9
4
12
9
0
4
2
22
5
4
18
11
1
2
7
6
2
5
4
9
9
24
2
2
10
4
6
1
3
1
1
9
2
5
28
4
8
2
0
5
8
0
27
3
3
8
1
13
5
21
6
21
1
16
10
1
6
20
10
8
1
11
5
20
3
2
2
0
2
7
3
3
1
2
5
5
2
2
44
1
5
2
11
3
24
1
6
0
3
68
3
0
1
1
32
2
2
1
1
197
32
2
8
2
35
0
9
4
0
3
1
15
1
62
6
45
0
3
5
1
4
11
0
6
3
0
6
2
4
2
4
21
0
8
12
2
9
4
10
4
0
0
5
4
12
11
90
6
5
3
0
11
2
1
14
5
3
8
21
9
2
7
3
4
1
26
2
15
2
2
91
6
2
6
4
6
146
5
2
3
1
2
9
2
1
2
5
5
1
4
26
9
1
5
13
7
0
5
3
26
2
3
8
16
2
5
4
15
25
31
4
4
0
3
2
4
3
1
4
5
5
1
2
3
24
2
2
8
1
5
6
632
1
25
12
5
1
6
33
4
18
0
2
0
7
0
94
1
0
5
3
19
3
2862
5
0
5
83
10
3
256
23
14
3
4
8
2
9
4
1
22
641
3
7
10
10
16
8
1
5
13
1
5
5
1
2
6
2
1
0
1
7
8
1
2
1
82
2
4
3
14
0
8
4
1
1
2
2
2
7
9
5
1
4
6
10
4
11
162
2
5
3
7
5
0
3
3
9
22
1
2
3
7
1
10
4
2
1
3
7
10
8
113
10
2
449
1
1
5
4
6
35
5
14
8
4
3
9
3
5
3
2
0
18
18
1
8
4
1
2
2
3
2
4
17
3
1
1
6
8
3
22
9
3
7
14
8
26
7
3
4
6
2
1
0
8
1
6
0
2
3
2
5
16
3
23
14
3
4
4
9
3
15
6
3
2
24
4
2
24
2
8
2
0
101
11
0
49
8
2
68
0
27
2
16
3
8
2
1
5
3
21
0
2
4
2
7
3
0
1
120
1
0
12
23
2
4
3
0
8
3
4
0
0
6
3
27
2
6
4
95
1
5
5
13
9
2
13
6
8
22
4
36
10
3
26
2
0
1
21
4
3
0
13
6
1
7
1
1
2
4
6
7
6
4
4
1
3
7
3
24
3
8
341
6
4
18
11
14
2
13
0
5
1
15
1
4
1
6
5
43
2
6
4
16
6
16
11
3
5
11
5
5
4
1
11
1
3
4
23
4
66
3
0
85
180
43
2
14
96
1
8
4
24
0
0
6
1
4
13
9
7
6
3
3
17
113
0
9
2
4
11
5
0
3
1
9
0
3
7
2
4
5
26
1
20
11
3
0
2
26
42
3
4
1
6
3
12
4
20
26
16
4054
0
14
2
3
17
7
2
16
22
0
16
5
33
1
13
17
13
1
4
5
7
3
3
4
11
3
3
4
0
17
176
7
7
5
1
5
25
4
1
32
23
2
6
4
9
80
2
25
1
165
50
2
2
18
1
9
2
7
21
6
3
22
33
2
12
5
66
8
13
12
14
8
1
348
4
1
5
7
4
18
41
1362
1
10
4
8
45
0
5
0
4
0
1
24
49
0
3
13
2
5
3
5
3
0
6
4
35
11
14
3
0
35
47
2
4
1
9
1
76
5
2
2
17
28
0
11
158
4
37
0
4
22
1
4
5
0
5
1
4
2
0
5
6
2
0
0
10
2
30
2
13
10
42
5
0
0
40
2
4
10
2
5
2
6
0
5
13
8
0
0
32
1
6
4
5
0
8
7
8
3
7
1
6
8
14
29
14
0
12
2
3
4
18
3
26
0
4
0
7
7
6
32
2
7
14
1
30
21
9
3
0
2
6
0
3
0
9
35
3
2
1
6
17
23
198
7
0
0
3
6
20
99
7
3
2
1
57
1
0
9
5
8
26
2
1
4
10
2
12
1
11
22
23
25
72
3
0
0
4
7
7
1
17
5
2
11
17
8
3
4
11
0
10
12
4
2
2
3
6
0
304
3
2
5
23
1
4
1
49
166
43
0
9
4
15
1
5
3
9
4
11
4
282
6
3
14
2
0
9
6
2
3
6
6
144
15
11
6
1
0
33
7
96
13
14
3
3
24
9
2
7
1
2
2
8
1
6
11
4
2
9
0
1
0
6
2
2
0
1
1
0
0
0
4
16
15
59
28
1
8
2
13
7
3
1
11
0
152
2
213
4
1
3
41
4
1
3
3
68
2
1
2
1
5
5
1
8
0
4
12
1
5
31
17
9
9
1
2
6
5
6
1
6
2
3
4
3
2
2
1
3
1
11
8
3
4
4
2
6
0
7
12
3
0
12
13
5
0
0
7
4
7
5
12
1
25
4
3
29
2
2
55
74
2
3
6
0
6
0
7
27
6
1
3
8
13
16
1
2
34
9
7
7
3
81
7
0
16
341
1
14
1
5
9
7
12
1
5
6
29
6
17
11
4
1
7
2
2
2
280
12
2
2
60
1
4
16
28
5
1
5
9
26
5
1
19
18
0
12
7
12
7
4
2
11
5
7
12
2
1
2
11
3
14
20
3
7
16
8
3
392
45
3
13
21
8
1
6
3
5
1
6
8
2
4
7
8
3
101
7
3
4
2
3
11
8
8
12
7
0
0
11
11
37
906
3
27
5
1
12
1
2
4
1
4
2
4
6
1
2
0
8
11
0
28
7
2
40
6
3
11
0
8
14
2
5
3
1
3
14
3
14
1
3
0
0
5
2
1
7
18
12
8
2
3
7
3
4
234
12
30
9
2
0
1
22
4
21
11
15
29
5
13
1
6
61
5
206
3
7
1
3
6
57
41
2
3
8
23
6
2
64
20
0
0
13
4
3
7
0
4
3
3
12
8
6
45
1
1
0
2
0
20
1
4
6
13
9
22
1
0
14
14
4
4
0
5
48
3
458
20
3
58
0
6
2
10
1
6
1
0
7
1
0
7
22
4
9
3
10
4
3
1
3
7
5
3
18
1
11
7
6
5
5
4
0
25
7
11
12
8
30
2
37
10
5
18
16
1
3
9
5
0
15
105
4
5
1
4
7
3
4
3
15
1
2
2
13
2
0
8
12
12
1
19
15
30
20
4
0
10
5
6
9
31
2
5
7
56
9
2
4
9
8
4
2
0
2
1
7
10
14
1
2
15
1
1
5
1
38
4
5
19
2
2
25
3
5
5
4
21
3
2
3
3
10
4
25
1
1
6
21
1
4
22
14
20
9
4
10
1
16
34
1
1
3
28
2
4
1
7
6
5
21
4
2
1
7
13
6
20
11
10
3
25
4
8
1
1
2
5
23
2
19
102
4
6
4
6
2
4
11
1
20
3
4
27
8
3
6
1
1
4
4
3
3
6
2
7
2
3
4
0
138
0
3
14
1
1
0
32
0
3
0
3
2
1
6
6
6
1
7
1
7
0
7
11
7
0
0
3
2
6
4
3
4
6
5
5
5
4
44
26
2
1
4
0
9
1
2
28
24
11
2
3
0
10
0
10
3
0
325
2
9
4
6
1
4
19
6
1
9
34
4
30
18
141
8
4
8
62
7
4
0
18
1
4
8
2
0
5
4
1
0
1
4
0
6
10
0
3
3
3
6
5
7
14
2
6
18
5
3
5
5
2
8
6
5
8
35
4
2
5
14
6
0
7
3
8
1
1
30
1
12
28
6
4
43
4
14
16
5
11
2
1
540
5
7
5
3
19
4
7
36
28
7
3
4
6
11
9
5
2
1
1
2
3
6
7
6
3
0
2
5
15
10
1
23
8
47
1
9
1
1
1
1
2
2
1
6
60
2
4
8
3
2
50
7
9
0
3
0
3
0
1
3
1
9
7
2
2
120
2
7
4
5
5
9
1
1
2
25
44
12
9
4
36
0
2
269
3
1
6
4
43
168
6
15
5
5
1
5
4
13
39
13
5
12
7
6
1
3
40
5
2
8
1
10
2
4
18
11
4
5
9
4
7
2
6
4
5
4
2
2
13
2
2
0
4
49
1
30
25
2
2
395
3
1
14
247
3
4
2
10
12
11
1
4
4
7
5
7
28
3
1
29
2
4
10
4
0
3
1
11
9
3
0
10
1
5
0
13
6
13
4
1
2
86
5
4
0
0
2
7
33
6
20
5
1
121
10
2
4
7
1
2
7
12
16
8
14
7
8
12
5
3
7
3
8
1
7
1
24
7
0
0
31
10
2
8
3
3
77
13
48
0
5
1
19
12
5
4
7
0
2
0
62
4
5
14
2
3
30
9
0
6
11
8
7
6
2
1
3
241
1
4
1
5
8
0
8
0
3
0
2
8
5
8
4
38
0
16
5
5
3
4
2
26
7
2
3
4
6
2
5
7
3
0
7
15
23
3
4
3
4
0
0
1
9
1
3
5
2
1
34
1
3
6
103
3
0
15
1
1
0
4
4
5
8
90
3
0
6
6
15
0
10
7
7
3
17
2
1
9
1
1
0
1
0
2
1
19
3
8
0
9
2
2
3
5
0
0
3
3
15
8
1
1
1
4
3
3
8
3
10
4
153
8
10
0
3
13
12
25
6
8
9
3
6
5
6
8
1
2
3
2
36
3
13
2
28
14
1
4
7
5
2
6
6
1
15
0
2
1
5
6
1
6
0
1
25
1
1
1
3
6
8
15
4
2
2
7
4
10
6
8
3
7
45
424
3
25
4
3
10
19
7
5
12
6
159
6
37
0
43
3
7
0
9
13
8
4
46
2
3
9
0
4
4
32
38
2
4
10
7
3
23
4
2
32
12
5
4
1
3
1
1
6
1
4
2
3
5
1
3
12
10
39
19
27
1
0
10
3
2
44
1
11
0
6
5
1
1
7
10
0
2
7
5
3
3
5
0
7
9
32
14
3
8
13
4
11
12
7
4
67
1
21
15
17
2
13
2
3
23
0
13
23
7
1
2
18
7
1
29
9
6
1
9
8
1
61
17
2
2
23
5
1
7
35
4
9
3
36
29
2
27
7
10
3
5
1
1
4
3
1
0
11
585
5
8
2
1
12
11
1
2
2
11
0
11
0
3
2
4
0
2
0
3
131
8
0
5
0
17
3
6
6
2
37
5
1
8
2
0
3
6
4
2
25
9
2
13
3
65
0
2
0
10
5
0
2
6
27
3
29
0
12
12
5
5
1
5
4
12
34
0
4
3
2
17
1
2
86
15
4
0
1
4
29
5
25
30
7
8
4
6
3
2
1
6
6
6979
4
5
64
10
4
3
27
1
2
6
4
2
0
11
5
10
2
3
194
5
7
0
6
2
3
9
22
6
11
6
8
4
0
12
11
6
7
5
3
3
6
274
3
3
0
1
2
3
11
7
6
10
3
0
23
10
22
8
11
1
0
19
389
5
109
3
3
3
12
4
5
4
4
16
2
6
3
5
12
3
7
4
5
0
41
59
8
3
10
0
7
26
31
2
6
4
17
5
8
7
14
5
2
73
14
3
21
3
5
1
0
4
3
8
30
1
6
19
5
8
28
6
7
19
3
1
3
7
0
3
447
18
4
12
9
0
27
154
1
4
24
4
0
13
1
4
4
2
9
5
1
3
3
3
11
1
1
2
0
4
0
10
2
20
21
47
1
2
1
1
4
3
2
1
0
9
1
6
7
45
9
2
4
5
7
0
1
8
11
30
5
3
3
6
11
12
9
3
7
2
4
19
4
12
4
14
13
4
3
10
14
3
40
15
3
1
5
4
21
4
4
4
4
5
9
5
4
0
3
7
2
57
32
2
2
4
7
2
5
2
3
1
5
1
25
0
8
6
85
4
2
4
10
2
10
0
1
21
9
6
6
5
1
12
2
1
8
