13
39
17
18
45
17
19
12
22
24
13
25
6
16
62
20
17
12
10
23
23
42
23
20
18
21
23
31
29
34
23
30
102
604
20
71
16
18
36
48
31
34
37
17
253
17
99
9
68
23
27
18
38
41
34
26
96
16
30
34
12
20
29
67
71
13
18
26
27
17
69
23
11
68
36
31
27
17
21
10
20
25
17
26
16
20
17
14
25
30
31
92
42
70
24
10
34
18
20
77
40
41
10
21
36
13
40
21
27
18
28
90
66
32
104
40
39
55
70
39
29
40
19
41
11
53
12
25
20
21
53
71
94
72
19
20
19
20
15
45
33
43
39
20
33
70
34
13
25
34
16
16
58
16
158
24
22
150
29
16
34
29
25
33
22
38
49
24
34
12
42
38
13
28
16
23
27
28
38
24
32
29
14
18
70
13
39
25
65
32
19
27
41
26
14
12
31
19
31
1874
18
25
42
9
18
24
36
26
36
17
49
29
18
40
34
36
21
19
21
12
27
53
33
101
24
17
89
30
25
41
24
38
38
12
19
43
24
30
19
34
9
46
17
15
36
61
27
12
17
23
19
8
87
21
24
48
14
37
145
11
29
17
23
22
10
26
19
24
14
28
99
24
11
17
29
20
24
33
12
29
35
22
42
16
20
43
35
16
102
27
202
14
9
21
24
25
16
24
22
30
33
22
11
28
13
24
28
22
21
17
24
52
12
19
30
37
16
10
20
13
8
36
14
29
15
9
71
89
26
67
21
12
33
38
26
29
34
23
19
57
16
34
22
50
9
14
6
15
34
22
27
91
22
26
105
17
26
11
64
18
9
228
17
14
89
71
26
15
41
22
20
51
18
14
29
22
39
13
11
25
11
38
11
38
17
21
30
41
21
93
33
21
21
20
8
11
26
26
30
39
23
70
17
25
34
8
10
16
13
8
65
27
10
9
34
18
22
147
26
23
13
26
12
54
16
36
8
26
235
18
20
7
18
42
15
95
42
30
22
102
41
46
11
48
21
23
34
151
44
29
17
42
17
47
54
19
30
18
245
17
20
35
31
7
148
38
25
16
21
20
109
18
173
18
22
13
58
9
27
9
579
21
413
12
34
24
13
16
24
26
24
33
20
29
26
30
22
21
68
17
13
39
17
18
45
17
19
12
22
24
13
25
6
16
62
20
17
12
10
23
23
42
23
20
18
21
23
31
29
34
23
30
102
604
20
71
16
18
36
48
31
34
37
17
253
17
99
9
68
23
27
18
38
41
34
26
96
16
30
34
12
20
29
67
71
13
18
26
27
17
69
23
11
68
36
31
27
17
21
10
20
25
17
26
16
20
17
14
25
30
31
92
42
70
24
10
34
18
20
77
40
41
10
21
36
13
40
21
27
18
28
90
66
32
104
40
39
55
70
39
29
40
19
41
11
53
12
25
20
21
53
71
94
72
19
20
19
20
15
45
33
43
39
20
33
70
34
13
25
34
16
16
58
16
158
24
22
150
29
16
34
29
25
33
22
38
49
24
34
12
42
38
13
28
16
23
27
28
38
24
32
29
14
18
70
13
39
25
65
32
19
27
41
26
14
12
31
19
31
1874
18
25
42
9
18
24
36
26
36
17
49
29
18
40
34
36
21
19
21
12
27
53
33
101
24
17
89
30
25
41
24
38
38
12
19
43
24
30
19
34
9
46
17
15
36
61
27
12
17
23
19
8
87
21
24
48
14
37
145
11
29
17
23
22
10
26
19
24
14
28
99
24
11
17
29
20
24
33
12
29
35
22
42
16
20
43
35
16
102
27
202
14
9
21
24
25
16
24
22
30
33
22
11
28
13
24
28
22
21
17
24
52
12
19
30
37
16
10
20
13
8
36
14
29
15
9
71
89
26
67
21
12
33
38
26
29
34
23
19
57
16
34
22
50
9
14
6
15
34
22
27
91
22
26
105
17
26
11
64
18
9
228
17
14
89
71
26
15
41
22
20
51
18
14
29
22
39
13
11
25
11
38
11
38
17
21
30
41
21
93
33
21
21
20
8
11
26
26
30
39
23
70
17
25
34
8
10
16
13
8
65
27
10
9
34
18
22
147
26
23
13
26
12
54
16
36
8
26
235
18
20
7
18
42
15
95
42
30
22
102
41
46
11
48
21
23
34
151
44
29
17
42
17
47
54
19
30
18
245
17
20
35
31
7
148
38
25
16
21
20
109
18
173
18
22
13
58
9
27
9
579
21
413
12
34
24
13
16
24
26
24
33
20
29
26
30
22
21
68
17
9
28
14
11
110
33
31
37
85
24
26
32
104
39
28
18
10
22
22
6
63
21
13
97
25
54
142
144
28
17
29
40
15
37
24
35
15
25
14
32
19
28
16
21
40
44
76
41
30
23
21
34
12
27
17
10
33
27
21
21
16
24
24
31
23
12
64
15
40
61
33
29
11
14
27
56
23
43
16
30
25
20
27
22
18
38
79
22
39
58
5
72
21
25
9
23
24
25
21
49
27
38
24
26
10
35
38
29
142
17
31
7
22
15
17
20
41
18
21
25
343
32
39
32
38
4
15
65
20
22
26
39
15
21
12
13
11
170
42
26
14
20
42
14
32
17
31
12
20
9
39
24
27
18
40
23
17
34
46
16
28
15
37
43
13
23
12
68
21
22
21
22
175
33
19
15
19
33
63
46
15
31
32
34
23
29
27
18
31
255
21
15
42
19
23
16
19
79
28
12
31
29
39
91
12
11
8
33
25
60
23
20
50
8
40
26
21
36
22
54
25
19
38
33
29
14
17
50
3
19
25
19
50
45
24
5
14
79
74
14
29
8
19
20
45
42
29
24
39
21
17
13
24
34
16
176
23
11
9
25
61
28
26
20
48
22
31
38
15
16
36
25
13
17
26
20
18
35
26
45
24
28
119
22
204
23
9
22
56
55
26
8
14
15
14
29
39
12
36
58
40
15
45
23
32
95
62
9
12
25
22
22
99
40
57
23
62
19
240
278
30
34
31
26
37
13
7
13
18
20
16
27
29
54
24
19
69
11
23
21
9
11
13
54
59
41
19
443
101
9
61
17
16
4
100
26
23
49
55
16
15
21
35
11
15
17
24
24
18
28
117
21
35
22
26
20
35
36
27
23
19
11
16
26
15
26
9
36
23
32
163
22
34
44
10
13
25
24
34
25
28
11
34
81
12
27
33
46
34
14
30
27
8
41
13
10
16
25
18
22
50
25
7
23
19
50
77
28
10
30
20
27
391
18
12
11
24
8
18
38
14
64
88
63
49
69
40
27
14
28
43
18
15
18
18
17
17
16
43
19
18
27
30
16
26
13
70
15
19
6
31
130
30
23
12
35
93
28
16
57
20
34
75
208
11
35
22
23
13
14
20
126
27
16
56
34
15
26
38
19
43
23
10
60
15
23
47
55
22
44
36
22
21
20
21
9
42
13
20
23
22
63
17
23
13
20
25
21
10
25
17
29
6
140
51
30
32
32
29
31
24
32
24
16
21
14
71
22
12
58
23
80
11
12
39
30
59
32
19
24
33
19
14
20
22
74
17
61
25
43
29
177
14
10397
25
23
12
12
19
31
120
9
23
19
19
21
18
20
35
16
20
34
26
34
23
40
49
9
14
20
26
23
25
17
35
19
22
23
17
46
17
28
25
18
39
263
1074
24
19
27
32
72
51
38
20
19
25
20
39
23
31
67
36
30
17
16
51
32
166
20
21
38
19
10
15
24
22
23
47
16
25
63
16
32
20
24
46
16
21
17
20
38
169
43
24
13
31
15
21
21
33
17
13
17
24
17
34
43
22
16
34
19
23
26
62
37
22
21
52
41
23
14
16
32
31
16
19
31
226
21
23
116
43
23
30
52
13
20
8
7
30
28
126
142
26
29
13
19
48
31
31
80
35
17
20
13
16
16
16
22
128
41
31
35
15
8
18
21
16
36
19
28
12
19
25
21
10
22
54
18
22
15
24
175
19
14
21
26
22
14
23
20
20
38
76
14
23
101
57
18
11
14
1102
25
39
12
24
11
14
17
26
24
29
24
86
29
46
13
9
137
30
19
167
23
12
24
95
58
23
26
32
20
16
13
15
21
10
38
13
18
15
40
24
17
41
14
55
27
5
20
38
36
24
55
23
17
38
30
25
31
27
7
20
29
34
71
38
16
57
30
58
31
30
12
23
68
24
36
11
33
36
6
8
11
15
41
39
19
16
21
16
18
22
23
30
26
19
46
12
29
19
31
33
17
10
20
25
19
29
35
6
19
31
21
19
19
28
21
16
7
27
32
16
13
46
46
28
34
20
60
55
81
18
21
10
13
16
14
25
31
11
31
32
1292
54
60
18
33
13
28
15
22
24
8
27
21
13
26
112
27
32
27
31
15
24
360
13
24
13
50
48
19
15
21
44
16
16
14
20
18
66
32
55
23
15
42
17
25
44
15
17
16
7
26
40
7
13
26
41
26
25
32
22
18
11
23
37
17
24
24
18
11
9
13
35
25
29
19
31
14
23
17
80
32
28
8
19
22
15
20
12
18
26
14
170
32
16
38
45
13
23
26
44
33
146
97
20
19
28
22
34
82
9
51
59
20
10
97
24
30
52
35
16
25
26
14
23
24
180
48
22
16
25
16
40
31
17
26
56
36
29
26
28
19
33
54
15
22
25
18
48
35
12
15
23
36
14
21
48
21
21
11
19
19
32
20
18
14
13
18
20
10
16
22
8
41
40
28
39
37
39
13
26
40
41
37
34
23
12
12
17
29
42
13
21
8
17
24
14
45
35
30
14
15
13
124
35
16
21
27
70
13
32
82
22
48
20
14
87
10
13
32
19
58
16
13
29
21
18
28
204
25
1265
26
38
24
21
32
32
42
32
15
22
23
15
19
23
31
17
17
17
13
13
42
67
75
34
52
18
18
13
21
22
35
16
42
19
58
12
27
24
40
99
32
20
18
37
109
18
13
23
19
18
14
13
14
30
10
38
9
30
17
9
15
18
19
9
14
28
15
40
15
12
18
15
10
9
28
9
42
22
25
29
34
18
12
18
15
50
22
34
57
23
20
43
10
27
37
16
13
19
20
37
9
10
23
12
32
29
25
36
25
174
25
14
56
17
22
25
16
26
24
25
34
21
15
17
15
16
78
113
22
18
29
24
13
31
52
29
51
20
16
43
26
17
31
13
22
48
18
11
23
17
43
14
23
44
29
22
23
11
20
24
352
71
27
13
574
12
29
17
26
38
20
43
14
111
58
19
65
13
11
8
10
28
15
23
15
116
16
20
15
19
47
30
22
33
15
17
78
17
49
14
19
21
20
16
37
21
35
23
11
170
9
19
18
12
38
25
20
34
44
26
25
25
124
49
15
16
30
16
59
19
12
18
11
15
18
150
11
78
17
15
119
12
30
33
34
10
15
21
34
11
17
27
12
18
20
62
9
33
20
146
6
12
14
33
27
66
7
30
69
19
33
87
36
19
52
30
101
19
57
201
69
60
12
28
13
32
18
70
42
30
35
21
25
17
11
24
29
24
19
29
25
22
22
60
31
39
16
40
22
27
11
13
19
25
14
27
32
12
15
7
36
23
26
14
19
16
23
35
9
16
18
19
18
26
21
28
15
85
21
20
31
19
30
14
22
36
17
30
7
14
320
14
14
13
48
32
17
108
23
15
23
36
21
32
29
16
37
54
28
39
19
19
9
32
17
18
12
13
13
11
23
30
38
20
17
31
24
20
16
43
52
24
59
14
20
17
25
68
23
20
15
19
16
24
20
19
19
37
24
22
10
89
24
22
8
12
267
52
83
14
48
27
26
14
15
19
14
33
22
13
18
38
45
38
15
53
29
25
15
28
18
48
17
9
20
24
23
24
90
28
23
28
11
18
37
131
73
21
17
37
17
25
33
20
32
146
66
13
24
22
18
22
19
29
37
33
22
40
14
20
20
6
16
83
35
14
12
24
43
28
55
26
16
8
29
13
26
33
31
31
34
50
9
55
10
14
15
19
16
39
15
93
16
36
78
18
26
13
22
15
74
27
20
31
30
28
26
28
16
16
21
114
12
17
40
25
12
25
29
25
35
22
24
13
44
26
29
17
18
21
55
17
35
115
12
15
40
4
18
32
25
20
22
25
226
23
18
45
23
35
66
45
12
26
18
193
16
184
35
21
17
38
23
21
26
31
37
11
57
37
39
26
6
320
24
51
11
18
94
29
26
23
34
10
14
21
19
18
16
24
19
21
14
10
1901
4
27
16
21
99
18
40
13
14
22
10
17
18
10
21
20
17
20
15
97
31
16
26
16
16
31
26
2504
71
261
27
57
34
151
12
11
24
16
62
12
23
19
18
34
54
27
82
44
30
15
39
10
17
28
25
18
27
16
28
24
18
24
28
20
54
32
47
19
33
108
11
22
18
31
29
33
245
26
11
12
15
17
27
19
11
21
44
27
20
21
7
14
41
155
60
9
20
16
15
60
17
9
37
15
50
20
71
21
33
18
14
27
16
23
17
12
29
10
38
28
16
9
18
22
30
21
17
75
33
19
18
31
67
15
33
5
24
58
28
22
64
49
33
12
34
18
26
30
37
11
16
32
16
375
12
9
31
23
33
17
8
426
34
22
22
15
30
30
17
20
17
18
17
10
17
54
9
12
35
34
17
18
13
24
25
14
16
18
25
30
158
43
22
33
52
44
77
21
59
12
68
28
45
20
13
20
119
16
8
13
21
19
17
20
30
39
31
35
46
27
478
52
49
14
20
31
18
69
33
17
21
17
26
36
285
22
25
14
6
12
39
20
45
36
42
25
27
138
17
121
14
15
35
16
37
44
29
15
27
24
20
36
19
15
22
21
20
12
43
29
28
36
192
26
69
44
92
38
21
134
20
16
57
1366
53
72
25
15
18
30
45
19
14
14
20
32
15
17
56
21
54
49
18
18
32
25
17
19
15
14
18
31
102
31
40
9
9
77
25
35
79
15
92
119
34
32
38
72
24
22
36
44
34
10
15
29
30
18
90
7
19
17
25
37
172
26
118
40
86
8
8
32
17
13
16
26
113
139
16
29
17
10
38
11
14
43
13
54
98
12
16
44
76
26
14
14
48
85
53
12
24
10
19
12
35
1805
13
653
19
31
57
33
22
42
64
41
34
42
29
38
29
22
305
65
17
16
26
22
42
12
12
30
20
14
25
53
29
30
20
29
22
27
13
33
9
18
33
25
26
51
78
80
16
30
13
10
13
25
28
26
24
10
35
30
20
21
49
41
27
32
49
17
33
38
29
18
177
132
33
26
11
19
37
8
25
55
6
26
28
20
32
33
26
27
38
25
13
35
24
14
73
23
8
21
18
26
14
19
19
20
17
29
17
10
25
25
29
16
18
23
24
54
21
15
43
23
40
41
24
38
15
9
23
26
24
25
23
24
40
41
54
28
44
87
33
36
19
22
44
15
16
43
17
20
21
28
38
11
30
17
30
19
29
59
24
55
39
11
12
30
32
18
20
23
10
26
18
27
28
20
66
33
10
78
22
43
63
8
28
22
21
33
50
34
40
39
15
21
29
37
42
17
83
22
25
63
23
164
60
75
80
10
14
61
63
9
28
74
26
18
59
18
19
26
30
13
21
21
29
80
11
21
72
9
32
34
28
72
26
19
23
14
26
21
21
9
34
12
20
49
23
21
11
28
30
47
14
39
14
13
21
33
19
118
21
18
27
13
25
41
31
15
18
78
59
31
41
25
11
26
33
38
23
16
43
27
22
45
13
17
13
16
15
12
24
28
22
33
37
27
9
27
37
16
55
10
92
26
29
65
14
32
30
22
11
29
15
22
29
120
11
43
152
23
37
25
20
69
34
35
22
24
20
54
35
18
28
18
27
28
66
45
10
79
29
62
19
19
20
16
277
18
24
18
23
10
91
6
22
6
20
20
15
26
41
30
27
40
21
33
13
102
67
15
24
14
18
18
56
24
37
17
8
33
25
9
505
8
127
12
12
32
61
15
22
7
109
14
26
23
19
9
32
23
12
13
30
42
21
22
1227
16
71
56
35
17
39
143
10
24
10
24
28
12
16
22
6
16
29
29
6
51
17
42
28
24
49
16
21
9
78
20
17
17
5
26
14
22
29
12
9
25
20
22
15
7
26
36
13
34
71
19
68
17
15
24
20
19
28
18
12
265
27
23
9
32
24
35
8
16
21
29
15
20
9
48
23
16
21
14
34
28
19
18
36
28
13
41
29
40
28
14
24
18
44
14
28
19
16
73
21
26
28
39
29
14
20
34
37
17
31
108
14
28
85
26
15
23
23
46
38
137
63
18
14
15
19
68
31
33
26
49
22
107
43
22
120
43
32
21
23
39
48
27
19
12
27
17
10
15
25
21
28
12
29
11
17
36
147
23
30
56
34
45
21
24
176
10
16
33
7
13
17
14
7
23
34
28
23
20
26
58
33
31
79
28
17
65
42
49
46
18
54
14
11
18
15
19
57
28
14
17
15
12
28
26
184
15
14
49
29
26
30
31
31
17
31
19
20
27
15
19
47
24
52
27
426
26
67
66
16
20
91
93
12
45
127
231
40
17
60
19
33
25
25
27
12
20
21
17
12
56
12
26
27
61
96
19
24
41
14
20
25
19
75
26
18
261
34
26
22
12
36
78
18
10
43
31
16
26
37
8
11
11
12
47
27
21
132
37
13
22
13
22
18
156
41
11
32
19
10
20
49
16
40
58
46
18
21
53
5
15
16
38
59
30
22
9
10
11
17
5
53
29
37
20
34
27
21
43
60
30
13
21
28
35
35
20
30
10
88
16
26
22
24
26
21
38
21
18
62
29
26
37
21
51
21
24
122
34
27
33
17
15
24
64
67
17
23
17
17
16
22
31
9
32
24
82
21
486
16
21
22
14
21
20
24
22
17
22
24
68
23
52
17
25
31
15
14
69
36
13
17
14
38
21
91
33
5
10
27
22
56
22
77
59
22
17
12
42
16
28
26
33
37
13
9
16
19
118
10
50
50
23
89
30
91
38
22
21
17
10
34
209
26
28
14
24
19
99
34
29
30
24
27
51
30
20
13
20
31
117
50
65
38
19
16
26
25
11
45
15
23
21
91
28
23
17
8
38
9
386
15
13
24
30
16
20
14
16
37
21
18
203
26
125
45
38
42
59
11
30
22
21
32
26
25
72
10
23
35
14
22
16
20
17
50
57
40
23
29
11
43
83
48
26
7
8
28
13
15
20
16
24
9
21
27
73
7
36
29
11
15
45
31
66
28
72
23
17
46
21
7
23
20
91
26
33
1617
12
29
16
26
36
14
14
20
38
26
11
23
18
101
25
25
14
75
12
25
29
10
42
18
32
70
36
20
24
51
21
27
20
19
10
34
14
8
22
24
14
22
24
67
8
99
27
39
25
108
13
13
52
60
18
59
29
33
33
9
18
13
21
27
20
31
32
18
20
36
50
17
20
13
10
23
24
42
12
14
64
51
22
21
14
38
35
21
25
12
233
84
31
55
28
50
42
41
26
16
32
27
25
14
37
24
29
17
21
35
21
124
20
24
27
15
43
16
25
20
18
23
42
12
42
33
38
22
10
23
17
20
77
22
8
33
20
12
23
13
8
79
29
236
17
61
5
17
53
57
108
49
17
29
14
18
26
29
43
16
80
10
17
57
60
12
51
31
18
30
22
137
6
18
15
44
21
95
36
28
34
15
12
11
33
13
36
27
11
33
7
21
29
40
27
34
53
18
15
20
24
19
19
54
101
19
12
20
31
9
32
49
47
24
71
77
21
186
22
15
45
22
26
116
19
17
1190
22
45
32
19
17
123
27
18
2
46
5
35
30
26
15
50
16
15
46
29
42
37
18
17
23
15
18
37
16
9
24
66
18
20
7
21
21
26
35
9
24
42
22
54
55
69
15
34
73
27
26
37
26
40
9
16
22
25
20
22
12
17
35
14
7
30
9
18
12
23
33
7
45
50
26
22
21
27
29
25
17
27
18
20
20
8
17
14
319
28
57
321
25
25
26
11
50
11
20
72
129
15
27
18
12
41
96
22
177
37
25
11
92
24
49
57
20
16
19
119
11
23
34
21
23
69
58
14
28
19
30
53
15
49
32
38
22
15
17
45
16
23
20
31
339
72
22
13
18
12
39
14
53
33
23
12
49
25
18
26
18
26
24
12
24
48
70
26
11
33
27
19
31
38
56
21
11
26
14
21
29
33
25
21
26
48
15
22
19
38
12
48
28
15
59
50
24
53
17
52
35
8
29
12
9
17
29
13
17
20
27
28
24
79
28
19
36
49
49
12
23
20
32
27
14
36
19
15
20
17
28
37
67
11
12
16
28
36
29
12
15
40
30
46
36
19
26
27
41
11
12
31
84
79
30
32
265
21
69
32
18
24
13
30
57
16
27
12
37
120
30
26
13
17
65
9
19
6
18
29
32
88
20
27
16
9
26
9
17
63
30
49
7
15
31
23
44
173
46
18
36
23
69
32
65
17
54
20
18
12
151
27
18
39
35
7
42
22
81
24
16
20
17
15
76
16
26
11
19
27
17
16
16
5
21
99
11
17
50
24
17
19
87
25
27
18
18
52
47
25
33
25
26
35
21
31
35
16
41
10
16
26
31
23
26
16
20
22
17
20
22
21
19
15
20
28
14
38
55
14
35
28
16
258
8
41
15
31
22
16
20
18
13
12
29
13
45
31
21
26
10
22
38
33
8
105
35
12
23
65
26
32
53
23
21
26
21
29
42
29
28
19
50
17
45
16
46
17
28
20
13
17
51
44
45
7
45
42
10
20
7
13
68
55
29
22
49
25
39
74
34
28
80
27
15
32
20
23
28
618
12
27
52
17
27
325
101
19
26
22
115
82
21
155
51
20
13
19
46
28
32
37
14
24
24
35
38
16
19
26
27
22
26
26
30
33
19
38
18
9
25
21
18
34
34
9
22
21
18
64
9
19
20
22
31
24
12
14
16
36
20
17
21
17
24
32
48
19
482
13
11
19
28
16
170
11
16
23
17
14
42
15
7
18
13
19
358
25
39
151
25
20
24
25
13
44
28
52
32
59
17
23
86
13
40
45
102
25
62
9
14
24
32
14
26
18
32
35
26
39
23
30
26
8
25
7
40
23
14
12
12
22
78
39
50
32
37
20
189
21
30
18
38
27
34
23
25
16
26
32
23
51
28
17
25
18
10
15
34
65
16
36
13
33
23
14
14
24
25
30
16
23
49
19
8
36
24
62
36
17
36
27
22
28
36
146
15
39
32
64
48
24
56
10
36
46
28
183
39
34
22
26
19
40
23
46
35
14
29
1299
18
17
51
34
21
12
17
33
19
5
20
9
17
32
29
14
5
68
25
27
34
8
27
43
298
14
21
41
28
18
31
88
28
13
19
40
29
34
18
22
22
21
41
20
20
177
24
14
15
28
36
33
187
26
9
12
48
13
22
19
16
24
38
24
168
17
61
6
26
19
112
33
13
31
20
18
21
14
36
20
23
22
25
15
25
43
24
22
12
15
20
9
61
32
54
17
31
19
52
59
20
9
522
14
37
30
24
32
20
47
20
12
24
23
14
19
28
15
22
15
16
68
25
35
73
22
13
26
19
26
36
38
118
61
32
67
19
12
43
25
42
28
15
46
34
69
28
18
31
30
23
37
16
15
54
11
14
31
191
36
27
16
15
42
25
22
73
75
15
20
35
68
14
36
30
26
10
28
33
8
26
16
28
49
11
29
55
56
13
26
66
9
30
10
35
21
20
34
27
16
17
40
65
42
29
22
14
105
25
16
30
12
8
76
16
17
31
21
17
16
128
24
34
30
29
89
11
137
16
25
37
15
30
34
72
25
13
13
12
6
22
16
30
36
29
17
14
14
93
52
16
30
48
16
29
11
24
19
45
17
46
41
27
49
32
77
83
25
30
26
16
33
26
30
49
34
23
47
19
14
15
13
35
18
20
19
16
9
19
25
16
29
11
17
48
20
21
18
54
18
17
46
38
18
177
17
1961
12
11
9
14
43
46
23
21
28
97
17
16
61
40
28
20
30
21
35
40
16
19
74
14
246
6
34
14
25
34
12
247
24
29
25
25
15
16
39
22
39
11
13
30
11
28
41
17
20
43
33
19
23
38
32
21
34
41
15
40
13
23
45
29
15
33
26
23
32
17
12
37
21
14
9
39
27
36
104
29
64
33
27
23
13
44
39
31
28
185
26
29
190
31
22
23
16
212
25
15
14
26
24
15
16
13
14
18
39
33
21
51
24
25
18
48
43
109
14
36
16
23
26
54
9
12
24
26
46
36
13
21
14
19
38
21
24
27
270
8
16
19
22
26
18
77
37
97
136
30
65
10
9
41
85
33
10
77
14
10
25
14
126
15
21
18
11
26
11
16
48
16
13
18
29
15
22
26
24
13
14
16
28
43
20
23
49
24
40
95
29
48
14
41
14
27
27
51
51
21
10
11
21
28
26
108
32
11
14
32
22
42
10
18
13
17
55
15
37
26
15
10
19
25
28
29
199
41
14
13
144
7
24
31
43
38
14
29
39
14
14
27
26
23
33
29
7
19
35
30
32
22
17
21
47
32
23
29
24
21
8
12
9
61
14
40
29
22
27
1109
10
23
15
22
28
25
22
15
21
24
38
9
6
123
27
28
20
17
35
24
16
34
29
6
38
26
103
34
25
30
14
14
27
12
18
21
25
30
24
43
28
16
22
25
49
45
24
12
12
12
59
33
34
27
16
15
29
37
335
8
19
3561
54
37
22
36
20
58
37
16
18
17
18
100
26
22
45
21
18
11
34
20
11
26
17
48
28
33
32
95
15
9
532
8
16
37
11
171
32
9
22
22
17
24
36
227
15
78
19
342
32
69
29
34
25
13
12
132
13
24
33
21
25
69
29
31
37
24
42
14
16
18
17
23
60
18
20
25
20
17
38
39
26
24
28
23
9
1533
28
97
11
11
44
22
62
16
20
18
35
24
14
29
14
27
20
40
32
32
16
9
26
12
39
10
19
38
9
16
19
21
34
12
28
141
147
43
19
22
17
15
25
16
15
64
20
17
23
46
32
84
23
9
14
12
17
9
20
32
14
12
13
20
18
14
90
41
38
27
23
16
38
49
399
16
11
13
36
15
59
26
18
28
27
14
36
19
14
15
21
16
27
76
26
94
17
17
57
44
200
8
24
45
14
16
11
29
30
52
43
12
14
11
33
18
695
36
48
424
17
17
88
23
18
16
21
24
48
26
27
28
15
70
42
32
37
16
65
11
6
8
34
11
15
80
27
35
46
19
22
29
14
18
38
40
35
27
128
48
23
16
13
31
25
15
18
32
22
20
20
73
50
63
34
14
51
47
12
28
22
33
35
36
18
30
48
35
73
63
17
24
15
78
14
14
34
39
19
15
27
220
26
43
6
12
5
6
16
14
26
31
65
19
88
26
18
43
34
7
66
50
16
14
16
16
13
13
33
15
46
6
23
21
32
33
26
20
13
38
32
39
14
37
168
39
27
30
67
20
24
27
20
47
10
32
34
14
22
28
76
13
26
18
20
12
26
30
50
11
32
19
14
150
24
37
18
8
388
71
41
24
30
27
22
15
34
23
19
1646
9
47
48
29
34
23
109
1620
15
32
21
19
16
75
32
30
760
22
44
52
8
484
17
15
23
39
17
18
36
24
15
27
19
12
29
19
24
56
25
25
16
25
19
14
23
47
57
19
41
34
29
13
88
9
28
13
6
21
25
17
21
15
15
46
43
23
23
25
56
25
10
16
8
18
26
20
36
9
22
25
109
12
10
298
20
52
11
15
40
31
24
16
36
10
19
15
13
29
262
27
37
11
58
75
29
27
67
25
11
33
52
104
16
51
16
22
36
21
78
12
16
15
129
19
23
31
69
40
20
18
26
56
67
16
29
23
11
69
35
41
13
22
10
15
26
32
34
31
34
104
17
34
28
16
35
16
69
14
37
12
58
378
10
31
35
23
12
56
21
22
12
22
41
21
26
23
21
36
15
35
29
19
15
19
33
12
27
42
14
95
56
9
51
50
16
27
8
15
25
14
14
30
22
17
35
32
11
18
18
64
17
24
45
39
23
12
22
21
19
28
29
34
26
56
18
12
38
20
27
19
11
7
9
34
21
19
61
18
40
16
11
18
24
16
66
20
15
35
18
29
25
50
34
48
12
44
45
14
23
63
47
28
12
45
26
43
15
10
15
15
17
22
19
18
11
17
24
28
16
22
94
19
20
17
37
20
61
13
43
20
24
157
25
12
9
16
82
18
13
23
19
307
68
15
20
12
69
8
34
24
14
14
13
46
25
109
35
89
10
15
26
15
31
35
11
30
16
19
28
13
21
11
25
46
15
25
27
15
27
31
27
30
7
12
23
22
40
34
158
27
21
23
18
41
17
24
45
29
25
37
53
31
36
28
17
21
15
49
15
33
23
16
178
26
17
24
24
23
219
14
21
26
17
17
21
21
22
21
22
21
18
19
49
40
11
27
28
30
8
24
19
75
17
19
28
32
10
11
29
49
59
74
20
21
5
16
10
14
26
18
30
24
27
17
17
17
71
11
15
25
20
32
35
1034
15
51
36
16
14
38
69
13
61
12
12
15
27
23
184
12
9
20
29
51
19
3818
22
7
28
144
29
18
388
38
37
15
13
32
9
22
34
14
54
886
26
28
39
31
51
36
10
20
42
8
36
21
27
38
21
13
16
18
15
24
25
20
28
12
127
22
20
25
47
8
24
19
15
24
11
22
20
35
26
23
18
14
16
41
11
23
251
19
27
17
33
18
11
26
31
39
61
14
18
9
36
11
32
37
10
16
17
26
45
32
199
31
16
600
10
12
18
21
18
70
23
54
22
16
19
31
21
21
11
21
8
31
62
11
31
18
17
25
16
12
16
20
51
18
10
21
21
30
18
54
36
20
24
41
37
51
37
21
17
18
12
12
14
27
19
30
10
14
14
26
19
46
23
60
36
16
15
26
36
19
58
19
28
15
58
15
12
50
9
24
15
10
206
38
17
116
27
16
128
22
41
19
47
16
39
13
7
23
29
67
22
18
20
8
27
19
18
13
204
21
9
33
55
15
14
15
8
22
21
23
8
15
18
21
80
12
29
21
148
11
37
34
32
21
30
43
27
32
60
27
93
30
22
36
12
12
19
46
22
25
8
51
19
16
22
10
17
20
17
20
21
23
20
35
15
22
26
35
68
15
39
546
22
21
51
33
46
19
37
9
21
14
37
12
21
14
23
25
81
19
29
22
46
25
45
37
19
23
41
25
25
14
5
43
12
25
22
56
15
130
21
8
118
240
93
13
60
147
9
29
22
55
15
11
22
17
22
47
25
33
21
13
20
50
247
10
33
23
17
39
28
13
20
11
36
18
21
30
17
23
21
70
16
57
51
21
14
21
79
71
17
30
26
36
14
49
23
71
53
48
5255
14
43
15
18
52
29
12
37
52
11
48
27
72
17
45
30
38
9
31
15
25
25
15
32
38
22
26
20
9
55
294
25
38
27
19
19
54
28
19
65
59
14
19
26
26
144
15
64
14
236
108
14
16
52
10
34
13
23
55
30
24
61
77
19
37
18
140
36
55
34
44
41
15
476
23
5
31
22
14
41
100
1745
14
28
19
22
96
15
24
13
28
13
23
51
103
7
12
22
17
18
19
34
13
10
29
19
73
31
41
12
11
73
88
18
24
13
23
9
132
21
22
11
32
68
10
36
262
22
107
19
27
49
11
18
18
1
22
15
32
11
6
19
29
36
14
7
28
14
60
11
36
45
81
30
17
9
66
19
20
30
21
28
8
20
18
25
31
43
22
4
72
18
28
20
26
10
26
36
26
22
40
8
38
34
35
45
40
18
35
21
17
19
47
14
51
21
24
7
32
42
29
69
16
25
54
8
69
50
37
11
6
21
23
11
22
12
44
76
15
17
8
22
51
38
312
18
8
11
19
25
58
194
39
12
23
14
96
7
16
34
24
29
90
14
17
31
37
10
48
18
33
69
59
54
141
15
7
20
32
26
21
12
49
18
24
31
41
31
21
24
25
22
36
39
26
21
23
15
20
9
476
23
8
32
58
12
22
16
83
267
115
19
32
21
45
21
29
25
42
31
37
25
407
44
24
46
16
13
42
17
16
14
23
32
275
44
40
23
13
21
97
27
149
43
59
23
17
68
24
17
21
14
16
17
27
20
38
34
14
18
26
24
23
10
16
22
25
10
15
30
10
22
20
19
61
33
134
73
17
29
10
31
22
22
15
25
6
250
22
340
19
12
37
78
19
18
26
33
138
17
16
22
14
35
26
12
35
8
26
37
16
23
60
31
33
23
19
19
25
15
31
9
25
16
24
22
19
14
14
22
15
19
30
27
14
21
17
17
23
6
25
33
13
15
42
29
27
13
13
36
22
28
20
28
13
53
17
26
59
14
13
94
157
15
20
30
8
30
16
29
65
29
18
27
28
38
34
16
8
79
36
14
32
22
119
34
12
49
552
24
66
14
27
42
27
24
10
22
27
66
35
52
41
19
15
28
14
15
15
442
43
13
24
137
10
23
56
74
21
15
20
30
74
24
11
41
55
11
30
20
35
18
22
19
25
50
30
42
17
17
15
32
16
53
52
19
27
32
27
18
533
84
18
42
61
28
14
13
17
25
28
29
37
20
23
17
33
24
173
29
27
23
16
23
25
41
30
37
36
14
7
45
28
75
1357
23
58
27
16
29
9
18
23
9
27
15
15
26
13
17
8
34
34
14
53
29
21
84
29
18
38
17
28
49
26
29
17
21
20
44
27
59
17
24
10
10
29
13
14
27
39
30
37
15
13
36
18
19
376
35
80
41
17
9
22
55
21
59
33
44
57
27
52
24
25
110
25
319
16
32
11
34
19
114
88
16
19
42
58
31
16
104
53
12
13
29
23
16
18
21
28
14
21
36
38
28
87
12
19
23
21
17
45
22
18
27
53
35
57
18
18
36
37
21
23
13
17
91
16
656
47
16
106
16
24
20
46
17
18
19
27
29
18
13
28
41
24
20
18
31
21
21
10
11
22
23
24
34
18
33
25
29
21
16
19
5
53
23
35
37
26
78
16
73
35
27
63
38
15
18
31
23
21
55
164
28
23
15
23
27
12
23
20
40
9
17
19
38
14
19
40
32
43
12
60
29
79
45
17
16
48
25
33
34
52
16
16
18
116
43
17
26
27
38
19
22
14
21
15
34
31
44
15
12
43
16
18
24
7
88
26
19
39
17
20
80
11
24
20
21
57
19
12
31
15
23
33
60
14
13
19
39
11
14
50
43
47
22
42
39
10
51
65
8
16
16
83
24
26
21
27
31
22
60
16
18
15
26
35
29
55
37
39
20
54
23
32
9
26
15
18
68
17
48
162
25
26
31
24
12
21
43
21
58
18
21
77
40
13
20
22
10
24
21
23
24
16
16
23
17
18
17
14
189
11
21
38
13
16
19
76
9
23
8
15
6
10
33
24
29
9
30
17
21
14
18
39
31
18
18
18
17
32
23
25
17
24
18
38
25
15
82
66
31
9
26
21
35
15
16
63
67
21
10
13
15
38
14
33
25
11
469
11
34
20
27
13
21
47
19
8
29
82
22
85
53
273
26
25
49
120
33
27
9
65
13
22
25
21
15
23
16
24
6
14
23
8
23
28
13
24
24
25
25
20
24
55
11
21
49
45
21
32
21
13
27
37
23
41
78
15
13
20
41
32
12
24
16
45
14
23
68
16
37
78
14
17
113
21
40
36
29
42
15
10
786
24
31
24
25
44
28
27
80
63
29
19
24
30
35
36
28
23
19
20
13
18
21
17
13
20
20
18
21
46
33
16
75
23
105
17
42
15
8
21
18
19
22
14
16
93
14
22
28
17
15
97
22
26
17
27
21
26
10
13
23
17
37
24
15
17
200
22
33
25
26
32
33
7
7
40
68
89
39
33
19
75
13
8
367
18
22
15
22
104
306
24
43
21
35
19
29
25
30
77
45
14
36
23
25
24
19
70
19
19
23
13
51
23
18
43
46
20
20
35
30
34
17
29
25
30
20
8
18
26
19
13
11
25
108
26
57
49
24
13
665
22
15
39
380
19
19
18
40
44
36
9
26
17
30
44
31
46
12
16
57
16
11
35
26
9
18
19
40
32
26
22
46
10
26
13
44
35
38
19
17
18
173
25
29
16
18
8
34
80
21
54
26
13
190
40
9
22
29
14
33
25
41
37
30
42
39
25
30
19
34
24
17
28
19
32
15
71
30
9
11
59
22
26
36
19
7
158
44
84
11
22
15
37
41
20
18
39
9
25
17
134
40
30
39
18
17
80
19
12
26
31
41
29
38
12
7
9
366
20
10
10
21
27
12
27
13
14
9
18
25
26
31
22
85
14
54
23
27
13
21
10
50
21
10
17
12
16
18
22
26
32
13
25
37
52
24
25
19
25
14
15
26
35
19
12
28
12
20
82
25
22
39
174
15
17
39
12
7
15
16
19
18
26
151
12
18
26
23
37
16
29
32
35
24
50
18
16
40
23
19
5
20
11
22
19
51
26
43
17
35
19
17
13
17
19
18
29
15
42
20
19
12
16
29
18
15
24
14
35
34
218
36
30
12
16
31
44
48
30
28
36
17
24
29
20
26
26
15
24
25
75
31
44
16
73
43
10
20
29
18
13
39
17
18
45
17
19
12
22
24
13
25
6
16
62
20
17
12
10
23
23
42
23
20
18
21
23
31
29
34
23
30
102
604
20
71
16
18
36
48
31
34
37
17
253
17
99
9
68
23
27
18
38
41
34
26
96
16
30
34
12
20
29
67
71
13
18
26
27
17
69
23
11
68
36
31
27
17
21
10
20
25
17
26
16
20
17
14
25
30
31
92
42
70
24
10
34
18
20
77
7
36
18
22
22
14
18
29
29
10
20
34
23
15
13
26
12
30
19
73
40
38
36
37
20
26
41
25
20
105
13
69
55
33
13
39
15
24
66
16
39
58
24
24
7
49
40
13
77
25
34
21
23
22
9
107
57
23
17
46
28
21
19
71
14
43
25
109
81
15
50
27
31
9
29
14
14
23
12
15
11
33
869
39
23
19
15
29
29
10
18
18
42
10
36
15
21
19
19
9
13
18
17
219
40
31
33
6
41
23
23
25
25
83
25
11
26
22
7
15
24
16
14
64
29
16
49
20
114
15
24
6
31
34
16
16
30
82
18
57
16
43
41
24
27
15
23
25
40
77
13
10
24
17
50
14
20
174
37
23
2
13
25
69
32
55
74
26
29
31
24
21
16
24
28
24
9495
23
26
131
29
23
28
46
10
21
30
18
23
18
28
19
24
17
21
298
24
20
12
22
10
26
33
50
23
42
24
33
32
11
35
34
18
51
28
18
33
17
402
24
25
14
11
17
19
29
21
30
37
24
24
66
35
67
27
33
23
8
55
641
21
211
33
22
24
36
23
23
18
29
35
10
21
26
25
43
22
27
21
26
10
74
108
26
11
31
6
26
64
60
19
25
19
38
21
35
37
51
25
27
167
37
15
44
20
17
13
7
31
17
22
92
10
15
58
33
32
81
29
36
60
24
15
15
26
12
19
736
36
21
48
39
8
56
225
22
24
45
25
9
37
13
23
13
14
30
19
23
13
17
20
32
19
15
14
16
19
4
27
21
61
49
119
15
20
13
13
26
23
22
17
8
37
9
25
32
82
28
19
21
22
18
16
15
33
34
79
28
21
28
33
32
46
38
24
38
14
18
41
16
41
18
41
32
26
21
31
39
14
81
41
14
23
21
27
50
22
19
16
23
18
32
21
27
16
24
21
12
120
79
21
13
14
22
22
17
12
18
9
29
19
67
5
21
31
152
28
13
27
43
29
32
8
20
59
48
16
23
19
19
27
13
17
24
