16
27
24
20
13
15
15
6
27
19
7
29
16
4
14
10
13
9
18
29
26
13
18
39
5
25
13
37
12
11
15
3
17
8
16
8
12
27
17
30
15
16
20
17
18
20
18
19
16
18
9
16
6
18
11
56
12
6
29
10
28
44
8
20
22
20
19
13
25
17
8
4
25
21
24
26
19
11
23
14
11
19
20
17
11
21
80
37
10
14
9
18
12
9
11
9
11
14
11
14
13
12
17
7
11
7
9
22
10
12
13
18
6
16
13
22
31
7
26
17
15
33
10
11
11
6
12
15
9
17
7
28
32
16
6
22
14
14
13
26
12
17
18
14
20
19
8
23
10
7
20
21
51
17
11
17
14
10
12
11
27
14
15
28
11
62
10
17
21
37
4
17
32
13
8
21
21
45
15
20
16
42
9
14
10
20
7
18
26
9
254
27
19
48
12
21
65
5
8
14
12
41
13
6
24
75
22
68
29
17
28
12
11
10
15
13
6
10
150
19
15
19
9
16
5
12
5
18
15
18
14
12
12
14
17
17
12
17
20
19
6
15
7
14
11
9
27
30
10
31
21
18
17
15
18
25
19
22
15
15
37
28
18
26
11
7
33
17
7
13
9
21
14
11
25
17
31
166
20
5
21
6
19
7
8
9
26
20
21
15
10
12
21
5
9
8
12
21
7
14
20
46
38
9
11
16
9
27
12
8
9
13
11
20
22
16
17
11
15
6
13
6
11
128
19
17
7
25
19
12
12
29
16
23
11
14
14
12
20
14
6
14
67
13
39
27
17
16
12
9
10
21
10
10
32
30
11
9
10
7
10
24
21
17
12
20
11
54
32
16
10
17
11
11
33
13
18
24
22
17
16
4
11
12
12
16
28
14
11
16
39
11
20
13
21
12
4
10
8
18
21
28
61
12
15
36
6
14
15
70
28
29
233
1279
13
33
22
34
18
13
12
12
20
15
11
8
17
8
7
37
23
26
15
6
10
94
68
6
18
27
20
10
11
20
12
11
21
11
15
27
91
13
30
12
15
17
9
15
34
12
5
10
16
11
21
7
39
12
12
18
13
9
30
16
27
24
20
13
15
15
6
27
19
7
29
16
4
14
10
13
9
18
29
26
13
18
39
5
25
13
37
12
11
15
3
17
8
16
8
12
27
17
30
15
16
20
17
18
20
18
19
16
18
9
16
6
18
11
56
12
6
29
10
28
44
8
20
22
20
19
13
25
17
8
4
25
21
24
26
19
11
23
14
11
19
20
17
11
21
80
37
10
14
9
18
12
9
11
9
11
14
11
14
13
12
17
7
11
7
9
22
10
12
13
18
6
16
13
22
31
7
26
17
15
33
10
11
11
6
12
15
9
17
7
28
32
16
6
22
14
14
13
26
12
17
18
14
20
19
8
23
10
7
20
21
51
17
11
17
14
10
12
11
27
14
15
28
11
62
10
17
21
37
4
17
32
13
8
21
21
45
15
20
16
42
9
14
10
20
7
18
26
9
254
27
19
48
12
21
65
5
8
14
12
41
13
6
24
75
22
68
29
17
28
12
11
10
15
13
6
10
150
19
15
19
9
16
5
12
5
18
15
18
14
12
12
14
17
17
12
17
20
19
6
15
7
14
11
9
27
30
10
31
21
18
17
15
18
25
19
22
15
15
37
28
18
26
11
7
33
17
7
13
9
21
14
11
25
17
31
166
20
5
21
6
19
7
8
9
26
20
21
15
10
12
21
5
9
8
12
21
7
14
20
46
38
9
11
16
9
27
12
8
9
13
11
20
22
16
17
11
15
6
13
6
11
128
19
17
7
25
19
12
12
29
16
23
11
14
14
12
20
14
6
14
67
13
39
27
17
16
12
9
10
21
10
10
32
30
11
9
10
7
10
24
21
17
12
20
11
54
32
16
10
17
11
11
33
13
18
24
22
17
16
4
11
12
12
16
28
14
11
16
39
11
20
13
21
12
4
10
8
18
21
28
61
12
15
36
6
14
15
70
28
29
233
1279
13
33
22
34
18
13
12
12
20
15
11
8
17
8
7
37
23
26
15
6
10
94
68
6
18
27
20
10
11
20
12
11
21
11
15
27
91
13
30
12
15
17
9
15
34
12
5
10
16
11
21
7
39
12
12
18
13
9
30
35521
9
10
33
96
37
16
12
14
28
9
7
13
9
9
7
19
24
18
16
16
9
14
8
9
30
9
15
19
5
17
9
12
21
10
51
9
22
9
23
20
12
18
8
14
8
16
25
26
25
10
53
16
23
12
298
17
24
11
9
13
15
26
56
7
10
8
11
50
17
54
11
13
15
7
17
24
5
9
6
59
29
12
10
19
28
5
15
15
19
9
6
39
25
23
10
19
12
38
12
15
27
17
12
11
30
17
14
15
10
17
11
15
24
13
70
14
5
13
43
10
9
24
17
7
40
10
6
5
179
51
15
22
10
21
17
26
14
15
101
22
13
16
5
16
12
7
6
8
10
10
8
33
13
8
15
9
24
23
8
22
13
37
89
7
5
14
11
43
8
15
19
12
9
16
15
24
14
13
28
17
11
33
14
8
27
16
8
19
4
20
24
23
11
5
24
11
11
78
21
22
14
24
16
28
247
7
15
12
9
22
24
16
16
68
13
40
8
37
17
9
18
11
10
19
50
39
26
33
7
30
14
15
15
22
14
7
15
14
35
11
278
21
9
8
27
26
18
10
10
19
47
28
16
86
19
8
30
17
24
15
10
10
8
21
25
22
12
16
21
18
26
19
15
13
23
22
22
16
9
36
41
28
19
18
180
28
10
25
16
11
14
15
58
10
18
9
17
23
22
12
11
13
20
14
40
14
16
18
12
12
21
11
7
24
13
26
12
7
13
10
7
22
7
8
11
21
23
14
20
19
8
6
19
66
12
15
49
21
10
7
6
19
8
21
22
17
8
18
36
2
20
29
14
29
6
18
20
9
42
17
23
7
15
13
15
12
10
14
9
30
12
10
11
5
24
13
14
58
7
38
6
21
9
24
14
13
6
21
22
23
8
20
18
25
11
16
15
13
60
20
11
9
24
34
15
13
24
7
4
80
3249
13
38
10
6
14
15
18
18
10
18
14
15
23
30
25
35
6
11
20
15
14
12
7
11
20
23
11
21
21
13
27
17
15
9
14
9
19
16
7
10
14
40
22
17
14
30
14
23
10
9
5
20
25
15
7
41
6
5
7
20
13
8
41
24
15
16
25
23
12
6
24
13
13
21
11
12
81
23
19
8
11
4
22
23
13
12
6
11
12
19
5
12
6
9
7
19
7
11
25
15
25
27
21
8
17
11
15
11
23
8
22
39
28
10
20
19
8
14
17
35
13
20
11
43
45
12
15
13
10
18
31
32
12
13
38
18
12
22
10
16
40
13
11
29
15
9
19
15
26
13
5
116
6
34
11
14
15
15
26
15
6
15
24
25
22
33
7
10
18
19
13
11
14
15
8
13
12
14
9
15
11
8
10
30
27
24
14
18
12
47
13
16
11
14
14
32
24
31
14
9
17
14
13
33
83
4
110
17
14
12
17
21
81
9
23
17
15
46
31
55
19
13
71
14
35
14
21
5
17
32
16
18
13
3
6
17
10
10
19
9
21
16
7
14
17
17
21
9
15
29
8
20
6
11
8
18
11
11
8
25
10
54
34
9
7
13
33
11
8
48
9
9
13
8
16
12
18
27
17
28
26
16
23
46
19
13
26
17
7
12
19
10
14
27
19
18
9
14
25
11
21
10
9
17
40
13
23
9
21
20
17
12
12
20
21
33
14
26
19
30
84
17
14
16
18
11
21
12
16
8
9
15
15
68
20
21
11
14
9
10
29
21
33
26
4
10
14
15
16
10
14
12
11
22
4
17
8
13
16
7
10
28
169
22
95
11
12
7
11
13
20
11
250
21
7
13
19
21
18
19
14
32
26
14
17
18
15
16
8
13
9
72
8
20
15
20
25
17
16
8
12
15
21
9
49
6
7
19
6
20
9
32
40
44
20
13
23
19
22
16
19
12
17
28
19
22
11
55
34
16
21
21
5
26
12
9
50
16
13
23
14
82
68
6
144
11
15
6
57
21
13
10
12
7
35
23
10
10
25
5
10
14
14
19
18
12
14
20
14
19
11
20
17
13
14
14
18
14
10
23
14
12
20
13
12
14
25
37
13
11
19
7
14
17
10
7
30
40
14
17
11
21
10
11
18
11
7
14
7
10
35
18
15
33
8
6
19
8
21
23
44
12
16
14
31
14
11
26
16
21
12
17
12
9
32
29
22
9
4
23
16
20
20
16
6
28
12
19
14
82
14
31
11
6
15
16
17
11
25
5
11
16
8
10
9
22
22
44
27
12
14
29
16
11
11
27
23
22
10
12
18
15
24
7
10
30
15
12
18
14
20
15
9
20
11
10
93
13
40
21
17
7
13
33
31
11
25
13
14
16
26
18
7
12
11
19
13
15
10
20
67
10
38
31
11
16
21
35
10
24
15
12
32
7
34
24
12
8
21
10
10
34
11
8
76
11
7
17
33
11
24
33
5
12
21
15
22
23
17
33
15
22
58
11
51
37
10
14
17
7
20
28
18
9
19
12
25
19
14
21
14
19
21
23
13
14
12
10
24
43
20
13
9
10
18
18
35
51
37
14
18
13
6
15
15
12
32
16
28
37
18
11
15
10
8
16
12
14
6
11
17
12
11
10
20
11
13
12
13
15
24
20
26
16
70
8
26
10
17
9
12
14
17
11
15
40
8
10
14
28
13
41
37
11
16
25
18
39
19
11
48
22
16
24
15
31
41
11
22
21
25
33
23
22
9
16
16
45
18
23
8
27
17
23
5
27
14
12
19
43
29
15
31
20
19
22
19
8
21
12
21
13
27
21
12
4
10
20
15
30
7
7
14
25
17
15
18
18
28
22
24
26
34
64
12
16
22
16
18
49
16
25
8
40
9
12
18
19
10
8
25
10
24
36
8
44
13
17
3
33
9
21
17
14
9
213
21
12
19
11
25
10
16
13
12
13
14
10
40
8
20
27
13
59
29
17
30
4
22
6
10
30
28
12
16
13
16
19
13
8
28
27
81
15
22
18
85
116
18
9
9
20
11
14
18
14
37
21
13
18
6
13
17
23
21
8
18
10
13
18
25
13
41
8
35
16
12
29
12
10
16
15
16
12
16
14
17
16
7
3
4
6
70
14
22
21
12
20
10
5
5
23
15
13
20
6
16
11
23
8
21
10
9
18
9
8
42
22
13
11
13
6
7
15
20
18
24
11
11
14
21
17
9
15
15
16
15
14
5
16
8
5
21
18
12
16
21
6
17
15
10
6
25
20
20
78
22
4
4
34
54
10
13
9
18
11
9
24
10
19
42
15
21
18
15
15
14
54
27
15
28
29
7
8
14
11
13
8
11
14
11
16
16
6
13
26
10
6
9
9
13
12
11
65
7
16
10
14
14
27
8
13
14
15
12
18
21
21
14
28
10
9
12
18
31
9
10
30
9
7
18
14
17
12
28
15
19
18
16
15
21
29
18
10
13
11
16
92
20
17
33
15
8
10
14
46
4
10
8
13
15
19
17
111
10
17
8
7
30
25
16
6
26
18
16
9
17
18
15
13
6
11
27
10
6
6
23
12
19
15
23
13
13
39
9
30
17
8
14
16
19
13
14
37
17
22
8
15
8
18
15
19
24
9
10
10
33
27
18
28
25
15
31
17
62
14
13
13
14
8
10
24
33
10
65
11
32
14
6
27
7
32
7
5
26
23
16
22
12
13
14
19
15
16
20
24
24
13
20
11
19
18
19
12
11
22
23
34
12
48
8
15
38
19
21
7
6
10
19
7
19
11
25
5
14
31
9
10
21
23
27
15
10
7
18
47
12
32
8
19
18
10
5
13
12
15
76
32
18
26
9
37
11
11
24
3
39
21
10
9
12
37
15
12
19
11
7
27
10
26
13
14
6
116
5
14
34
13
8
27
18
18
4
9
35
9
14
11
18
17
11
7
9
29
16
11
24
18
42
6
38
24
37
11
25
14
12
15
13
6
18
13
21
10
15
14
100
22
13
15
54
15
8
16
29
13
8
9
23
7
10
29
17
33
16
11
21
66
14
8
21
24
21
19
17
5
11
27
13
235
8
13
40
10
10
19
18
20
11
18
15
10
18
12
17
18
21
15
51
14
15
31
18
39
111
7
48
9
24
13
5
19
19
13
17
12
18
21
11
37
35
18
23
43
89
44
11
15
22
19
27
18
18
15
21
9
12
16
10
43
16
22
18
26
8
26
19
13
18
9
176
31
25
20
2
10
20
8
11
12
20
13
7
24
15
8
13
20
4
9
20
46
25
21
16
35
19
78
23
15
15
14
16
18
11
11
22
8
11
19
12
25
6
20
16
24
18
16
28
11
18
26
26
12
123
29
8
14
12
26
18
21
10
18
8
21
7
16
16
61
12
8
20
18
33
13
862
23
15
19
62
10
7
11
33
14
10
19
14
18
14
9
36
7
20
8
21
24
18
39
22
21
13
15
16
10
55
6
13
17
22
13
43
14
14
12
16
29
16
37
53
28
14
21
30
31
19
23
12
32
13
11
25
31
26
10
5
9
7
8
19
15
14
12
309
11
15
21
12
9
15
11
13
6
26
15
25
9
19
28
9
119
6
20
12
14
8
24
23
14
14
26
16
31
23
13
9
61
13
5
39
11
13
39
16
16
43
9
38
17
32
6
28
9
6
18
10
26
8
8
44
15
17
33
29
14
15
33
26
66
69
21
11
16
19
14
10
13
13
21
15
13
13
9
23
17
18
14
8
15
22
5
12
40
39
2
24
12
21
19
20
17
21
2
12
62
19
16
10
13
38
14
10
7
12
31
27
29
23
7
10
13
18
6
16
14
16
12
24
11
14
16
17
3625
17
17
8
28
33
10
17
5
29
28
29
21
27
9
20
17
31
27
17
6
7
22
16
40
15
36
18
9
15
7
13
11
15
15
22
17
5
11
38
7
7
11
31
40
57
13
7
10
9
20
8
32
55
27
12
29
11
21
15
8
6
9
19
23
30
42
26
151
10
13
14
16
22
14
12
19
20
17
10
11
16
5
16
12
20
10
7
48
12
11
20
16
20
39
21
8
11
20
12
12
14
10
10
21
14
32
74
22
13
10
18
20
25
14
18
9
7
12
14
18
53
15
17
12
5
20
13
11
14
11
7
37
16
18
14
13
11
18
7
8
26
13
19
17
18
64
39
9
19
16
24
16
19
13
20
35
14
16
14
45
10
15
9
25
10
7
20
11
18
10
11
13
4
10
19
18
11
31
16
37
10
6
12
9
6
18
13
7
17
23
4
17
14
10
16
9
23
22
22
107
29
13
12
13
22
18
20
8
25
20
12
19
24
12
13
19
16
6
12
10
9
24
26
24
8
165
9
24
16
12
10
9
43
21
10
6
32
98
15
11
17
15
19
26
8
14
17
16
22
8
11
15
26
25
14
9
15
16
34
28
55
13
16
10
13
17
10
13
18
18
13
8
10
20
6
14
15
16
19
12
10
12
92
119
34
10
12
30
9
33
18
27
25
8
9
20
14
16
10
11
26
11
3
69
19
13
12
14
12
9
17
24
18
26
51
24
15
36
15
9
13
13
22
11
9
10
22
12
16
36
17
14
19
21
17
18
5
11
21
19
21
18
176
8
22
7
12
9
9
20
30
16
69
27
40
29
8
23
550
9
20
19
14
13
18
11
9
20
12
18
16
9
15
26
17
12
12
22
15
25
28
20
27
11
10
29
33
36
14
39
19
13
9
13
15
12
19
23
14
12
16
46
10
17
33
37
13
33
15
20
10
16
12
17
14
33
17
9
10
12
15
13
8
24
16
18
17
11
4
10
13
31
8
8
8
6
23
25
12
16
25
12
11
17
31
9
7
30
18
24
21
9
10
18
14
13
21
11
19
10
16
17
11
16
13
100
19
10
15
18
16
25
9
10
51
18
28
20
14
21
6
13
16
11
16
19
8
11
39
8
13
22
34
10
15
16
28
11
10
16
8
14
19
21
19
27
215
20
13
19
24
20
21
9
15
13
35
22
36
25
14
37
6
34
19
13
14
31
17
5
44
17
14
42
20
10
8
41
8
29
15
26
274
17
16
6
19
26
11
15
17
7
13
24
31
13
9
24
14
14
10
14
15
16
15
27
12
16
10
14
20
8
9
21
4
11
9
15
18
16
25
18
16
12
3
64
17
20
12
32
11
17
8
8
37
6
16
11
112
12
25
28
12
19
9
12
25
9
6
22
20
67
19
25
18
15
19
10
12
53
24
18
13
12
7
24
20
6
7
22
16
24
8
12
39
26
10
9
14
22
16
21
25
72
15
29
19
36
11
11
30
8
10
47
7
121
20
8
13
18
11
12
6
10
20
23
10
6
20
13
25
4
23
20
19
12
18
19
14
121
13
20
8
22
21
9
17
10
65
5
16
40
25
17
31
10
12
14
20
62
253
162
10
40
6
13
12
48
16
118
16
12
15
9
12
13
12
26
42
15
17
7
27
23
14
178
11
30
5
16
25
13
14
20
28
2
20
7
12
34
30
26
27
10
11
16
18
21
32
46
8
16
23
38
17
23
5
5
11
74
9
19
13
12
18
13
22
17
25
15
18
20
10
49
4
16
7
18
7
9
21
13
15
22
9
24
10
13
16
14
6
28
40
17
7
34
5
8
16
10
12
59
23
9
15
21
22
19
19
85
10
20
65
9
7
16
11
13
14
24
14
13
10
11
21
37
15
17
21
18
7
32
17
20
15
13
16
10
17
17
21
11
19
11
21
2
12
7
7
12
13
12
14
25
19
5
18
18
11
13
17
14
13
16
46
15
12
16
22
26
10
13
10
14
18
20
13
19
33
10
17
14
13
10
6
5
5
23
19
28
13
27
32
28
34
12
14
21
49
4
14
8
15
16
23
19
12
24
20
19
12
9
15
10
12
10
7
57
7
14
17
12
12
17
21
21
14
9
53
7
16
3
9
8
19
10
15
8
16
10
15
9
13
10
31
12
16
15
42
25
22
8
12
22
5
15
13
23
14
11
9
7
9
9
540
31
28
4
22
37
12
12
19
23
17
11
15
22
19
22
14
65
12
7
6
37
30
102
68
30
14
35
96
11
9
30
16
7
8
9
16
8
11
26
9
23
4
13
13
21
7
15
12
17
23
26
12
17
6
31
23
20
6
12
13
19
15
10
9
36
13
7
13
9
11
12
27
18
31
12
14
10
8
13
9
12
13
38
28
3
23
17
20
24
21
289
19
13
20
23
8
10
86
28
21
9
14
20
11
11
9
6
11
11
10
11
7
8
27
10
16
6
14
12
15
24
28
13
8
6
301
12
21
9
18
13
16
91
12
7
21
27
22
6
21
59
16
35
11
41
10
9
8
13
11
13
16
6
22
13
20
19
16
6
13
22
14
17
19
13
11
9
12
20
42
13
4
11
42
10
12
13
6
22
13
12
22
15
8
13
12
10
10
22
15
12
8
14
17
16
9
5
14
17
16
20
39
19
12
7
19
167
11
85
52
12
367
8
24
8
10
11
59
127
56
31
32
17
7
11
10
21
15
16
12
8
5
9
44
27
10
33
1
21
8
8
16
11
21
13
8
12
10
14
14
31
10
10
12
19
12
10
4
28
17
16
139
15
9
13
18
38
16
24
8
34
8
11
18
14
21
24
414
15
15
9
11
16
11
10
20
11
13
14
13
5
26
7
18
13
758
4
21
15
9
7
17
17
10
20
16
15
13
14
23
8
18
15
21
10
26
34
8
62
13
38
10
12
14
20
25
5
12
27
13
15
9
11
7
11
14
8
12
38
13
17
16
19
35
21
30
303
10
5
18
13
19
13
8
17
5
16
9
11
14
27
8
25
36
9
22
52
21
44
29
66
20
11
20
13
5
45
14
31
30
9
10
15
30
10
36
10
5
11
8
10
19
12
17
8
18
13
10
25
25
20
23
18
34
34
5
48
19
6
32
24
9
35
9
25
30
17
34
19
15
8
12
21
12
20
14
15
12
13
7
11
13
9
5
15
15
14
32
27
28
32
11
19
9
21
25
16
33
10
33
11
21
14
7
11
13
23
29
10
19
11
13
12
17
37
12
6
10
7
38
11
16
33
16
13
10
10
21
3
12
31
18
16
11
12
25
14
22
32
31
8
147
15
9
66
7
20
9
11
7
8
29
15
19
13
19
34
42
110
15
15
12
14
19
22
21
22
92
13
8
21
12
19
13
24
12
6
22
8
16
10
21
16
8
23
7
114
16
10
9
28
29
25
11
12
12
19
12
8
44
24
16
12
35
17
14
35
11
24
8
22
8
25
17
12
34
24
14
20
9
17
17
21
8
15
16
13
11
12
12
37
6
14
10
25
17
11
10
32
60
7
11
14
16
13
16
20
13
9
25
10
52
11
14
31
18
22
38
29
22
19
17
9
21
13
9
7
47
14
18
16
45
20
7
12
22
21
26
11
19
10
24
19
18
15
12
26
20
16
11
18
7
17
5
16
14
36
21
11
5
11
13
17
22
13
12
15
19
7
17
28
12
41
10
12
11
9
6
32
86
10
15
10
8
30
45
11
11
12
9
15
20
44
10
15
30
16
11
23
29
11
12
10
20
12
15
24
68
34
18
28
57
15
11
33
22
12
21
5
14
12
42
6
31
10
13
17
14
8
29
17
20
22
11
17
16
21
13
19
18
22
13
12
10
18
57
16
20
23
22
11
14
100
16
12
13
18
14
9
18
10
31
8
17
41
28
19
10
12
11
16
8
10
20
26
13
14
9
11
13
7
17
16
12
19
22
26
14
13
3
20
9
24
19
12
31
11
7
15
4
31
43
24
27
15
27
10
15
24
15
11
45
16
18
21
12
15
7
19
20
14
18
8
13
44
14
10
24
11
20
9
10
12
11
11
13
38
8
18
9
10
9
5
16
16
13
4
15
28
12
10
15
14
8
18
22
35
18
17
47
11
14
14
10
10
18
11
19
12
18
8
10
12
16
12
9
12
5
22
6
14
11
20
11
6
19
14
25
54
18
13
11
16
26
5
13
29
50
42
12
4
20
17
16
4
4
12
14
13
30
25
10
11
32
6
14
10
12
12
15
40
13
12
11
17
53
16
26
22
30
18
7
28
7
24
17
27
17
12
9
15
6
38
15
10
6
9
19
14
17
7
12
13
47
28
7
30
22
19
8
10
18
9
21
13
5
40
16
33
16
10
29
21
55
50
348
12
8
19
16
15
31
15
22
10
36
15
21
16
6
14
16
15
19
18
13
16
6
16
9
47
33
21
6
7
23
17
39
18
18
25
12
11
11
18
39
8
42
9
8
17
62
6
12
12
7
13
13
11
14
5
7
4
18
16
28
14
21
27
36
12
15
10
12
12
20
24
8
23
22
6
15
31
14
7
24
9
22
18
24
14
7
80
9
9
6
35
13
35
4
16
59
17
20
8
18
11
25
12
23
14
13
25
17
14
13
13
20
30
12
20
23
22
28
38
16
14
14
14
41
22
12
17
61
17
8
3
23
10
16
23
19
115
8
23
12
11
16
6
15
16
9
10
9
10
13
14
19
13
12
18
24
14
13
20
16
14
11
30
21
19
13
28
22
20
9
40
12
28
14
9
26
2
26
30
17
30
27
12
13
37
16
121
16
11
11
30
9
11
28
9
47
17
12
38
13
11
9
9
13
10
9
6
30
13
12
28
22
15
24
16
17
9
16
19
7
19
15
11
32
10
9
8
19
9
6
75
12
12
11
19
86
11
10
32
15
12
6
18
14
24
19
13
28
11
19
21
12
508
13
40
17
16
6
20
813
15
10
27
13
23
99
13
18
20
10
23
12
12
21
12
7
20
17
22
28
18
24
48
19
28
36
11
27
12
8
22
257
8
12
40
39
7
20
13
14
14
13
22
22
21
10
25
14
13
7
49
25
17
9
8
162
46
16
16
18
7
9
8
9
32
13
15
5
10
7
2
14
20
16
14
20
32
20
16
34
15
239
12
4
12
15
6
28
18
11
13
12
20
12
15
22
6
15
36
25
8
8
50
27
2
12
13
6
12
27
45
17
9
11
10
24
17
16
28
24
87
14
26
153
13
36
20
20
26
23
12
18
30
31
13
23
17
12
16
7
12
13
18
14
27
12
12
19
19
17
8
29
12
137
8
12
7
18
17
8
13
22
17
11
22
13
35
14
67
15
19
7
10
21
28
9
15
16
10
11
14
22
16
18
14
9
6
15
16
16
16
10
23
9
11
19
30
79
25
12
22
35
11
16
22
52
223
28
192
14
8
5
12
7
9
17
7
22
37
13
10
11
34
9
9
6
65
18
11
10
25
8
6
14
27
14
8
18
9
14
17
26
10
11
6
15
26
16
20
10
15
18
12
16
14
10
13
26
38
11
23
43
74
8
11
27
119
15
32
24
14
9
17
26
32
13
9
5
16
6
17
11
119
12
38
14
21
26
23
326
7
18
18
22
11
22
24
16
11
13
11
17
15
11
70
23
12
16
26
8
19
17
16
20
345
7
12
12
8
14
18
22
29
31
13
18
16
8
22
11
31
36
19
28
11
8
11
9
15
12
20
13
13
21
66
13
20
12
27
5
69
26
18
13
10
14
13
9
29
25
34
19
14
20
116
15
16
14
19
33
17
4
16
22
10
17
12
9
11
11
10
20
21
12
13
19
13
24
8
16
11
63
7
14
21
11
7
12
16
17
7
11
10
16
12
21
29
36
70
12
14
8
84
13
16
10
43
8
10
8
16
20
15
22
13
12
17
13
14
15
12
14
12
13
17
89
50
76
36
22
8
17
114
10
128
135
21
9
14
17
6
15
22
24
17
8
11
13
27
12
15
12
14
26
8
23
27
14
23
25
17
17
9
32
12
16
11
31
46
6
28
9
11
19
28
14
11
30
18
12
64
18
11
15
21
6
12
7
14
9
17
100
9
515
31
16
19
24
10
17
11
21
15
11
116
8
25
12
29
27
16
6
17
17
22
7
11
7
30
6
4
10
23
13
10
11
14
12
14
25
13
10
1
10
16
18
18
37
39
12
17
13
21
26
14
95
3
12
22
14
12
16
9
23
10
21
22
30
20
15
5
15
6
25
15
14
16
18
8
10
393
17
13
13
13
27
12
9
20
15
10
11
22
32
7
57
20
15
22
50
23
77
23
17
21
39
27
10
12
17
19
9
16
6
19
9
10
21
13
26
9
10
5
13
14
15
20
11
15
196
10
9
32
6
7
16
13
45
10
24
11
13
9
6
15
8
28
13
14
13
11
18
26
33
12
14
9
15
8
10
8
12
17
11
26
13
14
25
7
29
12
8
24
22
11
12
9
6
19
14
20
8
10
18
24
10
12
27
15
25
12
8
13
8
8
10
13
99
8
12
16
15
5
8
15
35
23
17
13
19
14
13
38
18
10
22
43
13
17
16
13
12
22
10
8
19
26
17
18
11
13
15
7
5
10
15
8
8
13
20
12
7
9
19
23
5
8
17
31
8
24
9
18
8
12
14
14
5
16
15
15
12
26
18
11
125
1
26
19
7
11
14
38
19
22
20
23
17
79
16
28
12
11
5
85
7
22
16
12
18
15
10
16
18
17
17
9
27
7
20
16
37
9
4
16
20
13
21
20
16
14
26
14
13
12
10
9
21
7
9
9
16
4
44
7
5
21
16
8
11
7
10
16
8
23
9
12
17
73
42
15
22
29
8
21
11
8
17
13
21
6
14
23
12
16
14
18
10
9
47
17
28
25
8
13
15
22
35
29
25
2
16
29
12
33
19
12
10
34
23
20
33
12
29
17
11
17
9
17
9
21
42
10
8
14
31
25
3
20
5
20
51
14
10
17
11
18
6
16
10
9
14
8
16
36
79
15
12
23
23
11
41
16
23
45
26
12
6
11
11
51
7
21
15
10
14
25
9
6
15
9
16
27
32
41
35
16
15
116
24
24
19
16
11
12
11
13
13
12
27
23
53
8
272
15
12
12
8
37
10
23
21
21
25
17
9
5
13
19
13
21
42
21
11
54
20
24
18
21
20
12
11
14
27
23
12
16
21
9
18
13
66
18
27
11
44
11
18
25
8
4
44
20
12
16
13
19
19
69
10
15
17
30
9
13
15
11
9
7
16
151
33
14
37
23
13
15
9
13
18
17
15
13
19
11
7
16
10
15
114
7
13
21
16
9
8
17
18
23
11
6
17
26
11
13
34
11
24
17
16
8
22
12
7
7
9
12
24
22
20
24
17
10
31
10
13
4
10
14
11
9
21
18
18
43
26
8
23
17
20
24
20
16
6
19
22
23
10
12
11
12
22
22
19
11
23
58
12
8
77
13
5
16
13
13
153
15
16
16
7
7
12
11
10
22
15
15
23
14
11
12
56
21
23
14
35
19
18
31
43
18
16
14
10
7
10
15
8
12
9
60
23
93
11
17
12
19
11
21
26
7
40
17
6
13
22
50
25
29
10
5
25
13
24
9
22
11
20
33
18
17
10
11
13
31
27
192
12
24
15
12
8
7
12
14
27
5
39
19
15
18
6
81
16
9
17
6
30
27
16
10
7
16
73
22
27
15
15
10
25
16
12
13
24
11
13
10
8
26
22
20
33
18
19
15
11
11
16
24
10
16
6
12
18
9
22
14
12
67
11
75
24
15
17
21
80
44
15
9
6
112
22
7
72
16
12
17
16
13
22
10
15
10
11
13
12
10
16
8
9
10
13
19
9
17
13
38
16
16
30
13
16
22
6
17
18
6
9
35
20
10
17
4
17
12
24
24
31
27
30
8
15
6
24
16
15
4
16
41
18
8
6
15
103
14
28
33
8
14
14
14
8
11
29
8
14
65
6
33
3
2
11
9
9
16
17
14
45
10
11
14
14
7
14
35
19
16
13
16
13
25
24
8
12
21
21
39
8
13
5
30
18
16
7
12
36
6
11
17
33
6
8
30
12
17
15
14
13
23
28
12
6
6
12
14
9
17
10
11
14
15
21
8
14
9
10
25
7
15
17
9
13
15
17
15
73
17
23
10
21
15
14
6
23
11
17
8
15
21
12
14
17
18
14
17
51
16
18
19
8
7
10
15
12
16
36
10
18
14
10
27
19
12
23
5
19
21
44
13
99
15
10
18
25
8
17
16
19
10
9
12
18
19
17
6
5
13
14
10
14
26
7
6
8
9
12
11
16
22
35
13
16
21
17
20
8
12
29
31
25
15
46
13
16
18
17
18
15
19
15
35
83
7
5
15
12
27
13
25
8
7
15
19
8
8
13
11
114
16
23
35
27
11
27
20
13
21
46
39
19
19
13
9
14
42
11
6
14
13
17
20
11
11
30
10
23
11
15
15
8
11
24
14
17
56
27
28
12
21
9
22
43
16
24
22
16
8
22
5
11
15
17
22
7
19
24
9
19
4
17
6
27
9
12
12
13
21
12
8
22
20
9
18
31
37
19
9
9
4
14
36
23
7
8
20
8
78
28
21
10
126
31
22
20
9
16
7
11
139
9
34
12
11
4
56
21
13
14
17
26
9
10
15
20
9
20
14
14
17
15
12
22
12
26
13
22
19
14
16
39
15
8
19
19
12
13
14
10
22
11
17
13
14
19
10
15
31
14
6
19
13
58
71
9
16
50
14
7
20
10
17
14
11
13
9
37
11
10
22
18
36
23
23
11
13
10
6
16
21
37
19
13
14
32
45
67
16
12
10
28
12
17
15
10
12
11
51
19
19
12
6
52
16
12
12
20
17
12
17
18
56
31
24
9
12
12
19
19
43
11
18
21
23
22
24
23
20
17
7
14
8
12
17
28
16
173
12
9
9
15
23
29
31
7
19
34
22
11
12
53
23
18
17
12
10
14
16
16
16
24
11
9
13
13
11
22
45
13
36
23
19
26
14
28
11
19
12
16
13
17
17
9
17
19
136
13
13
24
10
16
18
15
9
23
7
16
16
11
12
14
20
20
15
19
8
131
8
15
36
30
9
12
17
17
9
28
7
27
13
16
40
18
10
18
28
24
19
13
37
11
6
4
17
10
18
19
13
17
11
376
17
5
17
9
19
9
10
6
17
14
24
15
12
14
27
34
9
17
20
16
19
20
9
43
16
18
34
11
19
12
15
32
14
24
11
9
20
57
30
9
23
9
13
14
12
10
28
9
20
16
11
7
12
24
4
25
29
31
23
10
21
67
14
10
10
6
14
14
24
23
17
6
12
11
14
8
19
53
16
16
82
5
330
16
13
15
18
16
19
12
68
15
22
15
7
13
16
16
24
13
14
186
133
15
21
34
30
6
20
28
121
9
14
12
18
10
7
26
22
18
15
15
53
9
27
21
8
18
23
11
8
7
13
8
22
11
9
18
10
11
10
6
29
13
26
13
12
9
14
14
24
17
9
6
21
13
15
11
13
226
21
29
9
15
23
9
16
16
19
5
12
15
18
8
16
30
18
16
16
12
15
9
13
14
14
7
15
19
13
5
22
18
53
17
13
29
22
38
17
64
34
8
15
15
6
11
23
20
23
15
4
11
14
18
5
16
17
17
36
20
30
8
20
11
65
7
19
20
13
13
33
22
18
6
7
11
30
11
6
14
9
15
17
29
17
14
9
15
6
17
22
19
16
22
7
17
16
21
15
10
70
20
22
12
15
9
11
34
405
16
10
9
78
17
15
9
11
19
25
13
13
27
22
11
13
8
12
10
6
25
17
17
17
12
18
7
13
11
20
10
19
19
10
3
7
23
5
19
16
14
13
43
8
16
18
17
9
15
24
12
15
25
68
23
11
20
43
15
19
15
17
21
18
5
32
13
14
15
32
16
24
20
16
14
25
11
19
24
15
29
19
23
13
12
22
15
15
13
24
13
26
17
8
31
13
13
15
13
23
14
17
18
13
10
18
6
47
21
24
40
20
8
14
13
30
66
27
38
12
10
11
19
11
18
17
3
27
20
21
11
25
9
31
7
10
9
5
45
11
25
29
22
13
11
12
22
22
11
12
18
16
17
13
22
28
46
6
66
14
61
6
19
22
3
22
12
9
54
28
27
64
7
24
15
14
22
32
20
29
7
17
101
9
9
9
21
23
41
10
10
29
7
13
13
16
7
13
128
20
10
65
89
10
21
10
7
9
10
47
10
8
19
12
106
4
9
14
10
9
3
34
11
10
30
20
15
20
12
10
15
180
20
25
16
14
11
14
28
12
5
21
26
15
25
11
10
22
16
14
19
37
24
11
12
18
10
42
10
11
92
11
11
23
12
29
20
15
9
10
9
27
11
12
14
39
12
19
41
27
20
9
14
12
19
9
16
20
14
14
11
21
24
12
14
9
23
13
21
40
13
9
7
12
9
14
8
7
5
8
33
14
9
24
13
12
14
18
31
14
8
42
15
25
13
18
18
15
27
42
16
18
3
18
17
17
9
21
13
17
7
14
56
25
22
79
14
12
12
20
6
23
10
10
39
19
14
15
13
59
104
10
54
19
18
22
84
33
36
53
17
43
9
9
12
16
22
25
11
7
17
18
14
19
9
80
25
10
9
13
15
16
10
18
12
11
18
12
7
10
25
9
15
9
21
12
16
19
15
7
12
16
7
11
15
13
13
15
31
11
15
11
47
16
19
7
31
20
20
71
29
8
86
14
20
11
21
78
32
46
11
7
12
33
10
13
29
16
24
24
15
11
16
12
6
9
18
17
14
77
26
5
20
13
20
18
16
32
18
21
18
10
12
11
25
32
12
16
13
45
15
21
125
18
13
5
8
16
11
15
15
20
6
14
9
31
13
6
17
19
35
18
36
6
47
17
28
14
23
102
10
11
40
7
7
8
14
9
15
16
28
10
9
13
32
12
10
5
18
21
13
14
14
24
12
14
15
24
23
9
11
9
8
20
17
14
12
11
13
11
12
4
14
22
24
5
11
30
10
12
39
14
11
59
13
18
17
10
12
16
9
15
14
14
10
16
34
17
10
9
17
22
12
26
11
9
18
83
7
13
14
11
11
6
236
5
11
17
19
87
10
12
41
17
18
11
20
17
14
12
26
19
11
5
10
31
8
24
28
6
9
30
45
63
18
6
8
10
9
18
17
12
38
11
28
33
2
27
11
4
14
23
8
31
8
12
9
12
16
17
17
22
12
7
20
34
19
7
11
15
13
11
67
11
14
6
12
92
9
6
61
16
15
15
13
15
10
39
15
65
16
15
30
15
13
35
16
35
26
18
12
12
17
7
17
13
6
11
25
62
78
15
14
29
31
8
8
10
29
24
24
36
10
13
24
13
27
21
19
22
43
10
6
16
7
8
8
11
5
37
14
24
17
26
10
11
13
28
22
7
11
18
17
16
18
21
12
37
26
19
18
14
10
9
14
17
60
13
23
19
17
6
14
32
14
11
9
11
6
5
7
8
16
7
13
13
26
27
19
33
10
15
20
31
11
26
4
23
10
13
16
9
36
30
25
122
9
8
13
24
13
26
28
16
25
13
25
4
10
20
23
13
16
18
31
12
18
13
38
18
28
23
2
29
14
23
25
13
7
13
20
16
9
18
17
20
8
10
32
11
12
7
24
15
22
23
12
18
11
11
10
11
10
24
8
9
7
18
12
14
20
10
19
23
34
10
12
17
31
19
24
18
23
17
25
101
5
6
9
13
76
23
35
9
16
16
45
12
18
15
11
12
12
9
46
8
1136
2
20
40
18
15
12
12
13
102
17
11
10
14
8
17
19
94
13
19
11
10
43
15
13
26
16
10
30
13
12
21
35
5
9
15
15
15
5
23
12
13
36
22
24
10
22
19
15
7
6
17
20
47
18
27
30
11
19
24
19
12
7
21
22
12
16
9
14
15
8
13
16
13
57
16
27
24
20
13
15
15
6
27
19
7
29
16
4
14
10
13
9
18
29
26
13
18
39
5
25
13
37
12
11
15
3
17
8
16
8
12
27
17
30
15
16
20
17
18
20
18
19
16
18
9
16
6
18
11
56
12
6
29
10
28
44
8
20
22
20
19
13
25
17
8
4
25
21
24
26
19
11
23
14
11
19
20
17
11
21
80
37
10
14
9
18
12
9
11
9
11
14
11
14
14
12
21
26
14
14
11
5
4
12
12
15
9
10
8
8
13
9
5
8
25
10
20
14
9
7
14
15
43
14
12
17
20
18
17
10
19
22
14
12
9
49
18
13
10
12
11
33
10
8
7
15
25
13
12
35
9
18
9
26
12
24
23
11
11
10
16
14
11
12
20
17
11
9
21
11
23
19
4
17
12
25
31
39
17
18
22
27
16
6
21
26
14
9
14
9
162
18
18
15
86
18
16
16
13
6
13
24
9
23
10
17
10
1009
12
18
10
13
23
26
70
27
14
27
19
41
22
19
11
17
14
12
26
20
12
16
18
13
28
18
25
14
12
21
23
6
10
14
16
11
21
11
20
19
11
17
20
28
10
9
18
20
112
11
6
4
26
66
11
12
6
11
13
11
19
19
2
23
26
13
18
59
5
11
88
17
28
21
10
20
26
17
18
23
21
14
7
18
14
29
22
20
7
9
23
11
10
9
17
13
14
8
13
189
29
25
29
7
13
28
25
53
9
21
110
11
18
10
109
10
18
16
12
13
604
40
23
5
35
9
34
7
17
11
6
16
17
30
11
15
24
10
32
24
10
36
44
7
26
17
29
6
20
26
44
7
18
38
13
19
20
53
7
10
15
14
16
13
26
32
16
5
16
10
21
21
24
52
9
9
12
13
11
16
16
9
16
14
17
14
12
18
28
13
13
28
4
15
26
20
20
16
28
22
10
38
14
16
11
8
15
27
19
31
18
216
7
8
8
21
8
26
15
10
13
8
9
8
10
17
9
16
11
11
8
4
10
16
14
14
36
24
18
8
16
18
32
20
20
18
17
14
94
11
46
6
11
12
10
13
17
10
9
11
33
10
10
17
6
14
11
14
8
12
8
28
14
10
11
19
6
11
8
6
16
12
20
7
21
12
