0
0
3
0
5
0
0
0
1
0
0
0
0
0
8
0
0
0
0
2
3
6
0
0
1
4
0
4
1
0
1
4
20
259
0
10
1
1
1
8
2
4
4
3
96
1
20
0
23
0
1
0
0
0
4
0
19
0
1
4
0
0
1
12
20
0
2
5
2
2
6
0
0
12
1
1
1
0
2
0
0
1
1
1
0
0
2
1
0
8
3
10
7
8
0
0
4
1
0
27
5
4
0
0
3
0
5
1
0
0
1
26
10
4
30
7
4
8
15
2
1
1
0
6
0
4
0
0
0
2
20
10
8
18
0
0
0
1
1
1
6
3
6
0
1
14
1
0
2
7
0
0
7
0
54
0
0
24
4
1
3
1
0
0
0
1
7
2
1
0
11
2
0
2
0
0
0
0
7
1
1
1
0
1
12
0
4
1
7
3
0
2
5
0
1
0
7
1
1
965
0
1
10
1
0
3
2
0
3
1
9
2
0
2
8
4
0
0
2
0
0
9
4
29
3
0
32
0
0
8
0
1
7
1
2
2
0
3
0
3
2
8
0
1
6
5
0
0
2
0
0
0
14
1
0
10
0
7
43
1
1
1
1
4
2
1
0
0
0
1
31
1
0
1
0
1
0
1
0
1
3
1
5
0
1
1
0
1
13
5
54
1
0
0
1
1
1
0
2
3
5
0
0
0
0
1
7
0
0
0
0
12
0
0
1
3
1
0
0
0
0
6
1
1
0
0
15
25
1
11
0
1
2
8
0
1
2
1
1
4
0
5
4
7
0
0
0
1
2
0
2
25
1
1
37
0
8
0
12
1
0
62
1
0
18
13
1
0
3
0
1
5
0
0
1
0
6
2
0
1
0
0
0
4
0
0
1
2
0
24
1
0
0
0
0
0
0
0
2
4
0
16
4
4
10
0
1
0
0
0
5
1
0
0
4
1
2
43
0
1
0
0
0
5
1
9
1
0
98
1
0
1
2
4
1
25
8
0
1
20
1
1
1
10
0
0
1
47
7
6
0
4
0
9
1
0
5
0
84
0
0
2
1
0
42
11
1
0
0
2
12
1
45
1
0
0
7
0
0
0
254
0
168
0
7
0
0
1
1
0
3
1
0
6
1
0
0
1
4
0
0
0
3
0
5
0
0
0
1
0
0
0
0
0
8
0
0
0
0
2
3
6
0
0
1
4
0
4
1
0
1
4
20
259
0
10
1
1
1
8
2
4
4
3
96
1
20
0
23
0
1
0
0
0
4
0
19
0
1
4
0
0
1
12
20
0
2
5
2
2
6
0
0
12
1
1
1
0
2
0
0
1
1
1
0
0
2
1
0
8
3
10
7
8
0
0
4
1
0
27
5
4
0
0
3
0
5
1
0
0
1
26
10
4
30
7
4
8
15
2
1
1
0
6
0
4
0
0
0
2
20
10
8
18
0
0
0
1
1
1
6
3
6
0
1
14
1
0
2
7
0
0
7
0
54
0
0
24
4
1
3
1
0
0
0
1
7
2
1
0
11
2
0
2
0
0
0
0
7
1
1
1
0
1
12
0
4
1
7
3
0
2
5
0
1
0
7
1
1
965
0
1
10
1
0
3
2
0
3
1
9
2
0
2
8
4
0
0
2
0
0
9
4
29
3
0
32
0
0
8
0
1
7
1
2
2
0
3
0
3
2
8
0
1
6
5
0
0
2
0
0
0
14
1
0
10
0
7
43
1
1
1
1
4
2
1
0
0
0
1
31
1
0
1
0
1
0
1
0
1
3
1
5
0
1
1
0
1
13
5
54
1
0
0
1
1
1
0
2
3
5
0
0
0
0
1
7
0
0
0
0
12
0
0
1
3
1
0
0
0
0
6
1
1
0
0
15
25
1
11
0
1
2
8
0
1
2
1
1
4
0
5
4
7
0
0
0
1
2
0
2
25
1
1
37
0
8
0
12
1
0
62
1
0
18
13
1
0
3
0
1
5
0
0
1
0
6
2
0
1
0
0
0
4
0
0
1
2
0
24
1
0
0
0
0
0
0
0
2
4
0
16
4
4
10
0
1
0
0
0
5
1
0
0
4
1
2
43
0
1
0
0
0
5
1
9
1
0
98
1
0
1
2
4
1
25
8
0
1
20
1
1
1
10
0
0
1
47
7
6
0
4
0
9
1
0
5
0
84
0
0
2
1
0
42
11
1
0
0
2
12
1
45
1
0
0
7
0
0
0
254
0
168
0
7
0
0
1
1
0
3
1
0
6
1
0
0
1
4
0
0
0
0
0
29
1
2
1
13
0
0
0
10
2
0
1
1
2
0
0
7
0
0
36
1
8
34
40
4
2
2
2
0
7
1
2
0
0
1
0
0
0
3
2
3
4
14
1
6
1
1
0
0
2
0
0
4
2
0
0
0
0
1
0
1
0
11
0
8
9
6
8
0
0
2
6
1
4
0
4
0
0
2
2
1
0
19
1
7
5
0
9
1
3
0
1
2
0
0
8
0
3
0
0
0
1
10
7
38
0
1
0
1
0
0
0
5
0
1
0
119
0
4
8
0
0
0
21
1
1
1
6
0
0
1
0
0
38
11
6
0
2
0
0
3
0
1
0
0
0
5
0
4
2
4
0
1
4
9
0
2
3
2
8
0
0
1
10
2
1
0
0
52
4
0
1
4
2
10
10
0
3
15
0
0
1
6
0
1
87
2
0
4
0
0
0
1
21
0
0
2
2
2
13
0
0
0
0
4
10
1
2
8
2
2
1
1
1
0
7
0
0
4
3
0
0
0
3
0
0
1
0
11
11
2
0
0
15
27
0
7
0
5
1
7
2
9
2
6
0
0
1
1
0
0
42
1
0
0
6
15
1
0
1
7
0
0
0
0
0
3
0
0
3
1
2
0
6
1
10
2
7
28
1
84
0
0
1
8
8
1
0
0
0
0
2
5
1
3
7
6
0
8
1
0
18
19
0
2
0
0
3
22
4
5
0
9
0
81
69
3
2
0
0
3
0
0
0
0
0
1
0
0
4
1
1
9
1
1
2
0
1
0
6
7
11
0
192
43
1
12
3
0
0
12
1
2
2
7
1
0
0
0
0
0
2
1
0
0
5
27
1
2
2
2
0
1
2
0
3
0
0
0
1
0
1
1
1
0
0
50
1
3
14
2
0
0
3
3
2
4
0
2
30
0
1
0
3
1
1
1
1
0
5
0
0
0
2
0
0
7
1
0
0
0
8
12
0
0
4
0
1
151
0
0
0
4
0
0
4
1
14
13
22
10
13
10
4
1
1
5
0
0
1
0
0
0
0
1
0
1
1
0
0
0
1
11
0
1
0
2
28
1
1
0
6
19
2
0
14
0
0
20
72
0
1
0
3
0
0
0
15
4
0
8
6
0
11
2
2
7
0
0
12
0
1
2
9
0
3
2
1
1
0
2
0
1
0
1
1
1
5
0
1
0
0
0
1
0
1
0
1
0
29
6
3
1
6
0
2
2
0
2
1
2
0
22
3
1
8
3
12
1
1
4
1
8
3
2
2
6
2
0
1
0
18
1
13
1
7
4
52
0
5688
1
0
1
0
0
0
26
0
0
1
2
3
1
3
4
2
1
3
3
4
0
0
11
0
0
1
6
3
1
2
2
0
1
0
1
8
3
0
6
0
1
111
562
2
0
0
7
14
10
0
0
0
3
1
2
1
2
15
1
0
1
0
4
2
59
3
0
5
1
0
0
0
0
1
6
2
1
13
1
0
0
0
2
1
0
2
1
3
48
5
0
0
2
0
2
0
1
1
0
0
3
0
3
1
2
0
7
1
0
4
12
6
0
1
4
6
0
0
0
3
2
1
0
2
100
1
4
42
7
2
1
12
0
0
0
0
5
3
23
35
0
0
0
1
15
1
2
9
2
1
2
0
0
2
0
4
27
13
0
6
1
0
1
0
0
4
1
2
0
0
3
0
0
0
4
0
2
1
1
57
0
1
0
0
4
0
4
0
1
7
30
0
0
20
8
1
0
0
585
2
6
1
0
0
0
0
0
0
1
1
20
0
2
0
1
35
0
0
68
2
0
2
20
12
2
0
0
2
0
0
1
1
0
2
0
0
0
0
2
1
3
0
7
3
0
0
2
4
2
13
0
0
3
2
0
2
0
0
0
1
0
15
1
0
2
2
12
1
0
0
1
10
1
2
0
5
1
0
0
0
0
8
6
3
5
2
0
0
0
0
2
0
1
12
0
3
0
6
4
0
0
0
3
0
0
6
0
2
2
3
0
0
3
0
1
0
0
2
1
0
5
5
4
1
0
18
13
11
0
4
0
0
0
0
0
1
0
3
4
516
9
10
0
3
0
0
0
0
0
0
2
2
0
0
32
2
0
0
2
0
0
155
0
0
0
6
4
1
1
1
9
0
4
0
0
0
12
9
21
0
0
2
2
2
0
0
0
0
0
2
5
0
0
0
5
1
0
6
0
0
0
1
0
0
2
0
0
0
0
0
5
1
1
2
3
1
2
0
21
1
1
0
0
2
0
0
0
0
1
0
59
4
0
13
9
2
0
0
3
6
56
35
0
0
1
1
1
23
0
13
7
0
0
25
0
3
13
1
0
1
1
0
0
1
47
7
0
0
3
0
4
3
0
1
10
3
4
0
1
1
6
12
0
1
0
0
2
2
0
0
1
2
1
1
3
0
1
1
1
0
2
0
0
0
0
2
0
1
0
7
0
5
9
1
6
10
1
0
2
15
6
3
1
1
0
0
0
0
5
2
2
0
0
0
0
2
6
2
0
0
0
49
1
0
2
3
12
0
1
15
1
2
0
0
29
0
2
2
1
4
1
0
0
0
0
0
77
1
537
1
3
1
0
2
4
3
2
0
1
2
0
0
2
2
2
0
0
0
0
3
6
15
2
13
1
2
0
1
1
1
1
13
1
13
0
5
1
3
28
4
3
1
8
32
0
0
0
1
1
0
1
0
1
0
4
0
7
1
0
0
2
0
0
0
1
0
7
0
1
2
0
0
0
0
0
13
0
1
2
4
0
0
2
0
11
0
3
10
0
0
4
0
3
10
0
0
5
0
3
0
0
0
1
4
0
0
3
2
29
0
0
13
1
0
6
1
2
3
1
4
2
0
1
1
1
16
35
1
0
1
1
1
0
10
3
16
0
0
12
1
0
1
1
0
5
1
0
2
0
2
1
0
8
2
0
0
0
3
1
123
13
0
1
238
0
2
1
0
1
1
12
0
50
6
4
19
0
0
0
0
0
0
1
0
18
1
0
0
1
8
2
0
1
0
3
19
0
2
0
0
1
0
0
5
1
1
1
0
50
0
1
1
1
5
1
1
1
4
0
1
0
25
7
0
1
5
1
8
0
0
0
0
0
2
49
0
17
0
2
51
0
0
7
1
0
0
1
0
0
0
0
0
0
3
10
0
1
0
53
0
0
0
3
0
7
0
5
18
0
3
24
1
1
6
2
17
1
11
61
18
9
0
0
0
3
0
17
7
1
2
0
3
1
1
1
1
3
2
2
1
0
1
11
7
2
0
2
1
1
0
1
1
2
0
0
6
0
0
0
1
2
5
1
0
1
0
2
0
0
1
0
0
2
1
2
4
13
0
0
1
0
1
0
3
4
0
1
0
0
103
1
0
0
10
3
0
24
1
0
2
2
4
0
2
0
2
2
1
1
1
0
1
3
1
0
1
0
0
0
1
5
2
0
1
2
4
1
0
6
2
0
11
0
0
0
2
2
1
1
3
0
0
1
1
0
1
4
0
0
1
13
0
0
0
0
101
4
13
0
9
1
1
2
0
1
0
0
1
0
2
3
3
4
0
11
1
1
0
2
1
8
0
0
0
3
2
0
22
1
1
1
1
1
1
33
10
1
0
1
0
0
0
2
4
45
5
0
5
0
0
0
0
2
1
0
1
0
0
2
1
1
1
25
3
0
0
3
10
3
1
0
0
0
8
0
1
0
6
3
0
4
0
4
0
0
0
1
0
12
0
12
0
2
28
0
8
0
1
1
14
3
0
1
3
0
3
0
3
0
0
28
0
0
1
0
0
0
2
1
2
1
0
0
2
1
3
0
0
1
6
0
1
21
0
0
3
0
2
1
1
0
1
1
86
0
0
11
2
0
8
2
0
0
2
67
0
85
3
0
0
3
3
2
3
4
3
1
10
5
2
0
0
99
2
4
0
1
29
0
1
1
5
0
1
1
0
0
0
0
1
1
1
0
1131
0
0
0
3
31
0
7
0
0
0
0
1
0
0
4
0
1
0
1
11
4
1
1
0
0
0
0
1112
13
89
1
12
2
51
0
0
0
1
4
0
0
0
1
2
16
2
10
5
2
1
6
0
0
0
0
1
0
0
1
0
0
1
4
1
3
0
9
0
2
27
0
5
0
2
0
2
72
0
0
0
0
0
0
0
0
2
17
1
1
1
0
0
7
45
8
0
0
0
0
6
2
0
3
0
6
0
6
1
3
0
0
1
0
0
0
0
2
0
4
0
0
0
0
1
0
0
1
15
7
0
2
2
16
0
4
0
2
6
0
0
8
7
5
0
9
2
1
1
9
0
1
5
0
212
0
0
1
0
0
0
0
144
2
2
1
0
1
2
0
0
0
0
0
0
0
12
0
0
1
4
1
1
0
0
0
0
0
1
3
1
41
16
0
2
7
11
13
0
13
0
16
4
9
0
1
0
59
1
0
0
0
0
0
2
2
2
1
5
4
0
212
6
5
0
0
1
2
21
3
0
3
1
1
13
114
0
1
0
0
0
2
2
7
2
7
0
3
38
0
34
0
0
5
0
8
4
0
0
0
1
2
5
1
0
1
1
0
0
6
3
0
1
72
1
8
16
19
3
4
57
7
0
8
695
7
10
2
0
0
0
8
0
0
0
0
1
0
1
21
0
5
5
0
0
0
0
4
0
0
0
0
1
36
4
7
0
0
9
6
2
16
0
21
24
5
0
3
12
0
0
16
1
3
0
0
0
2
0
22
0
0
0
3
3
35
1
40
1
19
0
0
0
1
0
4
1
26
23
0
2
0
0
2
0
2
2
1
9
14
0
1
4
22
0
0
0
10
22
7
0
0
0
1
0
4
1128
0
228
0
3
6
0
1
3
14
5
4
2
1
5
2
0
85
13
1
0
0
0
5
0
1
0
0
0
6
3
3
3
1
0
1
0
0
3
0
1
0
2
2
7
4
18
0
1
0
0
2
1
0
3
0
0
0
4
0
0
6
3
4
0
8
0
4
8
1
0
64
53
2
3
0
0
5
0
2
4
0
1
0
0
2
7
6
1
9
0
0
2
0
0
20
0
0
0
0
2
0
0
0
1
0
0
0
0
1
1
2
0
0
3
3
11
0
4
3
0
6
7
0
7
0
0
0
2
0
4
1
0
2
1
11
2
3
12
6
1
0
1
1
0
1
8
0
1
0
5
6
0
0
0
1
0
1
6
0
11
3
0
0
1
2
1
2
1
0
1
0
3
0
0
13
4
1
15
0
1
5
0
2
0
0
2
6
3
2
3
0
0
0
3
9
0
11
1
3
18
0
36
3
11
13
0
0
13
16
1
3
20
0
2
7
0
2
1
2
0
1
0
6
12
0
1
9
0
0
6
0
15
0
0
1
0
0
1
0
0
4
0
0
7
1
0
0
1
2
8
0
3
2
0
0
0
1
46
1
0
1
1
1
0
0
0
0
14
12
0
4
1
0
0
1
4
2
0
2
2
0
4
0
0
0
1
0
0
3
3
1
3
1
2
0
2
1
0
5
0
21
0
2
4
0
0
4
0
0
1
0
0
1
23
0
10
51
2
6
0
0
18
4
1
0
0
3
7
5
1
1
1
0
0
12
16
0
8
4
7
0
0
0
0
117
2
0
0
1
0
26
0
0
0
0
1
0
5
0
0
2
3
1
0
0
13
15
3
1
0
0
0
4
0
1
2
1
1
1
0
226
0
37
0
1
1
20
0
1
0
32
0
1
0
1
0
3
0
0
1
3
5
1
3
567
1
8
11
0
1
0
26
0
5
0
1
1
0
0
0
0
0
4
2
0
6
0
8
0
1
11
1
0
0
12
0
0
0
0
1
0
1
0
0
0
2
0
1
2
0
1
2
0
3
8
0
21
1
0
0
0
1
5
3
0
97
0
0
0
0
0
1
0
1
0
0
0
5
0
5
1
1
2
0
2
2
0
1
5
2
0
4
1
1
0
0
1
0
1
2
2
0
0
13
0
3
1
1
2
0
1
1
2
0
0
28
0
3
28
4
0
1
1
1
6
71
20
1
0
0
0
15
3
3
3
10
7
25
5
0
19
5
4
0
0
8
6
0
1
0
0
0
0
0
0
0
2
0
3
0
3
7
57
3
1
7
4
6
1
1
49
0
1
5
0
0
0
0
0
0
1
2
0
0
1
6
12
4
14
2
1
9
9
3
7
1
18
0
0
1
0
0
4
1
0
1
0
0
0
0
85
0
0
4
3
3
1
3
4
1
0
0
0
2
0
1
4
0
6
0
144
1
15
28
0
0
20
14
2
4
42
98
3
1
11
1
0
1
3
6
1
1
0
0
1
13
0
0
1
9
35
0
0
6
0
1
0
0
19
0
1
128
1
3
0
0
1
17
0
0
12
1
0
1
7
0
0
2
0
8
3
0
42
10
1
0
0
2
0
38
4
0
2
1
0
0
8
3
3
5
3
0
4
10
0
3
0
1
3
1
1
1
0
1
0
0
9
2
1
0
0
1
1
3
6
4
0
0
0
4
9
2
2
0
22
0
3
2
1
1
0
5
0
0
13
1
3
2
0
14
0
0
31
4
1
2
0
0
0
7
8
0
1
0
0
0
4
3
0
0
2
20
1
239
0
2
0
0
0
0
0
2
0
3
1
15
1
4
0
3
3
0
0
11
1
0
1
0
2
0
28
4
0
0
2
2
11
3
7
11
0
2
1
5
0
7
6
4
1
0
0
0
0
51
0
3
4
0
10
2
14
3
0
3
0
2
1
84
1
1
0
0
0
27
0
2
4
2
3
6
2
3
0
1
0
37
3
11
5
0
0
2
0
0
6
0
3
2
32
4
0
0
0
2
0
136
0
0
0
1
2
0
0
0
3
1
0
67
3
32
6
2
5
17
0
2
1
0
1
4
2
19
0
3
0
0
2
1
0
0
3
8
0
0
2
0
3
22
7
1
0
0
0
1
1
1
3
3
0
0
0
8
0
5
8
0
0
8
4
7
1
7
1
1
2
2
0
0
1
36
0
1
862
0
0
1
3
1
1
1
1
3
5
0
0
2
23
1
2
0
18
0
1
2
0
3
0
5
13
0
2
0
7
0
3
1
0
0
1
0
0
0
1
0
0
1
22
0
8
1
5
1
20
0
0
2
9
0
4
0
2
0
0
0
0
0
2
0
1
6
1
0
1
3
0
1
0
0
1
0
4
0
0
7
4
0
3
0
5
8
0
1
0
123
19
8
11
2
3
1
3
5
0
0
1
1
0
10
1
8
0
4
2
0
44
0
0
4
2
9
1
0
0
0
1
1
0
6
1
0
0
0
0
0
0
31
0
0
2
0
0
2
0
0
4
0
72
0
23
0
0
10
5
22
2
1
2
0
0
3
2
5
0
14
0
0
10
1
0
14
0
2
3
1
31
0
0
0
10
0
17
5
4
5
0
0
0
4
0
2
5
0
1
0
0
1
5
4
1
5
0
0
1
3
1
0
5
26
0
0
1
0
0
0
2
12
0
11
15
0
67
0
1
4
0
4
31
1
0
464
1
5
0
0
3
37
1
0
0
8
0
0
1
1
1
7
1
0
6
1
7
8
0
1
0
0
1
0
0
0
1
16
1
2
0
1
0
1
2
0
0
13
0
11
8
4
0
3
17
1
4
4
0
2
0
0
0
0
3
0
0
1
6
0
0
1
0
1
0
1
4
0
12
6
2
1
0
2
1
3
3
0
0
2
0
0
1
0
80
1
6
109
1
1
0
0
9
2
2
12
41
0
1
1
0
2
21
2
50
3
3
0
8
0
7
11
1
0
0
49
0
1
1
0
2
6
8
0
2
0
1
19
0
8
1
5
0
0
1
5
0
0
0
3
95
16
0
0
1
0
4
1
5
2
3
0
2
2
0
1
2
1
2
0
0
12
24
0
0
6
2
1
2
0
3
0
1
1
0
0
2
1
1
0
1
6
0
1
0
7
0
5
3
0
11
7
1
13
0
9
0
0
3
0
0
0
0
0
1
2
3
0
4
20
5
1
4
4
9
1
3
2
0
2
0
2
0
0
0
0
1
5
23
0
0
0
3
2
2
0
1
5
5
7
5
1
0
3
11
0
0
5
32
18
1
3
73
1
14
2
0
4
0
4
2
0
0
0
3
46
1
3
1
0
12
0
0
0
0
0
1
9
0
2
0
0
0
0
0
15
1
5
0
0
0
2
14
42
6
2
7
1
19
0
14
0
9
1
1
0
56
2
1
2
8
0
5
0
16
1
0
0
1
0
19
1
1
0
0
2
0
0
0
0
1
16
0
0
14
0
0
2
10
0
1
1
0
3
8
4
3
0
1
5
0
2
1
0
6
0
0
2
0
0
1
0
0
0
0
1
1
3
0
0
0
1
0
8
6
0
3
1
1
112
0
1
0
2
3
0
0
0
2
0
1
0
4
0
0
0
1
2
8
5
0
38
1
0
1
15
2
3
5
4
0
0
0
2
4
4
0
0
12
2
2
3
5
1
2
0
0
0
7
6
0
0
3
2
1
2
0
1
18
12
4
0
2
3
4
8
6
4
11
0
1
1
2
1
2
248
0
1
7
0
0
141
50
0
1
1
12
24
1
45
5
0
0
1
4
5
5
5
0
2
0
1
0
0
0
0
1
2
1
2
2
6
2
9
0
0
1
1
1
5
4
0
0
0
1
12
0
0
0
2
2
5
0
2
0
6
3
2
1
0
1
3
11
3
242
1
0
0
1
0
43
0
2
2
1
0
6
0
0
0
1
0
136
2
0
52
0
2
1
0
0
4
0
5
2
4
1
0
24
0
3
5
51
0
14
0
0
3
4
1
3
1
2
1
0
2
1
3
1
0
3
0
1
0
0
0
0
1
12
2
10
4
4
0
53
0
5
0
5
1
1
1
4
1
1
3
0
3
2
0
1
0
0
0
6
26
0
2
2
0
0
0
0
1
1
0
0
0
1
0
0
0
0
11
6
0
6
2
0
2
3
56
0
1
6
5
6
0
5
1
5
6
0
53
6
3
0
0
1
3
2
6
1
1
1
722
1
0
4
3
1
0
1
2
1
0
1
0
1
3
2
0
0
10
1
0
2
0
0
4
84
0
0
4
0
0
2
6
2
0
1
2
2
5
1
0
0
0
8
0
0
45
1
1
2
2
2
11
74
2
0
0
5
1
1
0
0
1
7
2
32
0
7
1
1
0
28
3
0
0
2
0
1
0
2
0
6
2
0
0
0
4
1
0
0
0
1
0
6
2
9
2
0
0
13
7
2
1
260
0
0
1
0
1
0
7
1
0
0
1
1
0
2
0
1
2
0
5
0
3
16
0
0
2
1
1
3
5
40
14
4
13
0
1
6
0
9
0
0
10
5
16
0
3
3
0
0
5
0
0
18
0
0
2
94
2
4
0
0
5
1
0
13
20
1
0
4
10
0
5
0
2
0
4
1
0
4
0
0
7
0
1
3
11
1
2
6
0
0
0
2
0
0
6
1
0
0
3
5
3
2
0
0
30
4
0
0
1
0
11
1
0
0
2
0
0
28
3
1
2
1
30
0
36
1
6
1
0
0
3
12
1
0
0
0
0
0
1
1
4
0
1
1
0
19
1
0
7
2
0
1
0
5
0
2
0
9
2
1
5
1
15
8
1
8
1
1
0
0
2
2
0
3
4
0
0
0
0
1
0
0
0
1
0
0
0
1
4
0
1
9
2
1
0
9
1
4
9
4
1
60
0
829
0
0
0
0
10
4
1
0
0
34
0
0
11
12
0
2
1
1
1
6
0
3
14
0
87
0
0
0
2
5
0
91
4
3
0
1
0
0
3
1
3
0
1
3
2
2
7
0
0
4
3
1
2
0
5
1
1
4
0
14
0
4
7
0
0
3
1
0
4
2
0
1
0
0
1
1
4
2
30
2
8
3
1
0
0
5
2
5
0
59
2
6
78
2
0
2
0
41
2
0
0
6
6
0
0
0
0
0
3
2
2
2
0
0
0
6
3
29
0
4
0
4
2
5
0
0
2
0
1
3
0
1
0
0
3
0
2
1
114
0
1
2
2
1
0
17
10
34
39
0
14
0
0
4
24
4
0
7
0
0
0
1
29
0
0
0
0
2
0
1
13
0
1
3
1
0
2
1
3
0
0
0
1
1
0
0
3
3
2
17
1
6
0
9
1
3
4
11
2
0
0
0
0
3
3
25
0
0
0
3
1
2
0
0
0
2
2
0
1
0
0
0
0
0
0
1
42
4
0
1
33
0
0
4
13
2
2
7
2
0
2
3
2
1
2
1
0
0
1
0
5
1
1
2
9
2
1
3
3
1
0
0
0
17
0
0
2
2
2
648
0
1
2
0
2
4
1
0
0
1
4
0
0
30
0
0
0
0
3
7
0
1
0
0
3
2
32
0
1
1
0
0
0
0
0
0
2
1
0
4
1
0
2
2
2
6
2
0
0
0
7
3
2
2
1
2
1
8
146
0
0
2075
10
2
0
4
0
11
0
2
0
0
1
25
5
1
3
0
0
0
5
1
0
1
0
3
4
2
0
28
0
0
178
0
0
3
0
62
2
0
1
0
1
3
2
84
0
10
1
162
1
7
2
4
1
0
0
60
1
0
0
1
0
16
2
5
0
4
5
0
0
2
0
0
13
0
0
0
2
2
1
3
0
1
2
1
0
593
4
24
0
1
7
1
6
3
0
1
1
3
0
1
1
0
0
6
8
3
0
1
5
0
6
0
0
10
0
3
0
1
1
0
2
51
33
4
2
1
0
0
0
0
0
4
0
0
0
6
2
13
3
0
1
0
0
0
0
1
1
0
0
0
0
1
25
3
1
3
2
0
5
3
165
0
0
0
3
0
9
2
0
5
0
0
2
0
0
0
2
1
2
17
3
10
1
0
6
5
58
0
1
1
0
2
0
0
1
12
2
0
3
0
2
0
321
1
6
198
0
4
27
0
2
0
1
2
4
2
1
0
0
20
3
3
0
1
24
2
0
0
2
0
3
10
3
3
8
1
2
0
0
2
4
8
4
2
32
3
2
0
0
0
2
2
1
4
1
1
0
17
6
11
4
0
8
4
0
3
0
1
5
3
3
2
8
1
15
12
2
1
0
9
0
0
2
5
1
0
2
98
0
4
0
0
0
0
0
0
0
8
9
2
25
2
0
5
4
0
8
5
0
0
0
0
0
1
2
0
5
0
1
3
0
2
0
0
0
2
2
2
0
10
37
4
2
1
8
0
1
1
1
4
0
4
1
0
0
1
20
0
4
0
1
0
2
1
1
1
5
0
0
44
2
2
0
0
176
4
2
0
0
0
0
0
6
0
0
911
1
6
7
0
0
2
39
605
0
2
2
3
0
17
0
4
363
0
2
2
0
228
0
0
0
0
0
0
3
2
0
3
0
0
0
0
1
9
1
1
2
0
1
0
2
3
8
0
1
5
1
0
23
0
2
2
0
1
1
1
0
0
2
10
2
1
1
3
12
5
0
1
0
3
1
5
7
0
1
4
33
0
0
59
1
7
0
0
2
0
0
4
2
0
0
1
0
1
86
1
4
0
10
13
2
2
10
1
2
7
12
24
1
16
0
0
3
0
14
2
0
1
52
2
2
5
11
2
0
0
1
10
9
0
5
0
0
3
2
0
0
1
0
0
7
1
4
6
4
24
0
1
3
0
2
0
19
0
2
0
5
104
0
0
9
0
2
7
1
1
3
2
11
2
3
0
0
2
0
4
2
0
0
0
0
0
0
3
0
19
12
0
14
12
1
0
0
0
0
0
0
6
1
1
0
1
0
0
0
8
0
2
9
3
0
0
3
1
0
0
0
4
5
12
0
1
5
0
2
0
0
0
0
4
0
1
11
1
2
1
0
2
6
0
9
0
0
3
0
5
1
6
0
10
0
9
5
0
1
5
2
1
0
0
0
8
0
0
0
0
2
1
0
0
0
1
2
1
0
1
22
0
1
1
1
1
7
0
0
0
2
34
0
0
0
0
11
0
0
1
0
125
13
0
0
0
23
0
1
1
0
1
0
5
0
29
1
24
0
2
2
0
0
3
0
3
1
0
1
0
1
0
1
7
0
2
4
0
4
3
2
0
0
0
0
1
5
1
42
1
1
0
0
5
0
1
6
2
1
2
7
3
0
2
0
2
0
13
1
5
0
0
47
2
1
1
0
2
110
0
0
0
1
0
4
0
1
0
0
0
0
2
11
3
0
2
9
1
0
0
0
6
0
1
3
7
0
1
0
6
14
14
0
1
0
2
1
0
0
0
1
0
1
0
0
0
5
1
0
3
0
1
1
402
0
16
8
0
0
1
11
0
4
0
0
0
3
0
39
0
0
0
1
7
0
2020
0
0
0
43
5
0
168
18
4
1
0
4
0
5
0
0
9
464
0
2
4
5
6
4
0
0
8
0
1
0
1
0
0
1
0
0
1
3
1
0
0
0
40
0
1
0
4
0
1
0
0
0
1
0
0
1
2
2
1
0
1
3
2
4
102
1
1
1
1
2
0
1
1
3
10
0
0
2
1
1
6
0
0
0
0
2
1
1
63
2
0
300
0
1
0
0
0
17
4
3
2
1
0
4
1
0
0
0
0
7
5
0
2
0
0
0
0
0
0
3
2
0
0
1
1
1
0
8
4
0
0
7
2
8
3
1
0
2
0
0
0
1
1
1
0
0
0
0
0
5
0
7
5
0
1
0
2
0
3
1
1
1
11
0
0
15
0
3
1
0
51
5
0
20
2
0
43
0
11
0
3
0
4
1
0
1
1
10
0
1
2
0
2
0
0
0
65
0
0
6
10
0
1
1
0
4
1
0
0
0
1
0
10
1
4
1
61
0
3
1
3
4
0
4
1
2
7
1
13
5
1
16
0
0
0
15
2
0
0
5
0
1
2
0
1
0
0
2
1
1
1
0
0
0
1
0
7
1
2
218
3
1
5
2
7
0
2
0
0
0
4
0
0
0
1
5
21
0
1
0
8
1
9
2
1
2
2
0
1
0
0
4
0
0
0
8
2
38
1
0
50
100
20
0
2
47
0
1
0
9
0
0
1
0
2
6
3
1
2
0
1
2
61
0
2
0
1
8
2
0
0
0
3
0
0
2
0
0
2
13
0
10
1
1
0
1
6
19
2
0
0
2
1
2
2
6
17
3
2973
0
2
1
0
7
3
0
6
11
0
7
1
17
0
4
7
4
0
1
1
0
0
0
1
4
0
0
1
0
12
101
1
5
1
0
2
9
0
0
18
11
0
1
0
4
52
0
11
1
114
20
0
1
8
0
3
1
3
2
1
1
7
12
0
4
1
32
0
4
5
6
2
0
234
1
0
3
1
1
9
21
1034
0
2
1
3
21
0
0
0
0
0
0
10
27
0
0
6
1
1
1
1
2
0
1
0
23
4
4
0
0
12
20
0
0
0
1
0
55
2
1
1
11
16
0
2
94
0
20
0
1
12
0
0
1
0
2
0
0
1
0
0
1
1
0
0
0
0
12
0
6
1
24
1
0
0
29
1
0
3
0
3
1
0
0
3
6
2
0
0
13
0
0
2
0
0
5
2
0
0
5
0
1
3
8
15
7
0
4
0
0
0
6
2
11
0
1
0
1
5
1
14
0
0
6
0
11
12
3
0
0
1
0
0
0
0
0
17
0
1
0
1
2
13
107
3
0
0
0
2
4
52
1
0
0
0
33
0
0
2
1
4
11
0
0
0
3
0
6
0
0
14
10
12
37
0
0
0
0
3
1
0
6
4
0
4
6
2
0
1
4
0
5
3
1
1
1
0
1
0
182
0
0
2
11
0
2
0
29
108
19
0
0
1
3
0
3
1
4
3
3
2
180
1
0
5
0
0
2
3
1
0
1
0
70
4
4
1
0
0
19
3
77
6
4
0
0
9
4
0
2
0
1
1
0
0
1
4
0
0
3
0
1
0
3
0
0
0
0
0
0
0
0
1
4
7
30
9
0
5
0
6
2
0
1
4
0
82
0
135
1
0
0
20
0
0
0
2
39
0
0
0
1
0
0
0
2
0
2
6
0
0
19
14
2
3
0
0
0
1
3
0
2
0
1
1
0
0
0
0
1
0
2
3
1
0
0
0
0
0
0
5
0
0
5
6
1
0
0
1
1
2
1
4
0
16
0
1
13
1
1
36
38
0
0
2
0
0
0
4
14
2
0
0
2
7
4
0
2
14
3
4
0
1
52
4
0
9
200
0
4
0
1
5
3
4
0
2
2
14
2
7
2
0
0
2
0
1
1
156
6
2
0
30
0
3
6
18
4
0
1
5
9
0
0
8
7
0
8
3
5
3
1
0
6
0
2
6
0
0
0
1
1
6
9
0
2
10
2
0
285
28
0
5
11
4
0
2
0
1
0
2
5
0
1
4
1
0
66
2
2
1
0
2
4
3
1
6
1
0
0
5
3
16
556
1
12
0
0
5
0
0
0
0
0
0
0
0
0
0
0
2
1
0
17
2
0
19
1
0
3
0
1
6
0
2
1
0
0
7
0
5
0
0
0
0
0
0
0
0
10
10
1
0
0
1
2
0
134
0
16
6
1
0
0
3
1
5
0
4
17
1
2
1
2
26
2
141
0
2
0
1
0
31
14
0
0
3
9
1
0
42
5
0
0
5
0
1
0
0
0
0
0
2
2
1
26
0
0
0
0
0
9
0
0
2
6
2
9
1
0
2
8
1
2
0
0
20
0
294
7
0
23
0
2
1
2
0
2
0
0
0
0
0
2
6
1
7
1
4
1
0
0
0
1
1
0
11
0
5
1
1
1
1
0
0
8
0
2
4
2
9
0
21
2
0
5
6
1
0
2
1
0
4
61
1
1
0
3
0
0
0
0
3
0
0
0
5
1
0
4
2
0
0
6
8
8
11
2
0
3
0
3
6
17
0
2
3
33
2
0
0
2
2
1
0
0
1
1
1
2
3
0
0
4
0
0
1
0
15
1
1
12
1
1
8
1
0
1
0
7
0
0
1
0
2
2
12
0
0
2
9
0
1
12
2
3
1
1
7
0
3
16
0
1
0
9
1
1
0
1
3
0
8
1
1
0
0
5
0
8
4
3
0
10
1
3
0
0
0
2
12
0
9
56
0
0
1
1
1
2
3
0
4
0
1
11
3
0
5
0
0
0
1
0
1
0
0
1
0
1
1
0
96
0
0
2
0
0
0
13
0
0
0
0
0
0
1
4
2
0
1
0
2
0
0
1
1
0
0
0
0
1
1
0
1
2
1
3
1
2
19
8
0
1
1
0
2
1
0
13
17
3
0
2
0
7
0
3
1
0
201
0
3
2
1
0
1
11
3
0
2
11
0
16
8
64
4
1
2
30
2
0
0
7
0
0
5
0
0
2
0
0
0
0
1
0
3
2
0
0
0
2
1
2
2
5
0
0
7
1
2
0
1
1
1
2
3
0
12
1
1
2
5
2
0
0
0
1
0
0
16
0
0
10
0
1
19
1
8
6
0
1
0
0
349
1
0
1
0
10
0
1
24
11
2
0
1
1
1
0
2
0
0
0
0
1
3
1
0
1
0
0
2
6
1
0
6
1
28
0
3
0
0
0
1
0
0
0
1
47
0
0
1
0
0
29
3
1
0
0
0
1
0
1
1
0
3
1
0
1
61
0
1
2
2
2
1
0
1
0
5
26
4
2
1
19
0
0
176
1
0
3
1
21
94
0
2
2
0
0
1
0
5
18
6
1
3
3
4
0
1
22
2
0
3
0
2
0
0
5
4
0
1
0
1
2
0
2
1
1
0
0
0
8
1
0
0
0
21
0
27
11
1
0
218
0
0
5
142
0
1
0
1
3
4
0
0
1
2
2
0
19
0
0
11
1
0
1
1
0
0
0
3
2
1
0
2
0
1
0
1
1
5
1
0
0
34
1
1
0
0
0
4
17
3
7
2
0
81
6
0
0
2
0
0
1
4
8
2
4
2
4
6
1
1
1
1
5
0
3
0
16
1
0
0
15
2
0
2
1
0
37
4
25
0
0
0
12
4
1
2
0
0
0
0
20
2
2
4
1
0
10
1
0
0
4
2
0
0
0
0
0
134
0
1
0
1
5
0
1
0
1
0
0
3
1
4
0
17
0
12
0
1
1
0
0
10
1
0
0
2
3
0
2
1
0
0
4
5
11
0
1
0
2
0
0
0
4
0
0
0
0
0
15
0
1
0
61
0
0
4
0
0
0
0
0
0
0
55
1
0
1
0
5
0
3
1
3
0
7
0
0
2
0
0
0
0
0
0
0
5
0
1
0
1
0
0
0
0
0
0
0
1
7
2
0
0
0
0
0
1
5
0
5
1
119
2
1
0
1
1
4
12
0
2
5
0
0
2
2
2
0
0
0
1
13
0
7
0
8
4
0
1
3
1
0
0
3
0
5
0
0
0
1
0
0
0
0
0
8
0
0
0
0
2
3
6
0
0
1
4
0
4
1
0
1
4
20
259
0
10
1
1
1
8
2
4
4
3
96
1
20
0
23
0
1
0
0
0
4
0
19
0
1
4
0
0
1
12
20
0
2
5
2
2
6
0
0
12
1
1
1
0
2
0
0
1
1
1
0
0
2
1
0
8
3
10
7
8
0
0
4
1
0
27
0
4
0
2
1
0
0
2
4
0
0
2
0
1
1
2
0
2
2
14
5
1
6
5
0
3
7
2
0
40
0
5
6
8
0
1
0
0
13
0
8
13
2
0
0
4
2
0
7
2
2
0
4
4
0
34
8
0
0
9
1
0
1
18
1
2
0
17
14
0
16
1
4
1
0
0
0
1
2
0
0
6
374
1
2
1
0
0
7
0
0
0
4
0
2
0
0
0
0
0
1
0
0
65
1
0
3
0
4
1
0
2
0
17
0
0
3
0
0
0
3
1
0
9
3
1
5
1
41
0
1
0
2
1
0
0
0
13
0
6
0
5
4
1
4
0
0
1
3
10
0
0
0
1
9
0
2
43
5
1
0
0
1
14
0
9
11
2
4
0
0
0
0
0
4
1
4913
0
1
35
1
2
1
7
0
0
0
1
0
0
3
0
2
0
0
118
1
4
0
1
0
0
2
11
3
3
0
1
0
0
6
2
0
1
2
1
1
2
174
1
1
0
0
1
0
4
4
2
2
0
0
8
3
12
0
4
0
0
7
236
1
55
1
0
0
5
1
1
0
0
13
0
1
1
2
4
0
2
3
0
0
23
33
3
2
1
0
1
11
8
1
1
0
2
0
1
3
6
0
1
32
6
1
8
1
1
0
0
0
0
1
5
0
1
8
0
2
16
4
3
11
1
0
0
4
0
1
271
4
1
7
6
0
13
97
1
0
16
0
0
6
0
0
2
0
2
2
0
0
0
1
3
0
0
1
0
1
0
3
0
4
13
16
0
1
0
0
1
0
1
1
0
1
1
0
1
24
2
0
0
1
1
0
0
4
5
13
0
1
1
1
5
3
1
1
1
0
0
13
0
2
2
9
4
0
1
2
7
1
21
10
0
0
2
0
7
0
2
0
0
1
0
1
2
0
0
3
1
28
15
0
1
1
2
0
1
0
0
0
1
0
13
0
2
1
56
1
2
0
4
1
2
0
0
8
4
0
2
0
0
9
0
0
2
