3
9
8
5
19
0
3
3
6
10
3
7
0
3
32
4
4
3
5
7
11
18
5
3
5
10
6
12
10
11
4
9
58
479
5
32
4
3
13
27
14
12
14
9
181
7
50
0
46
7
9
3
13
21
12
5
60
3
9
15
1
7
6
38
42
3
7
14
10
4
36
9
3
41
17
7
10
3
7
2
3
7
3
5
3
6
5
1
6
18
15
53
22
41
5
1
14
4
5
50
20
17
3
6
11
4
16
3
11
4
8
56
34
16
65
19
15
30
37
13
11
13
5
22
1
20
1
7
4
10
31
34
43
44
5
6
5
4
1
18
14
15
20
3
7
40
10
1
8
15
4
3
24
5
100
8
4
85
13
5
12
8
6
6
3
10
25
9
16
1
20
18
3
12
3
7
14
4
20
3
10
4
3
5
37
2
12
7
21
8
5
13
22
4
5
3
15
5
8
1515
5
3
21
3
4
11
13
6
14
7
24
9
7
15
17
15
2
4
5
0
8
30
15
58
6
6
50
14
7
22
5
12
18
5
7
25
8
11
5
17
3
25
6
4
18
25
9
5
3
1
5
1
51
5
9
23
3
18
101
2
12
10
7
8
3
11
7
7
1
13
69
7
1
5
15
5
8
12
2
12
11
8
20
3
1
18
13
6
55
9
122
5
3
5
7
7
2
6
5
8
12
10
1
6
2
7
15
3
4
6
7
36
2
8
9
13
5
3
5
4
1
21
5
11
2
1
33
61
9
34
5
5
11
22
9
9
12
9
8
27
9
15
12
25
1
0
1
4
12
5
13
60
4
9
61
2
12
1
30
6
0
150
3
0
44
30
7
0
20
7
11
23
1
5
5
2
18
7
0
8
2
15
1
15
5
5
7
16
6
58
8
9
2
8
0
1
7
7
14
18
2
41
10
12
19
2
3
4
2
2
25
4
2
4
9
3
8
95
9
5
1
10
2
23
6
20
2
7
168
4
3
2
6
18
7
64
23
8
5
59
11
16
3
28
3
3
11
102
19
18
2
20
4
19
21
1
11
3
173
1
4
12
11
0
95
18
6
2
4
14
54
6
111
3
5
3
28
0
2
1
441
3
318
1
16
2
3
10
8
4
9
10
4
17
9
10
6
6
21
3
3
9
8
5
19
0
3
3
6
10
3
7
0
3
32
4
4
3
5
7
11
18
5
3
5
10
6
12
10
11
4
9
58
479
5
32
4
3
13
27
14
12
14
9
181
7
50
0
46
7
9
3
13
21
12
5
60
3
9
15
1
7
6
38
42
3
7
14
10
4
36
9
3
41
17
7
10
3
7
2
3
7
3
5
3
6
5
1
6
18
15
53
22
41
5
1
14
4
5
50
20
17
3
6
11
4
16
3
11
4
8
56
34
16
65
19
15
30
37
13
11
13
5
22
1
20
1
7
4
10
31
34
43
44
5
6
5
4
1
18
14
15
20
3
7
40
10
1
8
15
4
3
24
5
100
8
4
85
13
5
12
8
6
6
3
10
25
9
16
1
20
18
3
12
3
7
14
4
20
3
10
4
3
5
37
2
12
7
21
8
5
13
22
4
5
3
15
5
8
1515
5
3
21
3
4
11
13
6
14
7
24
9
7
15
17
15
2
4
5
0
8
30
15
58
6
6
50
14
7
22
5
12
18
5
7
25
8
11
5
17
3
25
6
4
18
25
9
5
3
1
5
1
51
5
9
23
3
18
101
2
12
10
7
8
3
11
7
7
1
13
69
7
1
5
15
5
8
12
2
12
11
8
20
3
1
18
13
6
55
9
122
5
3
5
7
7
2
6
5
8
12
10
1
6
2
7
15
3
4
6
7
36
2
8
9
13
5
3
5
4
1
21
5
11
2
1
33
61
9
34
5
5
11
22
9
9
12
9
8
27
9
15
12
25
1
0
1
4
12
5
13
60
4
9
61
2
12
1
30
6
0
150
3
0
44
30
7
0
20
7
11
23
1
5
5
2
18
7
0
8
2
15
1
15
5
5
7
16
6
58
8
9
2
8
0
1
7
7
14
18
2
41
10
12
19
2
3
4
2
2
25
4
2
4
9
3
8
95
9
5
1
10
2
23
6
20
2
7
168
4
3
2
6
18
7
64
23
8
5
59
11
16
3
28
3
3
11
102
19
18
2
20
4
19
21
1
11
3
173
1
4
12
11
0
95
18
6
2
4
14
54
6
111
3
5
3
28
0
2
1
441
3
318
1
16
2
3
10
8
4
9
10
4
17
9
10
6
6
21
3
1
4
3
0
60
14
13
16
49
3
8
8
53
9
6
5
4
11
7
0
31
5
2
61
10
27
93
94
13
6
8
17
0
18
8
10
2
4
2
7
5
10
7
6
16
18
39
11
15
8
5
9
4
9
5
5
10
7
4
3
3
11
6
12
5
3
28
4
16
32
13
19
4
0
4
22
6
13
3
14
6
4
9
7
10
14
44
12
20
28
0
34
8
9
4
4
6
4
3
28
6
14
6
9
0
14
22
15
96
3
9
2
2
4
3
8
22
2
7
6
252
10
15
13
7
0
2
38
7
8
8
19
5
3
4
1
1
91
23
17
1
7
15
5
14
4
9
4
7
0
18
8
10
5
21
6
9
14
15
2
12
7
6
16
4
9
5
32
9
6
3
4
120
18
3
3
8
7
28
23
3
14
22
10
5
9
15
9
7
169
7
1
21
7
6
3
6
41
6
7
8
12
10
46
3
0
1
9
11
37
10
8
26
3
12
4
4
9
3
20
9
5
16
13
7
4
2
21
0
4
7
4
25
25
7
2
4
46
53
1
13
0
13
9
25
14
17
7
19
6
4
3
7
9
4
116
9
2
3
12
34
14
8
10
18
9
5
17
0
5
15
6
4
5
11
3
3
17
5
29
7
15
61
8
159
9
3
10
26
27
14
2
4
1
3
14
17
1
22
29
18
2
18
8
10
54
37
1
4
7
4
11
53
17
25
5
42
6
164
182
12
9
13
5
14
1
1
2
5
3
6
9
5
31
7
5
43
3
7
8
2
1
3
25
34
26
5
337
71
1
34
3
2
2
48
7
10
14
24
3
6
6
12
2
6
6
8
5
8
10
67
6
16
7
6
5
13
7
8
12
9
4
3
12
4
4
5
15
4
9
115
8
16
32
3
2
10
9
12
8
13
3
8
56
4
9
11
18
10
3
11
11
0
17
3
1
2
10
7
3
26
11
2
4
3
25
32
6
1
12
3
8
295
5
5
2
12
1
7
11
3
44
55
44
28
34
23
14
3
10
20
4
5
7
4
3
2
1
17
6
2
9
10
5
6
4
34
1
6
1
15
82
9
9
6
14
50
8
2
34
9
7
34
147
2
10
4
7
2
2
3
57
8
2
29
13
3
17
19
8
28
5
3
34
4
6
16
29
5
18
13
8
7
8
9
2
13
1
7
7
8
33
3
8
1
6
5
6
4
10
4
9
1
80
28
13
9
14
7
10
10
11
10
4
6
0
44
9
7
26
10
39
3
6
19
8
28
11
7
12
16
6
0
5
5
49
4
28
8
20
16
116
3
8615
5
7
3
2
4
8
72
0
5
9
7
8
9
8
17
6
5
15
10
18
3
19
33
0
5
4
11
9
7
7
14
2
3
4
7
28
7
8
15
3
13
202
879
8
6
6
15
42
25
11
2
6
12
5
16
4
10
38
9
10
2
5
17
15
116
8
10
16
8
2
2
7
2
5
24
6
5
35
5
10
6
4
21
2
4
5
5
14
97
12
4
4
10
3
6
7
11
6
2
5
13
5
16
19
5
4
18
5
5
10
32
16
7
6
18
21
3
2
0
8
8
4
2
11
169
4
12
85
24
9
10
31
5
5
1
2
12
8
71
93
5
7
2
5
29
9
12
37
11
7
8
5
3
10
2
9
80
20
5
17
3
2
6
6
3
17
8
9
2
8
12
8
0
3
27
3
8
4
5
116
5
5
5
2
10
3
5
6
7
25
55
1
8
54
33
4
4
7
900
6
17
5
12
2
2
1
5
6
9
8
50
8
15
3
1
93
9
5
121
9
1
5
49
31
8
6
6
9
4
5
6
6
2
14
2
5
6
15
8
4
18
2
23
12
0
4
15
17
9
29
4
7
11
11
9
13
8
0
4
8
14
46
15
3
23
13
30
9
4
2
4
34
7
7
5
16
7
0
1
2
2
21
19
7
6
7
2
4
4
7
11
11
6
24
3
8
3
18
16
6
5
5
10
3
4
21
1
6
9
8
2
3
9
5
7
1
10
17
4
5
19
20
13
14
5
33
30
43
6
6
2
4
1
0
7
11
3
16
17
982
26
34
5
15
3
11
10
7
4
0
10
7
1
6
71
9
12
7
10
1
4
274
3
4
2
30
18
4
1
6
21
0
9
4
10
2
41
19
33
4
2
21
8
5
11
4
4
4
3
9
22
1
1
5
19
6
9
9
9
4
2
6
15
4
8
5
5
0
1
0
17
6
8
5
11
7
6
3
57
11
8
1
2
7
2
5
3
4
9
3
108
16
6
20
27
4
6
8
17
20
99
67
5
4
8
8
16
49
2
30
26
5
2
56
7
13
33
11
4
7
9
2
3
7
111
23
3
3
11
1
18
10
4
5
29
9
6
7
9
3
19
32
3
7
7
7
15
14
1
2
13
17
6
9
17
9
7
2
8
3
13
5
2
3
0
9
3
3
1
12
0
25
23
9
23
20
13
1
5
24
26
12
10
6
1
2
6
7
25
3
7
2
7
7
3
15
15
15
2
4
2
85
5
4
9
12
37
2
13
44
7
17
6
5
59
0
6
17
5
29
9
2
6
3
7
12
155
7
954
7
12
7
3
9
13
20
12
6
9
9
6
1
9
13
3
3
6
1
2
11
36
42
14
27
7
7
2
5
5
13
5
21
7
34
2
15
8
17
51
14
6
5
15
70
3
2
6
5
7
4
3
2
11
0
11
0
17
3
1
3
4
3
2
6
11
2
23
6
3
7
0
2
2
7
2
28
4
13
14
15
4
2
6
1
27
6
12
27
2
6
18
1
6
19
6
5
11
5
14
3
4
8
7
18
11
5
12
10
102
6
1
39
8
5
7
5
10
8
9
11
8
1
6
4
7
43
73
8
5
12
12
5
7
32
13
29
2
0
24
8
3
13
2
8
19
4
3
7
1
22
3
3
22
11
1
5
1
7
10
239
35
6
6
430
2
13
4
9
11
5
25
5
85
25
9
35
1
2
3
1
9
2
7
3
67
7
5
5
8
24
7
2
8
6
6
45
6
20
4
5
9
7
3
18
6
17
11
3
113
1
6
4
3
18
9
5
12
14
3
9
3
74
25
4
4
17
4
30
3
0
6
3
5
6
106
5
38
1
5
80
3
9
17
8
0
4
7
12
3
2
8
5
1
10
33
1
14
9
111
3
1
1
8
10
29
2
14
41
3
9
45
13
6
24
8
52
5
36
134
37
28
1
4
2
14
1
41
27
9
9
4
7
9
3
8
11
12
10
17
7
3
4
34
16
12
5
17
7
9
1
2
7
4
3
8
14
3
3
2
9
10
13
7
3
7
5
15
0
7
5
4
5
12
9
13
8
40
10
2
11
2
9
1
9
14
0
4
0
1
223
5
6
3
27
14
7
67
7
2
9
15
9
12
14
4
17
24
7
19
5
7
3
13
7
3
2
1
3
2
3
15
13
1
4
15
7
8
5
20
23
9
29
4
4
6
10
30
6
2
7
2
2
6
4
4
5
12
3
5
3
52
8
2
0
2
209
24
45
2
28
5
8
4
3
2
3
6
4
4
8
15
17
13
1
30
8
5
4
15
2
21
5
1
2
10
8
5
61
8
9
11
6
3
12
84
31
9
3
12
7
8
9
8
16
101
30
2
10
3
5
10
3
8
9
8
6
10
5
7
3
1
3
48
16
6
3
8
25
7
28
8
6
1
19
0
7
11
18
11
14
26
1
25
1
7
2
3
1
23
3
43
4
8
56
7
18
4
5
6
47
13
11
6
7
8
11
6
7
3
8
73
4
4
14
6
4
5
11
10
19
6
11
3
20
6
11
4
1
6
32
6
10
66
4
5
14
0
2
15
4
3
5
8
167
11
2
28
14
8
27
19
2
4
9
132
3
135
10
5
2
14
11
6
10
15
14
3
32
17
12
8
2
212
12
23
4
6
62
7
9
8
12
1
4
7
2
4
4
6
4
7
6
2
1622
0
7
3
8
66
4
15
4
1
4
1
6
2
2
8
7
7
5
4
48
13
5
9
2
2
8
7
1931
41
185
9
32
10
97
2
0
5
4
25
2
6
4
6
15
35
9
39
21
13
5
23
2
2
12
9
4
9
6
10
5
3
5
10
4
19
11
26
3
17
62
1
9
5
8
4
12
167
8
2
5
3
2
10
3
1
7
28
6
9
5
1
2
18
105
28
1
7
1
5
21
3
3
17
4
22
4
41
8
19
4
1
9
3
8
4
1
14
1
13
4
5
3
4
7
12
5
4
50
19
2
7
10
35
7
10
1
9
27
9
7
31
23
15
4
19
7
5
7
20
1
4
13
5
294
2
2
9
5
8
5
1
305
14
7
9
1
6
10
7
5
2
7
1
1
4
26
1
4
8
16
4
2
3
6
4
5
3
8
11
7
108
28
11
13
21
17
49
6
36
2
37
13
18
5
7
9
87
3
1
1
2
4
4
9
15
13
10
14
19
7
354
14
27
2
3
11
7
38
14
5
5
4
11
21
204
3
18
4
1
3
18
5
17
15
20
3
9
86
3
81
2
4
16
1
20
24
11
1
5
8
5
20
5
2
9
6
3
3
19
13
14
11
150
4
29
31
54
15
9
98
13
7
22
1093
21
43
8
2
6
5
24
7
1
2
1
12
1
6
40
9
18
19
8
1
6
8
10
1
3
2
7
11
63
11
15
0
4
33
12
11
50
4
49
67
12
5
17
41
7
5
25
16
11
2
3
8
12
6
62
2
3
3
10
13
97
8
87
15
48
0
1
16
3
2
7
11
73
85
3
9
3
2
14
3
6
21
3
28
52
1
6
13
45
7
4
1
22
50
21
1
5
2
8
0
13
1571
3
485
5
9
32
15
4
16
38
20
14
19
7
18
11
4
201
34
5
8
6
6
17
4
3
7
2
5
10
15
12
9
6
6
3
8
1
11
2
5
10
14
11
24
33
45
3
7
0
3
4
11
7
11
5
3
12
13
4
2
24
21
11
7
24
3
16
19
9
3
126
94
12
9
4
3
21
2
8
28
1
5
6
5
9
17
10
2
27
6
6
13
6
5
48
3
1
9
3
8
3
5
6
5
5
9
5
3
7
8
7
3
4
10
12
37
2
5
18
6
22
20
9
21
1
0
3
10
2
11
7
8
15
17
30
10
21
49
15
12
8
8
15
1
4
22
4
11
5
12
14
2
13
1
14
10
9
25
11
39
12
2
2
6
12
8
6
6
0
8
2
15
10
7
40
9
4
42
2
12
25
2
12
3
2
10
28
14
18
11
2
6
5
16
22
7
39
6
9
34
6
105
27
38
38
4
1
41
41
3
15
50
3
7
26
3
4
5
11
0
6
3
14
40
5
7
31
2
9
18
13
36
8
4
10
2
6
4
3
0
10
1
5
21
3
5
3
5
11
23
3
18
4
7
2
10
4
75
6
4
7
6
8
20
9
4
2
38
33
7
14
14
2
6
11
17
7
2
15
5
8
18
3
7
2
3
2
1
15
7
6
16
9
10
2
8
13
4
27
0
55
8
9
32
4
10
16
5
2
9
3
2
11
73
0
26
111
8
23
5
4
46
12
15
3
5
12
30
14
6
3
7
8
10
34
29
3
39
13
24
5
3
6
3
192
6
8
6
10
2
49
1
5
0
3
4
3
12
23
8
8
16
4
7
1
57
37
6
6
1
3
4
21
4
15
6
2
14
4
4
378
1
75
2
3
7
42
1
6
1
78
0
10
11
5
0
11
5
2
5
15
21
7
8
953
7
34
30
8
7
8
77
2
9
1
5
5
2
5
2
2
3
13
13
0
24
9
19
10
9
28
5
5
0
42
6
3
6
0
8
3
10
3
2
0
11
4
7
4
0
11
13
2
11
37
6
44
6
3
3
4
3
14
7
2
192
7
8
2
10
1
13
1
4
6
8
4
13
2
25
5
8
7
3
8
14
3
4
14
13
4
21
6
13
7
2
7
0
14
5
8
6
1
44
4
8
10
19
12
3
6
9
16
4
11
61
1
9
52
10
3
5
7
20
21
106
41
4
2
1
2
44
14
11
8
27
11
62
17
5
58
18
15
7
6
16
17
6
6
3
9
2
1
2
5
2
8
2
16
2
6
20
108
10
8
27
18
23
11
8
109
2
5
17
2
0
5
4
0
7
16
9
4
5
5
28
21
9
42
10
6
32
20
18
19
7
36
1
4
11
2
6
24
7
2
5
6
4
6
4
145
2
3
25
13
6
11
16
11
4
4
3
7
6
4
7
23
10
29
7
304
9
39
46
7
6
45
46
5
25
86
173
16
5
37
5
14
12
5
11
6
6
5
7
5
29
2
6
7
33
65
3
5
18
4
7
12
3
50
8
7
210
8
9
9
4
17
44
8
3
25
10
2
5
21
3
7
4
4
27
13
5
76
18
4
8
3
9
3
91
18
0
11
3
2
2
22
9
22
29
20
3
11
20
1
7
2
13
30
7
7
1
0
4
4
0
24
12
14
4
7
12
8
22
30
16
3
8
10
12
22
9
12
2
55
3
8
5
5
7
3
21
6
1
33
15
11
13
4
22
4
7
81
13
9
16
4
2
3
24
31
1
10
2
5
5
13
12
3
11
9
49
6
393
2
9
3
6
7
4
7
8
3
14
8
39
9
15
3
12
13
2
3
44
8
3
7
3
7
7
65
16
0
0
13
8
33
9
39
29
5
8
2
11
4
15
12
18
13
2
1
7
6
88
2
22
17
1
47
11
46
16
7
9
3
2
10
145
7
12
4
3
8
58
9
8
13
9
8
22
10
8
2
5
13
77
17
34
15
3
5
7
9
0
21
3
9
8
63
15
7
6
0
17
1
277
7
1
6
13
8
2
3
4
16
9
4
132
6
78
17
9
18
41
2
15
7
8
6
13
9
40
3
8
15
6
8
5
2
5
22
27
16
6
11
3
12
47
27
12
0
0
11
1
3
4
5
10
1
2
12
34
1
13
14
3
2
20
17
29
8
31
8
4
13
5
1
9
8
67
9
9
1330
4
7
3
11
10
6
3
3
16
13
1
4
6
58
6
9
2
43
5
9
9
3
19
1
12
39
14
6
2
28
3
14
4
0
1
12
3
2
9
7
3
6
10
47
0
49
7
24
9
64
2
2
19
33
6
24
10
9
14
0
4
1
4
14
1
10
10
3
4
5
28
2
5
3
2
5
4
16
1
1
36
22
7
9
3
14
17
5
5
2
180
50
11
30
11
22
18
16
12
3
12
9
8
4
18
8
17
0
10
13
3
81
6
4
13
5
21
4
5
8
7
9
18
3
24
8
10
4
3
6
6
3
54
6
2
11
1
2
11
2
3
30
10
163
1
41
1
4
31
30
61
23
6
9
2
3
11
11
25
5
49
1
3
33
26
3
29
6
3
12
9
91
0
3
3
23
4
51
15
13
20
4
2
6
18
2
13
15
2
8
1
3
7
19
13
9
26
7
5
6
11
7
4
30
62
6
1
7
5
2
10
18
21
5
38
37
5
121
9
4
17
4
10
74
8
4
898
4
14
13
10
6
86
6
6
0
20
0
12
9
9
2
21
5
2
14
10
24
25
3
6
6
3
6
15
2
0
8
35
3
8
1
4
6
9
12
2
5
25
8
23
27
35
1
12
44
8
15
17
4
12
1
5
4
5
7
12
3
5
21
2
0
12
1
9
3
8
12
2
26
18
9
5
4
8
7
11
9
10
5
5
9
1
7
2
216
7
26
237
8
6
7
3
29
3
10
44
83
1
8
3
2
15
57
9
111
15
6
2
45
1
27
34
6
1
5
83
1
12
13
8
8
31
24
1
9
6
12
37
3
26
9
23
3
5
6
21
4
8
4
9
234
37
5
2
7
1
16
3
23
14
8
2
21
10
5
6
5
9
9
2
7
28
39
8
1
15
11
3
9
7
26
6
2
11
4
4
8
8
14
2
6
24
5
3
3
20
2
18
8
5
30
25
7
31
6
27
10
1
9
4
4
5
9
1
7
5
8
8
11
50
12
5
12
17
23
4
9
4
7
8
4
14
2
4
2
6
9
14
47
4
2
1
12
14
15
3
5
21
10
24
20
3
11
13
25
0
3
17
53
46
10
9
184
8
40
12
7
17
3
9
23
5
10
2
13
84
9
13
4
2
27
2
5
0
5
5
11
38
4
12
6
2
2
2
5
39
14
22
2
5
13
5
25
110
26
5
16
7
42
11
37
3
21
5
6
2
106
10
4
10
15
1
19
5
38
10
2
3
4
6
44
5
9
4
2
13
4
4
3
1
6
60
4
7
34
6
3
6
45
5
3
7
3
24
19
10
9
8
6
19
6
12
12
2
20
1
4
10
5
4
8
2
5
4
4
9
11
9
5
1
3
9
6
18
24
5
13
14
5
197
1
16
2
11
11
3
10
1
6
1
7
2
27
8
8
11
3
10
20
10
1
73
14
2
6
41
9
12
22
8
7
11
3
7
21
12
4
7
27
10
18
7
21
6
7
5
2
4
23
13
16
0
22
19
3
6
2
3
36
30
15
13
25
13
15
38
18
12
44
6
4
8
4
7
13
458
1
8
30
6
8
236
79
3
10
8
59
47
3
109
24
2
2
5
19
12
11
17
6
11
8
13
9
2
6
7
6
8
10
14
13
14
6
17
2
3
8
8
5
17
18
0
3
4
6
40
2
7
6
6
5
9
4
7
4
17
7
4
6
7
12
12
19
8
378
2
2
4
11
3
101
1
6
4
3
1
20
2
2
5
3
4
261
9
13
95
6
6
10
6
3
16
9
24
10
23
5
3
50
1
20
15
75
7
37
0
2
10
10
5
9
5
11
13
8
20
5
10
9
0
11
3
14
7
3
3
1
8
46
20
30
13
16
4
123
8
16
6
23
9
9
4
12
4
12
20
3
22
6
5
7
3
2
6
16
40
6
21
7
10
4
1
5
7
4
8
2
9
18
4
2
5
6
39
17
6
13
9
6
12
11
98
1
14
15
32
24
9
30
3
13
25
8
130
22
17
3
6
7
14
9
16
8
2
5
1090
8
5
21
21
10
6
6
15
2
0
7
3
4
10
6
2
0
47
7
11
17
2
9
18
189
0
5
20
7
6
11
42
10
4
6
14
10
13
6
3
5
9
23
2
3
114
6
2
7
10
10
26
136
10
3
1
22
4
9
3
3
5
21
7
96
1
30
3
9
4
80
8
2
10
4
5
7
1
12
3
12
12
10
4
6
20
11
2
4
5
5
0
32
12
28
9
5
7
33
29
6
2
405
1
9
10
12
13
4
20
7
4
6
9
3
2
7
2
6
6
3
31
3
7
45
8
3
12
7
8
9
11
70
33
13
38
5
3
19
6
24
6
1
26
14
41
10
8
10
7
6
18
0
0
35
1
4
18
147
8
9
4
5
18
5
5
37
49
5
8
11
38
5
12
5
12
2
13
7
1
11
3
6
29
1
7
24
30
4
10
24
0
6
4
13
3
5
11
7
4
4
16
31
19
9
3
2
63
11
2
11
5
1
41
4
5
10
5
6
4
78
7
10
13
12
59
1
83
4
16
9
2
8
12
39
10
2
0
0
1
6
7
11
12
8
8
3
4
62
17
5
17
18
3
10
2
16
4
19
7
23
13
7
25
4
37
56
6
14
8
5
8
9
8
22
10
8
14
6
4
7
2
15
3
5
3
3
2
3
5
2
13
3
7
26
7
5
6
22
8
9
20
16
5
121
6
1528
3
3
3
5
23
18
11
5
7
71
4
5
34
22
9
9
5
8
11
19
5
11
37
1
166
2
8
3
12
18
5
174
13
12
8
8
3
5
14
7
12
0
5
11
5
6
24
7
2
20
13
6
9
9
17
5
11
11
3
27
3
11
22
8
3
11
7
8
12
5
2
17
7
4
3
19
12
10
68
9
22
15
8
7
0
17
11
16
10
118
9
20
132
10
4
10
5
119
14
4
3
16
13
4
5
2
5
5
14
13
7
21
6
5
5
18
14
70
2
11
4
9
10
29
2
1
10
5
14
16
4
8
2
8
13
5
9
7
207
2
6
5
5
10
2
49
24
66
80
8
41
0
1
18
52
10
1
44
1
4
3
5
73
3
2
4
1
7
1
6
26
5
4
7
10
3
12
9
14
1
3
5
9
13
2
5
20
11
20
55
7
20
3
20
6
11
10
23
21
4
1
2
1
14
11
66
11
1
5
12
5
23
2
9
2
6
25
4
15
13
2
2
7
5
10
12
124
19
1
4
87
0
7
11
26
15
5
17
9
3
5
10
7
8
13
8
1
0
12
9
14
6
5
7
20
11
3
11
6
5
2
3
3
42
2
16
10
10
11
924
1
5
8
4
12
16
8
6
3
8
15
3
1
82
5
7
5
5
8
13
6
11
6
1
18
10
80
14
5
10
0
1
5
3
2
6
10
9
5
17
8
4
9
11
22
22
12
3
4
3
25
15
15
8
1
5
13
15
251
2
5
3011
26
18
5
18
5
25
15
4
6
6
5
53
8
8
15
4
4
1
19
6
2
10
4
23
13
9
4
57
2
1
377
1
4
16
2
127
13
0
6
5
5
9
7
165
5
43
7
272
9
28
6
14
5
6
5
93
3
4
4
8
5
38
11
15
11
14
17
3
5
5
3
6
35
4
1
8
6
2
14
15
5
5
12
11
0
1160
11
57
2
5
17
6
30
12
4
5
15
9
2
12
3
9
5
18
18
19
3
1
9
2
22
4
2
25
1
7
7
4
11
2
7
90
91
18
7
9
7
5
8
2
2
19
3
9
2
27
5
43
10
2
2
0
1
0
8
13
3
1
4
4
3
6
65
17
9
12
7
1
13
20
282
3
1
1
16
1
34
8
0
11
4
2
19
8
0
4
7
6
9
47
10
46
5
4
30
19
137
1
6
29
3
3
4
7
14
29
16
3
4
0
8
5
510
13
22
332
2
7
58
4
5
3
4
7
21
10
10
5
3
40
17
17
14
3
44
4
3
2
11
2
7
49
12
9
25
8
5
8
3
10
15
22
19
9
74
17
9
1
2
8
5
3
7
14
4
4
5
48
22
24
21
6
25
15
4
13
7
9
15
16
8
9
22
8
44
35
8
9
2
36
2
4
8
14
7
0
11
175
6
14
2
2
0
0
7
3
11
15
31
5
45
5
7
22
11
0
27
28
4
4
1
5
4
2
15
4
25
0
7
6
12
10
5
4
1
14
14
16
3
20
100
15
10
9
29
6
5
8
6
15
1
14
12
4
10
8
42
1
14
5
5
4
8
10
15
2
11
7
4
101
7
16
4
1
300
27
9
9
9
8
6
3
14
7
1
1352
1
14
29
1
7
12
70
1176
6
11
10
7
3
50
8
11
599
8
21
24
0
389
5
2
11
8
6
4
12
9
3
13
3
2
7
5
7
30
6
3
4
4
6
3
7
18
25
5
15
18
12
4
57
2
9
4
1
4
6
5
5
4
5
28
17
4
5
7
30
12
2
5
2
5
7
11
22
0
6
10
72
2
2
177
8
22
3
4
15
7
5
7
16
1
3
5
1
10
180
8
14
2
28
42
12
11
33
14
5
17
26
60
6
32
6
4
9
11
42
4
6
2
89
6
9
14
36
12
6
4
10
31
33
0
13
5
0
25
12
13
4
8
0
2
12
4
12
11
18
62
4
7
11
1
21
3
42
4
12
3
26
258
1
5
21
5
4
23
8
7
6
7
22
6
8
4
1
17
5
14
9
6
2
4
10
4
8
18
3
54
29
3
36
28
5
13
1
6
7
5
4
11
11
4
16
16
2
6
6
28
7
5
24
12
5
2
10
8
4
8
7
14
11
32
3
4
13
5
9
3
4
2
2
10
3
8
36
6
15
4
0
6
9
3
35
4
3
16
3
16
8
26
13
25
2
19
13
3
11
32
15
11
2
20
8
22
5
2
5
1
3
7
4
5
3
4
6
12
7
5
63
2
8
6
21
4
33
4
10
1
6
87
4
1
3
1
39
4
2
6
1
219
39
2
12
5
42
1
13
5
0
5
1
24
2
76
15
55
0
5
9
3
6
16
2
11
4
3
10
4
7
3
7
25
1
12
12
4
12
10
11
9
1
0
8
6
16
12
111
7
8
7
2
18
3
6
21
7
8
12
27
12
7
11
5
6
2
31
4
21
5
3
115
10
4
9
7
7
170
8
6
7
3
5
10
4
1
5
7
9
2
6
29
15
2
8
14
11
2
10
6
38
4
3
11
19
5
6
6
17
32
39
7
7
0
4
2
7
7
6
9
7
6
3
4
5
30
2
4
10
3
12
12
750
1
28
15
7
3
16
47
4
22
1
3
1
9
2
117
1
1
9
7
26
4
3137
8
0
9
98
11
7
293
25
18
5
5
12
2
11
6
3
29
699
7
10
14
13
25
17
2
8
17
1
8
8
2
8
9
4
1
1
4
8
10
4
5
2
91
6
7
7
22
0
10
7
4
4
3
4
7
8
13
6
3
5
7
13
6
11
184
6
8
5
13
5
1
6
6
14
26
2
5
3
13
1
15
9
2
5
5
10
16
10
133
13
3
493
1
4
5
6
7
39
11
19
11
5
4
15
6
5
4
5
0
22
27
2
10
6
2
6
2
3
2
6
23
4
1
3
8
12
4
31
12
7
10
22
17
29
10
4
7
7
4
2
0
9
2
9
2
5
5
4
6
22
6
29
18
4
4
10
12
3
26
8
4
3
32
6
2
30
2
10
5
0
129
13
3
64
12
4
80
2
34
2
20
4
15
4
1
10
7
31
4
5
9
2
10
5
0
2
138
3
1
16
33
5
4
5
0
13
3
6
0
2
7
4
38
2
8
6
109
1
9
10
19
11
4
23
8
12
32
8
50
14
5
31
2
0
3
26
6
7
2
21
7
1
9
2
3
4
4
9
9
8
5
13
6
5
11
8
33
4
13
398
9
8
24
13
19
4
15
0
7
2
17
2
5
5
9
9
46
6
11
5
21
9
21
15
3
6
18
10
8
7
3
20
4
7
7
29
7
78
5
1
91
200
54
3
22
109
2
8
9
31
3
1
8
3
6
18
10
12
6
6
7
25
143
0
14
5
8
17
8
3
4
1
16
3
3
14
2
8
8
30
2
29
17
6
0
5
35
47
4
7
4
11
3
17
8
29
30
20
4424
0
20
2
4
27
8
3
21
25
0
20
9
43
2
22
19
17
1
6
7
11
3
3
8
16
5
5
8
0
28
215
9
13
8
2
6
29
8
2
42
30
3
9
6
10
96
2
33
5
188
63
3
3
21
3
12
2
7
31
11
6
32
45
3
16
6
79
16
21
14
20
14
1
380
8
1
8
8
8
19
54
1469
1
12
10
10
53
3
7
0
5
1
5
36
60
0
3
14
4
9
4
15
4
0
10
5
45
18
20
4
0
40
51
3
7
2
10
1
92
7
5
3
18
34
0
18
182
5
49
2
7
30
2
5
5
0
6
5
7
3
1
6
7
5
5
0
14
2
36
2
18
15
52
11
1
2
47
7
6
15
7
7
2
6
1
6
13
15
1
1
37
4
10
11
7
1
12
13
14
7
9
2
12
13
16
29
16
3
18
4
4
6
27
4
27
2
8
0
13
12
11
42
4
10
20
2
37
26
14
3
2
3
10
0
4
1
16
46
4
3
2
9
21
26
226
8
0
2
5
7
29
123
13
3
6
2
64
1
0
17
6
12
42
2
4
8
12
2
23
1
13
35
29
30
91
3
0
3
6
12
9
1
21
9
2
14
25
13
5
7
12
3
15
16
5
6
5
4
6
1
347
6
2
9
28
2
10
1
57
195
51
1
11
5
18
3
8
8
12
8
14
7
320
11
4
19
3
2
12
7
6
3
9
10
177
21
16
6
2
4
45
9
105
18
23
6
4
30
9
5
8
1
2
3
16
3
8
14
4
5
11
0
4
1
7
4
10
3
1
4
1
1
2
5
27
23
75
41
4
13
2
18
9
5
1
13
0
181
6
251
6
2
6
52
6
2
8
5
90
3
3
8
3
6
8
4
12
1
6
18
4
10
35
20
14
13
3
3
8
7
7
1
10
3
4
5
6
3
6
3
6
7
15
9
5
6
7
4
8
1
10
17
4
3
18
14
7
2
1
11
6
11
8
14
3
31
6
7
39
5
4
66
100
3
4
8
1
9
1
11
37
8
4
9
10
18
20
5
3
48
12
7
9
5
88
9
3
22
400
2
22
2
9
15
9
14
2
7
9
36
11
22
18
5
5
11
5
3
2
321
20
2
5
81
1
6
20
38
7
3
6
14
41
7
1
26
22
3
17
9
17
9
4
2
13
12
9
17
4
1
4
13
4
21
24
7
11
18
11
9
425
52
3
16
31
13
2
8
5
10
2
8
15
3
6
8
9
6
113
8
6
6
3
8
14
12
11
15
12
1
1
18
14
45
1032
5
33
9
2
14
5
4
10
2
8
3
4
7
3
3
1
9
17
2
34
8
5
47
8
4
14
1
8
22
3
8
3
3
6
17
8
23
5
5
0
1
11
2
4
9
23
16
11
4
4
10
6
5
269
16
47
12
6
2
5
29
6
25
12
21
33
9
21
4
10
64
5
229
6
9
2
8
6
70
52
4
5
17
32
8
3
74
29
1
0
17
6
6
8
1
5
4
5
17
11
9
53
2
3
5
4
0
24
4
7
10
14
13
29
3
2
19
17
5
9
0
8
55
3
523
26
3
67
1
8
4
14
2
7
3
3
10
2
1
10
23
6
9
5
12
5
6
2
4
11
8
6
21
5
14
12
7
6
7
6
0
29
13
14
18
9
37
3
42
14
7
32
18
3
6
11
8
2
26
119
8
9
3
6
8
4
4
4
19
2
4
4
17
3
6
11
17
22
1
26
18
45
24
7
3
20
8
9
12
39
3
6
11
67
14
5
7
15
11
5
3
2
5
5
11
13
18
1
5
19
3
3
9
1
48
5
9
26
3
5
38
3
6
7
6
31
5
2
4
6
12
10
30
4
5
6
25
1
5
30
19
26
10
13
18
2
21
40
1
4
7
39
4
7
6
10
7
8
29
6
3
1
10
18
11
30
16
13
7
31
5
12
3
4
6
6
28
3
27
122
7
9
7
9
3
7
17
2
25
4
6
40
16
5
8
4
1
6
7
5
6
7
2
9
4
8
8
1
151
2
3
21
1
5
1
40
1
4
1
4
2
3
13
8
7
1
12
4
8
1
8
17
8
1
3
6
4
13
7
7
6
10
6
12
8
6
54
30
11
2
8
0
11
2
3
34
38
14
2
4
1
13
2
16
7
0
361
2
12
6
8
1
6
20
7
2
10
42
4
45
27
180
11
8
15
78
9
4
0
28
3
8
11
4
2
9
6
2
1
3
6
2
7
12
0
5
5
5
9
7
11
19
4
8
24
18
5
7
9
3
11
12
6
13
44
6
3
8
18
12
0
10
4
14
1
4
44
4
19
43
7
6
54
7
17
22
9
17
3
1
605
12
11
9
7
23
7
10
43
37
9
6
6
10
17
13
9
3
5
3
4
4
9
8
7
5
1
6
6
20
14
1
33
12
60
3
17
4
1
3
3
3
3
2
8
64
3
6
14
4
4
65
9
12
2
4
5
9
1
3
5
2
16
10
4
2
139
5
11
9
6
9
11
1
2
8
33
56
18
12
7
46
0
2
295
5
2
7
8
57
204
10
21
7
10
3
8
5
17
43
17
8
16
10
10
8
5
47
8
5
9
4
14
6
4
21
17
8
6
12
6
9
4
9
9
9
7
3
2
18
5
4
1
6
64
5
36
31
3
2
462
5
3
15
284
5
4
2
14
17
16
2
6
6
12
11
11
32
4
1
33
7
6
16
11
0
6
3
15
14
4
3
16
4
7
1
19
13
19
5
2
5
105
10
9
4
2
3
12
43
8
29
9
2
132
19
4
5
10
2
6
11
17
19
9
20
11
10
18
7
8
10
6
12
1
11
4
32
11
0
1
34
12
5
15
9
3
92
24
58
4
8
2
24
16
6
7
10
0
7
1
79
10
8
20
3
5
42
10
1
8
15
14
10
15
4
1
4
280
4
5
3
9
10
0
10
1
6
0
6
11
10
12
6
49
0
26
5
5
5
4
3
28
11
4
5
5
7
5
9
11
7
1
8
17
29
6
5
5
9
0
0
3
13
1
4
8
3
3
45
9
4
12
124
4
7
18
2
2
1
4
8
11
12
103
3
0
6
6
17
1
13
12
8
7
27
7
2
14
7
4
1
3
0
6
3
21
7
13
1
13
4
5
4
6
1
1
7
6
18
8
5
1
2
9
5
3
11
5
14
10
166
11
12
1
6
16
20
29
7
11
16
3
9
9
9
10
5
3
5
5
45
7
18
4
39
17
2
6
12
7
3
9
8
5
19
0
3
3
6
10
3
7
0
3
32
4
4
3
5
7
11
18
5
3
5
10
6
12
10
11
4
9
58
479
5
32
4
3
13
27
14
12
14
9
181
7
50
0
46
7
9
3
13
21
12
5
60
3
9
15
1
7
6
38
42
3
7
14
10
4
36
9
3
41
17
7
10
3
7
2
3
7
3
5
3
6
5
1
6
18
15
53
22
41
5
1
14
4
5
50
1
17
2
8
6
2
3
12
14
1
5
10
7
4
4
15
3
12
10
44
20
7
9
15
7
13
20
11
7
73
2
33
24
20
3
21
3
7
31
1
17
30
11
2
2
25
12
1
40
12
12
4
10
10
2
70
23
6
2
27
8
3
10
41
7
15
7
52
42
2
28
13
15
3
10
2
7
10
3
1
1
15
664
11
9
3
3
14
12
1
3
3
20
1
15
2
5
5
6
3
2
1
6
156
12
5
8
0
23
6
8
7
6
47
9
2
11
7
0
3
8
6
2
33
13
6
18
5
75
2
3
0
14
11
1
2
10
41
8
33
0
14
14
9
10
1
7
12
18
44
3
6
6
5
28
2
3
113
22
5
0
2
8
34
12
40
36
13
13
5
8
5
2
2
11
9
7729
8
9
77
11
8
5
32
1
5
9
5
3
4
16
6
11
2
7
217
8
10
2
8
2
8
13
30
8
17
8
12
7
1
16
14
7
16
8
5
4
7
316
8
4
3
1
8
6
15
9
7
12
5
2
31
15
29
13
14
2
0
30
447
6
136
4
5
5
14
5
9
5
9
17
2
7
5
9
22
6
9
6
8
2
48
71
11
3
12
0
12
36
38
5
9
7
19
7
13
13
18
6
3
93
19
4
25
4
5
2
3
9
4
11
44
2
7
25
10
10
36
11
9
23
5
1
4
11
2
4
529
22
8
19
13
0
37
174
4
8
24
7
0
19
3
5
6
2
13
8
4
7
6
5
16
3
1
5
2
4
0
11
6
26
27
62
2
5
3
1
4
4
7
1
0
10
1
9
9
52
13
4
7
9
10
1
2
12
16
40
12
6
7
11
14
14
15
6
12
3
6
23
5
17
5
17
17
7
6
12
15
4
45
22
5
2
7
7
24
8
7
6
6
9
12
6
7
1
8
10
2
71
43
7
4
5
10
5
7
5
7
3
6
2
32
0
9
9
104
6
3
7
14
3
14
4
1
29
13
8
11
11
4
15
4
1
11
