5
16
11
8
27
4
6
4
9
12
4
14
0
6
40
9
8
4
7
10
13
23
6
6
11
11
8
15
14
17
9
16
72
520
7
41
10
8
21
35
17
18
20
12
202
11
59
1
50
10
14
6
21
26
17
11
68
7
12
24
4
9
9
48
48
4
9
15
17
10
44
13
3
50
19
14
13
6
10
4
7
14
5
12
4
11
8
4
12
19
20
65
25
47
11
2
20
6
9
59
26
24
5
10
15
6
23
10
13
7
10
68
46
19
76
25
20
37
45
20
15
22
6
26
1
30
4
9
6
14
36
50
55
51
7
8
10
10
8
27
18
23
24
7
12
47
16
3
16
21
8
6
39
6
117
14
10
103
17
8
15
14
14
9
8
18
34
12
20
4
23
23
7
14
5
13
16
4
23
10
16
11
6
7
43
4
18
12
32
12
7
16
24
9
8
7
21
9
11
1650
10
6
26
5
10
15
18
10
20
9
33
13
9
19
21
19
7
6
8
2
12
32
19
70
10
9
59
17
12
26
9
18
26
8
9
31
8
14
9
21
5
30
9
8
24
35
16
6
3
5
8
1
66
6
13
29
4
21
113
2
18
10
12
13
5
16
8
11
4
16
75
11
3
7
16
10
13
18
3
16
20
12
24
6
8
25
17
10
68
14
147
6
5
10
10
11
7
11
10
14
16
13
2
15
5
13
17
7
8
7
13
41
5
12
13
21
8
4
7
6
2
25
9
17
3
5
41
71
14
43
6
6
18
29
13
17
16
10
13
34
11
22
14
33
1
1
1
7
18
10
17
70
8
13
75
3
16
3
38
6
3
172
6
1
61
42
13
5
24
12
12
31
5
6
12
7
25
8
0
12
4
22
1
27
10
9
15
22
8
70
13
12
5
10
2
2
11
12
17
23
7
51
11
14
23
3
5
6
3
2
36
8
6
5
16
6
12
113
11
8
5
12
5
34
8
25
2
12
190
8
9
3
9
22
8
72
27
13
8
71
23
24
5
32
7
7
17
120
26
19
4
27
4
26
29
4
14
6
191
8
6
18
21
1
107
23
10
4
8
15
70
11
129
5
8
7
39
1
7
3
491
6
357
5
23
6
5
13
10
12
12
14
8
18
11
16
11
8
30
5
5
16
11
8
27
4
6
4
9
12
4
14
0
6
40
9
8
4
7
10
13
23
6
6
11
11
8
15
14
17
9
16
72
520
7
41
10
8
21
35
17
18
20
12
202
11
59
1
50
10
14
6
21
26
17
11
68
7
12
24
4
9
9
48
48
4
9
15
17
10
44
13
3
50
19
14
13
6
10
4
7
14
5
12
4
11
8
4
12
19
20
65
25
47
11
2
20
6
9
59
26
24
5
10
15
6
23
10
13
7
10
68
46
19
76
25
20
37
45
20
15
22
6
26
1
30
4
9
6
14
36
50
55
51
7
8
10
10
8
27
18
23
24
7
12
47
16
3
16
21
8
6
39
6
117
14
10
103
17
8
15
14
14
9
8
18
34
12
20
4
23
23
7
14
5
13
16
4
23
10
16
11
6
7
43
4
18
12
32
12
7
16
24
9
8
7
21
9
11
1650
10
6
26
5
10
15
18
10
20
9
33
13
9
19
21
19
7
6
8
2
12
32
19
70
10
9
59
17
12
26
9
18
26
8
9
31
8
14
9
21
5
30
9
8
24
35
16
6
3
5
8
1
66
6
13
29
4
21
113
2
18
10
12
13
5
16
8
11
4
16
75
11
3
7
16
10
13
18
3
16
20
12
24
6
8
25
17
10
68
14
147
6
5
10
10
11
7
11
10
14
16
13
2
15
5
13
17
7
8
7
13
41
5
12
13
21
8
4
7
6
2
25
9
17
3
5
41
71
14
43
6
6
18
29
13
17
16
10
13
34
11
22
14
33
1
1
1
7
18
10
17
70
8
13
75
3
16
3
38
6
3
172
6
1
61
42
13
5
24
12
12
31
5
6
12
7
25
8
0
12
4
22
1
27
10
9
15
22
8
70
13
12
5
10
2
2
11
12
17
23
7
51
11
14
23
3
5
6
3
2
36
8
6
5
16
6
12
113
11
8
5
12
5
34
8
25
2
12
190
8
9
3
9
22
8
72
27
13
8
71
23
24
5
32
7
7
17
120
26
19
4
27
4
26
29
4
14
6
191
8
6
18
21
1
107
23
10
4
8
15
70
11
129
5
8
7
39
1
7
3
491
6
357
5
23
6
5
13
10
12
12
14
8
18
11
16
11
8
30
5
1
10
9
3
75
20
20
21
62
10
9
13
67
19
9
8
4
13
11
1
41
7
5
74
14
35
108
105
17
9
15
21
3
20
9
17
5
10
4
17
7
17
9
9
24
24
49
18
18
14
10
15
5
15
8
5
16
14
8
5
6
15
8
15
9
5
37
5
23
37
21
21
4
4
12
28
10
22
3
17
6
7
14
12
12
21
53
16
28
35
0
44
13
16
7
11
10
7
8
34
12
21
8
14
2
20
25
21
115
6
13
3
9
6
5
10
24
6
10
12
273
13
21
16
13
2
3
46
10
11
13
26
7
7
6
4
3
116
29
19
2
10
26
7
20
6
13
4
13
2
26
12
13
6
22
10
10
17
24
4
16
9
17
20
5
13
6
41
12
8
7
11
140
20
7
6
11
14
42
30
7
20
25
16
10
11
19
10
13
198
9
2
24
11
8
7
9
51
16
8
11
17
18
60
3
1
3
15
14
46
15
11
29
5
18
9
9
17
9
37
10
8
23
16
10
4
5
25
0
7
8
7
33
31
11
2
7
51
59
5
14
1
15
12
33
20
20
15
23
9
9
7
13
16
8
140
10
6
6
16
48
17
11
13
26
15
15
19
5
8
20
12
6
8
15
5
6
24
11
32
12
18
82
9
175
11
6
14
36
34
17
5
6
5
6
20
20
1
24
35
26
6
27
13
15
65
44
3
5
10
5
14
61
26
36
9
48
10
192
203
18
11
17
11
20
4
3
6
6
9
7
15
6
37
10
9
48
5
14
12
3
4
4
32
40
30
7
370
79
2
42
4
2
2
60
10
10
20
30
8
8
8
15
5
9
8
12
8
9
15
80
11
23
9
10
5
19
14
11
15
11
4
6
18
6
7
6
21
10
12
127
11
22
37
4
3
13
12
16
16
16
3
12
64
6
11
17
26
14
4
13
15
2
22
5
4
5
12
7
7
32
16
2
7
6
33
48
13
3
15
9
12
330
7
6
3
15
2
13
15
5
51
67
55
33
47
27
15
6
16
24
7
7
8
7
7
4
4
25
7
6
13
13
7
14
4
43
6
7
2
17
97
11
13
7
20
60
17
2
42
15
15
48
167
2
18
7
10
4
5
5
81
13
3
34
16
4
18
23
11
33
7
4
41
8
10
24
38
8
26
17
12
10
11
11
3
22
1
9
13
11
41
5
13
3
9
9
7
6
13
8
14
1
103
33
19
17
20
10
16
12
16
16
5
7
4
50
11
8
36
14
53
7
8
22
10
36
16
11
13
19
13
2
8
7
53
5
41
12
31
20
139
6
9282
13
14
5
3
8
11
88
1
11
14
11
12
11
10
21
7
7
19
12
23
5
22
39
4
7
9
15
13
11
8
19
4
9
11
9
34
10
14
17
6
20
221
948
13
8
14
19
50
36
20
7
9
14
8
19
7
14
45
18
12
7
7
28
21
129
13
11
21
10
4
2
11
7
5
33
8
8
42
10
13
9
9
28
10
13
7
7
22
126
19
11
6
16
5
8
8
14
9
3
6
15
7
24
23
8
8
21
8
7
13
42
19
11
12
26
25
8
5
3
12
11
6
7
19
192
6
16
90
33
15
15
38
7
8
4
2
15
16
90
107
10
10
3
6
33
13
20
45
18
10
9
9
6
11
4
9
91
30
12
21
4
3
11
7
5
20
12
11
3
11
16
10
3
7
32
4
12
7
10
135
8
8
8
9
13
7
11
10
10
29
62
3
12
66
40
12
5
9
971
9
22
6
14
4
5
6
10
11
11
12
61
14
23
3
3
108
15
10
135
10
5
6
63
35
10
12
12
11
7
7
9
9
4
22
4
6
6
24
13
6
28
2
31
17
0
8
19
23
12
36
10
10
20
15
17
20
16
2
7
13
18
50
20
5
31
14
43
15
8
4
11
42
9
17
5
17
11
0
2
3
4
26
29
11
8
10
5
7
9
11
17
17
7
34
3
17
6
22
19
10
8
9
13
4
9
23
2
8
15
9
3
5
14
8
8
3
16
21
5
6
26
25
18
19
10
42
37
51
8
8
4
7
4
1
11
17
4
20
21
1085
39
42
7
17
4
13
11
11
7
2
13
9
2
10
85
10
15
12
15
4
10
301
6
10
4
35
31
8
2
9
29
5
9
8
12
6
45
22
38
9
5
25
10
12
17
5
8
7
3
16
28
2
6
10
24
11
9
18
12
6
5
9
16
8
11
15
7
3
3
5
22
15
14
6
11
8
10
4
67
17
11
3
6
9
6
9
5
6
12
6
126
19
8
24
32
9
11
10
21
25
113
75
6
7
12
13
23
65
3
40
36
9
5
65
11
15
39
18
5
12
14
4
8
13
133
35
7
6
15
5
25
13
5
16
38
16
12
10
13
6
21
36
7
10
10
11
24
19
3
3
16
22
7
11
27
11
11
3
9
7
21
10
5
6
3
11
6
4
2
13
2
27
30
14
27
24
20
3
8
30
28
15
17
8
3
2
9
11
25
4
10
2
10
11
4
22
20
20
5
10
2
101
10
7
10
16
50
4
15
54
10
22
12
8
69
1
6
22
8
37
9
3
11
7
9
15
175
8
1051
12
19
10
6
13
20
26
19
7
11
13
11
4
11
18
8
7
9
3
4
14
50
50
19
32
12
8
2
6
9
19
6
24
11
40
3
18
11
24
65
19
9
7
20
80
5
2
11
8
7
7
4
3
13
0
19
1
20
7
2
4
5
5
3
7
16
3
28
9
4
8
6
3
2
11
3
32
8
18
15
18
8
5
7
5
34
10
17
38
7
10
22
3
9
21
8
5
14
12
21
3
4
10
8
22
15
11
18
12
119
9
5
42
10
7
10
5
14
13
12
15
10
3
10
7
7
56
86
10
8
15
14
6
16
37
17
35
5
5
33
11
5
24
5
10
25
11
4
11
5
30
4
4
24
12
3
8
1
14
14
279
46
9
8
491
2
18
6
17
16
7
28
8
96
34
11
45
4
4
6
3
12
4
9
5
78
11
9
7
9
30
9
7
14
9
9
56
7
33
5
6
9
11
4
21
11
24
15
5
136
2
9
8
5
23
11
10
19
21
10
14
8
84
30
6
8
19
5
37
8
2
8
4
7
9
118
7
54
1
5
87
3
13
21
17
0
8
11
20
3
6
10
7
7
11
39
3
18
9
124
3
3
7
9
14
42
3
15
53
5
17
62
21
10
36
13
69
9
41
152
47
38
4
8
7
18
4
46
32
16
15
8
8
10
3
11
19
15
12
19
12
4
5
39
17
16
8
23
12
12
5
7
13
7
5
12
21
6
8
4
16
12
17
9
7
9
8
20
2
9
8
9
6
18
13
17
11
48
12
3
15
5
14
5
12
19
6
9
2
3
255
7
7
6
32
20
11
81
11
3
13
24
11
17
15
6
21
33
11
22
8
11
4
15
9
8
4
3
5
5
7
17
20
5
6
18
9
11
9
26
31
13
39
7
10
8
13
40
12
8
8
5
4
8
8
7
8
18
6
9
4
65
14
9
4
4
238
34
54
6
33
10
12
5
4
6
6
14
10
6
8
17
25
16
3
36
14
12
7
20
6
27
8
3
5
13
9
14
70
13
13
14
7
4
18
101
47
15
6
19
7
10
16
10
18
117
35
4
12
4
7
15
8
10
10
13
10
20
5
9
11
1
6
57
21
8
4
11
28
12
34
13
8
3
20
2
11
16
20
18
18
31
3
31
2
8
6
7
8
25
5
59
8
17
59
8
20
4
8
7
53
18
13
8
14
14
12
9
7
8
13
88
5
8
20
11
4
9
12
14
22
10
13
3
22
10
16
5
7
8
40
8
12
74
5
8
25
1
6
19
7
8
8
14
180
15
8
31
17
15
40
27
5
10
10
149
4
150
13
6
6
18
13
10
14
18
18
4
38
22
19
13
3
244
15
30
4
7
68
13
15
9
18
5
8
11
7
9
5
10
7
11
7
3
1728
2
11
7
12
72
8
19
6
5
10
2
9
3
3
12
12
9
8
8
60
18
7
14
5
5
14
8
2137
50
212
13
40
19
119
3
1
6
6
33
4
13
9
11
24
45
13
48
27
16
8
27
4
3
20
15
5
13
7
15
15
4
10
18
5
25
15
32
4
24
76
3
12
7
14
7
15
195
15
4
7
4
5
14
8
2
10
30
13
9
7
2
5
27
120
33
2
9
2
9
30
5
3
22
6
35
8
48
10
25
10
4
14
5
14
9
2
16
3
20
9
6
3
7
9
15
9
11
56
27
5
11
14
45
8
14
1
13
35
17
11
40
32
17
5
21
10
7
16
26
2
8
19
8
318
4
5
18
9
15
8
3
350
20
11
10
2
14
16
11
8
4
10
3
3
4
34
2
7
14
21
7
4
4
9
8
8
9
9
12
11
124
34
12
15
27
25
57
9
41
2
46
18
25
9
7
11
98
4
1
4
8
6
7
12
21
17
14
22
23
13
392
21
35
4
6
13
12
45
17
11
10
10
12
26
235
6
19
7
2
5
23
8
22
19
30
7
15
96
7
96
3
5
19
6
24
32
16
2
8
13
7
24
8
8
12
13
3
4
25
15
18
16
165
11
43
32
63
19
12
112
15
9
29
1180
29
51
10
8
9
15
28
9
5
4
4
16
5
8
44
11
26
29
12
5
10
13
12
5
5
7
10
17
75
16
20
4
7
45
15
15
54
5
62
84
19
12
26
52
12
12
29
23
17
4
6
10
13
6
73
3
5
7
12
23
116
11
98
17
57
0
2
18
9
6
8
14
88
101
8
16
6
3
22
5
8
29
4
34
63
3
10
20
50
11
7
2
28
64
29
3
10
3
8
3
18
1651
4
534
7
16
40
19
9
20
46
26
20
21
10
25
18
9
242
44
6
10
11
9
24
5
4
10
4
6
15
29
18
13
8
9
10
11
3
19
4
7
16
16
13
29
48
52
7
13
2
5
5
15
12
11
8
3
17
17
7
5
32
26
15
10
31
7
19
25
16
5
142
108
19
13
5
5
23
3
12
34
1
9
12
9
13
23
16
6
30
11
9
19
9
6
56
7
2
13
4
10
7
8
6
8
8
12
6
5
12
13
14
5
5
13
16
44
5
8
23
9
26
26
12
23
6
3
5
15
6
12
11
12
20
24
38
12
25
57
20
18
11
12
24
4
8
26
6
13
10
17
18
4
22
3
23
13
14
36
15
43
16
5
3
9
16
8
12
9
0
13
4
20
13
12
45
13
4
52
8
18
39
4
16
11
3
13
32
21
23
18
3
12
15
21
27
9
48
7
10
41
8
126
34
49
48
4
2
45
46
3
18
57
7
9
37
4
7
7
15
2
10
6
16
52
6
8
37
2
14
22
16
50
15
5
11
7
14
4
7
4
14
1
9
26
8
7
4
8
18
28
6
28
9
7
6
17
7
86
7
5
7
8
10
31
12
6
5
52
42
11
18
17
3
12
12
21
9
7
23
7
10
27
5
8
6
5
3
2
17
13
9
21
15
19
3
14
20
8
36
0
69
13
15
41
6
15
20
8
2
16
8
6
12
92
3
30
126
8
32
9
7
54
18
22
9
11
14
40
17
8
6
9
10
12
43
33
4
48
19
33
9
7
9
5
221
7
9
8
15
3
58
1
9
0
6
6
8
15
27
8
13
22
5
13
3
71
49
6
10
3
4
8
27
10
25
8
3
19
10
4
422
3
94
4
7
15
50
7
10
3
89
0
15
13
7
0
20
8
4
9
18
25
10
11
1049
9
49
37
15
8
17
101
3
13
1
9
13
6
7
2
2
5
15
18
0
34
10
26
14
10
34
6
8
1
48
8
6
6
2
11
5
12
8
4
1
14
6
10
8
2
16
22
5
17
49
9
48
9
6
9
7
5
16
9
2
224
11
12
2
14
8
21
3
6
8
11
7
14
4
32
8
9
9
4
14
19
7
10
21
17
4
26
14
19
10
4
9
7
26
8
13
7
5
54
10
15
17
23
16
4
7
12
20
8
18
77
4
14
62
14
6
7
11
28
26
114
45
6
4
4
5
49
19
16
11
31
12
75
22
7
75
24
20
10
14
24
24
14
6
7
11
7
3
2
9
7
13
5
20
4
7
24
123
14
13
39
23
27
16
12
131
2
7
23
3
3
6
6
2
13
19
12
10
9
11
37
24
13
51
17
9
41
27
30
28
9
38
4
5
13
3
9
33
10
3
5
7
6
10
8
157
5
3
34
16
10
15
21
19
5
12
7
7
13
7
11
30
11
33
15
350
11
47
53
8
11
64
55
6
32
103
189
21
7
47
12
17
16
9
13
8
8
10
11
5
39
3
13
12
40
72
5
9
27
5
11
16
5
58
12
11
225
15
9
13
6
25
52
10
4
27
16
4
10
27
4
7
5
7
33
18
7
91
24
4
11
3
10
6
109
22
3
17
4
4
3
32
9
25
33
30
5
14
28
1
8
5
21
40
11
11
4
2
4
9
0
29
20
20
5
12
15
10
28
39
20
4
11
15
19
25
12
16
3
64
6
12
10
11
15
8
25
7
2
40
20
15
22
6
30
8
9
90
17
13
23
8
4
11
31
38
4
12
3
7
7
15
16
4
15
11
55
11
435
5
12
7
7
8
8
9
13
5
18
11
47
16
23
6
19
16
2
3
52
18
4
11
3
17
10
77
21
1
2
14
11
42
11
49
40
9
11
5
15
7
18
16
21
18
5
4
8
6
96
2
27
25
7
59
17
57
22
12
12
6
3
16
161
12
16
5
12
11
74
18
15
20
11
13
30
14
10
3
8
18
92
26
41
21
5
8
13
12
4
26
8
12
8
71
18
12
11
0
19
2
327
8
4
11
17
10
5
3
6
22
13
7
155
8
93
22
15
22
43
4
20
9
12
15
17
11
52
4
13
20
7
14
6
8
7
29
35
23
9
20
5
16
55
30
13
0
4
14
3
6
8
8
12
1
7
16
42
2
17
20
4
8
26
21
37
11
40
11
7
20
8
4
12
10
79
14
17
1431
7
15
4
15
13
7
5
8
24
17
2
7
9
74
11
11
6
47
8
15
14
5
23
2
17
44
19
11
6
33
8
16
8
6
4
17
6
5
12
14
5
10
15
54
0
61
14
29
13
75
2
3
26
43
8
37
16
18
20
1
8
3
8
16
4
18
14
6
5
12
33
6
10
7
3
7
8
23
6
3
43
31
10
13
4
22
23
11
11
4
198
62
15
36
16
30
23
23
13
3
16
12
11
5
24
11
19
4
12
16
7
95
9
8
17
6
27
6
13
14
8
15
25
4
30
16
18
6
5
10
8
6
62
11
4
17
4
6
14
4
4
44
15
183
4
45
2
9
32
38
81
30
9
14
4
8
15
16
28
7
61
2
6
39
38
5
35
14
7
19
11
108
0
5
4
27
8
65
20
20
26
5
5
7
20
4
17
19
3
18
2
3
14
23
17
13
33
8
10
10
17
10
8
33
73
9
2
9
8
2
16
28
27
9
47
46
9
135
15
5
31
9
14
87
11
5
1018
6
25
17
12
9
98
9
9
0
30
0
16
18
12
4
30
6
2
25
15
26
27
6
9
9
5
11
24
3
1
13
43
7
11
2
9
10
11
17
3
9
28
12
31
36
45
4
22
52
16
15
21
6
14
1
7
8
11
12
13
3
6
24
5
0
17
5
10
7
13
20
2
30
31
12
10
7
12
14
15
12
12
6
7
10
2
7
5
251
10
34
268
11
13
10
6
37
4
11
52
99
2
15
6
3
19
68
9
130
19
12
4
55
9
32
43
8
5
8
91
2
13
16
12
12
40
32
3
15
7
16
45
4
33
15
27
8
7
10
27
7
12
6
17
274
46
7
6
10
4
21
7
33
18
15
6
33
10
6
9
10
11
12
4
11
33
48
12
4
21
13
6
17
10
35
11
5
14
6
8
12
14
18
5
7
29
7
6
8
20
3
24
11
7
39
32
13
35
8
38
16
3
13
6
4
8
14
3
8
10
11
13
15
61
17
11
23
22
32
8
12
10
10
16
7
19
9
5
4
10
13
18
55
5
6
3
15
21
19
4
8
27
15
37
24
9
12
18
31
2
6
21
62
58
13
14
213
10
45
15
8
19
7
13
34
7
15
3
15
95
13
16
5
4
39
3
8
1
9
13
16
50
6
14
11
3
7
3
7
44
21
27
3
6
18
10
28
133
31
9
21
10
52
19
46
4
26
8
9
4
116
12
5
17
21
3
20
7
51
14
6
6
7
7
58
7
15
6
6
16
5
6
7
3
13
76
5
9
37
10
8
9
55
10
9
10
3
31
27
14
16
10
11
22
11
17
21
4
23
4
4
13
12
10
12
3
9
10
7
13
14
12
9
1
8
13
9
22
37
6
19
17
6
219
2
24
5
16
14
5
12
5
6
2
14
3
33
15
9
15
4
13
26
15
4
84
20
4
8
47
16
15
29
12
10
16
6
12
26
18
8
9
30
12
22
10
29
9
14
10
7
5
30
26
21
1
27
24
5
7
2
3
43
39
19
15
31
17
18
47
19
17
58
10
7
17
9
10
14
514
3
13
36
7
16
263
89
7
13
14
78
57
6
128
34
8
4
7
23
12
20
25
10
11
11
19
17
5
7
10
12
10
15
17
16
19
9
18
5
5
11
11
9
22
20
0
4
7
9
50
3
9
9
11
9
12
5
8
9
26
10
6
6
8
15
21
26
9
411
3
2
7
13
5
128
1
9
8
6
1
27
6
4
7
7
7
301
14
18
115
11
7
14
10
4
26
12
33
17
32
7
8
63
4
28
24
79
10
49
1
6
14
12
6
12
8
16
21
11
24
12
14
14
3
12
3
19
9
7
5
2
12
56
28
37
19
21
7
146
10
20
9
27
15
16
5
19
7
17
24
5
29
8
7
13
7
4
10
23
50
9
26
9
16
9
5
9
8
7
15
5
11
27
4
5
16
10
48
20
7
18
15
9
14
14
110
4
21
22
46
30
13
42
5
21
30
13
151
25
26
5
12
11
20
13
27
16
5
13
1162
10
10
28
25
15
7
8
20
5
0
9
4
6
13
17
3
2
59
11
16
20
4
12
25
227
3
11
29
12
9
18
58
17
5
9
19
13
19
9
4
9
9
29
5
9
137
12
5
7
12
21
28
152
11
5
2
32
5
11
6
6
9
30
13
129
4
41
4
16
7
90
13
6
16
6
6
12
7
16
5
14
13
11
5
12
27
12
6
6
8
8
1
45
17
38
13
10
12
36
41
8
4
445
2
15
12
14
17
6
27
9
5
10
14
4
6
12
8
12
9
4
41
7
10
54
9
6
17
7
14
17
20
86
36
15
47
7
6
25
10
25
13
3
33
16
49
18
9
14
12
10
23
3
1
41
2
6
25
158
18
12
6
8
26
9
10
50
57
9
10
18
45
7
22
7
14
4
17
12
2
17
5
13
37
3
12
33
38
9
14
32
3
14
5
19
7
9
20
14
5
6
17
39
27
13
8
6
78
15
6
13
7
1
56
9
8
17
5
9
8
97
10
17
16
17
66
3
100
6
19
17
6
12
19
56
14
4
2
2
3
10
12
13
18
12
9
6
6
70
21
8
19
27
5
15
3
19
10
26
8
29
21
8
31
9
52
61
10
20
12
7
13
10
15
30
18
11
20
8
7
8
3
20
5
9
8
6
5
6
8
6
19
3
13
34
9
10
9
26
11
11
29
19
7
138
9
1696
4
4
3
7
27
25
15
8
11
80
6
6
39
25
12
9
10
12
17
25
8
14
48
2
197
2
14
6
17
21
5
208
17
14
14
10
4
7
18
8
22
1
5
18
6
11
26
11
4
27
17
10
12
15
22
5
17
23
7
29
4
16
29
14
4
16
11
8
19
7
4
24
12
5
4
24
18
18
79
14
33
22
13
11
4
28
18
20
11
147
12
22
153
14
8
14
6
147
17
5
6
17
16
5
8
5
7
9
18
20
12
31
12
10
9
25
20
84
4
17
8
10
14
33
3
1
13
10
25
22
6
11
6
12
19
9
12
12
225
4
6
10
8
16
5
56
29
76
99
15
47
1
3
27
60
15
3
53
3
5
7
7
90
7
4
9
2
9
2
8
30
7
5
8
16
4
16
12
16
2
4
9
14
21
4
9
28
17
23
72
13
28
3
25
8
14
16
30
27
9
4
3
3
21
16
76
15
2
7
18
8
28
4
11
4
7
34
7
21
16
6
2
11
7
15
17
147
25
4
7
103
1
11
15
28
20
6
19
20
5
7
14
10
12
17
11
2
4
17
15
17
12
6
10
30
15
13
16
11
9
2
4
4
47
3
18
14
13
14
982
2
10
10
6
15
18
10
8
4
12
22
4
1
97
9
19
10
6
15
16
7
17
11
2
23
15
88
17
8
13
0
2
9
3
7
7
11
14
6
22
12
5
14
13
26
28
16
5
4
4
35
18
22
14
4
10
16
19
274
2
8
3212
36
24
7
20
9
37
21
7
6
9
7
69
10
12
20
6
7
2
26
6
7
16
9
30
18
16
13
65
3
3
440
2
6
20
3
139
14
0
13
9
8
12
15
191
8
50
9
297
20
40
10
19
8
9
6
106
5
10
10
8
13
46
17
17
18
18
24
5
6
7
3
13
44
6
5
13
12
3
17
20
9
8
16
17
0
1295
16
68
3
6
25
8
45
12
9
11
22
15
4
18
4
13
6
27
22
22
8
2
12
4
25
4
5
30
2
7
10
9
17
3
14
106
106
26
8
14
10
7
10
4
7
35
10
10
6
35
10
52
13
3
3
2
5
3
9
15
3
2
6
10
7
7
73
21
15
16
11
4
20
24
331
6
5
2
22
5
39
13
3
15
8
4
24
14
2
6
9
9
13
51
15
62
10
5
38
27
154
2
11
31
5
6
5
12
20
35
25
3
4
2
13
9
576
20
28
354
8
10
67
7
7
4
5
12
28
14
14
12
3
49
22
20
19
8
53
5
4
4
17
3
9
54
17
16
30
10
6
14
3
13
24
24
23
9
93
22
14
6
3
13
8
5
10
20
11
12
9
58
29
32
26
6
35
22
5
17
11
16
20
20
9
14
27
12
50
42
9
13
2
48
3
5
14
21
9
2
13
191
10
17
3
6
2
0
11
5
13
17
43
9
59
10
11
29
15
0
36
38
4
5
3
12
5
5
19
5
30
1
10
8
14
13
10
7
3
21
19
23
6
25
119
22
15
15
44
7
11
16
7
22
3
18
15
7
10
15
50
3
18
9
9
6
13
14
28
4
17
11
6
118
9
22
6
1
333
38
17
14
11
10
7
4
16
9
4
1457
4
20
34
3
13
14
83
1321
6
15
15
8
5
55
12
17
664
10
27
34
0
417
8
4
12
12
6
8
21
12
4
16
9
5
11
9
14
38
10
9
6
6
10
6
10
31
35
10
26
20
16
6
67
4
16
5
2
8
9
8
10
7
7
35
27
5
9
12
35
13
3
6
2
9
12
11
26
3
9
16
82
4
6
228
13
34
4
7
24
10
10
9
20
3
8
8
3
12
205
10
17
4
32
51
12
13
43
18
6
19
33
74
7
40
8
8
17
11
51
7
7
2
102
8
9
19
49
20
10
10
13
38
41
4
16
9
5
36
17
22
5
10
3
6
16
10
17
15
20
75
6
13
13
1
23
4
49
8
18
4
33
294
3
10
26
11
6
30
11
8
7
10
25
11
12
8
8
22
8
19
12
9
2
7
19
6
11
27
5
69
34
5
39
32
6
18
3
7
14
7
7
13
13
7
23
19
4
9
8
39
10
10
29
15
7
6
12
14
8
14
11
20
17
36
5
6
20
5
11
7
6
3
6
20
7
11
43
10
23
5
1
8
13
5
49
5
5
22
5
20
12
37
19
30
3
25
26
6
15
39
24
13
4
26
14
29
5
4
8
2
5
12
8
7
4
6
9
16
8
9
73
8
11
9
25
9
40
5
18
7
10
105
7
4
3
3
51
10
6
12
5
251
49
8
15
6
54
6
16
9
3
6
3
29
8
83
22
71
0
8
13
4
12
19
5
14
10
6
12
4
9
4
11
32
2
14
16
4
16
14
13
12
2
2
11
9
23
17
126
12
12
13
4
25
6
8
30
14
16
20
33
16
11
13
6
12
6
34
7
24
10
5
134
16
6
12
9
10
184
10
10
11
5
5
11
7
4
7
11
11
3
8
34
21
3
12
14
14
3
14
8
54
6
6
16
23
6
7
13
30
36
52
11
15
1
8
4
9
14
10
15
12
9
9
7
9
45
4
7
13
6
18
19
843
5
36
18
8
4
23
53
5
33
2
4
5
14
5
138
2
3
11
12
32
7
3368
11
0
12
110
13
11
330
30
22
7
5
15
3
15
11
7
35
767
11
14
18
15
30
22
6
13
25
1
14
12
8
14
11
4
8
6
8
9
14
7
8
3
100
11
12
12
33
1
11
10
8
9
3
10
9
18
14
14
3
9
9
21
7
16
211
7
13
7
16
7
2
11
9
20
36
4
8
3
21
2
18
18
2
7
9
12
21
14
152
17
6
530
2
7
9
10
10
51
11
35
11
6
6
20
8
8
6
7
1
24
39
2
14
8
6
9
6
6
2
11
31
6
4
4
10
19
8
41
17
10
15
26
20
37
17
4
9
8
5
4
1
14
5
15
4
7
6
5
9
34
7
39
23
6
9
11
22
5
30
11
7
5
39
10
6
38
4
14
9
2
153
17
4
77
16
6
90
4
36
6
27
9
21
8
1
12
12
38
9
7
11
4
14
6
3
4
160
11
2
19
36
6
5
6
2
15
5
10
1
5
7
11
48
5
15
11
125
3
19
13
21
15
12
28
9
13
37
12
66
19
7
33
5
2
7
29
10
11
2
26
8
8
13
3
6
8
6
10
11
13
9
19
7
9
11
16
44
7
22
455
14
10
30
21
29
6
18
1
10
2
25
5
7
5
12
13
57
11
14
9
30
12
27
20
7
10
24
14
12
8
4
27
6
10
10
38
8
88
9
2
98
217
68
4
34
116
4
16
11
36
4
3
10
7
6
26
14
14
9
7
9
33
181
0
24
7
10
22
16
4
9
4
23
5
9
18
7
13
11
40
7
37
26
10
3
9
43
52
9
12
14
18
5
26
13
41
36
30
4747
2
24
2
7
31
16
6
27
34
2
27
15
53
8
26
22
26
2
15
12
15
7
7
15
23
6
11
12
3
38
238
13
16
13
5
10
37
14
3
51
38
6
12
11
14
116
8
43
7
201
78
4
5
25
5
17
5
13
35
16
11
37
56
5
22
8
99
22
26
19
29
20
4
415
13
1
15
11
8
22
67
1585
5
13
11
13
63
4
8
1
14
2
9
42
76
1
4
18
5
13
9
18
6
1
20
8
53
22
25
6
1
46
58
5
9
5
15
3
101
10
10
4
22
42
2
23
204
10
65
7
9
37
4
7
9
0
8
8
14
5
1
10
16
12
8
1
19
4
43
4
19
20
60
16
4
3
53
10
10
19
9
10
3
10
5
9
17
21
6
2
48
9
17
12
10
2
16
13
16
8
16
2
19
19
19
31
23
4
22
7
9
9
33
4
30
7
13
3
17
24
15
51
7
13
29
3
46
31
23
5
2
4
12
1
9
3
26
59
7
6
3
11
28
31
252
15
0
6
7
13
38
150
20
5
10
6
69
3
2
20
9
16
58
5
10
10
17
3
27
6
18
44
37
38
107
7
1
6
14
17
12
3
29
9
6
20
27
19
8
8
14
8
23
24
11
9
10
9
11
1
393
8
3
11
39
4
14
6
68
219
73
6
19
8
24
5
11
13
18
12
25
13
357
18
11
25
6
4
15
10
11
4
13
19
218
30
20
11
6
6
59
13
120
24
29
6
5
40
10
11
13
2
5
7
19
6
18
19
7
8
13
2
6
3
8
7
11
4
5
12
1
6
3
8
39
25
91
53
8
16
3
19
14
11
3
17
0
206
9
278
11
4
14
63
11
5
10
11
106
4
4
13
3
14
12
5
20
3
12
23
6
11
40
23
19
17
5
6
9
8
14
3
13
3
9
8
10
9
8
8
10
9
21
14
5
8
9
8
12
4
14
20
4
6
26
17
9
5
5
17
8
17
12
18
6
35
9
12
44
6
5
73
111
5
8
13
2
12
4
15
44
10
8
10
13
25
23
6
5
58
18
8
12
9
100
14
5
30
452
6
36
5
11
23
13
15
3
10
13
48
13
30
23
7
7
13
8
7
4
359
31
5
10
91
2
8
32
48
9
5
8
17
51
13
5
30
27
4
21
12
21
10
7
9
17
22
16
26
6
4
7
17
6
32
30
9
12
23
15
12
470
64
6
21
41
18
3
9
7
14
5
11
23
8
6
9
15
13
134
12
15
11
8
12
15
16
14
22
21
4
2
22
14
56
1149
9
42
11
4
17
6
5
12
2
9
4
7
14
5
6
2
15
18
3
38
12
11
58
11
8
20
5
13
32
7
15
6
7
10
20
13
32
9
7
0
2
14
4
6
12
26
21
17
9
6
18
10
6
306
22
63
19
9
5
9
36
7
35
16
27
43
14
31
7
13
73
10
258
10
13
6
13
11
83
66
8
8
24
46
16
9
79
37
5
1
18
9
8
8
5
14
6
9
23
15
18
62
6
5
7
6
2
32
9
9
12
22
17
39
3
6
26
21
11
17
3
9
69
6
573
29
4
80
6
14
4
23
6
8
9
9
15
4
2
17
27
11
11
10
22
8
10
4
7
12
13
9
24
6
17
13
10
7
8
9
0
32
17
21
23
14
51
4
51
19
12
39
21
5
9
14
12
5
32
132
15
10
5
9
13
5
9
6
25
3
5
7
21
7
8
18
19
26
3
35
20
54
30
11
5
31
10
17
17
44
7
8
13
85
21
8
10
17
21
8
6
5
10
9
16
22
23
6
5
26
4
8
11
1
55
10
11
31
5
10
50
6
11
8
10
39
6
3
9
8
14
17
40
7
8
7
31
1
8
34
23
35
12
17
25
4
28
44
3
4
9
47
7
11
8
14
15
13
38
8
7
5
14
24
17
39
20
19
8
40
9
19
4
6
7
10
43
5
33
130
12
14
12
10
3
12
24
6
33
8
12
53
24
6
9
9
3
9
13
7
8
7
2
13
4
11
11
3
163
5
8
28
3
6
5
53
1
12
1
7
3
5
16
12
10
3
14
10
13
3
11
24
13
4
8
11
6
18
10
11
8
15
8
20
15
12
61
39
13
4
12
5
14
6
5
43
42
14
4
7
6
22
3
19
13
3
405
5
17
11
15
5
10
32
8
3
15
51
7
58
30
207
17
11
21
91
18
10
2
37
7
10
13
8
6
13
7
10
2
6
10
2
12
15
2
9
7
10
13
11
15
31
6
10
31
23
10
12
12
3
18
20
10
24
51
8
7
12
27
19
2
13
9
20
2
7
52
8
25
49
10
7
73
9
23
24
15
24
5
3
681
13
17
14
10
30
8
12
47
44
12
7
12
12
23
19
13
5
11
6
8
6
12
8
7
8
3
10
10
27
18
5
45
14
73
4
26
6
2
12
3
7
10
4
12
69
5
10
17
10
8
73
11
16
9
7
11
12
1
5
9
6
26
11
4
5
157
10
19
13
9
15
16
3
2
18
40
65
26
15
14
56
3
3
322
8
5
10
15
77
237
14
27
9
17
7
12
8
21
55
21
8
21
14
13
13
11
52
10
7
15
4
21
11
9
28
23
10
9
16
14
15
9
16
13
13
10
3
5
21
9
7
3
12
76
10
42
34
8
4
538
9
7
22
323
8
9
4
22
23
22
3
12
10
14
20
19
34
5
7
38
10
7
23
13
1
9
7
22
19
9
4
23
7
11
3
27
15
26
10
7
6
125
12
11
9
8
3
20
52
14
37
14
3
150
27
5
11
12
5
11
15
23
24
11
24
19
15
20
9
20
15
8
14
7
14
7
50
20
1
1
42
13
9
20
9
4
118
35
65
7
9
3
29
19
6
9
20
0
11
9
95
14
13
26
7
10
58
12
4
12
17
19
12
18
6
1
8
310
6
5
5
14
16
2
14
4
10
0
12
15
11
19
11
56
1
38
8
9
9
10
4
35
12
6
6
6
9
7
11
13
18
4
12
23
33
8
7
8
14
0
1
5
21
5
8
14
8
7
54
11
6
16
142
6
8
24
5
2
3
6
11
12
15
115
5
2
8
10
20
3
17
18
19
11
32
8
6
21
12
8
1
6
5
10
7
31
10
25
3
18
8
6
5
9
3
5
10
7
21
9
8
1
7
13
7
5
15
6
20
19
183
17
17
3
9
19
25
34
11
14
20
5
13
16
10
12
13
5
7
13
55
8
23
9
49
22
5
8
18
9
5
16
11
8
27
4
6
4
9
12
4
14
0
6
40
9
8
4
7
10
13
23
6
6
11
11
8
15
14
17
9
16
72
520
7
41
10
8
21
35
17
18
20
12
202
11
59
1
50
10
14
6
21
26
17
11
68
7
12
24
4
9
9
48
48
4
9
15
17
10
44
13
3
50
19
14
13
6
10
4
7
14
5
12
4
11
8
4
12
19
20
65
25
47
11
2
20
6
9
59
1
23
4
10
9
4
7
16
19
4
6
18
9
6
6
20
3
16
13
51
24
13
13
22
11
18
24
16
11
85
4
41
35
22
5
26
6
8
37
2
23
38
12
10
3
34
19
2
53
16
15
10
12
13
5
81
33
9
4
33
11
10
14
50
7
22
13
70
53
2
32
17
19
5
15
6
8
13
4
4
2
21
742
20
14
5
4
16
14
3
7
6
30
2
19
5
9
9
10
4
5
3
8
180
16
12
16
1
27
11
11
7
10
53
15
2
16
8
2
5
10
10
6
45
18
6
28
7
84
5
8
1
16
17
3
3
16
53
12
40
4
21
22
13
13
2
13
15
23
52
5
7
10
8
33
4
5
134
24
10
1
4
12
45
17
44
47
14
14
12
12
6
3
6
13
11
8383
11
15
90
16
12
11
34
1
10
15
6
5
4
21
9
13
5
12
237
9
11
7
11
3
12
17
38
11
19
12
16
11
4
22
19
9
23
10
6
12
9
354
10
10
5
4
10
12
19
12
10
17
9
6
43
22
37
15
16
8
2
36
515
7
161
14
7
9
23
11
14
6
17
22
3
9
8
13
28
7
16
10
9
3
51
81
15
4
15
1
16
45
48
11
12
8
25
11
17
23
29
8
12
113
23
6
32
5
7
7
3
14
6
12
57
4
10
34
17
17
45
15
20
32
6
5
6
15
8
7
601
23
8
25
19
1
42
190
6
13
29
13
2
22
5
9
8
3
16
9
9
8
8
9
21
9
3
6
3
8
0
14
10
33
32
77
5
8
7
4
11
4
13
4
3
21
1
14
15
59
16
8
13
12
12
3
4
18
21
53
14
11
10
17
20
26
22
11
21
7
8
29
6
25
6
25
18
12
7
15
20
6
51
29
7
5
11
12
32
11
11
7
7
10
18
12
11
3
12
14
4
86
52
13
5
6
14
9
11
6
7
3
10
7
41
0
15
14
119
12
5
9
20
9
18
6
8
38
19
10
12
13
7
18
6
3
18
