15
113
5
11
13
12
8
11
10
27
13
17
7
8
35
39
16
15
15
16
6
25
213
9
28
19
5
21
4
8
22
17
17
16
9
33
7
21
8
6
6
12855
13
50
73
4
17
21
18
9
17
13
23
10
8
18
21
104
33
19
37
13
6
6
9
7
27
29
15
16
5
12
4
79
22
26
12
18
10
12
10
9
13
28
18
15
7
15
26
27
21
44
9
14
128
14
25
8
13
18
14
32
12
6
0
23
8
8
7
24
7
24
14
20
24
14
14
11
20
14
24
7
10
19
16
11
14
12
29
25
2
20
13
16
4
20
19
54
9
11
22
22
27
21
8
13
17
27
19
10
22
9
13
2067
10
11
23
8
21
16
10
12
14
13
14
11
23
13
10
15
29
17
2
14
8
9
8
12
16
10
7
22
31
9
6
28
38
24
9
11
18
20
7
17
16
26
21
6
22
15
7
9
9
26
11
17
18
6
45
21
20
41
29
19
23
19
150
9
9
8
26
3
13
9
16
36
13
12
29
8
6
24
199
10
38
36
25
18
9
19
12
10
13
11
23
20
1
20
22
6
19
41
6
15
38
16
9
40
68
12
18
8
21
16
33
64
24
18
19
135
24
8
49
3
12
55
7
7
18
8
18
26
25
16
16
21
15
14
152
8
17
4
44
3
20
20
35
34
8
2
12
15
10
52
7
11
24
61
15
16
12
19
15
4
7
22
6
22
13
5
13
8
30
3
4
9
8
16
47
10
8
8
8
19
15
4
18
26
26
21
18
14
32
16
15
13
8
4
19
9
9
11
16
16
35
29
6
28
5
8
18
11
19
15
10
6
20
19
132
5
22
26
8
12
12
14
10
20
6
14
85
10
5
10
26
39
292
24
11
5
24
16
40
8
13
9
12
18
17
23
6
19
7
7
15
7
17
17
14
35
9
14
11
31
20
5
13
15
11
8
22
15
10
2
5
5
20
31
42
21
18
9
15
26
44
14
16
26
12
69
37
9
14
12
9
10
12
5
5
11
166
12
17
5
11
8
21
111
68
43
11
73
4
24
51
8
17
21
69
20
22
13
9
35
5
10
21
16
16
13
83
4
12
17
19
3
15
5
5
12
6
54
15
16
22
18
19
8
29
8
15
113
5
11
13
12
8
11
10
27
13
17
7
8
35
39
16
15
15
16
6
25
213
9
28
19
5
21
4
8
22
17
17
16
9
33
7
21
8
6
6
12855
13
50
73
4
17
21
18
9
17
13
23
10
8
18
21
104
33
19
37
13
6
6
9
7
27
29
15
16
5
12
4
79
22
26
12
18
10
12
10
9
13
28
18
15
7
15
26
27
21
44
9
14
128
14
25
8
13
18
14
32
12
6
0
23
8
8
7
24
7
24
14
20
24
14
14
11
20
14
24
7
10
19
16
11
14
12
29
25
2
20
13
16
4
20
19
54
9
11
22
22
27
21
8
13
17
27
19
10
22
9
13
2067
10
11
23
8
21
16
10
12
14
13
14
11
23
13
10
15
29
17
2
14
8
9
8
12
16
10
7
22
31
9
6
28
38
24
9
11
18
20
7
17
16
26
21
6
22
15
7
9
9
26
11
17
18
6
45
21
20
41
29
19
23
19
150
9
9
8
26
3
13
9
16
36
13
12
29
8
6
24
199
10
38
36
25
18
9
19
12
10
13
11
23
20
1
20
22
6
19
41
6
15
38
16
9
40
68
12
18
8
21
16
33
64
24
18
19
135
24
8
49
3
12
55
7
7
18
8
18
26
25
16
16
21
15
14
152
8
17
4
44
3
20
20
35
34
8
2
12
15
10
52
7
11
24
61
15
16
12
19
15
4
7
22
6
22
13
5
13
8
30
3
4
9
8
16
47
10
8
8
8
19
15
4
18
26
26
21
18
14
32
16
15
13
8
4
19
9
9
11
16
16
35
29
6
28
5
8
18
11
19
15
10
6
20
19
132
5
22
26
8
12
12
14
10
20
6
14
85
10
5
10
26
39
292
24
11
5
24
16
40
8
13
9
12
18
17
23
6
19
7
7
15
7
17
17
14
35
9
14
11
31
20
5
13
15
11
8
22
15
10
2
5
5
20
31
42
21
18
9
15
26
44
14
16
26
12
69
37
9
14
12
9
10
12
5
5
11
166
12
17
5
11
8
21
111
68
43
11
73
4
24
51
8
17
21
69
20
22
13
9
35
5
10
21
16
16
13
83
4
12
17
19
3
15
5
5
12
6
54
15
16
22
18
19
8
29
8
7
22
7
26
27
18
18
13
20
14
13
16
13
74
33
14
5
33
21
4
28
117
7
14
15
10
7
10
6
4
15
13
23
17
66
41
1013
8
52
14
7
15
15
49
16
20
5
6
12
4
36
15
11
27
7
21
15
4
21
9
11
14
21
25
52
28
10
20
25
23
16
92
15
30
20
42
24
6
11
15
15
20
12
10
42
23
31
12
10
14
39
6
24
4
87
3
20
1
24
13
43
9
10
51
52
4
48
11
17
11
20
7
11
32
13
31
21
1
16
24
12
129
4
7
11
9
11
17
31
11
12
18
7
52
22
20
15
15
16
24
12
70
17
3
15
15
22
10
16
11
20
37
4
41
58
9
9
1
9
9
15
35
21
5
123
16
26
5
9
36
17
19
17
23
12
22
38
8
19
3
8
8
14
12
15
8
8
42
12
13
29
16
7
11
122
16
26
9
23
18
32
3
23
18
7
12
8
6
19
12
10
7
22
17
16
43
18
13
8
6
9
15
39
17
12
106
7
4
9
13
7
25
9
23
112
12
23
53
11
7
10
27
94
21
21
7
13
27
14
27
4
10
14
21
9
13
10
38
11
53
12
36
18
9
13
15
12
484
115
2
21
8
26
8
12
25
10
19
18
16
17
27
21
15
14
47
10
25
12
33
29
10
6
30
8
44
16
14
26
15
22
21
12
3
10
11
18
5
17
7
32
8
21
14
13
6
6
7
49
31
6
16
4
19
22
15
20
9
17
10
4
21
13
11
26
14
10
8
14
16
11
14
12
15
17
11
28
12
10
8
6
8
15
23
7
7
15
34
15
18
5
16
17
10
17
14
11
11
3
12
9
12
5
17
6
9
3
11
12
16
5
43
12
24
15
7
6
9
11
11
40
10
4
7
23
22
18
9
10
15
9
22
30
1
28
17
16
27
54
7
16
10
11
8
10
12
20
19
9
24
12
22
31
11
10
6
20
13
8
10
12
18
22
26
41
11
19
13
15
14
25
155
15
10
17
22
11
12
14
13
19
185
12
6
10
9
30
17
22
18
15
19
29
10
8
18
14
15
44
51
158
52
19
6
12
5
13
53
17
20
72
10
8
18
7
7
14
13
12
8
12
16
5
20
16
4
10
25
87
8
16
48
20
14
8
17
8
5
29
10
23
10
5
9
1
42
10
8
11
7
22
4
10
10
22
13
20
13
9
22
14
7
19
22
7
19
7
12
6
16
5
8
11
8
15
17
15
30
13
10
33
11
12
21
69
6
6
7
17
10
8
18
24
17
1546
6
8
14
10
17
14
19
328
8
12
39
25
13
97
7
5
6
17
12
13
80
11
14
12
9
7
12
14
30
18
15
18
6
11
24
19
15
25
19
13
18
13
39
14
9
11
8
24
13
17
11
19
9
7
15
17
11
6
8
6
45
22
16
22
29
18
15
66
4
14
5
12
5
20
8
9
3
9
499
14
21
64
38
24
5
13
15
45
8
5
6
13
8
26
6
30
27
14
6
14
31
33
4
19
11
22
48
16
29
17
19
23
28
12
6
9
8
16
24
9
15
44
15
43
18
4
5
8
1
14
8
48
9
12
11
13
47
60
10
12
95
7
11
3
5
5
12
23
34
42
20
18
5
23
15
49
13
8
13
7
13
34
19
75
9
27
21
16
16
29
36
19
9
47
5
15
12
30
8
12
11
19
21
9
9
12
31
7
15
21
29
31
11
21
9
6
10
12
59
17
10
9
19
32
8
14
12
13
34
199
10
61
12
6
14
6
16
6
28
16
14
16
24
9
11
16
10
36
25
7
15
21
31
11
34
30
12
7
7
26
11
13
16
17
22
15
10
9
10
24
9
30
34
17
10
5
16
11
43
17
21
25
9
10
15
11
22
248
4
13
7
14
11
12
30
25
9
38
12
13
4
26
13
18
18
16
18
25
17
19
14
6
6
24
11
8
17
9
16
11
8
10
16
2
116
23
14
14
11
9
34
7
23
11
17
6
28
30
16
11
15
15
20
16
29
13
19
16
11
10
9
15
10
30
13
11
13
25
8
17
23
19
25
11
12
6
12
6
14
10
11
12
187
4
4
11
12
7
18
2
10
37
16
20
9
9
301
5
14
6
17
34
15
14
7
63
21
21
12
14
10
23
18
13
21
7
19
9
6
13
17
13
16
10
117
4
9
16
9
17
12
16
13
4
10
13
15
9
120
15
28
8
71
41
14
5
20
15
11
11
35
11
251
18
9
20
12
2
12
21
15
19
3
19
12
11
33
15
23
35
8
27
12
11
15
19
20
24
21
4
17
16
25
48
26
15
13
15
6
14
12
5
6
7
28
62
10
17
23
3
4
17
11
7
17
14
14
28
39
21
8
53
12
16
4
14
10
8
7
5
9
127
15
6
69
23
17
12
2
14
8
7
7
24
66
16
7
9
8
12
46
8
6
13
12
14
21
13
5
18
7
17
23
9
8
12
10
6
31
9
62
9
3
10
219
29
13
10
11
28
16
64
13
31
36
2
6
14
16
9
21
10
35
18
4
17
1
23
10
9
6
3
23
24
12
32
13
7
9
8
3
24
7
10
17
6
33
9
8
5
20
129
55
15
7
11
16
2
5
15
18
23
41
20
15
28
24
36
11
19
6
22
18
10
23
8
8
22
31
3
10
7
18
10
41
45
15
7
11
12
18
35
13
7
24
34
7
16
106
91
41
30
14
32
18
15
9
7
26
16
26
65
252
3
14
11
23
16
17
19
12
8
27
19
13
7
27
12
15
7
7
39
4
16
11
7
16
28
21
10
10
8
25
13
16
219
12
15
15
78
34
8
9
5
23
16
17
30
6
23
12
4
10
10
58
12
7
19
9
13
4
29
17
17
37
14
7
15
12
7
162
21
15
16
25
47
59
12
6
12
168
9
12
46
9
15
10
8
25
8
16
10
10
20
18
8
14
9
29
37
12
8
3
158
6
9
6
12
25
11
49
14
19
53
25
11
13
20
9
20
16
6
14
11
15
15
7
7
11
8
17
12
44
20
46
8
78
18
11
22
9
9
11
12
10
12
12
23
5
19
8
24
19
30
9
12
23
10
10
8
10
8
6
32
33
71
11
14
43
17
13
34
75
9
20
28
13
15
12
25
21
16
24
18
6
35
15
9
10
9
16
9
15
8
39
40
14
12
10
109
9
12
17
12
10
12
38
26
28
6
12
18
56
9
19
7
30
11
82
5
15
49
6
25
29
9
33
15
4
25
6
16
24
13
30
9
13
8
7
49
4
9
67
9
25
13
6
8
27
15
50
27
11
7
18
7
11
6
21
695
13
8
18
11
13
15
14
27
18
13
15
14
19
395
11
25
14
16
12
9
12
17
8
14
57
31
2
11
9
6
5
9
22
10
12
19
10
25
7
10
8
25
12
10
9
11
17
13
12
15
124
5
16
14
5
13
8
13
8
11
15
124
11
20
22
22
65
23
3
25
21
16
17
7
10
11
16
9
16
32
33
14
16
36
10
62
50
9
23
8
2
21
8
11
23
20
5
11
13
11
19
24
13
15
24
8
21
2
16
30
19
34
12
19
10
10
9
15
28
31
11
21
14
7
12
12
24
10
13
35
85
13
9
21
26
12
38
83
35
11
13
11
7
12
16
8
12
11
16
9
6
11
22
6
24
18
9
10
8
18
23
4
14
19
16
21
18
17
28
25
9
15
22
18
11
366
19
25
9
14
33
22
7
15
6
25
14
3
15
19
8
15
6
13
29
6
12
6
23
9
40
16
5
10
18
70
41
5
13
15
15
82
11
8
9
12
24
21
18
9
2
8
10
11
18
16
5
11
34
9
100
18
52
13
21
5
28
7
40
11
13
25
13
8
20
17
8
8
4
154
3982
8
9
7
13
10
8
26
12
17
17
6
14
15
14
30
11
17
41
5
206
4
6
12
9
40
14
12
20
14
11
68
9
22
4
7
25
6
6
146
31
14
59
8
6
9
15
10
25
11
12
4
17
14
22
12
17
28
10
18
7
15
5
28
12
49
17
6
17
11
12
56
20
11
2
9
59
18
16
10
11
9
11
9
14
8
41
11
16
16
16
17
18
14
16
63
18
14
6
7
15
58
39
3
25
19
198
18
27
7
9
13
11
54
324
4
16
15
3
32
8
10
15
14
12
17
14
8
19
13
75
4
18
10
172
7
23
8
8
28
37
10
25
21
15
24
9
9
10
10
4
10
11
19
38
14
13
5
14
181
12
24
15
0
4
16
10
14
11
8
96
38
9
14
20
1
23
8
7
11
10
9
65
9
3
21
21
34
22
15
69
22
2
35
8
9
15
12
14
11
8
48
14
16
24
35
24
13
10
17
28
14
15
6
139
13
33
14
8
18
6
16
13
20
41
4
6
16
21
2
7
49
17
47
32
6
8
11
4
38
32
5
35
20
33
6
15
12
10
32
7
16
17
90
7
12
19
10
30
20
53
6
17
7
12
22
3
7
44
22
23
26
35
38
15
8
15
24
8
29
10
46
13
13
94
13
7
13
10
95
11
27
9
7
8
15
15
21
8
11
26
9
16
11
18
10
25
20
12
7
100
7
29
15
10
11
11
25
6
10
7
7
11
5
91
8
5
16
14
20
12
90
13
14
12
9
15
91
6
6
38
17
13
5
12
2
13
19
12
21
15
10
34
12
13
69
10
60
23
7
25
20
5
18
14
10
36
10
20
45
6
24
37
15
33
62
10
11
19
10
20
19
28
15
5
11
36
36
8
12
4
3
18
12
5
34
14
17
5
10
20
9
11
10
21
17
23
4
18
34
13
98
96
30
16
6
9
11
10
12
19
15
17
451
8
104
35
25
53
7
36
20
18
38
18
17
21
13
6
14
13
45
11
8
13
32
13
354
14
8
17
6
25
47
1066
11
13
20
4
22
16
14
22
114
88
10
31
10
15
26
171
24
23
13
96
15
34
16
16
16
106
28
15
92
9
30
3
8
24
9
42
34
20
3
8
14
6
10
18
13
8
25
19
18
2
10
32
12
7
15
19
230
35
11
11
80
19
11
5
6
77
7
20
12
14
8
23
8
17
12
32
91
6
6
7
6
1
15
5
21
12
11
19
5
12
12
56
40
75
12
32
23
16
10
12
31
10
17
6
2
24
24
49
19
124
14
15
9
12
7
9
14
26
22
15
17
33
3
3
31
8
14
17
20
8
53
7
25
40
34
9
21
11
15
7
10
21
33
8
2
7
18
10
9
7
17
11
35
39
9
11
18
7
13
6
15
18
11
14
12
5
7
34
17
35
21
8
18
12
27
22
52
10
17
28
16
12
23
11
13
14
10
8
11
8
27
15
11
19
199
29
98
13
9
19
55
16
13
11
13
12
33
7
9
12
5
14
41
16
16
11
15
13
17
19
71
27
40
12
28
22
11
16
26
10
18
3
20
34
13
8
9
33
15
9
31
8
12
55
9
39
10
15
12
14
8
12
14
23
9
7
14
52
11
6
15
852
12
4
23
5
17
20
17
23
13
17
17
7
24
29
10
5
18
19
56
30
11
88
46
18
19
9
10
19
17
20
123
21
10
7
13
8
9
20
15
30
10
13
39
57
11
18
14
15
10
7
14
16
4
8
15
14
4
69
11
6
61
6
18
18
22
11
7
14
159
8
43
6
10
18
7
11
12
14
16
75
3
9
14
12
17
12
15
3
16
12
11
5
27
22
24
22
83
114
22
62
15
17
12
12
24
21
16
18
4
12
9
13
12
27
11
20
45
56
20
6
6
10
259
6
56
87
7
15
26
11
5
8
16
18
124
63
3
18
15
21
40
13
13
9
13
8
15
27
4
11
13
39
19
14
25
22
18
19
49
8
7
19
41
33
17
15
7
25
78
23
8
14
13
10
22
23
6
13
9
23
20
11
20
17
4
16
14
25
15
13
15
135
11
8
10
38
13
16
27
12
6
7
7
21
15
22
25
8
11
12
8
25
27
5
5
7
17
10
10
4
13
24
23
47
19
5
2
17
12
23
5
8
10
38
9
23
703
12
9
21
18
12
16
19
12
43
16
26
35
53
22
20
39
15
31
15
41
22
34
34
39
14
20
9
10
4
43
19
6
9
9
5
10
12
20
14
28
15
10
14
12
20
16
15
42
6
18
16
18
6
12
11
1
6
16
6
17
14
6
18
11
10
23
21
91
36
6
6
6
26
22
15
12
14
20
14
47
41
23
18
22
4
13
9
13
11
10
16
18
12
17
10
15
28
12
13
6
18
29
9
8
5
14
12
17
20
13
29
6
5
6
15
33
27
9
26
11
12
12
8
11
34
63
23
16
17
5
18
26
40
15
4
33
40
12
11
15
11
9
9
15
8
15
21
12
22
12
16
32
31
34
19
26
14
18
13
4
9
12
11
7
12
18
41
15
12
12
10
13
8
40
37
32
56
8
14
13
11
19
20
60
51
12
21
10
14
27
17
16
40
10
15
90
6
25
8
15
38
10
20
21
10
40
23
17
22
3
6
17
33
20
16
8
19
7
16
50
9
10
8
4
12
11
13
21
19
17
21
32
13
9
9
5
32
6353
21
14
8
8
14
44
10
9
13
28
11
15
90
33
21
14
11
6
20
14
8
34
34
34
23
11
10
19
9
30
16
17
9
12
21
12
41
16
6
16
10
15
6
13
11
21
31
22
10
9
11
12
11
8
39
13
30
6
25
4
3
35
11
8
19
57
11
14
16
14
6
10
19
9
23
12
10
14
16
21
20
14
7
10
57
27
12
13
12
43
9
10
20
5
30
22
8
41
21
12
11
12
20
24
12
21
9
20
18
17
9
13
9
23
7
15
32
14
10
19
17
56
15
7
16
16
21
13
9
14
10
23
15
7
20
5
8
18
45
19
18
54
49
27
6
12
8
20
18
14
56
12
13
58
15
13
72
19
17
44
29
4
3
12
10
35
14
7
11
16
12
15
35
6
13
8
19
14
12
26
7
14
35
11
14
58
15
9
15
22
24
54
5
11
11
20
9
14
14
15
6
13
9
96
58
11
6
5
44
22
13
20
16
16
23
13
13
12
41
18
6
29
9
15
85
45
11
18
8
125
8
15
31
16
9
11
16
28
13
309
12
6
19
7
14
12
9
20
85
17
36
11
9
23
5
18
27
27
116
5
13
9
20
14
37
3
21
15
13
29
805
11
56
15
16
14
10
11
17
5
26
12
34
16
5
17
5
43
9
24
19
25
32
57
18
9
11
20
4
15
116
13
22
8
18
21
14
23
6
42
13
14
9
12
33
13
15
3
9
3
59
16
12
13
22
15
12
19
10
109
18
28
41
9
9
10
3
19
6
8
9
17
17
12
6
7
245
19
49
14
11
17
11
40
24
21
2
21
17
70
14
12
14
16
6
12
8
60
10
10
13
12
27
5
33
82
14
14
6
12
7
14
54
3
6
8
9
11
4
12
41
22
6
19
14
19
9
23
8
6
37
6
24
15
13
8
9
5
5
11
28
8
26
18
50
15
12
5
15
15
30
6
6
73
20
20
14
10
26
26
46
34
14
10
12
17
17
16
8
4
7
12
33
31
10
3
11
12
4
22
9
7
120
8
31
14
38
25
8
10
8
34
11
7
19
16
28
8
34
45
10
6
45
15
28
70
39
15
10
14
10
8
9
11
4
10
16
11
6
16
12
61
8
16
63
15
6
5
9
1
5
7
8
19
6
14
33
17
23
13
6
9
18
32
11
17
2
10
6
25
29
15
100
15
18
5
22
22
27
13
4
23
6
23
11
11
47
7
11
92
56
7
10
19
6
5
9
14
11
10
15
23
21
10
34
13
13
7
7
13
32
30
25
24
11
25
32
9
16
24
90
4
19
3
32
18
29
10
38
19
9
107
12
13
13
22
14
7
9
24
25
13
8
8
25
21
6
10
41
25
12
11
44
27
8
13
4
11
22
3
18
343
16
10
17
6
11
8
7
12
30
19
21
46
10
5
25
17
10
23
13
39
12
15
8
21
26
6
27
9
9
14
23
21
19
12
13
10
27
61
18
15
7
14
18
10
5
17
10
9
181
10
20
24
23
23
86
20
17
15
12
9
24
6
14
41
57
15
11
32
9
105
8
17
27
5
27
20
16
19
8
37
15
44
13
16
4
11
32
9
4
12
47
13
20
20
15
14
21
9
26
10
69
7
11
11
934
13
5
14
24
11
19
44
9
23
26
12
10
20
21
16
10
27
33
12
18
14
8
15
9
22
24
10
12
21
34
6
14
8
8
32
12
12
17
15
47
8
15
12
7
8
53
27
6
23
247
21
6
8
29
29
3
11
13
11
8
18
14
13
11
22
18
7
30
11
35
145
30
21
76
11
14
11
30
17
35
25
44
4
3
10
29
6
11
13
23
14
11
17
83
7
19
8
22
11
7
10
14
6
17
22
10
34
22
14
6
6
28
1
13
20
23
12
10
10
965
17
4
6
20
22
9
37
33
55
43
10
50
45
13
10
8
13
11
5
20
12
22
10
16
24
49
39
9
13
6
11
22
12
107
16
18
6
12
8
138
11
9
26
20
12
50
130
3
32
7
15
10
16
20
19
48
11
12
45
8
10
19
15
22
16
6
27
20
6
12
9
85
13
9
12
13
12
5
15
17
25
11
4
7
7
12
49
8
10
6
7
16
15
35
8
17
16
8
8
5
13
33
14
7
10
21
21
18
34
20
18
22
8
18
52
8
5
13
6
11
68
17
23
10
24
2
18
8
70
17
35
8
57
6
14
16
4
20
11
1
34
20
13
6
11
5
19
12
10
6
11
6
10
39
6
10
7
7
7
17
48
7
14
13
10
13
25
7
55
21
21
6
23
10
10
25
12
24
15
43
28
9
12
13
15
7
32
42
9
97
42
6
30
24
18
10
20
17
10
12
19
16
49
7
7
47
35
20
12
22
13
24
6
30
10
15
226
6
13
9
24
40
19
6
16
15
12
14
15
2
10
147
21
22
22
14
40
2
16
9
15
14
74
23
12
41
48
75
4
13
9
11
33
16
11
17
21
3
10
16
22
11
4
58
26
24
21
13
14
7
23
10
10
61
25
7
8
12
44
6
11
23
11
7
70
22
6
15
9
3
12
11
11
13
15
60
12
15
15
12
6
11
17
47
11
6
16
9
5
6
14
11
61
22
14
14
14
16
29
21
27
1
16
19
9
30
4
16
13
27
18
181
56
16
4
19
15
39
7
14
7
21
14
16
36
8
12
25
18
21
66
100
25
21
11
12
306
10
11
10
451
6
18
12
14
5
8
11
14
7
43
9
38
9
18
13
33
48
4
35
244
5
35
9
8
1
8
23
298
19
0
8
12
15
14
8
20
5
18
7
206
14
19
9
26
27
66
26
6
33
8
15
26
10
25
16
12
8
29
99
14
16
15
29
3
877
10
31
94
160
11
19
20
31
40
25
21
20
48
63
8
8
8
25
46
8
13
17
9
47
11
4
27
18
58
12
9
3
10
11
33
19
19
13
10
18
21
12
32
7
12
8
17
5
12
12
6
50
10
9
2
10
12
7
10
4
21
14
15
6
6
39
12
6
9
5
9
19
38
28
16
12
16
57
13
11
70
31
19
9
12
32
19
16
8
14
22
11
28
23
16
9
36
9
9
62
23
6
10
29
9
23
10
31
47
50
32
8
61
23
10
60
19
28
11
6
18
4
11
15
27
11
8
12
18
18
31
8
8
12
7
445
33
3
13
9
39
7
31
11
27
9
5
72
11
16
12
15
7
11
16
15
20
15
9
11
32
12
12
25
86
13
71
11
22
28
13
11
4
7
8
7
195
10
25
7
8
6
27
8
15
13
21
7
18
40
18
11
5
10
5
5
4
6
44
14
33
31
20
9
13
69
19
5
42
34
7
76
7
37
221
45
16
9
12
20
13
69
57
8
8
16
11
24
24
5
9
17
7
7
25
6
26
10
11
391
9
14
12
15
42
27
22
9
41
19
45
11
58
21
108
11
36
13
15
12
8
12
14
23
46
16
21
13
9
22
18
17
17
7
17
21
7
14
12
11
25
36
26
15
6
44
22
8
18
22
50
15
12
16
14
13
7
8
12
22
15
9
4
24
6
18
8
18
10
10
21
14
27
17
6
12
15
27
24
6
8
31
6
9
7
6
16
21
12
11
12
96
36
9
43
67
23
9
6
13
19
21
12
10
33
10
27
14
8
18
26
5
26
17
6
13
214
17
5
7
12
20
20
16
27
26
274
15
15
14
48
18
15
20
14
34
58
4
29
20
17
9
14
40
23
2
37
32
18
21
20
33
5
12
36
18
14
46
7
9
26
47
26
7
10
27
11
5
33
7
78
44
18
34
15
12
17
15
38
22
36
6
82
11
13
22
8
29
7
17
11
15
27
18
7
19
7
16
9
3
14
9
11
19
62
9
15
16
16
25
6
16
20
20
8
89
3
29
735
39
16
8
8
17
24
40
4
14
19
42
30
12
3
13
8
33
14
15
40
676
35
117
567
6
18
13
9
11
13
25
5
3
6
22
28
17
11
20
17
10
5
9
10
19
14
8
12
17
31
11
9
11
6
10
11
13
11
15
7
27
9
17
6
18
16
8
17
7
12
9
13
8
8
10
23
31
11
8
20
9
25
100
19
12
4
53
23
5
88
16
9
13
29
11
17
42
31
9
21
12
23
23
9
9
49
16
13
9
12
7
11
39
470
78
10
6
10
38
22
6
27
11
12
52
5
7
3
17
58
5
6
63
16
10
9
30
20
71
5
16
5
11
13
15
16
9
8
16
5
13
39
2
7
18
31
157
16
12
10
11
59
43
36
46
25
9
6
21
15
20
13
35
3
5
4
14
13
200
45
13
12
6
30
19
6
13
29
8
12
8
8
10
11
8
16
18
39
13
8
18
8
18
29
12
7
13
48
10
12
15
4
4
8
36
13
5
6
16
6
27
9
21
10
11
37
10
4
9
19
8
33
9
16
15
11
21
20
32
20
14
4
24
92
10
41
20
31
4
6
4
35
12
18
57
8
43
11
11
3
23
11
16
10
14
12
18
13
30
4
15
16
39
31
4
14
18
18
16
14
42
43
23
21
31
20
17
13
690
4
10
6
10
3
24
10
11
21
13
7
18
27
11
4
6
8
12
8
20
5
27
9
23
8
17
11
13
11
25
17
66
10
15
9
4
13
9
11
8
20
30
10
15
9
23
12
20
15
20
56
18
9
17
11
48
9
17
8
12
25
43
15
9
24
12
3
10
32
119
5
11
5
41
61
19
10
12
16
14
5
7
9
18
20
2
23
51
13
35
10
16
10
17
34
6
19
30
14
18
9
9
21
150
33
5
3
16
22
6
33
4
9
35
22
11
15
10
24
8
10
10
16
40
17
19
33
28
14
33
5
4
15
13
11
121
13
20
15
13
19
12
19
9
10
57
6
20
10
7
18
4
23
14
16
13
8
7
25
29
14
5
49
16
6
7
4
8
10
25
26
5
60
6
9
9
19
18
5
93
6
9
6
17
10
30
3
11
8
7
17
10
25
9
32
77
15
14
13
17
28
23
11
27
26
11
11
8
26
9
9
14
18
26
10
9
40
15
9
134
19
28
13
18
10
13
5
23
11
18
88
8
256
9
35
13
10
13
22
6
3
11
8
15
6
14
40
11
8
12
22
38
13
9
7
7
23
20
21
24
14
13
122
7
14
65
3
24
23
18
14
26
21
33
4793
12
15
24
16
12
19
12
5
11
10
10
4
12
38
19
9
26
12
20
29
33
16
10
22
11
30
14
8
32
12
10
28
14
6
4
12
9
18
10
19
10
29
21
13
26
16
31
23
16
10
8
10
19
11
225
2
15
38
14
6
27
11
4
8
7
4
28
23
25
47
37
19
3
12
32
15
7
10
9
10
3
5
14
14
32
13
11
7
4
12
21
25
16
12
21
17
85
12
24
20
14
6
12
6
25
27
28
14
13
50
14
12
9
8
14
13
90
2
14
4
15
16
13
14
35
6
7
20
8
7
11
21
9
3
9
41
28
88
31
13
809
45
17
17
6
13
24
82
7
11
27
15
59
11
554
11
7
15
12
16
3
8
341
17
20
23
21
17
10
14
19
10
14
40
36
19
22
82
11
20
9
2
19
9
21
4
10
19
10
70
14
11
9
6
7
11
7
16
22
20
32
22
5
24
6
5
8
34
186
3
5
39
10
19
48
24
7
4
21
35
15
15
16
16
6
12
15
19
3
21
15
10
52
9
15
48
20
20
7
32
14
13
9
19
18
5
15
5
24
105
9
13
11
27
29
20
13
38
8
13
74
25
11
13
3
13
24
25
22
9
23
8
14
103
19
11
11
179
21
9
19
8
8
12
27
38
3
36
13
9
10
21
22
17
3
23
22
30
14
14
10
20
7
18
18
6
7
94
7
15
23
18
8
12
36
11
9
16
6
14
16
34
13
8
22
16
26
7
4
10
14
25
3
26
24
7
14
25
58
7
24
9
20
23
93
21
401
20
8
18
4
11
8
39
9
19
15
19
19
11
8
16
9
7
17
18
18
8
11
21
40
16
8
9
41
9
8
59
8
11
13
22
19
16
11
8
17
17
12
18
12
92
2
15
14
15
16
23
10
21
19
12
46
19
3
471
13
15
82
15
11
36
11
34
17
32
8
14
25
18
46
7
19
27
44
17
25
24
23
5
19
5
7
3
31
21
1056
25
18
11
9
21
10
6
8
14
49
20
31
5
10
12
26
13
59
10
19
13
20
9
5
29
30
17
15
13
17
20
13
13
10
30
36
33
57
22
12
0
24
45
14
14
19
11
8
22
4
8
14
12
13
7
7
103
5
32
17
7
28
8
27
18
7
7
11
40
45
15
8
6
11
35
13
9
16
4
11
194
45
16
10
22
13
83
16
41
9
15
9
23
5
20
1
307
8
8
6
30
8
18
21
22
14
46
14
9
19
12
30
15
32
16
10
57
77
17
10
23
10
16
23
15
18
14
4
6
20
6
10
15
119
12
23
26
12
46
6
17
10
31
17
14
17
20
63
20
29
14
21
56
15
8
9
13
14
13
6
14
16
4
3
112
14
9
22
32
18
5
12
86
24
11
18
30
22
13
15
63
10
49
20
11
15
7
10
13
24
21
6
6
21
24
8
10
12
18
20
11
12
3
13
36
163
22
10
18
10
16
45
19
13
16
4
36
20
19
9
19
23
20
7
25
19
9
9
17
12
24
15
16
12
27
5
21
12
18
8
38
19
5
31
68
16
6
32
13
31
10
29
6
15
10
12
16
7
21
24
22
13
47
13
25
9
15
14
15
5
29
15
17
114
7
13
10
22
7
19
7
18
13
545
38
10
11
6
45
6
22
15
6
7
12
152
59
18
5
16
13
13
7
58
11
9
11
12
9
13
23
21
12
7
14
14
16
23
8
12
16
38
24
24
6
33
16
17
10
9
37
5
17
7
8
3
25
15
12
20
13
16
4
26
42
7
12
10
28
20
11
8
18
18
7
17
12
7
10
26
8
7
28
25
7
10
41
10
6
16
1
29
22
20
12
7
18
4
9
19
18
9
10
28
25
274
46
7
11
17
90
12
10
11
14
22
13
15
10
198
8
25
7
70
11
24
17
18
11
67
11
78
18
16
11
16
15
11
47
12
80
6
46
44
11
15
2
7
19
12
16
10
20
35
19
18
31
11
21
9
9
9
10
9
9
23
20
14
32
9
23
35
26
8
9
22
5
30
17
7
25
17
5
20
31
34
13
14
15
5
10
11
7
17
14
31
26
11
88
18
12
12
10
7
16
40
111
24
6
6
15
10
15
6
249
23
21
17
24
6
7
2
16
17
17
5
18
21
18
24
13
27
16
7
22
17
20
11
16
44
9
7
13
16
21
7
54
11
47
29
19
11
9
38
109
70
15
21
11
27
8
10
9
5
11
7
18
15
21
58
25
98
51
17
14
9
5
16
7
16
7
5
19
13
11
12
10
11
24
8
18
20
17
16
16
6
27
11
9
26
26
11
15
15
10
5
6
4
25
9
32
31
8
12
43
20
20
27
16
11
24
32
232
27
9
13
29
10
8
19
27
8
8
6
14
11
10
17
16
34
9
12
14
7
11
14
8
8
6
17
22
39
19
12
21
25
9
13
11
17
32
29
18
17
14
32
81
10
7
14
44
9
7
24
3
22
12
20
53
30
1
3
7
13
27
13
54
3
9
31
10
11
8
7
44
21
10
7
22
6
19
12
16
19
5
38
18
8
15
11
9
15
19
93
21
10
17
38
43
6
11
154
16
61
103
5
7
4
11
26
8
13
27
5
9
16
14
30
14
11
18
7
11
9
16
41
12
13
16
6
9
16
21
14
27
10
6
35
21
15
19
13
15
4
28
18
9
24
10
42
17
21
49
6
7
23
10
56
160
4
17
11
8
12
17
45
46
11
11
7
45
17
12
18
8
24
8
11
15
6
48
24
8
69
9
13
56
7
11
16
10
46
19
12
12
9
3
9
46
22
13
68
10
21
26
15
7
24
8
39
24
82
3
17
12
26
34
17
108
30
9
8
18
4
4
14
15
12
26
32
17
14
29
12
3
14
17
14
6
18
9
32
14
13
18
11
18
10
21
20
15
85
14
22
6
5
18
10
10
15
18
7
34
17
51
33
31
11
15
12
6
15
13
4
29
10
10
41
26
25
25
19
3
26
12
10
8
4
22
21
12
15
23
10
17
15
8
30
10
9
34
12
17
113
11
21
31
29
5
67
14
13
4
23
5
14
276
19
21
22
11
13
61
46
14
28
41
20
42
11
4
10
18
13
26
25
7
6
22
18
4
21
9
25
14
14
14
15
27
18
48
6
20
26
31
87
11
9
6
12
12
6
18
5
11
32
28
34
14
21
3
10
72
4
14
11
28
13
11
10
26
8
34
39
11
13
11
8
4
28
24
9
26
88
24
24
56
17
3
54
20
6
8
27
128
10
27
9
10
16
277
3
7
18
17
12
10
10
12
31
29
8
26
9
28
10
18
14
5
43
10
11
24
14
29
15
16
12
6
39
10
52
17
30
21
28
10
66
42
6
20
40
12
14
13
61
14
22
11
11
9
11
15
91
11
19
3
23
28
22
16
14
24
3
21
5
1
6
31
18
51
23
35
7
7
16
33
26
10
62
14
13
1167
40
16
12
8
15
9
12
5
16
15
12
68
4
18
6
6
41
81
14
7
17
81
31
14
15
35
8
9
29
24
8
24
10
24
11
8
7
80
16
12
42
103
6
7
15
13
12
23
27
9
14
78
7
12
28
118
23
49
71
9
11
17
17
13
9
2
12
10
29
15
13
8
16
15
9
11
14
17
28
21
31
18
0
13
19
18
12
23
14
13
20
12
22
34
11
7
13
21
21
13
95
33
12
7
25
10
18
16
17
682
14
7
8
14
12
26
15
14
19
5
9
17
7
12
15
13
25
9
30
10
15
6
6
8
27
8
11
18
14
13
11
25
16
9
8
18
85
17
7
30
14
27
12
8
26
11
6
16
24
173
13
3
5
9
26
10
23
18
529
4
9
26
7
7
10
21
6
74
16
10
21
26
12
10
10
13
10
12
11
6
8
5
5
6
18
4
8
6
62
11
14
19
12
59
12
13
11
9
6
29
3
5
48
14
45
18
8
5
9
5
12
11
6
48
64
32
73
23
11
67
9
20
10
36
20
19
27
23
32
21
15
35
8
8
18
13
10
12
9
8
20
64
33
12
10
14
18
5
15
11
27
100
24
6
6
267
17
11
10
17
13
15
43
23
19
46
0
15
17
15
19
19
11
12
11
46
10
16
37
14
15
459
6
15
11
7
12
16
67
15
4
3
13
25
12
6
12
19
6
12
6
6
15
6
19
32
16
10
10
15
113
5
11
13
12
8
11
10
27
13
17
7
8
35
39
16
15
15
16
6
25
213
9
28
19
5
21
4
8
22
17
17
16
9
33
7
21
8
6
6
5
22
14
9
14
7
20
5
34
14
11
19
14
12
377
67
12
10
32
15
19
9
10
10
4
13
13
72
11
19
16
68
17
4
13
7
26
9
11
63
21
30
10
19
6
17
27
12
19
14
13
18
24
42
2
5
21
39
31
62
8
13
16
16
10
16
28
31
4
12
15
13
17
10
15
2
8
18
6
18
11
5
8
18
17
18
25
18
6
12
7
112
14
15
7
6
6
23
12
18
6
21
18
23
34
33
16
4
5
19
8
15
16
48
85
16
14
19
62
20
17
28
9
14
9
25
11
14
30
62
16
67
3
6
2
4
8
12
74
9
18
21
13
24
12
14
21
13
12
7
14
36
15
12
6
12
11
10
16
44
17
17
66
16
16
27
13
5
10
10
9
26
6
22
13
75
17
21
13
10
56
11
15
5
63
28
20
5
18
29
13
66
5
16
24
10
12
28
11
87
20
11
18
9
10
9
15
10
17
30
16
25
6
18
37
18
13
4
21
26
5
12
11
23
15
10
13
15
21
36
11
12
58
19
3
13
12
78
5
5
11
15
11
3
36
12
29
17
20
6
23
11
13
28
22
19
33
53
12
13
10
15
17
39
18
25
19
15
8
4
11
9
4
18
7
16
16
20
11
24
4
14
21
39
25
3
13
16
2
22
24
7
17
16
14
21
8
12
15
10
15
13
19
14
26
10
10
11
3
11
9
17
16
4
10
24
66
20
30
17
7
13
17
15
42
13
14
9
22
32
17
14
6
12
11
27
16
40
15
5
10
13
9
24
44
17
17
4
15
50
6
17
9
20
2
201
13
18
7
11
12
12
13
11
10
35
12
63
17
28
6
40
43
9
17
27
21
13
15
3
16
10
29
11
12
22
14
12
47
232
13
14
15
9
29
6
18
7
6
26
11
14
20
20
5
13
15
9
148
14
13
7
8
14
8
13
26
8
3
12
18
39
23
22
9
18
15
7
12
32
9
43
8
14
14
22
9
11
2
17
4
14
30
19
29
12
9
5
9
15
14
5
9
11
11
15
14
36
12
