20
129
8
18
18
18
13
14
17
33
14
19
12
14
51
55
20
23
19
16
10
26
226
11
30
21
8
26
9
16
31
26
22
25
17
44
15
32
15
11
14
13586
20
64
88
7
23
27
21
14
31
25
36
16
14
26
28
121
41
30
43
19
10
11
13
10
30
34
17
21
7
20
11
89
27
38
17
24
17
15
13
13
16
31
27
20
12
17
32
38
28
54
14
23
155
21
30
14
21
23
20
42
19
12
6
32
13
12
10
30
11
33
17
31
30
22
23
16
29
17
30
14
17
26
22
16
21
19
35
32
3
24
20
29
11
26
29
64
16
18
25
40
34
29
12
21
22
38
27
14
28
20
22
2188
19
15
28
14
31
22
18
16
17
18
22
18
31
17
15
18
39
24
11
18
11
17
11
18
25
17
10
26
41
16
8
38
48
32
13
18
27
26
13
21
25
35
29
7
29
25
12
12
13
29
12
27
27
14
56
33
26
50
36
26
28
23
177
11
12
14
32
5
20
16
19
48
17
14
41
14
12
33
218
12
44
44
28
22
13
28
18
16
21
18
26
28
6
30
27
10
22
51
9
20
49
22
15
43
74
18
27
14
29
19
42
71
39
24
21
156
35
15
67
8
18
68
9
11
21
9
26
33
36
21
22
32
27
22
167
9
23
7
51
7
24
26
46
42
18
4
23
22
19
65
12
15
31
71
17
23
17
27
21
8
13
27
11
32
17
8
20
14
42
6
9
18
18
21
55
15
13
11
15
23
23
9
25
33
29
32
21
20
41
27
16
19
11
12
28
14
14
16
20
26
43
35
8
40
11
14
23
16
26
20
15
12
25
26
144
8
27
38
12
16
16
18
14
26
11
20
98
15
10
18
34
49
306
30
15
8
33
23
47
12
21
16
19
25
23
29
10
22
14
10
26
15
20
25
18
41
15
17
15
43
31
8
18
21
19
10
25
28
17
5
9
11
29
40
48
29
32
12
18
34
54
23
23
34
14
78
50
13
22
18
13
16
18
8
9
17
190
19
23
8
19
14
28
123
83
56
14
85
7
30
60
19
22
31
82
26
30
16
10
49
10
14
26
19
21
16
88
7
20
26
23
11
21
8
8
14
9
59
23
20
24
24
27
10
37
16
20
129
8
18
18
18
13
14
17
33
14
19
12
14
51
55
20
23
19
16
10
26
226
11
30
21
8
26
9
16
31
26
22
25
17
44
15
32
15
11
14
13586
20
64
88
7
23
27
21
14
31
25
36
16
14
26
28
121
41
30
43
19
10
11
13
10
30
34
17
21
7
20
11
89
27
38
17
24
17
15
13
13
16
31
27
20
12
17
32
38
28
54
14
23
155
21
30
14
21
23
20
42
19
12
6
32
13
12
10
30
11
33
17
31
30
22
23
16
29
17
30
14
17
26
22
16
21
19
35
32
3
24
20
29
11
26
29
64
16
18
25
40
34
29
12
21
22
38
27
14
28
20
22
2188
19
15
28
14
31
22
18
16
17
18
22
18
31
17
15
18
39
24
11
18
11
17
11
18
25
17
10
26
41
16
8
38
48
32
13
18
27
26
13
21
25
35
29
7
29
25
12
12
13
29
12
27
27
14
56
33
26
50
36
26
28
23
177
11
12
14
32
5
20
16
19
48
17
14
41
14
12
33
218
12
44
44
28
22
13
28
18
16
21
18
26
28
6
30
27
10
22
51
9
20
49
22
15
43
74
18
27
14
29
19
42
71
39
24
21
156
35
15
67
8
18
68
9
11
21
9
26
33
36
21
22
32
27
22
167
9
23
7
51
7
24
26
46
42
18
4
23
22
19
65
12
15
31
71
17
23
17
27
21
8
13
27
11
32
17
8
20
14
42
6
9
18
18
21
55
15
13
11
15
23
23
9
25
33
29
32
21
20
41
27
16
19
11
12
28
14
14
16
20
26
43
35
8
40
11
14
23
16
26
20
15
12
25
26
144
8
27
38
12
16
16
18
14
26
11
20
98
15
10
18
34
49
306
30
15
8
33
23
47
12
21
16
19
25
23
29
10
22
14
10
26
15
20
25
18
41
15
17
15
43
31
8
18
21
19
10
25
28
17
5
9
11
29
40
48
29
32
12
18
34
54
23
23
34
14
78
50
13
22
18
13
16
18
8
9
17
190
19
23
8
19
14
28
123
83
56
14
85
7
30
60
19
22
31
82
26
30
16
10
49
10
14
26
19
21
16
88
7
20
26
23
11
21
8
8
14
9
59
23
20
24
24
27
10
37
16
11
33
10
34
36
23
22
19
24
17
15
22
18
86
42
22
9
48
29
5
39
133
9
19
18
17
13
18
10
10
20
19
33
22
78
53
1079
17
62
22
11
18
25
60
25
33
20
10
24
12
46
20
18
38
10
28
27
8
30
14
16
22
32
37
55
39
13
28
33
26
21
108
22
38
23
52
32
10
16
25
22
25
18
14
51
37
42
13
18
18
47
15
32
9
91
8
30
2
32
15
55
12
18
58
67
8
51
14
22
14
27
18
14
42
19
35
29
4
25
31
19
150
8
15
17
16
22
21
37
21
15
21
11
64
28
25
18
18
25
30
16
80
21
7
19
21
28
11
30
15
29
47
11
49
70
14
14
5
14
18
23
44
25
10
141
21
35
8
14
45
33
27
23
33
16
29
52
17
25
9
13
13
17
14
22
13
13
49
19
16
37
20
14
17
151
20
32
12
26
23
39
8
33
32
12
19
14
9
24
20
16
12
29
26
22
58
26
20
10
11
14
18
46
20
19
117
18
7
13
19
11
36
11
35
127
18
31
67
15
11
12
30
108
27
29
11
20
38
26
37
7
17
21
30
15
20
17
44
18
70
18
42
25
14
21
17
17
530
130
4
26
16
28
12
16
35
14
26
23
19
22
39
33
21
18
65
12
35
17
37
42
16
13
40
12
56
23
21
37
25
27
26
17
6
13
18
23
7
20
12
38
9
24
18
19
14
11
15
58
42
10
28
11
29
30
22
23
13
20
17
9
34
18
16
36
17
18
17
19
23
16
19
21
22
21
19
46
17
16
16
9
13
18
31
16
12
22
43
21
22
6
22
24
16
23
20
18
15
6
20
17
20
14
29
14
14
9
15
22
18
9
55
23
35
22
11
14
15
16
21
45
15
9
11
28
30
25
10
17
21
15
31
41
4
36
23
25
38
66
11
19
13
16
10
15
18
26
29
19
34
17
29
39
12
15
10
28
16
13
14
21
25
31
34
51
21
22
17
18
18
32
173
26
17
22
26
16
15
23
16
27
200
19
8
15
10
41
28
28
27
23
24
34
13
12
31
19
19
57
66
171
73
23
10
19
12
24
62
23
27
88
21
15
19
11
10
19
16
17
16
22
18
8
28
29
7
13
31
99
15
18
51
29
19
11
19
12
8
36
15
36
11
9
18
1
50
19
15
19
15
29
13
14
16
25
20
25
18
20
26
23
13
24
30
14
24
16
17
12
23
11
14
13
11
19
28
20
45
20
14
42
16
20
24
83
13
10
11
28
11
13
25
28
26
1669
7
14
20
15
20
16
24
363
18
16
52
30
14
117
15
9
7
25
17
15
93
18
20
23
17
14
20
18
41
20
21
26
9
18
30
30
25
35
31
18
22
19
48
19
12
19
12
31
17
23
17
25
12
13
27
21
16
9
14
10
58
30
24
26
39
25
23
75
6
20
7
16
10
22
15
12
8
12
544
22
32
80
50
28
11
16
21
54
13
9
9
22
10
29
10
37
35
23
13
17
38
44
9
27
14
35
52
24
34
32
23
30
48
18
14
18
13
27
29
13
15
58
16
54
26
10
8
12
4
17
16
54
12
16
15
20
62
66
17
19
108
13
14
7
10
12
19
34
46
52
24
26
9
29
21
58
19
16
19
12
19
46
27
94
16
35
23
20
21
41
49
22
15
59
6
18
23
41
14
17
18
25
30
15
16
20
43
13
22
28
35
45
14
27
13
8
17
18
80
23
16
11
24
40
11
18
19
20
48
223
11
72
22
8
21
10
19
12
43
21
25
22
37
15
15
21
18
47
29
8
17
26
39
13
41
39
17
18
9
32
19
18
25
28
27
18
16
17
11
32
20
41
47
20
17
12
26
15
60
22
27
30
20
13
19
15
26
267
4
19
10
19
16
16
31
35
16
44
16
18
7
34
13
23
24
22
22
29
20
23
15
15
7
35
17
15
24
12
25
13
16
15
21
7
129
28
18
21
18
13
47
11
30
17
28
9
37
41
22
22
17
22
23
22
43
18
28
22
14
21
12
24
14
39
17
16
20
30
12
21
34
28
31
18
19
10
15
9
22
15
18
20
218
7
5
17
16
16
28
5
13
41
21
28
13
13
316
10
20
11
25
46
16
17
11
68
30
27
16
22
16
28
27
17
28
10
26
12
8
21
24
18
18
15
139
8
17
22
15
20
16
23
18
6
18
17
19
11
139
20
38
15
79
47
20
10
29
20
16
20
43
14
269
24
11
27
19
3
19
25
22
24
5
25
20
16
38
25
31
40
10
34
15
13
26
23
27
29
29
14
20
21
28
55
34
21
17
27
11
21
18
9
11
18
33
71
15
25
29
6
8
26
20
12
26
21
23
37
51
27
14
61
20
21
5
18
11
14
15
9
11
141
17
11
81
27
24
19
8
18
16
13
10
40
87
20
11
14
11
17
56
16
12
22
17
21
24
20
11
26
12
24
31
13
13
14
15
14
37
15
74
13
7
16
235
37
19
15
16
41
22
79
24
37
44
4
9
20
19
11
35
14
47
20
6
23
3
33
20
19
9
7
33
31
15
38
16
11
15
12
6
29
12
13
24
10
46
17
12
6
32
137
74
20
15
20
22
6
10
19
23
36
57
26
19
35
33
47
16
24
12
32
19
19
36
12
14
31
44
6
13
12
24
14
48
52
20
14
21
18
21
37
22
14
28
39
16
21
123
106
53
39
23
42
25
24
12
9
33
20
36
72
279
7
18
18
30
25
23
28
18
12
30
27
21
11
34
17
26
13
11
47
11
25
20
13
24
37
27
15
15
11
30
17
18
256
20
21
19
101
42
14
11
6
31
23
26
34
13
31
20
6
15
14
66
15
14
27
14
22
10
33
22
23
48
16
14
19
17
10
194
36
20
24
36
59
72
17
8
17
185
13
15
59
13
24
15
14
32
12
19
16
13
24
24
14
22
10
44
46
20
19
5
179
9
19
13
15
33
17
52
19
21
61
32
15
17
22
15
26
20
11
19
14
21
20
18
14
15
15
24
16
59
24
61
13
90
26
21
34
13
13
14
20
15
18
19
29
9
25
18
33
26
33
12
20
27
16
18
13
14
14
9
35
38
83
18
23
53
19
19
37
84
13
27
34
18
22
17
32
35
22
43
25
10
44
26
11
15
13
25
11
22
15
46
51
25
16
12
129
12
26
20
14
12
17
50
33
30
14
20
25
76
10
27
11
34
18
93
14
17
55
14
29
36
14
41
20
7
34
13
22
31
20
40
13
14
16
13
63
9
16
73
13
30
25
11
14
35
25
58
37
19
8
24
13
15
9
30
740
17
11
21
14
20
19
23
37
24
16
22
20
28
426
16
32
20
21
19
15
17
28
12
19
73
39
7
24
11
8
9
18
32
17
19
29
13
31
12
19
15
33
19
13
15
14
26
19
14
22
135
8
25
20
8
21
9
16
14
16
20
152
16
27
33
31
82
32
12
31
28
22
27
22
19
13
21
14
21
41
39
18
17
44
10
74
61
17
32
14
9
29
12
16
32
31
8
16
17
13
24
29
18
20
31
16
26
4
19
38
24
41
14
27
16
13
16
20
37
43
13
34
19
13
22
22
32
13
19
43
99
18
15
30
39
20
44
95
40
17
22
16
10
19
21
11
18
20
24
18
13
21
27
8
27
20
15
15
16
25
32
8
19
26
24
30
23
27
31
34
15
18
38
19
17
403
27
35
15
19
42
31
11
22
12
27
19
5
25
25
10
20
11
16
34
12
17
7
36
12
46
22
9
16
23
89
53
10
17
23
22
95
15
15
14
18
31
30
24
21
4
12
16
22
25
24
11
15
36
15
115
22
64
17
30
11
37
17
48
16
18
32
20
17
25
23
11
12
5
170
4179
10
14
14
23
12
13
27
18
23
28
14
19
18
23
39
17
23
53
6
231
11
14
16
11
54
20
18
23
21
18
77
13
26
6
18
33
7
7
163
49
15
72
14
14
14
25
16
36
19
19
8
23
25
32
13
24
39
13
22
15
22
10
32
22
58
17
11
21
17
17
66
27
15
7
17
74
24
24
12
24
15
17
16
23
11
59
14
22
23
25
23
26
21
27
71
24
23
13
14
23
70
50
8
29
28
234
27
34
10
14
18
12
62
350
5
21
16
7
38
12
19
22
23
19
25
16
17
30
17
85
11
26
18
195
13
28
14
13
36
46
12
28
24
21
38
14
11
19
20
12
15
16
30
47
18
19
10
19
211
21
29
23
8
11
21
15
20
17
17
106
52
12
20
26
3
32
13
12
15
12
17
81
18
6
26
29
43
32
20
84
30
5
40
16
17
23
20
24
16
11
59
19
20
28
45
28
20
13
32
37
17
22
13
156
17
47
21
11
20
8
18
20
30
55
9
14
18
27
5
11
57
21
57
37
8
12
17
6
41
35
8
45
28
44
10
20
19
15
48
8
17
23
101
13
19
23
12
38
32
66
12
25
9
19
29
6
16
53
31
34
41
47
46
21
18
20
35
12
37
17
56
21
17
101
15
13
17
15
111
12
31
19
12
14
22
25
28
12
14
36
16
18
15
23
14
32
28
16
14
113
12
36
29
17
17
15
31
6
21
13
8
18
8
101
11
9
24
19
25
17
103
20
20
17
17
21
108
7
8
43
23
20
11
17
9
23
28
17
32
21
21
47
16
19
81
20
69
28
8
28
25
9
23
20
12
45
15
23
51
10
33
48
22
41
75
12
17
26
12
25
27
42
21
15
18
43
45
13
13
6
8
21
18
8
43
21
24
9
18
26
11
15
12
32
23
31
11
32
46
19
108
105
35
23
9
13
16
12
18
25
18
23
501
13
123
43
37
68
11
43
23
28
49
26
26
24
16
11
16
17
54
20
13
18
37
17
399
22
15
23
13
32
60
1135
20
22
29
11
29
25
21
29
145
111
20
40
14
20
35
197
31
31
21
113
18
47
24
20
23
112
33
19
102
12
35
8
16
27
15
60
42
25
10
10
22
7
22
25
16
16
32
26
27
4
18
45
14
10
28
30
247
45
19
18
96
24
19
9
13
83
16
28
18
20
13
27
9
21
19
41
106
8
11
10
11
4
18
9
27
20
17
26
13
16
15
66
51
87
13
38
29
23
14
18
36
17
25
15
6
30
38
54
28
141
19
20
14
13
13
23
25
36
28
21
23
41
5
11
36
20
16
23
27
15
58
13
37
47
45
17
28
14
22
12
14
30
45
12
6
15
23
11
14
11
21
19
40
49
17
14
23
11
16
11
20
28
13
22
22
8
13
43
22
45
30
11
21
20
35
30
65
15
27
35
21
22
35
14
18
20
16
14
14
14
37
21
17
29
222
38
113
22
24
22
68
20
20
16
20
20
40
13
14
19
9
26
44
20
22
16
20
23
21
22
79
37
45
18
33
29
15
21
35
11
31
10
27
38
16
16
16
43
17
14
44
13
17
61
11
46
16
22
19
22
15
19
20
29
10
8
18
64
15
13
18
913
14
8
27
6
25
29
25
27
18
21
24
11
30
40
18
10
25
26
65
37
21
99
52
22
25
12
26
28
21
28
131
25
16
11
20
11
15
31
20
41
17
16
46
72
15
32
22
19
15
10
25
19
11
13
25
19
6
78
13
10
71
11
25
24
29
13
13
26
186
9
52
12
19
27
9
14
17
20
19
80
8
18
21
21
21
16
32
9
19
21
16
11
39
25
32
30
98
132
32
76
22
21
17
20
31
29
19
22
13
18
14
18
19
39
19
29
56
63
28
10
12
13
291
14
59
101
15
21
33
18
7
10
25
22
147
68
5
28
21
33
50
16
16
12
21
14
24
31
9
15
19
48
27
20
34
24
24
26
60
20
11
28
47
39
23
21
10
30
90
26
12
24
26
19
30
31
11
16
16
27
27
18
29
24
9
26
23
32
24
19
21
158
18
13
16
46
17
16
37
17
9
9
13
30
28
27
31
19
15
16
11
37
35
8
5
10
24
16
18
14
16
27
29
55
24
12
3
23
16
27
11
11
16
43
13
33
756
15
13
27
21
20
21
29
25
46
27
34
47
63
31
27
50
24
39
24
47
27
45
46
53
22
29
13
16
10
48
27
15
12
19
12
14
16
23
20
36
20
15
16
16
23
25
22
56
13
22
20
24
12
18
17
9
8
23
8
25
18
11
24
17
20
29
26
104
46
10
14
10
34
28
21
20
22
31
18
59
49
29
24
29
5
20
17
16
15
20
22
27
15
22
16
20
40
19
21
12
21
38
16
13
13
18
18
25
29
19
38
16
11
8
17
41
32
18
38
17
20
19
10
23
39
78
26
27
22
7
24
32
48
22
6
42
49
18
17
23
20
14
13
28
10
23
28
19
25
18
23
41
40
42
23
34
20
26
18
5
14
18
13
9
19
25
46
19
22
17
12
24
11
48
46
43
70
16
18
21
17
32
24
67
67
15
26
14
23
35
19
23
51
16
18
99
11
32
16
18
47
16
30
29
13
46
28
22
27
8
18
24
36
32
24
12
28
9
22
61
14
12
16
8
18
15
19
26
26
23
28
40
21
17
18
8
41
6705
25
22
13
12
19
53
17
13
17
36
19
22
105
45
29
18
15
12
25
18
13
45
42
55
32
13
16
20
12
43
23
22
12
15
35
20
47
24
8
22
15
18
11
21
15
24
39
25
15
14
20
19
18
15
51
18
38
11
34
13
5
47
15
11
25
70
18
19
23
18
8
18
25
15
31
17
17
19
23
27
23
18
13
16
65
33
17
16
18
50
14
15
32
6
40
28
14
56
26
22
16
17
24
31
15
26
13
32
24
21
18
15
21
34
8
20
41
16
16
29
24
66
20
14
26
22
26
17
18
14
22
30
22
11
26
12
13
33
47
29
23
64
60
39
13
16
16
30
22
18
65
15
19
70
26
27
83
23
23
52
35
8
9
16
13
41
19
18
16
24
20
20
43
10
18
16
24
23
19
37
14
19
42
13
17
66
20
13
20
33
30
59
7
18
20
26
15
20
24
26
13
19
18
106
69
17
12
10
53
25
20
29
23
20
29
17
19
24
50
26
11
38
16
23
98
53
17
24
14
135
15
22
44
20
17
14
25
34
19
341
20
12
23
11
17
16
13
29
96
24
44
18
12
35
7
20
35
38
123
9
18
13
28
17
47
7
30
18
22
42
880
19
61
20
23
17
17
18
21
10
35
16
46
20
11
23
10
58
11
27
23
36
41
68
27
15
20
23
10
20
132
25
26
12
21
34
18
31
12
53
16
21
15
21
41
17
26
6
15
5
70
26
17
22
28
22
17
25
13
124
25
44
51
18
12
10
4
28
13
19
14
19
24
23
10
11
258
26
70
19
21
23
17
55
31
25
3
25
23
84
23
23
22
23
12
15
12
74
21
25
25
16
40
11
44
96
17
18
9
18
8
17
73
9
9
15
15
16
7
15
48
30
6
24
18
22
16
29
12
7
38
10
33
26
18
12
12
11
6
20
41
15
34
28
57
22
18
11
25
22
42
9
13
86
28
23
23
13
32
38
53
43
20
15
19
30
20
18
13
7
9
18
44
40
14
5
20
20
11
32
16
8
132
18
40
20
48
33
13
18
12
45
18
11
25
23
36
15
41
57
15
10
54
19
35
77
50
18
13
19
12
9
15
19
8
21
20
18
15
26
17
67
14
27
70
22
10
7
12
3
9
10
12
25
15
21
38
24
33
19
12
19
27
40
19
20
7
15
11
30
38
19
115
26
24
10
29
30
32
18
8
32
10
31
19
18
54
12
14
102
64
12
16
24
8
11
13
20
21
16
26
28
27
16
46
24
16
12
13
18
41
38
33
32
15
32
45
12
23
37
107
7
26
7
40
25
35
18
45
26
16
121
15
18
24
29
21
12
13
30
31
15
11
16
35
28
13
15
51
27
15
17
49
30
13
18
8
15
32
14
26
367
22
18
21
9
13
14
13
17
42
28
28
55
18
8
37
21
21
24
21
45
20
27
11
27
30
12
34
18
15
25
29
30
28
15
21
12
33
77
19
20
11
17
24
22
5
22
12
13
208
15
26
38
30
30
103
27
27
19
19
12
32
11
18
52
65
18
15
34
14
121
15
26
37
10
33
28
22
28
12
51
22
56
15
29
10
13
41
15
10
16
59
18
27
27
23
19
25
15
36
14
83
13
15
15
995
17
9
19
29
18
25
55
11
40
33
14
13
22
25
25
13
38
43
15
25
18
11
21
11
25
33
14
16
22
42
8
27
14
12
42
16
20
22
17
59
14
17
20
13
14
65
38
8
34
276
31
17
14
40
39
5
13
21
18
15
24
19
16
15
29
25
9
38
16
43
167
43
28
92
18
16
13
38
26
41
35
57
6
9
14
43
11
21
20
32
16
12
22
91
10
22
12
30
17
11
15
22
15
24
30
19
40
30
19
11
9
34
8
15
29
27
16
16
17
1021
29
5
9
22
24
15
47
46
64
57
16
64
52
14
15
12
17
20
8
24
14
27
17
26
38
58
44
15
19
9
15
32
20
142
19
23
13
18
13
158
16
13
30
24
14
58
142
5
39
9
23
18
18
24
29
57
16
22
49
9
12
28
21
31
21
8
32
26
15
23
12
95
25
12
20
15
15
11
18
28
31
15
6
11
9
17
59
12
12
10
15
16
20
41
11
25
20
11
13
11
20
45
18
11
13
27
28
27
43
29
28
27
15
20
66
14
8
25
16
21
73
20
31
19
31
5
29
12
83
19
42
16
70
9
20
19
6
26
18
3
46
33
17
14
18
7
24
17
17
9
16
9
17
50
9
11
12
13
10
22
58
13
21
18
17
17
33
13
63
28
27
12
29
13
13
31
17
28
24
52
31
11
16
21
25
16
40
53
14
103
49
7
44
38
21
16
23
23
13
17
21
20
62
13
12
56
45
28
13
32
17
28
12
34
13
19
262
11
19
19
34
48
25
11
22
28
16
18
24
6
16
167
28
30
33
17
46
9
28
15
22
19
86
28
19
52
61
87
5
18
14
18
35
18
13
23
29
5
13
19
32
18
10
68
38
32
28
20
20
13
31
16
21
69
34
9
12
17
52
6
19
33
16
10
82
30
13
22
12
6
14
16
19
19
18
65
21
22
24
20
11
16
25
58
14
8
23
13
10
10
19
15
68
27
20
19
24
17
39
24
35
11
26
24
14
38
10
24
20
37
22
202
66
24
7
25
17
46
15
19
9
29
17
20
44
12
16
34
30
26
77
114
28
29
16
18
329
16
15
14
488
9
22
21
21
10
13
15
16
11
49
18
47
17
26
18
45
64
10
45
261
11
46
15
13
7
10
28
326
25
5
15
15
21
19
13
27
7
28
14
239
16
28
12
34
39
77
34
11
42
12
21
37
16
32
26
21
16
32
114
25
22
19
37
5
941
16
37
111
175
20
21
24
41
48
32
27
26
56
81
12
12
11
33
55
13
20
22
14
58
20
6
30
28
71
21
11
5
11
19
37
25
27
15
16
31
27
18
39
10
15
12
28
10
18
14
13
56
12
10
4
14
16
12
19
10
30
19
18
8
8
49
16
12
10
8
17
27
51
34
21
17
21
71
19
21
80
39
28
12
19
38
29
22
14
18
37
17
52
39
21
14
42
12
14
64
31
9
13
36
17
28
14
35
52
58
44
11
75
33
13
71
28
36
16
10
27
6
13
17
33
17
12
23
22
25
40
12
11
16
12
490
49
10
16
15
56
16
40
16
31
13
5
78
16
26
15
23
15
20
24
18
27
18
14
12
45
17
20
32
99
20
81
15
26
33
20
13
13
13
14
12
221
16
34
11
15
11
33
12
23
21
30
10
23
49
23
17
12
12
12
13
8
9
51
23
38
42
24
12
15
84
29
8
50
39
15
93
12
44
246
56
24
11
17
30
15
85
72
10
14
18
14
30
27
15
12
24
12
10
32
9
32
15
19
411
13
21
18
24
53
41
36
14
50
22
49
20
74
29
127
14
47
16
18
21
10
22
19
29
61
22
25
22
15
33
29
27
25
15
23
29
17
20
17
14
32
42
31
21
11
52
27
10
25
27
60
21
16
21
19
23
12
14
22
29
20
17
7
30
12
26
13
26
17
19
27
16
33
22
7
21
22
38
36
15
12
41
13
16
21
13
20
26
18
16
16
111
48
17
54
82
29
15
8
16
29
31
19
17
45
15
36
18
15
24
34
11
35
22
9
14
238
25
9
12
16
31
24
24
34
39
296
23
25
21
61
26
23
29
18
49
72
9
37
28
19
12
21
46
26
8
48
40
31
27
32
41
7
15
43
25
17
60
8
16
34
58
38
13
15
36
17
9
39
10
90
54
25
40
18
23
21
19
47
29
49
11
105
21
19
31
14
34
14
23
13
23
31
30
16
28
12
20
13
5
26
13
19
24
67
12
26
17
19
34
11
30
28
24
15
101
10
30
801
52
20
10
15
21
31
47
7
21
24
53
34
13
11
23
10
43
21
18
51
737
45
119
583
10
26
24
10
17
19
31
9
10
9
29
38
22
16
28
21
19
8
12
20
28
25
14
18
24
38
18
13
12
14
12
15
20
18
26
11
39
13
22
11
24
24
18
26
16
16
12
21
12
12
16
31
34
17
17
26
13
34
112
30
19
8
69
28
9
110
23
12
18
39
11
20
53
38
18
28
18
31
33
15
12
56
20
22
18
19
15
18
49
511
87
17
13
22
51
30
8
36
16
14
61
11
12
8
26
64
12
7
74
25
20
11
39
24
82
12
20
9
15
20
22
20
11
10
23
9
15
49
5
10
25
35
174
26
18
13
19
70
46
43
53
38
16
12
31
29
22
27
39
13
12
8
21
21
216
53
20
16
9
36
25
8
21
35
14
18
12
14
17
17
12
20
20
46
21
15
32
14
21
38
19
11
18
61
18
26
21
10
13
14
43
22
9
9
25
14
34
14
28
22
13
46
15
9
11
22
12
43
17
28
20
16
32
22
44
28
18
10
31
115
12
49
32
39
7
10
6
41
15
24
67
8
48
18
20
11
27
16
23
19
24
20
26
22
39
15
23
22
45
40
4
20
25
23
21
17
58
52
34
28
39
27
23
16
740
9
16
11
12
10
31
14
17
25
18
15
22
37
12
9
12
14
16
14
28
7
38
17
36
13
22
16
18
16
31
27
77
12
21
15
8
21
15
17
13
31
39
16
26
15
29
20
27
17
25
67
22
18
26
13
61
17
23
12
15
30
48
21
11
32
15
7
14
42
133
15
12
12
49
71
25
15
20
24
19
8
11
13
24
27
4
28
69
16
40
13
22
17
24
42
14
32
41
16
26
13
10
28
158
44
9
6
28
24
9
44
9
13
44
34
20
28
16
32
17
13
22
20
46
23
28
39
39
21
44
9
7
21
17
14
142
18
29
21
21
24
17
26
13
14
70
12
23
19
14
27
8
34
20
21
27
14
13
29
37
18
9
60
19
14
13
9
13
15
34
32
11
68
18
17
14
27
25
9
100
12
14
15
24
14
41
11
14
13
8
28
17
31
12
48
82
21
20
21
24
40
37
16
33
36
21
20
13
37
13
16
19
23
34
17
11
48
21
13
145
21
39
16
22
12
20
10
30
15
23
100
14
281
21
46
22
13
21
27
10
9
13
14
21
6
22
50
14
11
23
38
49
21
13
14
11
41
26
24
30
21
27
136
10
18
74
8
33
31
28
17
36
29
40
5059
16
21
34
20
18
29
14
9
14
15
18
13
19
47
21
12
31
16
25
38
39
22
14
28
13
43
20
14
41
16
19
35
22
8
13
16
13
26
17
23
16
41
29
21
35
26
39
33
24
17
11
16
31
20
252
7
17
46
17
10
39
15
7
11
14
10
35
30
29
57
49
24
9
16
39
18
11
14
12
17
6
8
20
20
40
19
18
17
10
18
29
29
20
16
27
22
104
19
33
21
22
9
21
13
33
36
36
23
21
66
19
18
17
18
20
21
100
6
23
11
20
22
19
20
42
12
12
27
14
8
16
26
13
6
21
52
35
99
40
21
889
57
24
25
9
19
33
92
13
14
36
27
70
14
622
13
16
24
17
16
5
13
368
24
28
33
27
22
16
19
23
19
24
44
46
24
30
89
14
25
14
3
22
15
27
12
16
24
13
87
21
18
17
10
13
17
13
22
30
23
41
26
8
33
9
13
10
43
206
6
7
50
14
25
57
29
10
7
23
45
20
19
23
24
8
19
21
26
8
31
20
17
59
14
20
69
27
26
14
39
17
17
14
29
28
7
19
9
33
120
14
18
16
30
38
29
18
41
10
13
87
39
21
16
6
19
29
28
29
17
26
13
20
126
26
18
19
200
25
16
26
15
12
21
37
49
4
40
19
14
13
28
32
31
5
28
29
42
20
23
18
24
13
26
24
14
16
113
10
21
33
21
16
19
47
13
11
21
9
21
24
46
18
15
28
21
31
11
9
13
20
34
5
32
32
12
17
28
67
11
28
16
26
29
103
29
432
25
15
25
8
13
17
48
10
25
19
27
27
20
15
20
20
14
22
27
22
11
18
27
43
24
9
12
44
15
11
74
12
17
21
28
26
23
16
15
31
24
21
23
17
115
3
20
19
18
21
28
14
29
25
18
52
30
10
517
20
21
100
22
17
46
17
40
19
41
10
22
33
27
54
15
24
34
56
24
34
35
28
11
24
10
11
11
40
32
1108
28
24
16
14
27
14
17
14
20
64
27
48
10
15
18
31
23
67
17
27
20
22
16
9
39
37
24
17
20
27
25
23
18
12
37
42
44
62
32
20
4
32
54
25
21
27
14
20
29
8
13
18
18
20
12
14
115
11
42
20
13
35
16
35
24
11
16
14
49
56
19
17
8
13
39
18
20
26
9
18
223
58
27
17
27
19
97
27
46
16
26
12
33
11
24
5
332
13
10
12
38
12
24
30
29
18
57
27
12
24
19
42
23
41
17
21
66
84
21
17
30
17
25
28
25
24
19
7
11
24
12
14
22
136
14
33
33
14
59
12
22
18
36
28
21
25
29
75
29
43
19
30
66
19
18
12
17
22
17
11
22
21
4
9
123
24
12
28
42
28
15
19
96
31
18
26
34
25
19
21
74
12
54
22
19
22
10
10
21
32
25
9
9
30
33
16
16
17
22
25
15
16
10
20
45
174
29
20
25
13
24
63
25
18
21
7
43
28
20
14
29
29
24
15
33
25
13
13
22
20
30
17
23
19
36
10
29
22
20
9
50
25
10
38
75
25
10
41
20
41
12
39
10
20
17
18
21
15
31
29
27
18
62
17
30
15
20
24
22
12
36
25
25
125
16
13
18
32
8
23
12
23
17
598
50
13
18
10
53
9
33
18
9
12
22
171
67
25
6
24
18
20
15
68
15
18
22
19
17
18
28
29
14
13
21
24
21
31
15
14
20
50
35
28
7
46
20
22
14
16
46
9
27
12
12
7
28
23
17
28
16
22
9
30
54
8
17
17
37
25
17
16
27
28
13
27
20
12
14
35
14
12
37
32
13
11
49
16
8
23
5
34
25
25
14
12
22
9
15
28
23
13
15
38
33
323
58
12
14
25
102
19
18
16
18
26
18
21
13
219
17
37
13
82
15
27
23
22
19
72
17
85
23
24
16
19
21
17
61
15
87
9
56
52
18
23
8
13
27
17
24
16
29
47
25
28
40
12
29
14
16
16
15
15
12
34
27
20
42
12
27
41
37
11
14
30
9
40
25
11
33
19
13
30
41
42
17
25
20
11
26
15
12
19
21
38
36
16
98
22
17
20
15
15
25
55
125
34
10
6
25
22
21
11
280
31
27
24
34
9
10
9
25
21
22
11
23
32
24
31
19
33
22
13
31
24
28
18
19
58
12
14
17
21
29
14
68
16
57
35
24
15
15
46
120
80
26
29
15
42
15
18
16
10
20
10
26
18
26
64
27
110
64
21
18
14
8
28
14
24
9
9
25
25
17
18
19
17
32
11
25
33
23
24
23
10
34
16
14
30
34
14
23
23
16
10
8
6
27
12
42
37
11
17
53
20
24
32
19
15
32
36
255
38
15
18
36
13
11
31
33
11
10
14
22
16
17
22
19
41
15
20
22
11
22
20
14
14
9
22
28
45
25
22
26
33
15
18
18
23
43
33
25
27
20
38
95
16
19
18
53
12
10
36
7
27
22
29
65
38
6
10
11
19
35
19
74
8
14
38
14
16
16
11
52
28
19
11
33
10
25
18
28
23
7
48
27
12
22
16
18
20
26
117
32
15
27
42
49
7
21
171
24
74
116
7
16
6
16
37
13
23
32
15
17
21
19
38
19
17
27
10
20
11
18
51
16
19
19
11
14
28
28
17
38
19
10
46
25
18
25
20
22
10
40
21
14
33
16
57
22
26
63
12
13
30
17
66
182
8
22
17
9
16
21
57
58
21
15
11
56
20
18
29
13
30
13
17
19
8
56
35
13
82
15
16
71
12
21
23
22
55
26
15
19
14
8
10
57
31
17
82
17
29
34
17
9
32
18
53
35
87
7
23
20
36
45
25
125
41
13
12
25
12
11
22
28
13
36
42
24
17
37
18
10
20
25
23
10
27
12
43
18
23
24
19
25
13
25
28
20
96
27
29
11
8
25
16
17
20
24
11
38
29
64
39
42
15
22
22
13
19
17
8
38
19
15
49
37
31
28
25
11
37
13
13
12
5
28
25
18
20
32
20
22
25
15
37
15
12
45
22
21
131
17
30
40
44
8
79
21
21
7
35
14
25
297
25
27
26
18
17
71
54
18
36
52
32
51
18
10
14
26
18
39
35
12
12
31
23
10
35
11
33
18
19
18
23
32
25
56
9
25
34
41
105
18
13
20
19
14
10
27
11
19
37
37
38
20
31
9
17
81
9
19
17
37
20
16
18
34
16
43
47
13
18
16
12
14
41
31
12
38
101
34
32
73
19
8
61
29
8
16
34
144
15
42
17
14
25
307
8
10
27
23
18
16
12
15
35
31
13
33
14
41
16
22
18
11
55
13
17
34
21
38
21
21
16
10
46
12
63
21
35
27
34
12
80
48
13
23
50
19
21
20
70
21
40
20
19
14
16
17
100
15
29
8
27
33
29
21
20
31
4
26
11
3
13
37
27
65
27
41
13
15
28
45
34
15
70
22
15
1273
56
25
15
11
25
13
20
10
28
22
17
81
12
25
7
13
51
98
30
16
25
100
38
23
15
46
12
15
36
29
12
28
15
29
15
13
13
96
20
18
55
117
8
12
20
25
15
29
39
17
20
93
12
19
32
136
28
57
83
15
16
23
26
17
20
8
15
13
37
19
15
11
21
19
12
15
21
23
40
28
38
24
3
19
28
23
17
30
24
22
27
20
26
39
14
12
18
33
30
19
108
41
14
15
38
18
27
21
28
741
22
12
12
19
19
35
21
18
23
8
15
18
10
18
17
16
35
13
38
18
23
16
8
13
34
11
19
26
22
22
18
35
21
18
15
21
99
26
12
43
19
32
20
10
37
19
10
28
25
192
20
7
8
13
30
12
27
25
583
8
12
29
12
13
16
33
10
89
21
22
32
32
16
14
14
16
16
17
14
13
11
7
7
10
21
8
15
13
75
19
23
24
14
68
16
19
16
13
10
38
6
12
54
21
52
22
13
6
15
8
15
19
14
60
69
43
89
26
18
82
18
30
15
50
26
24
36
31
37
33
24
45
16
19
26
17
14
22
12
12
25
71
44
16
17
19
27
12
23
23
35
109
28
10
11
288
25
19
16
19
16
20
52
28
30
52
4
22
23
20
21
29
18
16
20
56
22
27
52
18
18
492
8
21
15
13
15
20
79
17
4
5
22
34
16
13
26
21
12
18
11
12
24
13
28
44
22
14
13
20
129
8
18
18
18
13
14
17
33
14
19
12
14
51
55
20
23
19
16
10
26
226
11
30
21
8
26
9
16
31
26
22
25
17
44
15
32
15
11
14
8
27
16
11
21
11
28
8
48
21
15
25
20
19
414
78
21
21
40
21
23
16
22
16
13
16
23
88
13
23
23
90
21
6
25
7
37
12
16
75
26
35
17
27
12
20
30
16
26
22
18
23
31
55
6
11
29
44
41
71
17
18
21
23
15
28
36
40
5
15
18
21
22
15
28
7
13
20
9
23
20
9
11
20
24
22
31
25
15
18
10
126
18
23
13
13
14
25
14
25
8
24
20
30
46
40
21
9
6
27
10
23
21
57
94
22
19
28
68
31
21
40
13
19
13
42
15
20
34
82
24
78
6
10
5
9
11
24
84
20
25
29
20
35
17
21
30
18
22
12
19
45
24
19
11
17
16
15
21
56
23
24
77
23
22
41
17
10
14
12
14
35
13
30
15
89
19
25
19
17
64
18
22
12
73
36
23
8
22
35
23
81
10
22
30
11
20
36
16
99
26
15
23
17
14
14
18
16
20
38
18
31
9
20
46
22
18
7
28
29
7
17
13
31
22
16
19
23
29
42
20
16
64
28
7
22
22
86
10
9
16
19
15
8
43
19
35
21
32
13
29
13
23
33
27
27
38
67
19
18
15
15
19
47
28
29
29
25
18
6
25
15
10
23
8
19
23
29
13
32
9
23
24
41
32
4
17
22
4
29
30
8
25
24
24
29
15
16
21
16
23
21
27
17
39
14
18
19
8
16
17
25
21
7
16
29
78
28
41
29
14
15
23
20
53
16
20
18
28
38
21
19
9
21
17
33
21
48
19
9
17
20
17
29
51
20
21
7
23
63
15
22
14
30
6
222
23
26
13
17
16
17
24
15
15
48
15
77
23
37
9
49
52
14
21
35
28
19
24
6
19
21
36
18
16
27
24
16
58
256
15
20
18
16
41
9
22
11
11
34
15
21
28
30
7
15
20
13
166
21
21
9
17
20
15
18
36
17
8
17
26
48
31
32
14
23
27
13
16
38
19
48
12
20
21
30
12
15
8
21
5
20
36
26
39
20
13
11
18
25
19
7
15
18
13
21
18
46
20
