9
98
4
9
5
7
4
6
6
24
10
12
3
6
23
32
13
7
11
12
3
17
185
5
21
10
2
16
2
3
16
10
11
10
3
22
1
12
7
4
3
12031
7
41
56
1
11
19
7
7
9
8
17
7
6
13
12
87
24
11
26
9
4
6
6
3
19
20
8
10
3
9
3
70
10
13
8
6
5
9
6
2
7
22
11
10
2
8
22
13
9
40
7
5
115
9
19
5
6
10
7
25
6
3
0
12
6
3
4
14
3
17
12
15
12
9
11
8
13
14
14
4
7
13
9
6
8
8
20
19
1
9
6
13
3
9
16
42
6
6
18
13
19
13
2
5
13
18
15
8
16
5
7
1922
7
8
13
1
14
10
5
5
8
8
9
6
16
10
8
13
20
12
0
10
6
3
2
6
8
6
2
14
22
3
1
20
27
18
4
8
14
16
3
11
9
20
12
2
17
8
3
4
6
23
8
13
14
2
35
14
14
32
22
8
19
13
130
6
4
6
21
1
10
5
8
27
8
4
20
3
5
17
175
5
27
29
21
14
5
10
9
8
7
7
20
12
0
14
12
3
11
31
5
11
26
13
7
35
62
7
8
4
13
10
30
49
15
15
9
123
22
5
36
0
7
43
1
3
14
4
13
19
15
9
9
15
10
11
133
3
11
2
38
2
14
17
29
21
5
0
7
7
2
37
3
6
22
45
11
9
6
16
12
2
5
16
2
19
8
3
7
4
23
2
2
4
6
9
35
5
3
5
5
12
12
2
15
22
21
15
15
9
25
11
11
9
2
1
14
4
4
7
14
11
29
25
3
18
1
5
13
8
9
6
4
2
8
11
105
2
18
21
7
6
9
10
6
15
4
3
68
9
1
5
13
26
264
13
7
2
19
11
34
6
4
3
6
11
13
18
4
12
4
3
12
3
11
10
8
29
4
8
8
25
11
3
10
4
6
5
15
7
2
1
3
1
15
21
30
12
14
7
9
16
34
7
8
18
8
57
18
4
9
5
5
5
6
3
5
3
135
6
14
2
6
7
17
99
61
38
6
64
3
12
39
4
9
16
55
11
15
8
5
29
0
8
15
13
12
6
76
2
6
11
12
2
15
0
3
8
4
45
12
14
16
14
10
6
23
5
9
98
4
9
5
7
4
6
6
24
10
12
3
6
23
32
13
7
11
12
3
17
185
5
21
10
2
16
2
3
16
10
11
10
3
22
1
12
7
4
3
12031
7
41
56
1
11
19
7
7
9
8
17
7
6
13
12
87
24
11
26
9
4
6
6
3
19
20
8
10
3
9
3
70
10
13
8
6
5
9
6
2
7
22
11
10
2
8
22
13
9
40
7
5
115
9
19
5
6
10
7
25
6
3
0
12
6
3
4
14
3
17
12
15
12
9
11
8
13
14
14
4
7
13
9
6
8
8
20
19
1
9
6
13
3
9
16
42
6
6
18
13
19
13
2
5
13
18
15
8
16
5
7
1922
7
8
13
1
14
10
5
5
8
8
9
6
16
10
8
13
20
12
0
10
6
3
2
6
8
6
2
14
22
3
1
20
27
18
4
8
14
16
3
11
9
20
12
2
17
8
3
4
6
23
8
13
14
2
35
14
14
32
22
8
19
13
130
6
4
6
21
1
10
5
8
27
8
4
20
3
5
17
175
5
27
29
21
14
5
10
9
8
7
7
20
12
0
14
12
3
11
31
5
11
26
13
7
35
62
7
8
4
13
10
30
49
15
15
9
123
22
5
36
0
7
43
1
3
14
4
13
19
15
9
9
15
10
11
133
3
11
2
38
2
14
17
29
21
5
0
7
7
2
37
3
6
22
45
11
9
6
16
12
2
5
16
2
19
8
3
7
4
23
2
2
4
6
9
35
5
3
5
5
12
12
2
15
22
21
15
15
9
25
11
11
9
2
1
14
4
4
7
14
11
29
25
3
18
1
5
13
8
9
6
4
2
8
11
105
2
18
21
7
6
9
10
6
15
4
3
68
9
1
5
13
26
264
13
7
2
19
11
34
6
4
3
6
11
13
18
4
12
4
3
12
3
11
10
8
29
4
8
8
25
11
3
10
4
6
5
15
7
2
1
3
1
15
21
30
12
14
7
9
16
34
7
8
18
8
57
18
4
9
5
5
5
6
3
5
3
135
6
14
2
6
7
17
99
61
38
6
64
3
12
39
4
9
16
55
11
15
8
5
29
0
8
15
13
12
6
76
2
6
11
12
2
15
0
3
8
4
45
12
14
16
14
10
6
23
5
5
14
1
20
21
14
9
6
16
7
5
12
8
63
20
9
4
22
16
2
21
101
3
7
10
4
4
6
5
1
8
8
16
9
50
34
938
4
42
9
2
8
6
37
8
12
3
3
4
0
28
7
6
19
6
13
11
3
14
7
9
9
11
18
41
22
4
12
16
15
7
77
9
20
12
30
16
3
8
11
8
13
7
3
36
17
20
9
4
9
28
2
20
1
71
1
14
1
22
10
38
5
6
38
39
3
41
7
14
8
14
4
8
25
5
23
16
0
8
21
9
109
2
6
6
3
9
8
18
9
8
12
6
44
19
12
5
10
12
19
7
58
14
1
10
12
16
3
10
6
12
30
3
34
46
5
6
1
3
5
8
27
14
3
103
8
18
3
1
27
15
9
11
14
7
11
32
6
12
1
6
6
6
6
7
5
5
30
8
8
17
13
3
9
99
11
11
6
15
15
28
2
13
12
4
6
7
4
13
9
6
6
15
12
12
33
12
10
4
1
3
6
32
10
3
92
6
3
8
8
4
20
6
19
94
4
14
43
5
4
6
19
78
14
15
3
9
18
11
19
3
6
9
15
5
9
8
28
6
47
6
28
11
4
11
12
9
426
96
2
14
3
23
6
9
19
4
10
13
9
10
20
18
10
10
38
3
18
8
22
18
6
4
20
6
30
8
8
22
12
18
17
10
2
3
5
11
2
13
4
22
1
15
8
10
2
2
1
41
26
3
8
1
13
14
8
9
5
11
8
2
14
9
7
19
7
10
4
8
8
5
10
7
11
9
7
21
8
8
5
0
5
8
16
3
4
7
24
8
16
2
7
13
5
10
4
6
7
2
8
4
6
2
11
1
5
1
7
8
9
3
27
5
15
8
3
2
5
7
4
30
6
2
6
14
16
14
4
5
9
7
18
20
1
17
9
8
16
42
5
11
8
5
7
4
10
16
14
4
15
7
18
25
9
5
0
13
6
5
5
5
12
16
18
31
6
16
10
7
7
18
132
10
4
7
18
7
9
8
9
12
174
6
3
4
1
21
10
14
11
8
12
19
8
3
13
8
11
38
41
133
40
12
2
7
2
8
43
10
11
63
8
5
13
5
5
6
6
5
1
8
11
4
11
11
0
5
15
73
5
10
43
14
9
5
12
3
3
22
6
16
6
1
5
0
27
5
4
5
2
20
2
6
8
14
6
13
8
7
17
8
3
12
13
6
15
3
6
4
10
1
6
4
4
11
13
8
22
8
6
16
8
6
15
54
3
2
5
14
6
4
16
16
12
1441
2
5
11
7
12
6
14
284
4
5
26
15
6
74
4
3
3
12
4
8
63
7
4
7
1
4
9
8
21
10
10
12
4
4
11
11
9
21
12
5
11
5
27
11
4
5
5
13
5
12
8
15
8
5
10
10
4
3
4
3
31
15
8
15
22
8
11
54
2
7
2
10
2
11
7
6
0
3
450
12
8
49
32
16
1
8
8
37
4
2
0
10
2
21
4
23
20
4
3
8
20
25
2
10
8
13
34
10
22
16
13
14
18
5
2
7
5
9
14
6
12
33
6
31
12
3
3
2
1
9
5
40
5
7
7
7
31
48
5
2
75
4
8
2
4
1
8
17
31
29
12
12
3
18
10
33
6
5
7
5
10
26
13
55
7
20
18
12
14
18
27
11
6
40
3
9
4
26
3
10
5
12
15
4
6
5
20
2
10
12
21
22
8
14
3
1
6
8
44
9
8
3
12
26
2
8
7
7
25
180
4
47
8
3
8
1
10
5
21
10
9
9
10
5
4
6
5
27
17
3
12
17
27
7
31
24
7
1
3
15
6
8
13
13
16
5
6
6
5
14
5
22
25
14
6
3
11
7
27
13
15
20
6
6
12
9
12
217
4
10
3
11
10
8
25
18
4
32
9
6
3
16
8
10
16
11
11
17
13
10
11
3
3
14
9
4
9
6
9
4
4
6
8
1
99
18
8
10
5
5
19
4
12
4
10
2
19
21
12
6
10
13
16
13
20
5
14
12
8
7
5
10
7
20
9
6
10
20
4
8
17
9
14
2
8
3
8
2
9
9
3
9
168
2
1
5
5
4
11
0
7
19
12
13
5
4
285
1
5
6
9
27
9
11
2
57
12
16
6
11
5
20
13
8
16
4
13
4
4
5
13
10
11
6
100
3
5
12
6
6
6
10
7
3
7
7
7
3
102
10
24
5
52
34
9
3
13
8
5
7
27
6
222
13
3
14
6
1
9
14
11
15
1
14
9
4
26
10
13
26
3
15
7
4
11
9
12
16
17
0
12
10
15
35
20
11
7
4
3
10
9
1
2
4
24
53
5
13
13
1
2
8
8
5
12
9
8
21
29
13
2
42
5
10
2
10
5
5
3
3
6
108
8
3
59
16
11
6
1
9
3
5
3
15
54
13
4
4
2
4
39
3
4
8
5
10
18
6
2
11
5
10
16
6
3
10
8
3
24
4
50
4
1
3
204
23
9
7
7
22
10
47
10
27
30
1
4
10
8
3
14
5
27
13
2
11
1
15
8
4
4
2
15
20
8
28
5
4
4
6
1
13
3
5
11
4
19
7
6
2
13
116
43
4
4
9
12
0
3
7
13
17
34
13
11
19
19
24
5
10
5
15
12
5
18
3
6
15
23
0
5
2
9
9
29
37
8
3
2
5
13
27
7
2
19
26
2
11
87
78
29
20
7
23
13
9
4
3
20
12
16
53
235
1
8
7
14
11
11
11
5
4
18
13
7
3
22
3
12
6
4
28
4
8
6
3
6
22
10
5
4
3
18
8
11
189
7
12
12
62
24
3
3
1
19
12
12
21
4
15
9
2
3
3
48
9
4
13
3
7
2
26
9
10
27
7
4
10
6
2
137
13
10
13
17
40
47
8
3
5
147
6
11
42
6
8
9
5
21
4
9
5
7
13
10
5
8
4
20
27
9
4
2
135
1
5
5
7
16
8
38
5
12
39
16
6
9
11
4
11
10
3
7
5
10
13
5
3
7
6
10
6
34
11
35
7
68
9
6
15
5
7
7
3
5
8
6
14
3
14
8
16
9
20
6
9
19
6
6
3
7
5
5
23
30
55
9
9
31
6
8
23
66
6
14
19
9
9
8
18
19
9
19
13
3
24
8
6
5
3
10
5
6
6
37
29
8
11
6
94
6
6
8
7
7
8
31
20
21
4
7
11
44
6
9
3
22
4
66
2
9
41
5
18
22
6
27
6
1
18
3
13
17
11
22
4
8
6
5
37
3
4
52
7
19
8
2
1
17
11
43
23
5
2
14
2
8
5
15
654
5
5
14
10
9
11
10
19
13
6
10
5
10
347
6
20
10
15
8
6
6
12
3
9
39
24
1
5
6
3
2
6
16
7
9
14
8
19
4
4
6
19
5
7
3
5
14
5
8
14
105
4
10
7
2
11
6
7
5
5
6
111
8
16
16
14
50
15
2
20
12
10
11
3
7
5
10
6
10
25
23
6
7
29
5
54
35
4
10
3
0
16
6
6
14
15
3
7
10
6
12
15
7
11
20
4
9
1
9
16
11
32
8
10
3
6
5
13
16
18
8
14
10
5
9
9
17
5
4
27
74
10
5
15
17
5
32
72
26
6
6
9
3
5
11
7
8
7
8
5
4
7
14
3
15
9
4
7
4
15
16
3
10
12
11
12
9
12
20
21
4
10
13
12
6
327
11
17
5
10
22
15
4
10
5
15
10
1
9
11
4
12
3
9
24
6
6
2
17
3
34
11
2
0
7
54
32
1
7
12
9
70
8
5
5
7
19
12
14
4
0
1
6
6
12
12
2
6
29
5
82
10
47
10
17
4
14
2
28
9
9
19
11
4
13
13
6
4
2
121
3770
3
6
3
7
8
4
16
10
15
13
2
4
10
10
22
3
11
30
1
183
3
2
6
6
32
9
4
16
10
6
55
6
13
2
3
18
4
1
127
20
10
52
5
2
3
11
5
19
8
6
0
14
10
12
9
15
22
9
11
5
7
4
23
7
42
8
5
10
6
6
39
14
8
2
8
52
13
10
6
6
5
11
8
5
4
31
8
9
9
9
9
13
10
11
48
10
9
4
3
10
43
21
2
17
13
167
14
15
5
4
5
6
47
288
0
12
9
0
23
2
6
10
7
6
9
10
4
8
4
66
2
13
7
144
2
12
5
7
20
28
6
15
16
13
14
6
6
4
6
1
6
6
10
28
8
9
3
8
155
8
17
12
0
1
12
4
10
4
2
83
33
4
9
12
1
17
5
6
8
4
5
53
7
3
16
14
26
15
9
56
16
1
25
5
4
10
6
7
7
6
39
9
12
18
25
18
8
6
8
17
11
12
3
117
5
25
8
4
9
5
7
6
12
37
1
4
12
16
1
4
42
10
34
18
3
8
8
2
26
22
3
25
13
25
2
7
7
4
23
4
5
10
75
3
8
8
8
25
14
40
1
10
3
8
13
0
2
34
13
13
21
24
34
7
7
5
13
5
22
8
36
6
7
85
10
4
9
7
83
7
19
6
3
6
11
11
14
5
2
20
2
11
8
11
5
16
13
8
4
81
3
27
9
3
6
6
16
3
6
6
3
6
2
76
3
0
11
7
12
10
74
8
10
8
6
10
67
4
2
29
12
9
1
5
0
8
13
9
14
13
6
24
4
6
56
6
47
16
3
19
13
3
15
11
8
20
7
11
33
1
18
30
8
27
47
5
8
14
5
12
14
24
10
2
5
31
25
5
4
2
1
10
9
3
23
8
13
2
3
11
6
5
5
13
10
19
1
13
22
8
89
81
22
8
2
4
5
4
6
15
10
12
398
6
89
23
16
38
4
23
13
11
31
12
11
14
5
2
9
7
33
7
4
5
26
5
303
9
1
13
1
18
38
998
9
11
16
0
20
7
8
13
90
74
6
26
7
6
14
151
12
17
11
78
10
23
13
6
5
95
22
9
79
6
21
0
3
16
6
32
23
13
2
4
7
1
5
11
4
4
20
12
14
1
7
23
7
3
6
14
205
24
10
7
65
10
4
3
6
63
5
14
6
10
3
18
4
8
9
23
72
3
4
5
3
0
10
3
12
7
4
13
1
10
7
42
27
61
8
29
14
12
5
6
19
5
13
3
1
20
17
42
13
106
11
8
4
8
3
1
5
20
16
9
13
21
3
2
23
7
10
10
12
4
44
7
14
32
18
3
13
10
12
4
3
15
25
5
0
4
12
3
5
5
13
6
23
35
4
7
12
5
6
3
11
11
3
9
6
2
5
26
15
22
9
4
10
9
22
13
42
10
14
20
9
9
12
7
8
12
8
7
7
2
18
10
5
14
177
23
80
4
3
10
48
10
7
6
9
8
25
5
7
6
3
8
34
14
14
6
9
9
7
13
63
18
28
6
17
14
6
11
21
7
14
1
11
27
5
4
6
24
9
3
24
2
5
46
6
31
2
11
5
8
3
5
14
17
7
3
6
44
8
4
6
789
7
3
18
3
12
11
14
18
9
10
12
4
16
20
6
2
12
14
52
21
7
79
40
16
10
5
7
14
9
12
114
13
3
6
7
4
7
13
10
21
6
3
29
39
8
14
8
11
4
4
8
9
2
0
9
6
0
55
11
0
49
5
13
15
16
4
5
10
128
7
35
2
5
13
3
5
8
10
8
67
3
4
9
7
10
8
11
1
10
6
4
2
14
14
15
12
66
100
11
46
11
12
8
4
18
14
9
10
2
8
4
6
6
14
5
11
34
39
13
3
5
4
208
2
48
72
5
9
15
8
2
4
13
14
103
50
2
15
11
13
30
9
8
5
5
2
8
25
2
8
9
37
15
12
19
20
10
15
41
4
2
9
29
30
12
7
5
19
60
15
4
9
9
6
18
16
3
2
7
15
13
7
18
10
2
11
7
22
8
9
8
100
4
5
5
26
9
10
19
7
5
3
4
18
11
15
16
4
7
6
4
19
21
2
0
5
12
7
8
2
7
17
19
38
10
2
0
10
7
11
3
6
7
28
5
11
648
8
5
15
15
6
9
16
7
35
11
16
28
35
17
14
31
10
26
10
33
17
23
28
29
10
12
2
4
1
34
17
3
3
4
2
7
6
11
7
19
10
4
10
6
15
6
10
33
2
13
9
8
3
8
7
1
3
9
3
13
8
4
8
7
8
17
13
72
22
5
3
4
15
18
10
6
6
10
10
37
30
17
9
16
1
11
4
6
7
8
7
10
5
8
7
11
18
8
8
3
9
21
7
6
2
7
9
12
17
6
20
4
4
2
9
26
18
5
20
10
8
7
5
9
30
50
13
11
10
3
17
22
31
7
2
26
34
5
8
10
7
3
6
9
4
9
18
8
18
9
12
25
24
27
15
16
8
15
8
0
5
9
8
4
9
16
35
10
8
6
5
6
1
34
28
26
38
4
6
8
6
11
15
49
42
6
10
6
10
13
12
9
28
5
11
78
2
12
5
12
30
8
15
13
5
31
19
11
10
1
2
13
24
11
10
6
15
5
10
39
5
6
6
2
8
3
6
11
8
8
14
24
7
6
2
1
25
5980
15
9
5
4
10
33
3
4
9
18
5
7
75
21
16
9
5
5
9
10
6
23
27
24
13
4
6
15
4
23
7
12
6
8
13
9
39
11
4
10
7
8
4
7
5
18
26
10
3
5
6
6
4
5
26
8
23
0
18
2
3
27
6
3
16
43
6
9
8
8
3
6
13
5
14
7
6
6
13
18
13
8
3
4
45
21
7
6
8
37
4
3
14
2
24
16
3
31
10
10
6
4
10
17
5
12
3
12
10
11
4
11
4
13
5
9
26
11
5
12
13
51
10
3
14
12
12
4
4
9
6
16
12
1
7
0
4
13
35
12
11
45
45
20
4
9
3
13
12
6
39
5
7
45
12
12
63
10
12
38
20
3
1
6
6
24
10
5
8
10
10
8
28
3
8
2
14
10
6
21
2
7
26
7
10
48
11
5
9
16
20
44
3
5
5
18
5
8
6
9
2
7
1
74
45
6
4
3
34
15
8
14
7
12
19
5
7
7
26
16
4
21
6
10
79
35
7
13
3
100
3
7
24
12
3
8
7
17
7
285
7
4
13
3
9
6
4
11
71
8
30
4
5
12
2
9
21
21
98
3
6
3
11
7
31
3
17
10
5
17
733
7
47
7
8
4
5
6
9
2
18
9
24
11
1
11
0
31
6
17
15
23
22
46
10
4
3
15
1
8
102
5
10
5
7
12
5
14
3
30
11
8
6
4
25
8
9
1
5
1
49
6
6
10
14
10
8
15
5
98
14
22
31
6
4
6
1
10
1
6
5
12
10
6
3
6
224
13
37
7
5
12
7
35
16
13
1
18
10
55
8
7
8
14
4
3
5
44
7
5
8
5
18
3
27
65
13
6
2
8
1
10
41
0
4
4
4
3
3
8
35
11
3
12
8
15
7
20
1
2
32
3
12
8
6
3
5
1
2
6
18
4
20
9
38
12
6
3
6
11
23
1
3
65
16
16
5
6
22
22
35
27
11
6
7
14
10
7
4
1
2
8
27
24
4
1
10
7
2
13
7
2
102
4
22
9
26
17
5
6
5
33
4
5
11
11
21
3
28
38
3
4
29
8
19
54
26
8
3
8
4
5
6
8
2
6
10
6
3
12
6
48
7
7
47
9
3
2
4
0
1
2
4
15
4
7
25
9
16
7
4
5
14
25
6
9
2
6
4
12
17
12
83
9
11
2
18
16
18
5
3
15
2
18
5
7
32
4
5
77
48
4
7
13
1
3
7
11
6
7
10
14
20
5
28
6
7
5
3
9
23
20
14
17
4
17
26
4
13
20
69
2
8
0
27
15
18
7
33
14
4
87
6
9
10
15
8
5
7
15
12
5
6
6
14
16
5
6
25
13
5
7
40
18
6
8
2
6
16
2
9
305
11
8
14
1
5
3
5
7
24
14
13
28
6
5
18
14
5
22
9
33
6
8
5
15
20
5
16
4
2
8
18
10
9
7
12
8
23
54
12
8
4
11
11
8
4
12
3
5
151
7
11
15
14
11
74
14
9
6
7
5
20
4
8
31
49
12
9
28
4
89
5
11
18
3
19
13
10
12
6
31
11
36
7
12
1
7
27
3
3
5
39
7
9
13
11
10
10
4
18
5
54
5
6
7
877
7
4
8
13
8
14
32
8
16
15
7
6
10
16
9
1
21
23
6
11
8
5
9
4
14
21
6
2
16
16
3
8
3
2
21
7
6
13
10
41
5
9
8
4
4
38
20
3
14
214
11
3
2
23
21
3
4
6
6
4
12
7
6
3
18
12
4
26
8
28
124
15
12
56
5
10
9
25
11
34
18
31
1
1
4
18
5
8
5
13
7
8
10
78
5
12
5
17
4
5
5
8
1
11
16
4
29
15
8
3
5
22
0
8
17
18
9
8
7
894
11
3
4
14
16
7
27
25
48
35
3
37
39
5
6
6
7
7
0
14
11
13
4
10
19
37
33
3
8
3
7
17
6
91
6
13
2
6
6
123
9
4
22
12
6
42
114
1
29
3
11
6
12
17
14
38
6
7
36
4
5
10
9
14
10
4
22
14
3
8
8
62
11
8
8
10
4
2
7
14
16
9
2
2
4
5
40
3
4
6
4
9
13
21
7
11
8
6
3
1
8
26
8
5
3
13
16
14
24
7
7
16
6
13
45
3
3
9
2
5
59
7
13
4
16
0
7
4
60
12
23
4
45
5
8
15
2
12
5
1
29
18
8
4
7
3
16
9
2
4
9
5
7
29
1
5
2
4
5
14
40
4
6
10
7
5
14
3
45
14
13
2
15
5
8
17
5
16
13
35
22
4
8
9
9
5
26
26
6
87
38
2
24
17
11
5
14
10
5
8
16
13
35
2
5
39
22
11
8
18
6
20
1
27
5
13
194
0
7
3
18
22
14
2
13
11
6
9
7
1
6
131
11
13
19
7
33
0
11
5
11
9
66
14
6
29
42
63
1
9
4
5
26
11
5
7
14
0
6
11
11
4
1
51
16
18
13
4
11
2
12
2
6
45
22
5
4
6
34
4
8
19
5
5
55
15
3
11
3
2
8
4
6
9
14
45
8
8
6
7
2
9
11
38
7
3
11
3
2
2
8
8
49
15
5
10
6
8
22
13
15
0
14
11
6
24
2
10
11
16
7
158
50
8
1
10
7
32
4
9
5
14
11
9
30
6
6
17
12
11
45
85
18
13
3
7
272
7
8
6
401
4
13
6
6
2
3
3
11
5
32
5
27
4
14
7
26
41
1
27
223
2
22
5
3
0
7
11
272
12
0
3
7
11
13
7
10
2
12
2
190
10
15
5
20
20
53
19
4
22
5
4
17
7
20
7
8
5
24
86
10
15
10
22
1
816
7
27
82
138
5
15
13
23
31
21
14
16
37
46
3
4
5
16
40
5
9
10
5
38
10
2
21
8
56
9
5
1
5
7
25
12
14
9
3
11
10
8
26
5
8
4
12
2
9
6
2
37
6
5
0
5
6
5
5
0
16
8
7
1
3
26
7
3
5
1
6
14
30
18
10
6
13
45
7
9
57
22
9
3
10
22
9
8
4
12
15
8
22
16
8
3
25
4
4
47
19
3
6
22
6
18
8
18
36
40
25
3
51
14
5
48
16
22
8
2
11
3
6
11
16
7
4
8
10
9
23
3
5
7
5
398
22
2
5
5
28
2
23
5
20
2
1
65
7
13
6
10
2
4
10
10
16
10
5
6
23
4
8
20
70
9
53
3
16
20
8
6
3
4
7
1
176
7
15
4
5
2
21
6
9
5
13
5
6
33
10
9
3
5
2
3
2
2
36
4
25
25
10
6
8
51
12
1
35
20
3
63
2
28
190
34
8
4
6
16
8
57
48
5
4
11
4
13
17
4
8
14
5
0
20
3
13
6
4
359
2
12
11
7
28
18
16
4
26
13
35
6
43
12
87
7
24
11
13
5
2
7
8
14
38
10
9
7
4
9
13
10
9
3
10
15
6
8
7
5
15
24
16
5
3
38
18
2
10
14
40
12
6
13
8
4
4
4
8
13
9
5
3
21
2
13
6
13
8
4
18
7
20
10
3
7
13
21
11
3
5
25
3
7
3
5
12
13
8
5
9
86
19
6
32
59
18
5
2
9
13
14
6
6
26
9
19
8
4
14
16
3
19
8
5
9
195
10
3
4
8
11
12
13
17
20
252
9
10
7
39
11
11
15
8
29
43
3
20
14
8
7
10
34
15
2
33
29
10
15
11
27
2
8
28
14
11
32
4
6
15
41
15
4
6
18
6
3
20
4
72
35
11
21
9
9
7
5
27
14
33
3
62
9
5
19
2
24
4
11
5
7
18
10
4
15
3
12
7
2
7
6
8
12
54
3
12
7
8
14
3
10
10
9
1
71
3
22
657
33
9
4
7
11
21
30
2
5
10
36
19
6
2
5
3
25
7
9
30
603
28
104
549
4
13
7
2
7
12
17
4
2
5
17
18
10
7
13
8
3
2
5
8
14
9
6
8
13
23
8
4
6
3
5
7
7
7
11
4
20
4
13
2
14
10
5
10
5
8
6
8
3
3
5
17
25
9
3
14
7
16
79
15
8
2
39
15
1
73
12
6
7
24
5
7
32
20
5
13
7
17
15
5
5
39
9
6
6
8
1
4
31
418
68
8
3
7
27
16
2
16
6
7
44
3
3
2
9
47
3
5
58
12
3
5
16
16
58
3
12
3
8
7
11
10
6
3
7
4
11
28
2
3
14
22
140
13
6
6
7
48
33
29
41
17
8
4
15
11
12
12
28
0
2
1
9
9
187
37
8
6
1
19
12
2
5
19
4
3
4
6
6
5
5
7
13
29
7
3
14
1
11
19
9
2
9
34
7
6
11
2
0
5
30
7
3
5
9
2
20
3
15
8
2
27
3
2
4
11
5
23
6
10
9
8
11
18
27
19
9
2
15
75
7
28
12
23
2
1
2
22
7
10
51
6
25
5
7
1
16
7
9
4
8
8
12
7
18
1
11
10
25
26
4
6
11
14
12
8
32
31
14
12
25
14
9
9
625
1
7
2
1
0
18
3
5
10
7
1
8
19
5
2
4
5
10
3
13
1
22
4
13
4
9
7
6
6
16
9
50
5
8
6
1
8
6
6
3
11
22
3
8
4
13
7
16
9
14
49
14
6
8
7
38
5
10
5
5
18
35
8
5
18
8
1
5
27
107
2
6
3
35
54
13
5
9
11
9
3
2
4
10
12
0
20
39
8
29
7
5
7
10
26
4
12
20
8
9
2
2
15
131
25
2
2
8
18
0
26
0
6
20
13
3
4
7
17
5
3
8
11
30
12
8
23
21
12
23
1
1
10
7
7
99
9
14
10
8
11
6
15
2
8
34
4
11
7
7
11
2
14
8
11
7
7
1
19
21
8
3
39
12
5
5
2
4
4
13
20
3
47
4
4
6
13
13
2
87
0
6
4
12
6
22
2
10
3
6
13
7
23
4
25
72
10
9
9
8
22
12
4
23
19
5
5
6
18
5
4
7
12
19
7
4
33
7
6
117
12
21
8
12
4
8
4
16
6
14
81
3
220
6
28
8
7
5
16
1
0
5
3
11
4
9
34
8
5
5
15
29
10
3
3
3
20
12
11
14
11
9
104
2
8
60
2
18
15
7
6
20
12
28
4464
10
6
17
8
4
14
4
3
7
4
4
2
5
30
12
3
13
4
18
20
26
9
6
14
6
25
5
3
20
5
6
22
10
1
2
7
5
12
6
10
2
26
14
9
15
12
27
14
14
4
6
7
10
4
199
2
11
32
11
5
21
5
2
6
2
2
20
15
14
40
30
16
3
7
15
9
4
4
5
3
3
4
7
11
20
7
6
4
3
4
15
25
13
5
15
9
73
6
14
15
8
4
7
2
18
20
21
8
9
36
10
5
6
3
6
8
77
2
7
2
9
9
9
6
27
2
4
12
5
1
8
16
5
3
7
30
23
70
23
10
737
39
14
8
3
5
20
74
7
6
16
8
43
5
495
9
3
10
5
4
1
4
300
14
15
17
12
8
6
6
16
5
8
34
28
9
12
72
8
10
5
1
14
6
12
2
7
14
7
57
8
6
4
3
4
5
3
11
16
11
26
15
3
17
3
3
4
24
166
1
3
29
5
10
36
20
5
1
14
25
11
6
10
12
4
8
4
12
2
11
11
6
49
6
9
34
11
10
2
23
12
5
4
12
11
2
8
2
13
89
6
8
6
24
21
13
11
32
5
9
61
16
7
9
0
6
19
16
12
4
19
1
8
89
17
7
3
154
13
5
14
5
7
5
16
23
1
27
5
8
3
15
10
12
2
18
17
25
10
10
8
14
3
11
13
4
6
74
3
11
20
11
4
5
23
3
4
11
2
7
10
26
5
3
21
15
18
4
1
6
6
19
3
16
18
5
7
13
49
4
19
4
14
17
82
15
359
10
5
10
3
8
5
34
7
15
10
15
16
4
3
11
6
3
10
11
13
4
7
17
31
9
4
7
28
2
6
48
6
4
6
13
16
10
6
3
14
14
7
15
5
78
1
7
10
10
9
16
7
14
11
8
32
15
1
424
8
10
58
6
5
28
5
27
11
23
5
12
17
12
39
5
14
15
37
8
15
14
17
3
17
4
4
3
23
13
983
17
13
8
5
15
9
3
2
9
45
15
20
2
8
7
17
7
45
6
13
7
15
6
3
20
24
9
12
7
12
16
7
8
5
25
31
20
49
18
9
0
15
33
10
10
12
7
5
14
4
5
12
4
8
5
2
86
2
26
8
3
20
5
21
10
5
4
4
24
34
7
5
3
8
28
9
4
9
1
10
156
32
13
6
17
8
68
10
38
8
8
2
15
3
7
1
270
3
5
4
27
4
13
13
14
6
38
6
4
13
11
19
9
20
11
8
45
67
10
4
17
4
9
19
5
11
11
3
1
15
2
3
11
100
6
14
22
6
41
3
10
6
25
9
7
11
12
51
16
24
9
16
46
13
6
4
11
11
10
3
10
10
0
1
102
5
6
15
25
12
2
6
78
14
3
11
22
17
11
9
50
7
39
13
8
10
2
7
2
14
13
4
3
10
16
3
8
5
15
11
9
9
2
9
31
141
14
5
12
7
11
29
15
7
11
2
27
18
13
5
12
14
17
2
20
15
3
4
10
9
17
10
10
8
18
2
14
7
12
6
32
13
4
26
59
6
5
21
10
26
7
26
4
7
6
7
9
2
16
19
17
9
38
7
19
4
9
10
13
3
21
7
12
92
5
8
6
18
3
16
4
13
7
485
32
4
9
3
30
2
16
10
4
4
11
124
44
11
1
14
4
8
2
47
5
6
6
8
4
9
11
11
6
5
6
8
10
18
0
9
7
27
14
20
3
25
8
14
5
8
31
3
8
2
3
2
13
8
6
16
9
11
2
18
34
2
5
7
22
13
4
4
12
8
4
12
10
3
4
19
3
5
23
11
5
5
32
6
3
11
0
23
16
15
6
6
12
1
6
14
9
5
7
15
20
239
36
3
5
10
74
9
7
8
5
14
2
9
7
176
1
15
5
59
7
15
9
13
8
56
5
62
11
11
6
10
7
9
32
9
67
4
35
33
5
11
1
3
14
9
11
3
13
27
15
10
25
6
11
1
4
3
6
7
4
12
15
8
25
5
15
29
23
3
4
15
2
19
10
4
20
12
3
11
24
30
6
10
8
1
4
4
6
8
10
24
16
6
74
9
9
11
5
5
13
33
92
14
2
4
11
4
9
2
215
18
15
14
12
2
6
1
7
11
9
3
9
16
10
14
8
23
10
4
14
10
12
3
12
32
7
4
8
11
14
3
44
6
36
20
12
3
4
30
92
61
8
16
6
20
4
6
5
3
7
6
13
9
16
44
18
78
42
10
7
4
2
11
5
11
3
2
14
8
4
8
8
4
15
4
10
13
10
10
14
2
18
9
5
19
22
7
10
9
8
1
3
3
14
4
23
25
3
4
29
16
14
20
9
6
20
25
194
17
6
8
26
4
7
10
20
5
5
5
8
6
3
9
13
19
6
6
9
1
5
13
6
5
5
6
17
30
10
9
14
18
7
7
9
12
25
20
9
11
7
23
65
5
7
8
39
4
2
15
1
16
9
12
43
20
0
3
3
9
22
7
44
1
7
24
7
9
4
3
38
10
6
3
15
3
12
8
11
13
3
29
13
5
10
6
5
8
17
76
15
6
12
29
32
2
9
127
9
55
95
2
5
2
5
19
4
8
17
1
8
10
9
18
7
9
14
3
6
5
13
30
4
7
11
2
6
2
13
11
19
5
3
28
17
11
11
9
9
1
23
12
4
19
9
35
14
15
44
1
4
19
8
48
142
2
7
5
7
9
11
40
36
5
6
4
33
8
9
15
4
14
4
7
8
2
35
20
3
59
6
7
46
2
6
12
4
33
12
6
8
7
0
4
33
12
9
57
7
15
16
10
6
19
4
33
13
71
3
10
8
19
24
12
89
24
5
4
9
1
2
10
9
6
20
25
12
9
20
5
2
8
9
11
2
13
8
24
11
7
8
6
14
7
11
7
10
66
11
19
4
4
15
5
7
8
14
2
30
10
34
21
30
6
10
8
4
11
9
2
22
4
6
32
16
22
17
13
1
21
5
6
6
1
18
13
10
11
18
6
12
8
3
23
7
5
23
5
10
93
7
15
18
21
3
57
7
10
0
18
3
9
248
16
8
15
8
8
50
32
11
22
34
15
35
3
3
6
13
7
23
21
2
3
18
11
3
17
3
18
10
8
6
7
15
12
39
5
13
19
19
72
6
4
3
8
3
3
12
1
6
22
21
29
11
12
2
7
55
0
5
7
24
9
3
4
19
4
27
24
5
9
4
4
4
21
18
7
16
71
13
19
44
13
1
50
13
3
5
17
108
4
14
8
6
8
235
1
3
12
13
10
6
4
6
22
17
6
20
5
19
4
11
6
2
35
4
4
12
7
24
14
12
6
5
31
3
38
13
22
12
20
7
55
32
5
12
30
9
6
5
51
8
17
8
6
5
6
9
74
8
12
1
16
19
12
12
6
15
2
11
2
0
2
21
10
40
13
23
3
3
11
27
17
3
51
9
10
1059
29
7
6
3
9
3
5
4
9
11
4
57
1
15
4
3
25
67
8
4
10
69
24
12
11
28
5
3
21
20
2
15
3
15
3
2
2
72
11
7
32
91
3
4
11
7
6
15
19
5
6
66
2
6
22
98
17
39
57
3
6
12
13
8
5
2
7
9
21
9
7
3
11
12
9
3
8
11
24
11
26
13
0
8
13
16
3
15
6
7
13
6
11
25
6
5
9
14
13
6
87
23
8
6
17
6
13
11
13
622
7
4
6
10
11
16
11
12
12
3
5
10
3
7
13
6
19
2
23
3
7
5
1
3
21
5
6
9
4
10
9
18
10
5
6
14
69
10
0
18
6
17
7
5
16
7
2
9
22
149
6
3
2
4
21
8
19
11
463
1
6
21
2
2
6
16
1
65
13
8
13
19
7
4
7
7
2
7
6
3
5
2
2
6
13
1
3
2
40
9
10
9
6
51
7
8
7
4
4
20
0
3
39
9
31
12
2
2
3
1
9
4
3
35
53
26
59
17
9
55
5
11
7
27
10
12
18
17
26
12
10
27
4
4
12
8
3
7
5
5
14
48
29
7
8
9
13
4
12
6
18
82
14
5
2
236
13
7
4
13
9
4
40
19
13
37
0
11
14
9
10
12
5
8
6
36
4
10
29
6
10
410
3
13
7
4
7
9
56
10
2
3
7
20
6
0
6
15
4
7
3
4
10
2
11
24
8
6
6
9
98
4
9
5
7
4
6
6
24
10
12
3
6
23
32
13
7
11
12
3
17
185
5
21
10
2
16
2
3
16
10
11
10
3
22
1
12
7
4
3
0
19
13
5
6
3
13
2
22
7
5
12
9
7
344
51
7
6
23
9
12
5
4
7
3
10
10
58
7
15
7
52
11
2
5
4
14
3
2
53
14
21
2
14
3
11
15
9
13
7
8
13
15
31
0
1
9
35
22
52
2
5
10
10
5
11
18
24
2
7
7
9
12
9
10
1
5
8
2
8
6
0
3
10
10
12
21
7
4
7
5
99
6
9
5
3
4
20
5
11
2
17
13
18
24
16
4
3
4
12
4
11
7
37
72
11
11
12
58
10
13
19
7
8
5
23
2
7
19
51
8
54
1
1
0
2
6
10
70
3
10
17
5
22
5
3
15
9
6
2
8
30
7
6
3
6
7
6
9
38
13
9
55
12
9
21
9
3
7
7
1
22
3
19
9
55
12
12
9
8
47
9
9
2
52
19
17
2
12
15
5
48
4
11
18
6
8
20
9
71
13
8
11
4
6
4
7
3
12
18
10
17
1
11
31
11
9
1
15
17
1
6
7
16
11
7
7
11
19
29
5
9
48
13
1
7
8
69
0
4
8
9
8
3
24
10
25
15
11
4
18
6
7
23
13
14
25
43
8
9
6
9
13
30
11
21
15
12
3
4
8
6
2
15
6
10
12
8
6
18
2
8
16
28
20
0
10
9
1
16
10
3
10
9
9
12
5
6
10
5
5
5
15
9
19
7
5
6
0
7
5
14
10
3
6
17
52
15
27
10
3
7
14
9
35
8
10
6
14
21
11
9
5
6
5
15
12
31
11
4
3
8
5
15
37
12
13
2
9
43
3
11
3
11
0
186
4
10
5
5
7
8
6
4
4
28
7
51
14
19
4
29
31
1
7
18
17
9
7
1
10
5
24
6
7
13
11
5
29
200
4
11
9
5
22
4
13
2
5
17
6
13
14
12
3
6
10
5
129
12
6
6
3
8
5
8
17
4
2
7
14
29
14
16
6
14
13
3
4
27
4
34
3
8
9
14
4
5
1
11
2
7
20
10
23
7
4
3
5
8
7
2
5
10
8
7
7
28
5
