3
9
7
5
19
0
3
2
5
9
3
7
0
3
29
3
2
3
5
7
11
16
5
2
4
9
5
11
9
11
4
8
56
469
5
30
4
3
13
26
12
10
14
8
178
7
46
0
45
6
8
2
13
16
11
4
57
3
7
12
0
6
6
37
42
3
7
13
9
4
34
8
3
39
17
6
9
1
5
2
3
6
3
4
3
4
5
1
5
15
13
50
20
35
3
0
13
4
3
47
18
16
3
5
8
3
15
3
10
4
8
53
28
16
61
16
14
27
37
12
8
11
4
22
1
17
1
5
4
9
31
30
35
42
4
5
5
4
1
17
13
12
19
2
7
37
10
0
8
15
4
2
21
5
97
8
4
76
12
5
11
8
4
6
2
9
25
9
16
1
19
17
3
11
2
6
14
3
19
3
7
3
3
5
37
2
12
6
20
8
4
13
19
4
5
3
15
5
8
1492
4
3
21
3
4
11
11
5
14
6
22
8
6
13
17
14
2
3
5
0
6
26
14
54
6
5
49
13
4
20
5
11
17
5
7
21
7
10
4
17
2
24
5
4
16
23
9
5
3
1
4
1
50
4
9
22
3
18
97
2
9
9
7
8
3
10
6
6
1
11
64
6
1
4
14
5
8
10
0
11
11
8
19
3
1
16
10
6
50
8
119
5
2
5
7
6
2
5
5
8
12
10
1
4
2
7
14
3
4
6
6
33
2
7
8
13
4
2
4
4
1
21
5
10
2
1
31
54
8
33
3
4
10
22
8
6
9
6
6
27
8
14
11
25
0
0
1
4
11
4
12
56
3
8
60
2
11
1
30
5
0
143
3
0
42
28
7
0
18
4
10
21
0
5
5
2
17
6
0
6
1
14
1
11
4
4
7
13
4
57
7
9
1
8
0
1
6
3
14
16
2
39
9
11
18
2
3
4
2
2
24
4
1
3
9
3
8
92
9
5
1
8
0
21
4
20
2
6
162
3
3
2
4
17
7
60
21
7
5
55
8
14
3
27
2
3
11
96
18
18
2
19
4
19
17
1
11
3
169
1
3
12
11
0
89
18
5
1
3
13
50
4
106
3
5
3
28
0
2
1
429
3
306
1
16
1
3
8
6
4
8
9
3
17
8
9
6
4
19
3
3
9
7
5
19
0
3
2
5
9
3
7
0
3
29
3
2
3
5
7
11
16
5
2
4
9
5
11
9
11
4
8
56
469
5
30
4
3
13
26
12
10
14
8
178
7
46
0
45
6
8
2
13
16
11
4
57
3
7
12
0
6
6
37
42
3
7
13
9
4
34
8
3
39
17
6
9
1
5
2
3
6
3
4
3
4
5
1
5
15
13
50
20
35
3
0
13
4
3
47
18
16
3
5
8
3
15
3
10
4
8
53
28
16
61
16
14
27
37
12
8
11
4
22
1
17
1
5
4
9
31
30
35
42
4
5
5
4
1
17
13
12
19
2
7
37
10
0
8
15
4
2
21
5
97
8
4
76
12
5
11
8
4
6
2
9
25
9
16
1
19
17
3
11
2
6
14
3
19
3
7
3
3
5
37
2
12
6
20
8
4
13
19
4
5
3
15
5
8
1492
4
3
21
3
4
11
11
5
14
6
22
8
6
13
17
14
2
3
5
0
6
26
14
54
6
5
49
13
4
20
5
11
17
5
7
21
7
10
4
17
2
24
5
4
16
23
9
5
3
1
4
1
50
4
9
22
3
18
97
2
9
9
7
8
3
10
6
6
1
11
64
6
1
4
14
5
8
10
0
11
11
8
19
3
1
16
10
6
50
8
119
5
2
5
7
6
2
5
5
8
12
10
1
4
2
7
14
3
4
6
6
33
2
7
8
13
4
2
4
4
1
21
5
10
2
1
31
54
8
33
3
4
10
22
8
6
9
6
6
27
8
14
11
25
0
0
1
4
11
4
12
56
3
8
60
2
11
1
30
5
0
143
3
0
42
28
7
0
18
4
10
21
0
5
5
2
17
6
0
6
1
14
1
11
4
4
7
13
4
57
7
9
1
8
0
1
6
3
14
16
2
39
9
11
18
2
3
4
2
2
24
4
1
3
9
3
8
92
9
5
1
8
0
21
4
20
2
6
162
3
3
2
4
17
7
60
21
7
5
55
8
14
3
27
2
3
11
96
18
18
2
19
4
19
17
1
11
3
169
1
3
12
11
0
89
18
5
1
3
13
50
4
106
3
5
3
28
0
2
1
429
3
306
1
16
1
3
8
6
4
8
9
3
17
8
9
6
4
19
3
1
2
3
0
55
13
11
15
47
2
7
7
49
7
5
4
4
11
6
0
30
4
2
60
8
26
89
88
12
6
8
15
0
17
8
9
2
4
2
7
4
8
7
6
15
14
36
8
12
6
5
9
3
9
5
5
10
6
3
3
3
10
6
11
5
2
26
4
15
30
12
18
4
0
4
21
6
12
3
12
4
3
9
7
9
13
43
11
20
24
0
30
7
9
4
4
6
4
3
26
5
11
6
9
0
10
21
15
89
3
9
2
2
4
2
7
17
2
6
5
238
9
14
13
6
0
2
37
6
7
7
18
5
2
4
1
1
88
22
17
1
7
14
4
14
4
8
2
7
0
18
7
9
5
19
4
8
13
15
2
11
7
6
15
4
8
5
31
7
6
3
4
113
17
3
3
8
6
28
22
3
13
22
8
5
7
14
9
6
160
7
1
20
7
5
2
6
40
4
7
7
11
8
42
2
0
1
7
9
33
10
8
23
3
11
3
3
7
2
17
8
4
16
13
6
2
1
16
0
4
7
3
25
21
5
2
2
44
49
1
13
0
12
8
24
13
17
5
18
4
4
2
6
8
2
114
7
2
3
11
32
12
7
7
18
8
4
16
0
5
15
6
4
5
8
2
2
17
2
25
5
13
60
7
156
9
3
9
25
24
12
1
4
1
3
11
14
1
19
25
17
2
15
6
9
52
36
1
3
7
3
10
49
15
21
2
40
6
162
176
11
8
13
4
11
1
1
1
2
3
6
9
5
29
6
5
40
3
6
6
2
1
3
24
33
25
4
329
70
1
33
3
1
2
44
6
10
14
24
3
5
6
11
2
6
6
8
4
8
10
63
5
11
7
6
4
11
5
7
11
7
4
3
11
2
3
4
15
4
9
110
8
14
32
3
2
10
9
12
7
12
3
6
54
3
9
9
14
8
3
11
10
0
15
3
1
1
10
7
2
24
9
2
2
2
24
32
6
1
11
2
6
286
3
5
2
11
1
7
10
2
41
55
44
27
32
22
13
3
9
19
4
5
7
4
3
1
1
15
6
1
9
9
5
5
4
32
1
5
1
13
78
9
9
5
14
45
6
2
33
8
6
34
142
0
10
2
6
2
2
3
55
7
2
27
12
2
14
18
7
25
5
3
32
2
6
16
28
4
14
11
6
5
8
8
2
12
1
6
7
8
31
3
7
0
4
3
6
3
8
4
9
1
73
24
13
7
13
6
9
7
10
9
3
6
0
43
9
7
24
9
37
3
5
19
6
25
11
6
11
16
6
0
5
5
47
4
25
8
20
13
112
3
8427
5
7
3
2
3
7
65
0
5
9
6
7
8
7
16
5
4
15
9
15
3
17
32
0
3
2
11
8
5
6
12
2
3
2
7
24
7
8
15
3
13
199
858
8
5
5
15
41
24
11
2
6
10
4
15
4
10
38
9
8
2
4
17
13
112
8
9
14
8
2
1
7
1
4
21
6
4
32
5
8
6
3
17
2
2
5
4
14
93
11
4
3
10
3
5
6
10
6
2
5
13
5
15
17
5
3
16
4
5
10
31
16
4
5
16
19
3
2
0
7
6
4
2
11
161
3
11
82
22
9
10
29
4
5
1
2
11
8
70
84
5
6
1
5
28
9
12
35
11
6
6
3
3
8
0
9
77
20
5
15
3
2
5
5
2
16
8
8
2
8
12
7
0
2
26
2
7
4
3
109
5
4
5
2
9
3
5
6
7
24
52
1
7
50
33
4
3
6
877
5
15
4
10
2
2
1
2
6
9
6
50
8
15
3
1
89
8
4
117
8
1
5
46
29
8
6
4
5
4
4
6
6
2
9
2
5
6
15
8
4
18
2
22
11
0
3
13
17
9
28
4
5
11
10
5
13
7
0
2
8
12
41
12
2
23
12
30
9
3
2
1
32
7
7
5
15
7
0
1
2
1
19
19
6
6
6
1
2
3
6
11
11
5
23
3
7
3
16
16
6
4
5
9
3
4
19
1
5
7
7
2
3
9
5
7
0
10
14
2
4
18
17
12
13
5
31
28
41
5
6
1
4
1
0
5
10
2
14
14
949
26
32
5
13
2
11
9
7
4
0
8
6
1
5
67
5
10
7
10
1
3
265
3
4
1
29
18
3
1
4
19
0
9
4
10
2
39
17
33
4
2
20
8
3
10
3
2
4
2
7
21
0
0
4
16
6
9
9
8
4
2
5
14
3
8
3
5
0
1
0
16
5
6
5
11
7
6
3
54
11
7
1
2
7
1
3
3
3
9
3
103
15
4
19
26
4
5
7
16
17
97
67
3
4
7
6
14
48
1
30
22
4
2
53
6
11
32
8
3
7
9
1
3
6
108
22
3
3
10
1
17
10
4
4
28
8
6
6
7
3
19
28
2
5
6
7
14
13
1
2
13
15
6
8
15
8
5
2
7
3
11
3
1
3
0
9
2
3
1
12
0
22
23
8
22
20
12
1
5
23
25
10
8
5
0
1
6
7
24
3
7
2
6
5
3
14
13
14
2
3
2
84
5
2
9
10
35
2
11
42
7
16
5
5
58
0
5
16
4
28
9
1
4
3
6
11
147
6
921
7
11
6
3
9
12
20
11
6
8
8
6
1
8
13
3
3
3
1
1
11
36
41
14
27
6
6
2
4
5
12
5
21
7
33
2
14
8
14
51
13
6
5
15
65
3
2
3
4
4
3
2
2
11
0
10
0
17
3
1
1
4
3
2
5
9
1
22
5
3
7
0
2
2
7
2
24
4
10
13
13
4
2
5
1
27
5
10
23
2
6
16
1
6
17
5
3
11
5
11
2
4
7
7
18
9
5
10
10
97
6
1
34
7
4
7
3
9
7
8
9
8
1
6
4
6
42
71
7
4
12
10
4
6
30
13
26
1
0
22
7
3
13
2
6
18
4
3
6
1
19
3
3
20
10
1
4
1
7
7
232
31
6
6
410
2
12
3
9
10
4
25
5
84
25
9
33
0
2
3
1
7
2
7
3
65
6
4
5
7
24
3
2
6
6
6
44
4
18
3
5
9
7
2
17
6
14
9
2
108
1
5
3
3
17
8
4
11
11
3
9
3
70
25
3
3
16
4
29
3
0
6
3
4
6
100
4
36
1
5
79
2
8
17
6
0
4
7
11
2
2
7
5
1
8
30
1
13
8
109
2
0
1
8
7
28
2
12
40
3
9
43
12
6
19
8
50
5
34
129
34
27
1
3
1
13
1
39
24
9
8
3
5
9
3
8
11
10
9
15
7
1
3
32
16
11
5
13
7
9
0
2
7
3
2
8
14
1
3
2
7
8
11
6
2
6
5
15
0
7
3
4
4
12
8
9
8
37
10
2
10
2
9
1
9
14
0
4
0
1
220
4
5
3
25
12
6
61
7
2
9
14
9
12
12
3
17
24
7
17
5
7
2
11
5
3
2
1
3
2
3
13
13
1
4
13
7
8
5
17
21
8
27
4
4
6
8
27
5
2
6
2
2
5
3
3
5
11
2
5
2
48
7
2
0
2
204
21
43
2
25
5
7
4
2
2
2
6
3
4
7
13
15
12
1
29
8
4
3
15
2
21
5
1
2
9
6
4
58
7
9
10
5
3
11
81
28
8
3
11
7
8
8
8
14
97
26
1
10
3
5
10
2
7
9
7
6
9
5
7
3
1
3
48
15
6
3
8
22
7
25
6
5
1
19
0
7
10
17
10
12
24
1
24
1
5
2
3
1
23
3
40
3
8
54
5
16
2
4
6
45
12
10
6
7
7
10
6
7
3
8
72
4
4
13
4
2
5
9
10
17
5
10
2
19
5
11
4
0
5
27
5
8
62
4
5
13
0
2
14
4
2
5
7
163
8
2
24
13
6
26
16
2
4
9
129
3
133
10
3
2
14
11
5
8
14
12
3
32
15
11
7
2
203
11
22
2
6
61
3
4
8
12
1
4
7
2
4
4
6
4
6
5
2
1593
0
6
3
8
62
3
13
3
1
3
1
6
2
1
8
7
7
5
4
43
13
5
7
2
2
7
7
1886
38
178
8
31
10
94
1
0
5
3
24
2
5
4
6
15
35
9
36
19
12
5
21
1
1
10
9
4
9
6
8
5
3
4
9
4
19
10
22
2
15
58
1
9
5
8
4
11
162
8
2
4
2
2
9
3
1
6
27
5
7
5
0
2
17
104
28
1
7
1
4
20
2
2
16
3
20
4
38
7
19
4
0
9
2
8
4
1
11
1
13
4
5
3
4
7
10
4
3
47
18
2
6
8
34
5
9
1
8
25
9
7
29
22
14
4
18
5
4
6
20
1
4
12
4
289
2
2
9
5
8
4
0
291
11
7
9
0
6
10
6
3
2
7
1
1
4
24
0
4
7
16
4
2
3
6
3
3
1
8
11
7
102
28
11
11
21
17
47
5
35
1
35
12
17
4
7
8
87
1
1
1
2
2
4
6
15
12
9
14
18
6
341
13
26
2
3
9
6
38
14
5
5
3
11
20
199
2
18
3
1
3
17
5
13
14
20
3
9
85
3
77
2
3
14
1
20
22
8
1
3
7
5
18
5
2
9
4
3
2
17
13
14
11
143
4
23
30
50
15
8
95
12
7
20
1074
20
41
7
2
6
4
22
6
1
2
1
10
1
5
40
7
14
18
6
0
5
7
10
1
1
2
6
9
62
11
13
0
3
30
12
9
49
4
49
64
11
5
16
40
6
5
24
14
11
1
3
8
11
5
61
2
2
3
8
12
94
7
81
14
47
0
1
15
3
2
6
11
68
83
3
9
2
1
13
3
6
19
3
28
48
0
5
12
42
6
3
1
21
49
20
0
5
2
7
0
11
1546
3
473
4
8
29
12
3
15
38
18
13
17
6
18
11
2
195
32
5
7
6
4
17
4
3
6
2
5
10
15
11
9
4
5
3
8
1
9
2
5
10
14
10
22
31
40
3
5
0
3
4
8
7
9
2
3
9
12
4
1
23
20
10
6
22
3
13
17
8
2
120
92
12
9
4
3
19
2
8
24
1
5
3
4
9
17
9
2
26
6
6
13
5
4
43
2
1
6
2
7
2
5
6
5
5
9
4
2
7
5
7
2
3
8
11
34
2
5
18
5
19
19
9
19
1
0
3
10
1
9
7
7
15
14
30
9
19
49
15
10
8
7
14
1
4
20
3
10
5
12
14
1
11
1
13
8
9
24
9
36
10
1
1
6
11
8
6
6
0
8
2
13
9
5
39
9
4
41
1
12
24
1
11
3
2
9
27
11
17
10
2
6
2
16
20
6
38
6
9
33
6
100
25
37
36
4
1
40
40
3
13
48
3
7
25
3
4
4
10
0
6
0
14
36
5
4
31
2
8
16
12
33
8
3
10
1
5
3
3
0
10
1
5
20
3
5
2
3
11
22
1
17
3
7
2
9
4
74
4
4
6
6
7
18
9
4
2
37
29
6
14
12
2
5
11
16
6
1
13
4
8
18
3
6
2
3
1
1
15
6
6
16
6
10
1
6
11
4
24
0
55
7
8
31
4
10
14
4
2
9
2
1
11
68
0
25
105
8
21
5
4
42
11
13
2
4
11
26
14
5
3
6
6
10
33
28
3
37
11
23
5
3
5
3
185
6
6
6
9
2
46
0
5
0
3
3
3
12
20
8
7
16
4
6
1
52
36
5
5
1
2
3
20
4
13
6
2
14
3
2
371
1
73
2
2
7
41
1
6
1
77
0
10
10
3
0
9
4
2
5
13
19
6
7
928
5
31
28
5
6
6
76
2
9
0
5
4
2
5
2
1
3
11
12
0
23
9
19
10
9
28
4
3
0
39
5
3
6
0
7
3
9
3
2
0
10
4
5
3
0
9
12
2
10
34
5
43
6
2
2
4
3
13
7
2
185
7
8
2
10
1
11
1
4
5
6
4
13
1
23
5
7
7
3
8
11
3
4
13
13
3
19
5
13
6
2
6
0
13
5
8
6
0
41
3
8
10
17
11
3
6
8
12
3
9
57
1
8
49
10
3
5
6
19
21
103
38
4
1
1
2
42
13
11
8
25
10
58
15
5
53
17
14
6
5
15
15
6
4
3
9
2
1
2
5
1
8
2
12
2
6
20
101
7
8
24
17
22
11
7
102
1
5
14
1
0
5
3
0
6
16
7
4
5
5
27
20
8
40
10
5
32
19
18
17
6
36
0
4
10
1
6
22
6
2
3
4
3
6
4
140
2
2
22
13
6
10
12
9
2
4
2
6
6
2
7
20
10
29
7
293
9
37
45
4
5
43
43
4
24
82
167
14
5
37
5
13
11
5
11
6
6
4
5
5
28
2
6
7
32
62
3
3
17
4
7
9
1
48
8
5
201
8
8
8
4
16
41
8
2
24
10
2
4
20
3
5
4
4
25
12
5
73
18
4
7
3
9
2
87
17
0
11
3
1
1
21
8
19
28
18
3
9
20
1
7
2
11
25
5
6
1
0
4
3
0
23
11
13
3
7
11
8
21
28
16
2
6
10
11
20
8
12
2
51
3
7
5
4
6
3
21
5
1
31
13
10
11
3
20
3
6
75
12
7
14
4
2
3
23
31
1
9
2
5
5
13
12
3
10
7
45
5
383
2
9
3
6
5
2
7
8
3
12
7
38
8
14
3
11
12
2
3
42
7
3
7
3
7
7
61
15
0
0
13
8
29
9
36
29
2
8
2
10
4
15
11
18
12
1
1
4
6
87
2
21
17
1
46
11
44
16
7
9
3
2
10
140
7
10
2
2
7
55
9
7
11
8
8
20
7
7
2
5
12
74
17
32
14
3
2
7
5
0
19
3
9
8
62
13
7
6
0
17
1
269
4
1
5
12
7
2
3
2
15
9
4
127
6
74
15
6
16
41
2
15
6
8
2
10
8
39
2
8
11
5
7
5
0
5
22
25
14
6
10
3
10
47
24
10
0
0
9
1
2
4
5
9
1
2
11
31
0
10
13
2
2
20
17
27
7
29
8
4
12
5
1
7
6
67
7
9
1298
3
5
3
9
9
5
3
3
15
13
1
4
4
56
6
6
1
42
3
9
7
3
18
1
11
35
10
6
2
28
3
14
3
0
1
11
1
2
9
5
2
5
8
46
0
46
7
21
9
62
2
2
16
29
6
21
9
8
12
0
3
0
4
14
0
9
10
3
3
5
24
1
3
2
1
4
3
15
1
1
34
20
6
9
3
13
17
4
5
1
178
49
10
28
11
20
17
13
11
3
10
8
7
4
17
7
16
0
10
13
3
79
5
4
13
5
21
2
5
8
7
9
17
3
19
7
7
3
2
6
3
2
53
6
2
10
1
2
11
2
3
29
9
155
1
39
1
4
28
27
56
19
6
7
2
3
11
11
20
4
45
1
2
31
23
2
29
6
3
10
8
87
0
2
1
22
3
48
15
11
18
4
2
5
17
2
12
14
2
8
1
2
7
17
12
9
24
6
4
6
10
7
4
27
57
6
1
6
3
2
8
16
20
5
36
34
4
113
9
4
17
4
9
73
6
2
868
4
13
10
7
6
83
6
6
0
19
0
12
7
9
2
21
4
2
12
9
23
22
3
6
5
2
6
14
2
0
8
34
3
6
1
4
4
8
11
2
5
25
6
22
24
32
1
12
42
7
14
15
4
11
0
3
4
4
7
11
3
5
19
1
0
12
1
7
2
7
11
2
23
15
9
5
3
8
7
10
8
8
5
4
8
1
6
2
209
6
26
226
7
6
5
3
27
3
9
44
78
0
7
3
1
13
55
8
106
13
4
1
42
1
26
31
4
1
5
80
1
11
13
8
6
30
23
0
9
4
11
37
3
26
9
21
1
5
4
21
4
7
4
8
222
36
4
2
7
1
15
3
22
14
8
2
21
10
5
6
5
9
7
1
7
26
39
8
1
13
9
3
9
7
25
4
2
9
4
4
7
7
14
1
5
23
5
3
3
20
1
17
8
5
29
23
7
31
6
27
9
1
8
3
4
3
8
1
6
5
7
5
11
47
10
5
8
16
23
2
8
4
6
8
3
12
2
4
2
3
8
13
46
2
2
1
11
13
14
3
4
18
10
23
20
3
11
11
24
0
2
14
53
45
9
8
181
8
38
10
7
16
3
9
19
5
8
2
13
83
9
13
4
1
26
1
5
0
5
4
10
36
4
12
5
0
2
2
5
37
14
19
2
5
13
3
23
104
24
5
15
7
39
10
34
3
21
5
5
1
99
8
2
10
13
1
18
3
38
9
2
2
4
6
42
4
7
4
2
12
4
4
3
1
6
57
4
7
31
6
1
5
41
5
3
7
3
21
19
10
6
6
5
16
6
11
10
2
18
1
3
10
4
3
7
2
5
4
3
8
8
9
3
1
2
9
5
17
24
5
11
13
5
192
1
13
2
10
11
3
7
1
6
1
6
1
24
6
7
11
3
10
18
9
1
70
13
2
5
35
7
10
19
8
6
10
3
7
21
11
3
6
27
9
17
7
19
6
7
4
0
3
23
13
16
0
21
17
3
6
2
3
34
29
11
10
18
12
15
35
16
12
42
6
4
8
3
7
12
446
1
6
27
6
7
234
77
2
10
7
52
45
3
101
22
1
2
5
19
11
11
16
5
11
7
12
6
2
4
6
6
8
8
12
13
13
5
16
2
3
8
8
5
17
18
0
3
3
6
38
2
7
5
6
5
8
4
7
3
16
7
4
5
6
9
12
19
8
367
2
2
4
10
1
96
1
5
4
3
1
17
1
2
4
3
4
254
9
11
89
5
6
9
6
2
15
8
23
9
22
5
3
46
1
20
14
73
6
35
0
2
8
9
3
8
2
10
10
5
19
5
9
8
0
11
2
14
6
3
1
1
7
44
19
29
12
16
3
118
8
15
5
20
8
8
4
11
4
10
20
2
21
5
3
6
3
2
4
14
38
6
20
6
10
2
1
4
7
3
7
1
9
17
4
1
5
5
35
14
6
13
9
5
11
10
93
1
13
15
32
23
9
28
3
11
21
7
126
22
17
0
5
6
13
9
16
8
2
5
1066
7
3
18
19
9
6
5
12
2
0
5
3
4
9
5
2
0
43
7
9
17
2
9
17
181
0
4
20
7
6
10
36
9
4
6
13
10
12
5
3
3
7
22
1
3
107
5
2
6
9
9
26
136
10
3
1
21
3
8
3
3
5
19
5
95
1
30
3
7
3
75
8
1
9
4
3
5
0
12
2
11
11
10
4
6
18
11
2
4
3
5
0
32
12
26
9
4
7
33
29
6
2
395
1
7
9
11
11
4
20
6
3
5
8
3
2
6
2
6
6
3
29
2
7
43
6
3
12
7
7
8
11
70
31
13
37
5
2
17
6
24
6
0
26
12
39
9
8
10
6
5
17
0
0
33
0
2
16
143
6
9
3
4
17
5
5
36
46
5
8
11
36
4
12
5
10
2
12
7
1
8
3
6
29
1
7
22
27
4
10
22
0
4
4
12
3
3
10
6
4
3
14
30
17
9
3
1
59
10
2
10
5
1
39
4
5
8
5
6
4
73
5
9
13
10
57
0
81
4
14
8
2
8
12
38
10
2
0
0
1
5
6
11
12
8
8
2
4
62
15
4
16
18
2
10
2
15
3
17
7
22
13
6
25
3
36
51
6
13
6
3
6
9
7
21
8
8
13
5
3
6
2
12
2
5
3
3
2
3
5
2
12
3
6
26
6
5
6
21
8
8
20
16
5
117
4
1477
2
1
2
4
22
17
9
5
7
67
4
5
32
21
7
8
5
7
11
18
3
11
35
1
162
2
6
3
12
18
4
165
12
12
7
7
3
5
13
7
10
0
4
11
5
6
24
7
2
17
9
4
8
8
17
5
11
10
3
26
3
8
21
7
1
11
7
6
12
5
2
14
5
3
2
18
12
9
66
9
21
14
7
6
0
16
8
14
8
113
7
20
128
10
3
9
5
111
12
4
1
16
13
4
5
2
3
5
14
12
5
19
6
4
5
18
13
69
2
10
4
9
9
26
1
1
7
4
13
16
2
7
2
7
12
5
8
7
201
2
6
4
5
9
2
48
23
64
79
8
38
0
1
17
50
9
1
41
0
4
3
4
69
3
2
4
1
6
1
5
24
3
4
7
8
3
12
9
14
1
2
4
9
9
2
5
17
11
16
50
7
20
3
17
6
11
9
22
20
4
0
1
1
12
10
62
9
1
3
11
4
21
2
9
2
6
23
3
14
11
2
2
7
5
9
10
112
17
1
4
83
0
6
11
23
12
5
16
7
3
4
10
5
8
12
8
0
0
12
7
14
6
5
7
20
8
2
10
6
5
2
2
2
40
2
12
9
8
10
912
1
5
8
4
10
16
7
5
2
8
13
3
1
78
4
6
4
4
8
12
6
10
5
1
18
10
74
14
4
9
0
0
4
3
2
5
10
7
5
16
8
4
8
11
19
21
12
3
3
1
23
15
15
8
1
5
12
15
249
2
5
2954
26
14
5
18
5
20
13
4
5
4
5
50
8
7
14
2
4
1
16
6
2
9
4
19
11
9
4
51
1
1
365
1
3
16
2
121
12
0
6
5
5
8
7
164
5
39
7
265
9
24
5
14
4
5
3
90
3
4
4
8
5
37
10
13
11
13
16
3
5
4
3
6
33
3
1
7
5
2
12
13
3
4
11
9
0
1118
10
55
1
4
16
5
29
11
3
4
13
9
2
11
3
7
3
18
18
18
2
1
9
2
21
4
1
24
0
7
7
3
11
2
4
86
83
16
7
9
7
4
8
2
2
19
3
9
2
25
5
39
10
2
2
0
1
0
6
12
3
1
4
2
3
5
62
17
7
12
6
1
11
18
279
2
1
1
16
1
32
8
0
10
4
2
19
6
0
4
7
6
9
46
9
44
4
4
27
17
135
1
4
25
2
3
3
6
14
27
15
2
4
0
6
5
494
11
20
326
2
7
57
4
5
3
4
7
20
9
8
4
2
38
15
15
13
1
43
4
3
1
9
2
5
46
11
9
22
8
5
7
3
10
13
21
19
8
70
16
9
1
1
7
4
3
6
13
4
4
5
48
19
24
21
4
25
15
4
11
5
8
14
15
8
9
21
8
40
35
7
9
1
32
1
4
8
14
7
0
9
173
5
13
2
2
0
0
6
2
9
14
28
5
43
4
7
18
9
0
27
26
4
3
1
3
3
2
12
3
24
0
5
6
11
9
5
3
1
13
11
14
2
20
96
13
7
8
27
6
4
7
6
14
1
13
12
4
8
8
39
1
14
4
5
3
8
10
13
1
11
4
4
98
7
16
4
1
293
25
8
9
8
7
6
3
13
6
1
1319
1
13
29
1
5
12
67
1141
5
8
9
7
3
49
5
10
579
8
18
22
0
375
2
2
11
8
3
3
12
8
3
12
2
1
7
4
7
28
5
3
3
3
4
2
7
17
25
4
13
18
11
4
54
2
7
4
1
4
6
5
2
4
5
26
16
4
3
6
30
11
2
5
1
5
7
10
21
0
5
10
70
1
2
170
8
21
3
3
14
7
3
6
15
1
3
4
0
7
177
7
14
0
28
40
11
11
31
12
5
16
26
58
6
31
6
4
8
10
40
3
4
2
87
5
8
14
34
11
6
4
10
29
30
0
13
5
0
20
12
9
3
7
0
2
11
2
12
11
18
61
4
6
10
1
18
3
41
3
11
3
24
248
1
5
19
4
4
22
7
4
6
7
21
6
8
4
1
16
4
12
9
6
2
3
7
4
8
17
3
51
26
2
35
26
3
12
1
6
5
3
4
11
11
4
16
14
1
5
5
25
7
4
22
12
3
2
9
7
4
8
7
14
11
31
3
3
12
5
8
2
4
2
2
10
3
8
34
5
14
4
0
6
9
2
34
3
3
14
2
16
8
23
11
25
2
19
11
3
9
31
13
10
2
18
7
22
5
2
4
1
3
7
3
5
2
4
6
11
6
5
58
1
8
5
15
4
31
2
10
0
6
81
4
1
2
1
37
4
2
5
1
214
38
2
10
5
42
1
11
5
0
4
1
20
2
75
15
54
0
4
9
3
6
15
1
11
4
3
9
3
6
3
7
25
1
10
12
4
11
8
11
7
1
0
5
6
15
12
106
7
8
6
2
16
2
5
17
7
7
10
26
10
7
10
5
6
2
30
4
21
4
3
111
8
4
9
5
7
167
8
4
6
3
5
10
3
1
5
7
7
2
5
29
12
2
8
14
9
2
10
6
37
4
3
11
18
4
6
5
17
30
38
6
6
0
4
2
6
6
3
8
7
6
2
3
4
29
2
3
9
2
11
10
720
1
27
14
7
2
13
43
4
22
1
2
0
8
1
109
1
1
7
6
25
4
3068
7
0
8
95
11
6
284
24
17
5
4
11
2
10
6
2
28
684
6
10
13
13
25
14
2
8
15
1
7
6
2
5
8
3
1
0
3
8
9
4
4
2
87
6
6
4
20
0
9
5
4
4
3
3
6
8
12
6
2
5
7
12
6
11
182
5
8
5
12
5
1
4
5
12
25
2
4
3
12
1
12
6
2
2
4
10
14
10
127
13
2
484
1
2
5
6
7
36
10
18
8
5
4
13
6
5
4
4
0
20
23
2
9
6
2
6
2
3
2
6
23
4
1
3
7
11
3
27
12
7
10
21
15
29
10
4
7
7
3
1
0
9
2
9
2
5
3
3
6
22
5
27
18
3
4
8
12
3
25
7
4
3
32
5
2
28
2
10
4
0
113
13
2
60
11
4
77
1
34
2
20
4
14
4
1
6
7
26
4
5
8
2
8
5
0
2
136
2
0
16
30
4
4
4
0
13
3
5
0
2
6
4
34
2
7
5
103
1
7
10
18
10
4
18
7
12
29
7
45
13
4
30
2
0
2
25
5
7
2
18
7
1
8
1
3
3
4
8
8
7
5
12
3
5
11
6
32
4
11
385
8
7
23
13
17
4
15
0
7
2
17
2
4
4
6
7
45
5
10
5
19
7
19
14
3
6
18
9
7
6
3
17
3
6
7
25
7
75
5
1
90
198
54
3
19
107
2
8
7
29
1
1
8
3
6
16
9
8
6
5
6
25
138
0
14
4
8
13
6
3
4
1
15
1
3
12
2
6
7
28
2
25
16
5
0
5
31
46
4
7
4
10
3
16
6
27
30
18
4343
0
19
2
3
26
8
3
20
24
0
20
7
43
2
20
18
15
1
6
7
11
3
3
8
15
5
5
7
0
25
199
9
13
8
2
6
28
5
1
38
29
3
9
6
10
90
2
31
3
183
60
3
3
19
2
11
2
7
30
10
4
31
42
2
14
6
77
15
20
13
19
13
1
374
5
1
6
8
8
19
52
1441
1
12
9
9
51
3
7
0
4
1
5
33
59
0
3
14
3
8
4
11
4
0
9
4
44
14
18
4
0
40
49
3
7
2
10
1
91
7
3
2
18
32
0
17
177
5
46
1
6
28
2
4
5
0
6
5
6
3
1
6
7
3
5
0
13
2
35
2
16
15
50
9
0
1
45
6
6
14
7
6
2
6
1
6
13
14
1
0
36
3
8
9
6
0
11
11
11
7
9
2
11
10
16
29
16
3
16
3
3
6
20
3
27
1
7
0
11
11
9
39
4
10
20
2
35
25
13
3
1
2
10
0
4
0
15
43
4
3
1
9
20
26
221
8
0
2
4
6
28
117
11
3
6
2
61
1
0
16
6
11
36
2
4
7
10
2
20
1
13
33
28
28
88
3
0
3
6
11
9
1
20
9
2
14
24
11
5
6
12
2
14
16
4
6
5
3
6
0
340
6
2
8
26
2
10
1
56
189
48
1
11
5
18
3
7
8
11
6
13
7
309
9
3
19
3
0
12
7
5
3
8
8
167
19
14
6
1
3
42
9
103
17
23
6
3
27
9
5
8
1
2
3
14
3
7
12
4
4
11
0
3
1
7
3
7
0
1
3
0
1
2
5
24
21
69
37
3
13
2
17
8
4
1
13
0
175
4
243
5
1
6
51
5
1
7
5
85
3
2
7
2
6
6
3
12
0
6
18
4
7
33
20
13
13
3
3
8
7
6
1
7
3
4
5
5
3
6
1
6
4
14
9
5
6
7
3
7
1
9
16
4
1
15
13
7
2
1
9
6
9
7
14
2
29
4
5
38
5
4
62
93
2
4
8
1
9
1
10
34
8
3
7
10
17
20
3
3
45
12
7
9
4
88
9
1
20
389
2
19
2
9
12
8
14
2
6
8
35
11
21
17
4
3
10
4
3
2
315
17
2
4
76
1
5
19
37
6
1
6
14
37
6
1
24
21
1
17
9
16
9
4
2
12
11
8
15
3
1
4
13
4
18
23
5
10
17
11
7
420
50
3
15
29
10
2
8
4
9
2
7
13
2
6
8
9
6
107
8
6
5
2
7
14
10
10
15
12
1
1
15
14
42
1002
4
32
8
2
13
5
4
10
2
6
3
4
7
1
3
0
9
15
0
32
8
5
46
6
3
14
1
8
19
2
7
3
3
4
17
7
19
3
4
0
0
8
2
3
8
23
16
11
3
4
9
4
5
260
14
44
9
5
2
4
26
6
24
12
18
33
8
18
4
9
64
5
226
4
8
2
7
6
67
51
3
4
15
29
8
3
73
25
1
0
17
5
6
8
1
5
3
5
15
11
8
52
2
2
3
4
0
22
4
6
8
14
12
27
3
2
19
16
4
8
0
7
51
3
511
25
3
65
0
7
4
12
2
7
2
2
9
1
0
10
23
5
9
5
12
5
5
2
3
10
7
4
20
5
13
9
7
6
7
5
0
29
11
13
17
9
32
2
42
14
6
30
17
2
5
10
8
1
22
117
7
8
1
6
7
4
4
4
18
1
3
4
16
3
4
10
17
21
1
25
17
41
23
6
2
15
8
8
11
39
3
6
10
65
14
3
7
13
10
5
3
2
4
4
10
13
16
1
4
19
3
3
7
1
48
5
8
25
3
5
36
3
6
7
6
28
5
2
4
4
12
6
30
3
5
6
23
1
5
30
17
24
10
11
14
1
19
39
1
3
7
38
3
6
4
9
7
7
27
6
3
1
10
17
8
29
15
12
5
30
5
12
1
3
5
6
23
3
24
114
6
8
5
9
3
7
16
2
23
3
6
40
11
4
8
3
1
5
7
4
5
7
2
9
4
7
6
1
147
1
3
19
1
3
1
38
0
3
1
3
2
2
11
8
7
1
12
3
8
0
8
14
8
0
2
5
4
12
6
5
6
8
5
8
8
6
51
30
8
2
8
0
11
1
2
33
32
13
2
4
1
12
1
14
7
0
353
2
10
5
8
1
6
20
7
2
10
38
4
41
24
170
10
6
12
71
8
4
0
23
2
7
10
2
2
9
5
1
1
3
6
1
6
11
0
4
5
4
8
7
10
19
3
7
21
15
4
7
8
3
9
9
6
10
42
5
3
8
18
9
0
8
4
11
1
3
39
3
16
40
6
6
52
7
17
20
8
15
2
1
594
11
9
9
5
21
7
9
41
35
9
5
5
9
15
12
6
3
5
3
4
4
6
8
6
4
0
5
6
20
14
1
31
12
54
2
16
3
1
2
3
3
3
1
7
62
3
5
12
4
4
58
8
10
2
4
1
4
1
2
4
1
15
9
3
2
137
5
11
7
5
8
11
1
2
7
32
55
17
12
7
46
0
2
286
5
2
6
6
55
197
9
20
7
8
2
7
5
16
42
17
7
14
8
10
6
5
44
7
4
9
4
13
5
4
19
16
8
6
12
6
9
4
8
9
9
7
3
2
15
5
4
1
6
60
5
35
31
2
2
446
5
3
15
270
5
4
2
13
15
15
2
5
5
8
9
10
32
4
1
33
6
6
14
8
0
5
3
14
14
3
3
15
2
7
1
17
13
18
4
2
3
98
9
9
3
2
3
11
40
7
26
8
2
129
17
4
4
10
1
4
9
15
17
9
16
11
10
16
7
6
9
5
10
1
9
3
29
10
0
1
34
12
4
10
8
3
87
22
54
4
7
2
22
15
6
5
9
0
5
1
75
8
7
18
3
5
39
9
1
8
13
13
8
15
4
1
3
273
4
5
1
7
9
0
10
1
6
0
5
9
10
11
6
47
0
24
5
5
3
4
3
28
11
4
5
5
6
4
8
11
6
1
8
16
27
5
4
5
8
0
0
2
12
1
4
6
3
3
43
5
4
11
121
4
7
18
2
2
1
4
7
8
11
100
3
0
6
6
16
0
12
12
7
7
27
6
2
14
6
2
0
3
0
5
3
21
4
10
1
13
3
4
4
6
1
1
5
5
17
8
2
1
2
8
4
3
10
5
13
9
162
10
12
1
6
15
17
26
6
9
14
3
8
9
9
10
5
3
4
4
44
7
17
4
35
17
2
6
12
7
3
9
7
5
19
0
3
2
5
9
3
7
0
3
29
3
2
3
5
7
11
16
5
2
4
9
5
11
9
11
4
8
56
469
5
30
4
3
13
26
12
10
14
8
178
7
46
0
45
6
8
2
13
16
11
4
57
3
7
12
0
6
6
37
42
3
7
13
9
4
34
8
3
39
17
6
9
1
5
2
3
6
3
4
3
4
5
1
5
15
13
50
20
35
3
0
13
4
3
47
1
14
1
8
6
1
2
11
13
1
4
9
7
3
4
11
3
10
9
41
17
5
8
14
5
12
18
10
6
70
1
30
21
19
3
19
3
6
30
1
16
28
11
2
2
23
9
1
38
10
9
3
10
8
1
66
20
4
2
26
7
2
10
41
7
13
6
45
37
2
27
12
14
3
9
1
5
7
3
1
1
15
641
10
9
3
3
12
12
1
3
3
17
0
14
2
5
4
5
2
2
1
5
151
11
4
7
0
21
5
8
7
6
43
9
1
11
7
0
3
8
5
2
30
11
5
18
4
72
2
3
0
14
10
1
2
9
36
6
33
0
14
14
9
9
1
7
9
16
41
1
5
6
4
23
2
3
109
21
4
0
2
6
32
9
38
35
10
12
5
8
5
2
1
9
8
7543
7
8
72
11
8
3
31
1
4
8
5
2
4
14
5
11
2
7
214
8
8
2
8
2
7
12
28
7
16
8
12
7
1
15
13
7
13
6
5
4
7
302
5
4
3
1
7
6
14
8
6
11
4
1
28
15
28
12
14
2
0
27
434
6
130
4
4
4
14
5
8
5
7
16
2
7
5
9
19
5
9
6
7
2
47
65
10
3
12
0
11
34
35
5
8
7
19
7
11
13
16
6
3
90
17
3
24
3
5
2
2
8
4
10
41
2
7
25
10
10
32
10
9
23
5
1
4
11
2
4
511
21
8
18
11
0
34
171
4
8
24
6
0
18
2
5
6
2
13
7
4
6
5
5
15
2
1
5
2
4
0
11
5
24
25
58
1
4
2
1
4
4
6
1
0
9
1
8
9
49
11
4
6
9
10
1
2
11
15
38
10
5
6
9
13
14
13
5
11
3
6
20
5
14
5
17
15
5
5
12
14
3
44
19
4
1
7
5
23
7
6
5
6
9
10
6
6
1
7
9
2
66
40
5
4
5
9
5
7
3
5
2
6
1
30
0
9
8
100
6
2
6
13
3
14
4
1
28
12
7
9
9
2
14
2
1
11
