0
2
3
0
6
0
1
0
3
0
0
0
0
0
14
0
0
0
0
3
4
8
0
0
1
6
0
4
2
2
2
4
23
294
0
11
1
2
4
10
3
4
4
4
107
1
23
0
27
1
2
0
1
2
4
0
20
0
2
4
0
1
1
16
23
0
2
5
2
3
7
0
0
17
3
2
2
0
2
0
0
3
1
1
0
0
2
1
1
9
3
14
10
8
0
0
6
1
0
32
6
6
0
0
3
0
6
1
1
0
3
28
13
5
32
8
5
11
17
3
2
1
0
6
0
5
0
0
0
3
22
13
11
20
1
0
0
1
1
2
6
3
7
0
1
17
1
0
2
7
0
0
7
1
63
0
0
37
5
1
4
1
2
0
1
1
11
3
2
0
13
3
0
2
0
0
0
0
7
1
1
3
0
1
14
0
6
1
8
3
1
3
7
1
1
1
7
1
1
1053
1
1
10
1
0
5
2
0
4
2
11
2
0
4
8
4
1
0
3
0
0
11
4
33
3
0
32
0
0
11
0
3
9
3
3
3
0
5
0
5
2
11
0
1
7
6
0
0
2
0
0
0
16
1
1
11
0
8
50
1
1
1
1
5
2
1
0
0
0
3
36
1
0
1
1
2
0
1
0
1
4
1
6
1
1
2
0
1
16
5
64
1
0
0
1
1
1
0
2
4
5
2
0
0
0
2
7
0
0
1
0
15
0
0
2
4
1
0
1
0
0
7
2
2
0
0
17
28
1
14
0
2
3
10
0
1
3
2
2
5
0
5
4
13
0
0
0
1
3
0
2
26
1
1
38
0
8
0
13
2
0
76
1
0
20
16
2
0
4
0
2
7
0
0
1
0
6
3
0
1
0
2
0
5
1
0
1
2
0
28
2
0
0
2
0
0
0
0
2
6
0
20
5
4
11
0
1
0
0
0
6
2
1
0
4
1
2
47
1
2
0
0
0
7
1
10
1
0
116
2
0
1
2
5
2
29
10
0
1
24
2
2
1
13
0
1
1
56
8
6
0
6
0
12
3
0
6
0
95
0
0
2
1
0
46
12
1
0
0
6
17
1
53
1
0
0
8
0
0
0
282
0
200
0
8
0
0
1
2
0
3
1
0
7
1
1
1
1
8
0
0
2
3
0
6
0
1
0
3
0
0
0
0
0
14
0
0
0
0
3
4
8
0
0
1
6
0
4
2
2
2
4
23
294
0
11
1
2
4
10
3
4
4
4
107
1
23
0
27
1
2
0
1
2
4
0
20
0
2
4
0
1
1
16
23
0
2
5
2
3
7
0
0
17
3
2
2
0
2
0
0
3
1
1
0
0
2
1
1
9
3
14
10
8
0
0
6
1
0
32
6
6
0
0
3
0
6
1
1
0
3
28
13
5
32
8
5
11
17
3
2
1
0
6
0
5
0
0
0
3
22
13
11
20
1
0
0
1
1
2
6
3
7
0
1
17
1
0
2
7
0
0
7
1
63
0
0
37
5
1
4
1
2
0
1
1
11
3
2
0
13
3
0
2
0
0
0
0
7
1
1
3
0
1
14
0
6
1
8
3
1
3
7
1
1
1
7
1
1
1053
1
1
10
1
0
5
2
0
4
2
11
2
0
4
8
4
1
0
3
0
0
11
4
33
3
0
32
0
0
11
0
3
9
3
3
3
0
5
0
5
2
11
0
1
7
6
0
0
2
0
0
0
16
1
1
11
0
8
50
1
1
1
1
5
2
1
0
0
0
3
36
1
0
1
1
2
0
1
0
1
4
1
6
1
1
2
0
1
16
5
64
1
0
0
1
1
1
0
2
4
5
2
0
0
0
2
7
0
0
1
0
15
0
0
2
4
1
0
1
0
0
7
2
2
0
0
17
28
1
14
0
2
3
10
0
1
3
2
2
5
0
5
4
13
0
0
0
1
3
0
2
26
1
1
38
0
8
0
13
2
0
76
1
0
20
16
2
0
4
0
2
7
0
0
1
0
6
3
0
1
0
2
0
5
1
0
1
2
0
28
2
0
0
2
0
0
0
0
2
6
0
20
5
4
11
0
1
0
0
0
6
2
1
0
4
1
2
47
1
2
0
0
0
7
1
10
1
0
116
2
0
1
2
5
2
29
10
0
1
24
2
2
1
13
0
1
1
56
8
6
0
6
0
12
3
0
6
0
95
0
0
2
1
0
46
12
1
0
0
6
17
1
53
1
0
0
8
0
0
0
282
0
200
0
8
0
0
1
2
0
3
1
0
7
1
1
1
1
8
0
0
0
0
0
32
1
2
2
16
0
2
0
12
2
0
2
1
2
0
0
13
1
0
38
1
12
41
52
6
2
2
4
0
8
2
2
1
0
1
0
0
1
3
2
5
4
15
1
6
2
1
1
0
2
0
0
4
3
0
0
0
2
1
2
1
0
13
0
8
12
7
8
0
0
2
8
1
4
0
4
0
0
2
2
1
1
22
2
8
8
0
11
2
4
0
2
3
0
0
11
0
3
1
1
0
4
10
7
49
0
1
0
1
0
0
0
5
0
1
0
138
2
5
8
1
0
1
23
2
1
1
8
0
0
1
0
0
46
12
6
0
2
2
0
4
0
2
0
0
0
6
1
4
2
5
0
2
5
9
0
3
3
2
9
0
1
1
11
2
1
0
0
59
7
0
1
4
2
10
11
1
5
15
1
0
1
7
1
1
100
2
0
5
0
0
1
1
22
0
1
2
2
2
13
0
0
0
0
5
12
2
2
12
2
2
1
1
2
0
8
1
0
5
4
0
0
0
6
0
0
3
0
13
13
4
0
0
18
28
0
8
0
5
1
9
2
11
3
9
0
1
1
1
2
0
53
1
0
0
6
17
1
0
1
8
1
0
1
0
0
4
2
0
3
3
2
0
8
1
11
2
8
35
1
99
1
0
2
9
11
1
0
0
0
0
2
6
1
3
8
6
1
10
1
0
24
20
0
2
0
0
4
25
5
7
0
13
0
91
84
4
2
0
0
5
0
0
0
0
0
1
0
1
10
1
1
9
1
1
3
0
1
0
8
10
14
0
208
48
1
13
3
0
1
17
1
4
3
9
1
0
0
1
0
0
2
2
1
0
5
35
3
3
2
2
0
2
3
1
4
0
0
0
3
0
1
1
2
0
0
57
1
3
17
2
0
1
3
4
2
5
1
2
35
0
2
0
5
1
1
3
1
0
7
0
0
0
4
1
0
8
1
0
0
0
12
13
0
0
4
0
3
160
0
1
0
6
0
1
5
1
15
16
24
10
15
11
6
1
1
6
0
0
2
0
0
0
0
3
1
1
1
3
0
0
1
11
0
1
0
2
29
1
2
1
6
21
2
0
17
3
0
23
83
0
2
0
3
1
1
0
18
4
0
12
7
0
11
5
2
11
0
0
17
0
1
2
12
1
4
2
1
1
1
2
0
2
0
2
1
1
9
0
1
0
0
1
2
0
3
0
2
0
39
6
4
2
7
1
2
4
2
2
1
2
0
23
3
1
11
3
17
1
1
6
1
13
3
2
3
7
2
0
1
0
21
1
16
5
9
5
60
0
6141
3
0
1
0
1
0
35
0
0
1
3
3
2
3
5
2
1
4
3
5
0
1
13
0
0
1
6
3
1
2
4
0
1
1
1
8
3
0
6
0
1
123
614
2
0
0
8
16
13
0
0
0
5
1
2
2
2
16
4
0
1
0
4
3
69
4
1
5
3
0
0
0
0
1
7
2
2
15
1
0
0
0
5
1
0
2
2
3
52
5
0
0
5
0
2
0
2
1
0
1
6
0
4
1
2
0
8
1
0
4
16
6
0
1
4
7
0
0
0
5
2
1
0
2
110
1
5
45
9
3
1
14
0
0
0
0
6
3
30
37
0
0
0
1
16
1
4
13
3
1
2
1
0
2
0
4
34
13
1
6
1
0
1
1
1
5
1
2
0
0
3
0
0
0
4
0
3
1
1
66
1
1
0
0
4
0
4
0
1
7
35
0
0
22
10
2
0
1
620
2
8
1
0
0
0
0
0
1
2
1
25
0
3
0
1
39
0
0
76
3
0
2
21
13
2
1
1
2
0
0
1
1
0
6
0
1
0
1
2
1
4
0
11
3
0
0
4
4
2
14
0
1
3
3
1
3
0
0
0
1
2
21
2
0
5
2
19
2
1
0
1
10
1
3
0
7
2
0
0
0
0
8
9
3
5
3
0
0
0
0
3
2
1
13
1
3
0
7
5
1
0
0
3
0
2
7
0
4
3
3
1
0
3
0
1
0
0
4
1
0
5
6
4
2
0
19
14
15
1
4
0
0
0
0
0
2
0
4
5
583
11
12
1
5
0
2
2
1
0
0
3
2
0
1
34
3
1
0
2
0
0
176
0
0
0
7
6
1
1
1
9
0
5
0
0
0
14
11
24
0
0
5
2
2
2
1
0
0
0
3
6
0
0
0
7
1
0
8
1
0
0
1
1
0
4
0
0
0
0
0
6
1
1
3
4
1
2
0
27
2
1
0
0
2
0
0
0
1
1
0
66
4
1
14
10
2
0
3
5
8
63
39
0
1
2
1
1
25
0
18
8
0
0
28
1
4
16
1
1
1
1
0
0
1
54
9
0
0
3
0
5
3
0
1
12
3
4
0
1
1
8
14
0
1
1
1
5
6
0
0
2
4
1
2
5
0
1
1
1
0
3
0
0
0
0
2
0
1
0
7
0
7
10
1
8
11
3
0
2
17
7
4
1
1
0
0
0
1
7
2
2
0
0
0
0
2
7
2
0
0
0
53
1
0
2
3
16
0
1
17
1
3
0
1
29
0
3
4
1
6
2
0
1
0
0
0
90
2
611
3
3
1
0
2
4
6
4
0
1
4
0
0
4
4
2
0
0
0
0
4
9
19
2
13
2
3
1
1
1
1
1
13
3
15
0
7
1
4
31
4
3
1
9
34
0
0
0
2
1
0
1
0
2
0
4
0
8
1
0
0
2
0
0
0
2
0
7
0
2
2
0
0
0
0
0
14
0
3
3
6
0
0
2
0
12
0
5
12
0
1
7
0
3
11
0
0
5
0
3
0
1
0
1
5
0
0
4
5
34
1
0
16
1
0
6
1
2
3
1
4
5
1
2
1
1
20
43
1
0
1
1
1
2
14
4
18
0
0
13
1
1
2
1
1
5
1
1
2
0
4
1
0
9
2
0
0
0
3
1
138
16
1
1
262
0
2
1
0
2
2
13
0
58
7
4
21
0
0
0
0
0
0
1
0
30
1
0
1
1
13
2
0
1
0
4
22
0
4
0
0
1
1
0
5
1
3
3
0
57
0
2
1
1
5
1
1
2
4
0
2
0
30
7
0
1
6
1
10
0
0
0
0
0
2
53
1
21
0
2
56
0
1
8
1
0
1
1
1
0
0
0
0
0
3
10
0
1
0
65
0
0
0
3
2
10
0
5
22
0
4
26
1
1
7
2
20
1
15
72
20
11
0
1
0
3
0
19
10
1
2
0
3
1
1
2
1
5
4
4
3
0
1
16
8
2
0
4
1
1
0
1
1
2
0
0
6
0
0
0
1
3
5
1
0
1
0
2
0
0
1
0
1
2
1
4
4
16
0
0
2
0
1
0
4
5
0
1
0
0
123
2
0
0
12
4
0
28
1
0
3
2
4
0
2
1
3
4
1
3
2
1
1
5
1
0
1
0
0
0
1
6
2
0
1
4
4
1
0
7
3
0
12
0
0
0
3
4
2
1
3
0
0
1
1
0
1
6
0
0
1
17
1
0
0
0
116
5
20
1
10
2
1
2
0
1
0
0
1
0
3
4
4
4
0
14
2
1
0
4
1
9
0
0
0
3
2
0
28
3
1
4
2
1
1
39
12
1
0
1
0
1
0
2
6
49
7
0
5
0
0
1
0
3
1
0
1
1
0
3
1
1
1
28
4
0
0
4
11
3
7
0
0
0
9
0
2
0
6
3
0
7
0
6
0
0
0
1
0
16
1
17
0
2
34
0
9
0
3
1
17
5
0
1
5
0
3
1
3
0
0
31
0
1
2
2
0
0
3
1
5
1
0
0
2
3
5
0
0
1
6
0
2
31
0
0
5
0
2
3
2
0
1
1
98
1
0
15
2
0
8
2
0
0
2
77
0
91
3
1
0
4
4
2
3
5
3
1
13
5
3
0
0
109
2
5
0
1
33
1
2
2
6
0
1
2
0
0
0
0
3
2
1
0
1206
0
1
0
3
36
0
8
0
0
0
0
1
1
0
4
0
1
0
1
15
5
1
2
0
0
0
0
1226
19
100
1
13
2
58
0
0
0
1
4
1
0
0
1
2
20
2
13
6
3
1
6
0
0
0
2
1
1
1
1
1
0
1
5
1
3
1
12
0
2
33
0
5
0
4
1
3
79
0
0
0
0
0
1
0
0
2
20
1
2
1
0
0
9
51
9
1
0
0
0
6
2
1
4
0
6
1
10
1
3
0
0
1
0
1
0
0
3
0
5
0
0
0
2
2
2
1
1
18
9
0
2
2
20
0
4
0
3
7
1
0
12
8
5
1
10
2
1
1
11
0
1
6
0
222
0
1
1
0
0
0
0
164
4
3
1
0
2
2
0
0
0
3
0
0
0
13
0
1
1
6
1
1
0
0
0
0
0
2
5
1
50
17
2
3
10
11
18
0
16
0
18
4
9
0
3
1
67
1
0
0
0
0
1
2
5
2
1
5
7
0
228
9
8
0
0
2
2
25
4
0
3
1
1
13
126
0
3
0
0
0
3
3
7
5
9
0
4
46
0
38
0
0
6
0
9
5
0
0
0
1
2
5
2
0
1
2
0
0
6
4
2
2
79
1
9
17
22
4
4
60
9
0
9
757
9
12
3
0
0
0
11
0
0
0
0
1
0
2
22
0
6
7
0
0
0
0
4
0
0
0
0
1
39
6
9
0
0
14
6
2
20
0
22
29
7
2
4
16
0
0
17
1
4
1
1
0
3
0
25
0
0
1
3
3
46
1
41
1
24
0
0
4
2
0
4
1
28
38
0
2
0
0
2
0
3
4
1
12
18
0
1
5
24
0
0
0
10
28
7
0
0
0
1
0
4
1201
0
252
1
3
8
0
1
3
16
7
8
5
3
8
2
0
103
14
1
0
0
1
6
0
1
0
0
0
6
4
4
3
1
0
1
0
0
4
0
2
1
2
2
8
8
22
0
2
0
0
2
2
2
3
1
1
0
5
0
0
7
6
5
0
10
0
4
9
3
0
71
58
3
5
1
0
7
0
2
6
0
2
1
0
4
7
7
1
11
0
1
3
0
0
25
0
0
0
0
4
0
1
1
1
0
0
0
0
3
1
2
0
0
3
3
12
1
4
4
0
7
8
1
9
0
0
1
3
0
4
1
0
2
2
12
2
5
14
9
1
0
1
2
0
1
10
0
2
0
5
7
0
1
0
3
0
4
8
0
13
3
0
0
1
3
1
2
1
0
1
0
5
2
1
14
5
1
18
0
3
10
0
2
0
0
2
7
5
2
4
0
0
1
4
9
0
15
1
4
22
0
49
4
14
14
0
0
20
21
1
3
27
0
2
12
0
2
2
4
0
1
0
6
16
0
2
12
0
0
6
1
16
0
1
1
0
1
1
0
0
4
0
1
8
1
0
0
1
4
13
0
6
2
0
0
0
1
47
1
0
2
2
1
0
1
0
0
17
12
0
5
1
0
0
1
8
3
0
4
2
0
4
0
1
0
1
0
0
3
3
2
3
1
3
0
3
1
0
8
0
23
1
3
7
0
1
5
0
0
1
1
0
1
31
0
10
60
2
6
1
0
20
4
2
0
1
3
10
6
1
1
2
0
1
14
16
0
13
4
8
1
0
0
1
126
4
0
0
1
0
27
0
1
0
0
1
0
6
1
1
3
4
2
0
0
14
16
3
1
0
0
0
5
0
1
2
1
2
1
0
239
0
42
0
1
2
22
0
1
0
44
0
3
1
1
0
3
0
1
1
5
5
1
5
631
1
10
11
0
2
1
31
0
6
0
2
2
0
0
1
0
0
4
4
0
9
1
9
0
1
14
1
0
0
13
1
0
0
0
1
0
1
0
0
0
3
0
1
2
0
1
2
0
3
9
1
24
1
0
0
0
1
5
3
0
114
1
2
0
1
0
1
0
2
1
1
0
6
0
6
1
2
2
0
3
3
0
1
5
3
1
5
1
3
0
0
1
0
3
3
3
0
0
15
0
3
2
2
3
0
1
1
2
0
0
34
0
3
31
4
0
1
3
3
6
78
25
2
0
0
0
19
3
3
3
11
9
32
5
1
22
7
5
0
0
9
6
0
1
1
1
2
1
0
0
0
2
0
5
0
4
8
61
3
1
10
6
7
3
1
57
0
2
5
0
0
0
0
0
0
3
2
0
0
1
7
14
5
15
2
2
11
9
4
9
1
19
0
0
1
0
0
6
3
0
2
0
0
1
0
94
0
2
6
3
4
1
5
5
1
0
0
0
2
0
4
7
2
8
0
164
1
18
31
0
0
24
16
2
7
49
108
4
2
15
1
0
1
4
6
1
1
0
0
2
14
0
0
1
10
38
0
0
7
0
1
0
0
22
2
1
138
1
3
0
0
2
17
1
0
19
1
1
1
8
0
0
2
1
10
5
0
49
10
1
0
0
3
0
45
6
0
2
1
0
0
9
3
3
5
5
0
4
12
1
4
0
1
7
1
1
1
0
1
2
0
10
3
2
1
2
2
2
8
9
5
0
1
1
4
10
2
2
0
27
0
4
2
1
1
0
5
1
0
15
2
3
4
1
15
0
0
34
5
1
3
0
0
1
10
14
0
2
0
1
1
4
5
0
0
3
22
1
261
0
3
0
1
1
0
0
3
0
6
1
17
1
5
0
5
4
0
0
17
1
1
1
1
2
1
32
4
0
0
2
3
12
4
7
14
0
2
1
5
1
7
6
6
1
0
0
1
0
57
0
5
5
1
17
3
19
3
0
4
0
2
2
96
1
1
0
0
0
28
1
3
6
3
3
9
3
3
0
1
0
47
3
14
7
1
0
2
1
0
7
0
3
2
38
5
0
0
0
4
0
153
0
0
1
1
2
1
1
0
3
2
0
73
3
37
8
2
5
17
0
5
2
0
1
5
3
22
0
3
1
0
2
1
0
0
7
10
1
0
2
0
3
24
9
1
0
0
1
1
1
1
3
4
0
0
1
10
0
5
9
0
0
8
4
11
2
9
1
1
2
2
0
0
1
40
0
2
934
0
1
1
3
2
2
1
1
4
7
0
0
2
26
1
2
0
19
0
1
2
0
5
0
6
20
0
2
0
9
0
4
1
0
0
1
0
0
0
1
0
0
2
26
0
12
1
7
3
24
0
0
2
12
0
7
0
2
0
0
0
0
1
2
0
1
7
1
0
2
6
0
1
0
0
1
1
7
0
0
10
6
1
3
0
6
9
1
1
0
132
23
8
11
2
5
4
3
5
0
0
2
1
0
10
1
8
0
4
2
0
46
0
0
5
2
11
1
0
0
0
1
1
0
8
1
1
0
0
0
0
0
35
1
0
3
0
0
2
1
0
10
0
84
0
27
0
1
15
6
29
3
1
2
0
0
4
8
5
0
17
0
1
14
4
0
14
0
2
3
1
39
0
0
0
12
2
20
5
4
5
0
0
0
5
0
3
6
0
1
0
0
3
6
4
1
6
0
0
1
4
1
1
5
36
0
0
1
0
1
0
3
13
0
15
18
0
73
0
1
7
0
4
44
2
0
529
1
6
0
0
3
42
1
1
0
9
0
2
1
1
1
7
1
0
6
1
7
8
0
1
0
0
1
1
0
0
1
19
1
3
0
1
0
2
4
0
0
14
1
11
9
9
0
4
22
1
6
4
1
3
0
0
0
0
3
0
0
1
6
0
0
4
0
1
0
1
4
0
13
7
4
1
0
2
2
3
3
2
1
2
1
0
1
0
94
1
6
131
1
2
1
0
10
2
2
14
48
0
1
1
0
3
25
3
60
5
3
0
15
0
8
13
1
0
0
55
0
1
3
0
2
9
11
0
2
0
2
25
1
9
1
5
0
2
1
8
1
1
0
4
113
18
0
0
1
0
6
1
9
3
3
0
3
3
0
1
2
2
3
0
0
16
26
0
0
7
4
3
2
1
5
0
1
2
1
0
2
2
1
0
2
9
1
1
1
8
0
7
5
1
14
8
1
13
0
11
0
0
3
0
1
0
1
0
1
2
4
0
4
24
5
1
4
4
11
1
3
2
0
3
0
3
0
0
0
1
3
5
27
0
0
0
3
3
3
0
1
6
5
9
8
1
0
5
13
0
0
5
33
19
2
3
90
2
14
2
0
7
0
4
2
1
0
0
4
49
1
3
2
0
12
0
0
0
1
1
2
12
0
3
0
0
0
0
2
21
2
7
0
0
1
2
15
49
9
2
7
2
23
0
15
0
9
3
1
0
65
3
2
2
8
0
7
0
19
1
0
0
1
2
19
1
1
1
0
3
1
1
0
0
1
19
0
0
17
0
0
2
14
0
1
2
0
5
9
4
3
0
1
5
0
3
3
0
7
0
0
4
1
0
2
0
0
0
0
2
2
4
0
0
0
1
1
10
8
0
6
1
1
127
0
1
0
3
3
0
0
0
3
0
1
0
7
0
0
1
1
2
12
5
0
48
2
0
1
16
4
3
10
4
1
1
0
2
6
4
0
0
12
3
3
5
8
2
3
0
0
0
9
9
0
0
4
4
1
2
0
1
19
14
4
0
3
3
6
9
7
4
15
1
1
1
2
1
3
273
0
1
10
1
0
152
51
0
4
1
14
26
1
54
6
0
0
1
5
5
5
5
0
4
0
4
1
0
0
0
1
3
1
2
2
6
2
9
0
0
1
3
1
8
7
0
1
0
2
13
0
0
1
2
2
5
0
2
0
9
4
2
1
1
1
4
13
3
265
1
0
0
1
0
47
0
2
2
2
0
9
0
0
0
1
1
156
3
1
59
0
2
2
0
1
5
1
6
2
9
2
1
29
0
5
6
53
1
19
0
0
3
4
1
3
1
2
3
0
5
2
4
1
0
3
0
1
0
0
0
0
2
15
5
16
5
4
0
56
0
7
0
7
1
1
2
4
1
2
3
0
4
2
0
1
1
0
1
8
28
2
5
2
0
0
0
0
2
1
0
1
1
5
0
0
0
0
16
9
0
7
2
0
4
3
62
0
1
6
6
8
0
7
1
7
6
0
64
10
5
0
1
1
4
4
7
1
1
1
788
1
0
4
5
1
0
1
2
2
0
1
0
1
3
2
1
0
16
2
0
4
0
1
4
96
0
0
7
0
0
2
8
3
1
1
4
4
5
1
1
1
1
10
0
0
50
1
1
2
2
2
12
82
2
1
1
6
1
2
0
0
1
8
2
38
0
10
1
1
0
37
3
0
0
2
0
1
0
4
1
7
3
1
0
0
4
1
0
0
0
1
0
9
6
9
2
0
1
13
10
2
2
288
0
0
1
1
1
1
8
1
0
0
1
1
0
3
0
2
2
0
6
0
4
19
0
0
2
1
1
3
5
45
17
5
17
0
1
7
0
10
0
0
12
5
18
0
4
4
0
0
5
0
0
22
0
1
3
101
3
4
0
0
7
1
0
15
23
1
1
4
13
0
6
0
3
0
4
2
0
5
2
0
11
0
1
5
13
1
3
9
0
0
1
3
0
0
6
2
0
1
6
8
4
2
0
0
33
5
0
1
1
0
17
2
0
0
2
0
0
35
3
1
2
3
34
0
46
1
6
1
0
1
4
14
2
1
0
0
0
0
3
3
4
1
1
1
0
24
2
0
7
4
0
1
1
5
0
4
0
10
2
2
7
1
19
13
1
10
1
2
0
1
3
4
1
4
4
1
1
1
0
3
0
0
0
1
0
1
1
1
6
0
1
11
5
1
0
9
2
4
10
4
1
66
1
912
0
0
0
0
13
4
1
1
0
37
0
0
13
13
1
2
1
1
1
7
0
5
18
0
98
0
0
0
4
5
0
100
6
3
1
1
0
1
4
2
5
0
1
5
2
2
9
0
0
5
3
1
2
1
5
1
2
5
1
15
1
6
9
0
0
5
2
0
4
2
1
2
0
0
1
1
4
3
33
2
8
4
1
1
0
7
3
5
1
70
2
8
86
3
0
4
2
48
3
0
0
7
6
0
0
0
0
0
3
2
2
4
1
0
0
7
5
35
0
4
0
4
2
6
0
0
3
0
1
5
0
2
0
1
6
1
2
1
124
0
1
2
2
1
0
19
11
37
43
0
16
0
0
7
31
4
0
9
0
0
0
1
31
0
0
0
0
2
0
1
14
0
1
5
1
0
6
2
6
0
0
0
2
1
0
0
3
4
2
22
1
7
0
10
2
3
5
12
3
1
0
0
0
3
4
35
1
0
0
3
1
2
0
0
0
3
2
0
1
0
0
0
1
0
1
1
49
4
0
1
39
0
2
5
14
5
3
7
3
0
2
3
2
1
2
1
0
0
2
0
5
1
1
2
11
3
2
3
3
2
0
0
0
24
1
1
3
2
3
687
0
1
2
0
2
5
3
1
0
2
4
0
0
37
1
0
0
0
5
9
0
1
0
0
3
2
38
2
1
2
0
0
0
0
0
0
2
1
0
5
2
0
3
2
3
9
3
1
0
0
8
3
3
3
1
3
2
9
159
0
0
2230
12
4
0
6
0
11
1
2
0
0
1
30
6
2
4
0
1
0
5
1
0
1
0
5
4
2
0
30
0
0
198
0
0
4
0
71
2
0
2
0
1
3
2
94
1
15
2
173
3
9
3
4
1
1
2
64
1
0
0
1
0
20
2
5
1
6
7
0
0
2
0
1
15
0
0
0
2
2
1
3
0
1
2
3
0
657
4
28
0
1
9
1
7
4
0
1
3
3
0
2
1
0
0
7
10
5
0
1
6
0
6
0
0
12
0
3
0
1
2
0
2
57
36
5
2
1
0
1
0
0
0
4
0
0
0
10
2
15
3
0
1
0
0
0
0
1
1
0
0
0
0
3
37
5
1
3
4
0
6
4
181
0
0
0
5
0
9
2
0
7
1
0
4
0
0
0
4
1
3
23
3
14
1
0
9
6
71
0
1
3
0
2
0
0
3
12
4
0
3
0
2
0
344
1
9
214
1
6
31
0
2
1
1
2
4
3
2
0
0
22
5
4
0
1
32
2
0
0
2
0
4
12
4
3
10
1
2
1
0
3
5
12
8
3
38
5
3
0
1
0
2
2
2
5
1
2
0
19
6
12
7
0
9
5
0
4
0
1
7
3
3
3
9
1
15
16
2
1
0
12
0
0
2
5
1
0
2
111
0
5
0
0
0
0
0
0
0
8
12
2
27
2
0
6
4
0
8
9
0
1
0
0
0
1
4
1
7
0
1
3
1
2
0
1
0
2
4
2
0
10
45
5
2
1
9
0
2
1
1
4
0
4
2
0
0
1
21
0
5
1
1
1
2
1
2
1
6
1
2
51
2
3
0
0
197
4
3
1
0
1
0
0
6
0
0
983
1
6
10
1
0
2
46
677
1
2
2
3
0
20
0
4
393
1
2
4
0
254
0
0
0
0
0
0
3
2
0
4
0
0
0
0
1
11
1
1
2
0
1
0
2
4
10
0
1
8
2
0
28
0
3
2
0
1
1
1
0
0
2
14
3
1
1
4
12
5
0
1
0
3
1
5
8
0
1
6
38
0
0
70
1
8
0
0
4
1
0
4
2
0
1
1
0
1
98
2
6
0
11
17
3
3
13
4
3
8
14
30
4
19
1
0
4
1
16
2
0
1
57
2
2
6
17
2
0
1
2
13
10
0
5
0
0
5
4
0
0
4
0
0
7
1
4
6
5
28
0
2
3
0
2
0
22
0
2
0
7
132
0
0
9
0
3
7
2
1
4
2
13
2
3
0
0
6
1
4
3
0
0
2
0
0
1
4
0
25
12
0
15
13
1
0
0
0
0
0
0
6
2
1
1
3
0
0
1
9
0
2
10
4
0
0
3
2
0
2
1
4
5
13
0
1
6
1
2
0
0
0
0
7
0
1
15
1
2
1
0
3
6
0
10
1
0
3
0
6
1
9
2
12
0
10
5
0
1
5
2
2
0
0
1
9
0
0
2
0
2
1
0
1
0
1
2
1
0
1
22
0
1
1
4
2
12
0
1
0
2
40
0
0
0
0
14
0
1
1
0
140
14
0
2
0
25
0
3
1
0
1
0
6
1
35
1
27
0
2
2
0
1
5
0
4
1
0
2
1
1
0
1
8
0
4
5
0
4
4
4
1
0
0
1
1
6
1
47
3
1
1
0
5
0
1
6
2
1
4
7
3
0
2
0
2
0
16
1
9
2
0
56
4
1
1
1
3
117
0
0
0
1
0
4
0
1
0
1
0
0
2
11
5
0
3
9
2
0
0
0
10
0
1
4
10
0
1
0
9
15
19
0
1
0
3
1
2
0
0
1
1
1
0
0
0
9
1
0
3
0
1
1
441
0
16
8
0
0
1
19
0
5
0
0
0
3
0
46
0
0
0
1
10
0
2181
0
0
0
47
5
0
188
18
6
1
0
4
0
7
0
0
13
504
1
3
7
5
9
5
0
0
9
1
1
0
1
0
0
1
0
0
1
3
2
0
0
0
46
0
1
0
4
0
1
0
0
0
1
0
0
3
2
2
1
2
2
4
2
5
113
1
1
1
1
3
0
1
1
3
11
0
0
2
1
1
7
1
0
0
0
3
5
1
73
3
0
327
0
1
0
0
1
24
4
3
3
1
0
4
1
2
1
0
0
9
7
0
2
0
0
0
0
0
0
3
3
1
0
1
1
2
0
14
4
1
1
10
2
9
3
2
0
4
0
0
0
3
1
1
0
0
0
0
0
8
0
8
6
0
1
0
2
0
4
1
1
1
13
1
0
17
0
4
1
0
61
6
0
23
2
1
51
0
12
1
8
1
5
2
0
1
1
10
0
1
2
0
3
0
0
0
73
0
0
7
10
0
2
2
0
5
2
0
0
0
2
0
13
2
4
1
69
0
3
2
3
5
0
6
1
3
7
1
20
5
3
18
1
0
0
15
2
2
0
6
1
1
2
0
1
0
0
2
1
2
1
0
1
1
4
0
9
1
4
244
4
1
8
3
8
0
4
0
2
0
5
0
0
0
1
5
24
0
1
0
11
1
10
3
1
3
3
1
1
0
0
4
0
0
0
9
2
45
1
0
51
119
21
0
5
58
0
2
1
12
0
0
1
0
2
7
3
1
2
0
1
5
67
0
2
1
1
8
2
0
0
0
4
0
0
3
0
1
3
14
0
11
1
1
0
1
9
22
2
0
0
2
1
4
2
7
20
6
3200
0
3
1
1
9
4
1
7
11
0
7
1
20
0
5
10
6
0
1
2
1
0
0
1
6
0
1
1
0
12
113
3
5
1
0
2
12
0
0
20
15
0
1
1
5
58
0
13
1
123
26
0
1
11
0
3
1
4
4
2
1
8
15
0
6
2
38
0
4
6
6
2
0
256
2
0
3
1
1
9
27
1098
0
2
2
3
26
0
1
0
0
0
0
13
31
0
0
7
1
3
1
3
2
0
1
2
26
4
7
0
0
13
23
0
0
1
3
0
58
2
1
1
13
21
0
5
103
0
21
0
2
14
0
1
1
0
2
0
1
1
0
0
1
1
0
0
1
0
16
0
10
2
26
3
0
0
32
1
0
5
0
3
1
0
0
3
8
3
0
0
19
1
1
2
0
0
5
2
3
1
6
0
2
4
8
18
8
0
5
0
0
1
7
2
13
0
1
0
3
6
1
15
0
1
10
0
13
15
5
0
0
1
1
0
1
0
1
23
0
1
0
1
4
15
117
4
0
0
0
2
8
60
1
2
0
0
37
0
0
4
1
5
13
0
0
0
3
0
6
0
0
16
13
13
42
0
0
0
1
3
3
0
6
4
0
5
9
2
1
1
6
0
6
3
1
1
1
0
1
0
206
0
0
2
12
0
2
0
31
118
22
0
1
2
4
0
3
1
4
3
3
2
199
1
2
5
0
0
2
4
1
1
2
1
88
6
5
1
0
0
21
4
81
9
4
0
0
12
4
0
2
0
1
1
0
0
2
6
1
0
3
0
1
0
4
0
0
0
0
0
0
0
0
1
7
8
33
11
0
5
0
6
2
0
1
5
0
97
1
151
1
0
0
25
1
0
1
3
43
0
0
0
1
0
0
0
3
0
2
6
0
0
20
15
5
3
0
0
0
2
3
1
4
0
1
1
0
1
0
0
1
0
5
4
1
0
0
0
1
0
1
6
1
0
5
8
1
0
0
2
1
3
1
5
0
17
1
1
15
1
1
42
45
0
1
2
0
0
0
4
16
3
0
0
3
9
5
0
2
16
5
4
0
2
56
5
0
11
226
0
5
0
1
6
3
5
0
4
2
16
4
9
4
0
0
2
0
1
1
186
7
2
0
32
0
3
7
21
5
0
2
5
10
0
0
10
7
0
8
4
7
4
1
0
8
0
2
6
0
1
0
4
1
9
12
0
3
10
3
0
299
32
1
6
13
4
0
3
0
1
0
3
5
0
1
4
2
0
74
2
2
1
1
2
5
3
3
7
2
0
0
6
4
20
619
2
13
1
0
7
0
2
2
0
1
0
1
0
0
0
0
4
2
0
18
2
1
25
1
1
3
0
1
6
0
2
2
0
0
7
1
5
0
1
0
0
0
0
0
0
13
10
1
0
0
1
2
0
156
2
18
6
1
0
0
5
1
7
1
6
20
2
5
1
4
32
3
151
0
2
0
1
1
38
20
0
0
6
11
2
0
47
8
0
0
5
0
2
2
0
0
0
1
2
3
2
30
0
0
0
0
0
10
0
1
3
6
2
9
1
0
2
9
3
2
0
1
26
0
324
7
0
27
0
3
1
3
0
2
0
0
1
0
0
3
8
1
8
1
4
1
1
0
0
1
1
1
12
0
6
1
2
1
2
1
0
12
0
2
4
3
13
0
22
5
2
7
8
1
1
3
1
0
6
67
1
2
0
4
1
1
1
1
6
0
0
0
8
1
0
4
2
0
0
6
9
10
13
2
0
4
0
3
6
19
1
2
3
34
2
0
0
3
2
1
0
0
1
1
2
4
4
0
0
7
0
0
1
0
17
1
2
12
1
1
9
1
0
1
0
11
0
0
1
0
3
2
14
0
0
2
11
1
1
15
4
5
1
1
8
0
8
19
0
1
0
11
1
1
0
1
3
0
10
1
1
0
1
7
0
9
5
4
0
11
1
3
0
0
0
3
15
0
11
72
1
0
1
1
1
2
4
0
4
1
1
12
3
0
5
0
0
1
2
1
1
1
1
2
0
1
1
0
105
0
0
2
0
0
0
16
0
0
0
0
0
0
2
5
2
0
2
0
4
0
0
1
2
0
0
0
0
1
1
0
1
2
2
5
1
2
20
8
0
1
2
0
2
1
2
14
17
4
0
3
0
7
0
3
1
0
222
0
3
2
1
0
2
12
5
0
3
12
1
19
11
81
4
1
3
33
4
0
0
7
0
1
6
0
0
3
0
0
0
0
1
0
3
2
0
1
1
2
2
2
3
6
0
0
8
1
3
1
1
1
1
2
3
0
16
2
1
2
6
2
0
1
2
1
0
0
18
0
0
13
1
1
25
1
9
7
2
1
0
0
384
1
0
2
0
13
0
2
27
15
3
0
2
1
3
1
3
0
0
0
0
1
3
2
0
1
0
0
2
6
1
0
9
1
32
0
5
0
0
0
1
0
0
0
1
51
0
0
2
0
1
30
3
2
0
1
0
2
0
1
1
0
4
1
0
1
70
0
2
2
2
2
4
0
1
0
12
28
5
3
1
22
0
0
204
1
0
4
2
24
103
0
3
2
1
1
1
0
6
21
8
3
5
4
5
0
1
24
5
0
4
0
2
0
0
6
5
2
1
0
1
3
0
3
2
4
1
1
1
8
1
0
0
0
28
0
28
15
1
0
253
0
0
5
163
0
2
0
3
6
4
1
0
1
3
2
0
19
0
0
14
1
1
1
2
0
0
0
4
3
1
0
2
0
1
0
3
2
6
1
0
1
43
1
2
0
0
1
5
20
3
10
3
0
90
7
0
1
3
0
0
2
5
8
2
4
3
6
6
2
1
1
1
5
0
3
0
17
1
0
0
18
4
0
3
2
0
45
5
28
0
0
0
12
5
2
2
1
0
0
0
26
3
2
5
1
1
11
2
0
1
5
2
0
2
0
0
1
160
0
1
0
2
5
0
2
0
1
0
0
3
1
7
0
21
0
12
2
1
2
0
0
12
1
1
1
2
4
0
2
1
0
0
4
5
13
1
1
0
2
0
0
0
5
0
0
0
0
0
20
0
1
0
67
1
0
4
0
0
0
0
0
1
0
61
1
0
2
2
5
0
5
2
4
0
7
0
0
2
0
0
0
0
0
0
1
7
2
2
0
2
0
0
0
0
0
0
0
1
7
2
1
0
0
0
0
1
5
0
7
2
124
3
2
0
1
1
8
13
1
3
6
1
2
2
3
4
0
0
0
1
17
0
9
0
10
4
0
1
3
1
0
2
3
0
6
0
1
0
3
0
0
0
0
0
14
0
0
0
0
3
4
8
0
0
1
6
0
4
2
2
2
4
23
294
0
11
1
2
4
10
3
4
4
4
107
1
23
0
27
1
2
0
1
2
4
0
20
0
2
4
0
1
1
16
23
0
2
5
2
3
7
0
0
17
3
2
2
0
2
0
0
3
1
1
0
0
2
1
1
9
3
14
10
8
0
0
6
1
0
32
1
4
0
3
1
0
0
2
5
0
0
2
0
1
1
3
0
2
4
17
5
2
6
6
0
5
9
3
0
46
0
9
9
9
0
1
1
0
15
0
9
16
2
0
1
7
2
0
8
2
2
0
4
4
0
38
9
0
0
11
1
0
3
20
1
2
0
18
14
0
19
1
4
1
0
0
0
1
3
0
0
6
413
2
3
1
1
2
7
0
1
0
4
0
4
0
0
0
0
0
1
0
0
77
2
0
4
0
7
1
0
3
0
22
0
0
3
0
0
1
3
1
0
11
3
1
7
1
46
0
1
0
4
1
0
0
1
15
1
10
0
5
5
1
4
0
0
1
5
15
0
1
0
1
9
0
2
53
7
2
0
0
1
18
0
11
18
2
6
1
2
0
0
0
4
1
5344
0
2
41
1
2
1
11
0
0
0
1
0
0
4
0
3
0
0
129
1
4
0
2
1
1
2
13
3
3
0
1
2
0
6
2
0
1
3
1
1
4
190
1
2
0
1
1
2
4
4
2
2
1
0
11
3
16
1
5
0
0
9
270
1
64
2
1
0
5
1
2
0
0
13
1
1
1
2
6
1
3
3
0
0
26
41
4
2
2
0
2
14
11
1
2
0
2
3
1
3
7
0
1
38
8
1
10
1
1
0
0
0
1
1
13
0
2
11
1
2
19
4
3
12
2
1
0
5
0
1
296
6
1
8
7
0
14
108
1
1
17
1
0
7
0
0
2
1
2
2
1
0
1
1
4
0
0
1
0
2
0
3
0
8
13
20
0
1
1
0
1
0
1
1
0
3
1
0
2
26
2
0
0
2
1
0
0
4
5
13
0
1
2
1
6
6
1
1
2
0
0
15
0
2
3
10
5
0
1
4
8
1
22
10
0
0
2
0
9
0
2
0
1
1
1
1
2
0
0
3
1
35
18
0
1
1
3
0
2
0
0
0
1
1
14
0
3
1
60
1
2
1
6
2
4
0
0
13
6
0
2
0
0
10
0
0
2
