24
63
29
33
65
33
41
25
40
45
34
45
21
33
80
35
27
29
24
39
44
58
37
43
47
39
36
44
50
53
35
57
134
677
41
103
36
34
57
73
48
60
65
39
292
33
127
38
83
40
54
36
57
57
47
46
121
38
43
44
34
36
52
96
94
25
42
47
56
31
99
41
22
91
61
62
53
33
40
29
36
44
34
41
33
31
34
28
45
44
54
126
54
93
46
29
65
43
40
100
70
60
27
32
45
30
54
35
48
42
47
109
86
53
138
57
61
72
90
58
53
60
33
61
27
81
31
54
33
39
73
96
131
92
41
44
35
36
34
71
55
71
62
39
56
99
50
30
43
55
32
31
82
36
193
40
35
189
52
28
51
51
49
53
39
57
78
38
51
29
58
59
28
47
27
33
37
47
64
45
51
51
30
33
98
26
56
39
85
50
36
43
64
51
27
27
49
46
49
2013
35
44
60
22
29
38
49
37
58
33
72
55
37
58
49
53
37
31
44
30
55
70
55
131
45
34
119
46
41
59
44
56
62
25
38
62
42
46
40
48
22
62
35
37
55
94
55
33
38
36
35
22
112
36
38
70
32
52
170
19
47
44
43
42
20
42
39
42
27
45
121
44
30
33
51
42
46
57
29
44
55
36
69
32
37
61
58
31
130
40
235
37
20
37
28
42
33
36
38
51
54
34
27
45
26
42
50
41
45
27
40
69
24
36
53
55
30
33
32
22
25
60
32
48
26
23
89
115
50
89
51
26
45
55
46
51
54
36
34
84
36
51
36
72
22
24
23
34
55
51
49
100
39
47
133
37
40
20
82
38
23
268
37
26
126
103
51
33
61
43
46
67
31
32
42
38
64
35
34
39
27
55
30
62
37
41
58
59
40
116
54
37
44
41
20
32
44
52
46
56
38
91
34
41
58
28
25
32
33
23
93
45
22
32
57
35
33
175
39
37
32
51
28
76
39
57
18
40
274
30
40
21
35
64
35
120
64
51
38
140
57
66
26
75
39
40
54
168
64
44
35
67
37
77
81
32
49
29
285
36
43
61
51
20
173
52
46
31
37
39
133
35
208
36
50
30
75
29
49
18
635
34
450
29
60
44
27
32
42
57
52
62
38
45
43
41
48
37
87
33
24
63
29
33
65
33
41
25
40
45
34
45
21
33
80
35
27
29
24
39
44
58
37
43
47
39
36
44
50
53
35
57
134
677
41
103
36
34
57
73
48
60
65
39
292
33
127
38
83
40
54
36
57
57
47
46
121
38
43
44
34
36
52
96
94
25
42
47
56
31
99
41
22
91
61
62
53
33
40
29
36
44
34
41
33
31
34
28
45
44
54
126
54
93
46
29
65
43
40
100
70
60
27
32
45
30
54
35
48
42
47
109
86
53
138
57
61
72
90
58
53
60
33
61
27
81
31
54
33
39
73
96
131
92
41
44
35
36
34
71
55
71
62
39
56
99
50
30
43
55
32
31
82
36
193
40
35
189
52
28
51
51
49
53
39
57
78
38
51
29
58
59
28
47
27
33
37
47
64
45
51
51
30
33
98
26
56
39
85
50
36
43
64
51
27
27
49
46
49
2013
35
44
60
22
29
38
49
37
58
33
72
55
37
58
49
53
37
31
44
30
55
70
55
131
45
34
119
46
41
59
44
56
62
25
38
62
42
46
40
48
22
62
35
37
55
94
55
33
38
36
35
22
112
36
38
70
32
52
170
19
47
44
43
42
20
42
39
42
27
45
121
44
30
33
51
42
46
57
29
44
55
36
69
32
37
61
58
31
130
40
235
37
20
37
28
42
33
36
38
51
54
34
27
45
26
42
50
41
45
27
40
69
24
36
53
55
30
33
32
22
25
60
32
48
26
23
89
115
50
89
51
26
45
55
46
51
54
36
34
84
36
51
36
72
22
24
23
34
55
51
49
100
39
47
133
37
40
20
82
38
23
268
37
26
126
103
51
33
61
43
46
67
31
32
42
38
64
35
34
39
27
55
30
62
37
41
58
59
40
116
54
37
44
41
20
32
44
52
46
56
38
91
34
41
58
28
25
32
33
23
93
45
22
32
57
35
33
175
39
37
32
51
28
76
39
57
18
40
274
30
40
21
35
64
35
120
64
51
38
140
57
66
26
75
39
40
54
168
64
44
35
67
37
77
81
32
49
29
285
36
43
61
51
20
173
52
46
31
37
39
133
35
208
36
50
30
75
29
49
18
635
34
450
29
60
44
27
32
42
57
52
62
38
45
43
41
48
37
87
33
26
54
30
29
137
47
48
55
111
42
47
49
132
56
42
35
22
33
46
20
95
45
34
123
45
79
177
175
48
34
52
63
29
54
38
59
33
44
27
50
38
52
30
33
61
72
97
63
56
41
36
58
22
46
29
25
54
42
40
43
31
37
36
50
42
24
89
35
60
87
46
43
30
27
50
86
41
61
41
51
49
38
45
34
35
56
108
31
60
80
24
93
40
43
20
41
40
44
38
66
40
52
47
41
27
56
52
46
164
30
57
19
39
31
32
28
62
37
37
42
390
47
58
46
53
23
26
87
43
44
46
50
26
29
30
32
32
210
57
45
33
30
64
26
53
29
53
32
32
17
56
40
46
39
54
46
41
51
71
29
47
32
62
69
29
46
31
96
34
39
40
46
210
53
31
32
39
47
82
66
35
56
49
53
41
52
43
36
57
289
38
31
59
40
37
32
35
100
47
36
47
50
59
118
30
25
22
55
42
85
38
36
68
26
66
44
34
60
40
72
40
40
59
56
50
30
35
70
13
47
45
35
60
79
50
20
37
109
117
26
45
25
34
38
63
62
44
43
52
37
39
29
34
47
29
212
34
29
26
46
87
41
50
37
68
36
51
62
26
39
47
47
27
36
44
40
36
53
51
65
53
49
153
38
224
37
25
39
82
77
49
22
34
33
28
53
53
31
62
86
62
33
67
44
64
110
82
18
25
43
41
34
124
57
81
49
81
33
275
325
52
56
51
51
56
27
25
24
31
34
32
44
57
73
34
30
95
20
40
31
23
28
26
77
78
62
37
491
130
20
80
33
32
15
123
45
41
72
89
33
27
37
54
33
40
33
37
43
33
47
137
40
59
36
43
39
68
51
49
44
41
25
29
47
31
48
21
56
45
53
192
44
56
61
31
31
40
48
54
47
41
28
47
105
30
47
45
68
58
23
40
49
20
62
31
26
28
45
32
43
79
42
17
37
30
70
106
49
22
49
39
38
437
32
26
37
41
22
46
60
28
86
108
79
66
93
56
43
32
52
68
38
28
38
39
33
35
30
59
32
33
47
45
34
41
29
81
33
31
24
49
171
50
38
34
55
130
50
31
78
38
49
97
230
24
64
30
42
29
33
30
158
43
30
78
49
34
43
60
37
62
38
24
86
32
44
66
78
40
66
56
44
41
29
36
25
55
29
36
44
39
88
37
40
33
37
50
41
32
48
31
48
22
164
66
59
45
48
44
50
45
50
40
30
38
35
94
41
28
81
45
97
26
26
58
47
95
50
38
55
51
32
34
38
42
94
32
74
54
72
51
209
30
11004
47
48
24
27
34
43
160
27
40
40
37
36
30
43
52
36
35
63
38
60
45
63
67
22
33
34
42
41
42
24
55
44
39
36
27
73
37
45
39
32
58
301
1167
43
39
54
53
93
70
61
38
42
39
41
60
34
53
90
55
48
28
36
76
53
207
33
41
54
36
20
28
44
38
39
72
35
42
75
40
47
41
37
73
33
47
37
34
54
201
63
41
31
50
34
45
38
48
35
23
38
47
30
46
63
36
36
55
44
43
37
89
55
44
43
68
55
44
25
30
51
51
33
31
47
248
35
37
137
63
51
46
79
32
41
18
20
48
49
155
169
43
50
27
32
75
45
47
109
53
40
40
25
34
28
29
31
162
56
58
54
30
21
40
44
24
54
39
44
30
32
38
37
17
47
71
36
40
28
44
213
32
26
41
44
38
32
41
42
33
57
92
29
38
125
76
34
24
32
1175
44
60
32
44
31
24
33
47
43
46
37
110
48
66
29
24
161
63
40
199
37
34
40
123
73
33
42
59
39
35
30
28
41
23
62
34
32
28
51
43
30
62
29
77
47
13
42
65
51
44
82
35
35
71
52
42
50
50
22
33
44
46
93
52
30
81
56
84
48
51
31
38
89
41
56
30
50
50
17
17
21
33
60
59
42
30
38
35
38
51
36
41
43
36
66
28
46
36
50
49
37
31
42
41
37
48
66
16
36
50
31
36
39
47
31
44
20
49
51
32
28
64
66
47
56
34
81
81
99
38
40
24
29
34
32
47
50
17
52
49
1399
72
87
41
53
25
48
27
41
38
28
49
40
34
50
135
40
60
42
54
35
36
400
34
47
27
65
78
29
37
35
82
24
29
32
40
43
88
48
79
42
39
62
29
46
67
31
36
31
19
39
58
20
29
48
57
39
45
59
37
32
32
40
56
37
45
41
39
26
21
31
52
46
51
36
53
31
38
29
115
42
47
26
36
43
33
32
26
35
44
31
199
50
35
61
65
26
50
39
59
50
169
117
33
39
46
44
54
110
25
76
92
41
28
119
38
58
74
55
32
46
45
33
34
45
223
62
33
31
35
34
70
44
33
38
85
61
51
41
52
34
49
71
35
36
49
42
78
52
26
32
38
55
32
38
74
38
42
27
40
28
60
39
36
22
27
35
45
25
25
42
21
54
61
46
55
61
60
30
50
59
58
63
55
38
30
25
32
57
57
40
41
23
33
35
31
73
63
47
32
28
23
146
52
29
45
40
94
31
50
117
44
76
42
29
109
28
22
43
45
78
32
25
44
37
36
46
244
48
1366
50
54
37
45
56
47
59
55
25
34
38
32
35
37
47
35
40
35
27
21
63
91
103
58
72
32
29
26
47
38
58
33
59
39
83
28
40
38
65
120
58
38
30
51
135
36
29
42
32
34
32
31
30
45
25
58
23
45
28
26
31
35
32
26
44
43
31
57
35
27
32
31
28
20
57
26
59
48
41
46
57
33
30
43
26
72
46
52
80
48
34
60
27
42
50
32
31
37
35
58
27
33
29
25
51
48
43
53
41
201
53
35
68
28
42
47
31
46
47
43
61
46
29
36
32
30
104
140
44
32
51
44
24
54
70
43
70
32
27
57
41
36
47
27
44
73
34
23
41
31
68
27
42
62
45
37
43
26
45
47
399
94
45
29
652
25
49
37
48
55
33
64
27
144
83
37
88
20
32
19
28
47
28
43
26
151
32
32
40
36
69
56
37
52
30
33
96
32
64
32
37
47
41
24
53
54
62
37
25
200
23
34
39
29
57
54
32
56
59
37
37
46
152
68
35
35
52
32
90
37
29
31
21
32
41
177
28
108
39
38
142
25
48
43
54
30
28
43
60
29
27
43
20
32
36
92
28
53
39
173
21
37
33
52
48
88
15
48
90
31
56
116
50
34
71
52
125
38
70
237
94
81
31
50
36
53
33
92
69
50
51
31
41
34
26
48
51
43
32
45
47
49
32
81
47
63
31
52
30
53
28
33
29
44
28
45
48
38
31
18
53
36
47
31
36
29
43
52
30
32
34
40
38
37
42
48
24
113
37
34
46
36
43
26
54
49
30
52
20
33
367
26
32
34
67
51
37
135
44
32
45
58
38
49
54
38
60
73
48
62
34
37
24
58
35
30
30
26
33
35
43
45
54
40
33
52
48
40
33
67
73
37
83
28
39
38
46
94
39
38
44
34
33
45
36
35
39
58
42
40
31
111
41
37
24
28
296
74
106
32
61
42
45
28
26
40
29
55
43
29
33
57
58
59
36
71
55
49
29
42
34
73
43
24
42
48
41
42
111
46
38
55
26
42
64
163
105
40
26
53
39
45
59
32
48
177
82
24
42
39
31
40
27
54
58
59
42
55
33
33
39
25
33
106
49
30
30
46
74
41
72
46
31
20
55
28
41
54
45
45
54
75
28
74
23
26
34
44
36
66
32
121
30
50
101
39
44
29
44
31
98
45
37
52
49
42
41
42
29
39
40
142
21
37
65
38
28
46
51
44
55
35
36
24
69
38
47
37
38
36
68
31
56
136
28
34
59
23
30
47
45
35
40
36
266
48
30
57
39
56
93
58
29
54
37
220
31
203
54
37
31
53
40
40
44
53
60
32
78
62
64
42
28
383
44
74
26
31
113
50
49
42
55
27
26
38
40
31
31
41
36
42
29
30
2037
17
36
40
34
119
41
62
25
31
34
25
22
33
30
42
39
41
41
35
133
48
37
45
42
38
48
42
2697
99
297
46
85
62
186
25
29
38
28
97
26
42
35
38
55
67
51
104
57
54
31
65
25
32
48
45
38
50
33
47
35
35
41
36
44
89
56
72
37
53
142
22
32
38
53
50
50
281
43
26
34
34
29
44
34
34
41
60
44
36
37
19
32
57
179
83
23
40
33
29
86
30
22
53
29
78
35
98
39
48
37
27
41
40
38
33
25
46
23
55
41
43
26
32
42
56
40
35
104
51
35
44
46
87
41
54
17
46
82
48
39
83
68
56
21
55
39
48
52
58
27
36
57
25
413
19
24
47
38
54
32
23
482
63
41
35
38
48
50
34
36
31
35
31
27
37
75
23
28
59
61
34
34
36
40
46
25
35
40
54
57
190
64
44
55
82
64
103
37
75
22
96
44
63
39
25
44
147
33
27
31
36
35
33
36
43
58
49
52
72
40
535
71
63
25
39
55
34
83
43
29
39
32
36
59
314
31
52
31
22
31
56
46
71
55
64
45
41
165
37
146
36
36
49
36
57
65
50
33
45
46
38
48
36
26
37
34
29
25
77
39
45
52
233
46
90
66
114
56
36
167
47
33
71
1485
81
88
52
26
34
51
69
40
27
30
37
44
37
38
86
36
80
70
43
31
53
48
38
35
39
32
38
43
127
50
61
23
30
110
43
64
106
29
115
141
55
46
56
107
35
47
57
63
52
22
33
44
57
31
114
15
26
36
49
60
213
51
148
59
106
17
18
53
42
36
25
43
152
179
33
55
29
24
60
19
29
63
31
77
125
25
33
59
103
44
22
24
70
98
75
33
37
26
33
30
47
1905
27
725
38
53
79
50
43
58
99
57
55
58
43
62
42
47
352
97
40
28
52
46
68
33
24
51
37
30
36
84
48
51
35
62
40
44
27
53
31
33
47
50
43
74
102
110
27
50
28
25
23
46
43
45
46
21
50
52
38
48
67
65
43
52
69
34
50
58
49
46
202
154
52
49
27
44
58
24
45
73
21
41
50
44
56
50
44
50
59
46
28
59
34
33
98
33
19
40
40
43
39
34
37
41
31
50
43
25
42
43
41
26
38
40
39
77
32
35
66
35
54
62
38
59
32
16
46
41
49
47
30
37
59
67
75
48
63
122
47
62
35
38
65
36
25
64
34
36
37
54
53
20
51
37
54
38
48
84
43
76
69
23
25
63
48
39
32
38
18
44
32
50
44
35
92
58
27
100
38
65
84
25
52
35
35
58
84
51
68
54
26
37
52
61
67
32
112
34
35
84
37
198
86
105
104
24
27
80
80
32
52
95
40
37
76
28
35
42
44
25
38
35
44
109
32
34
103
27
54
56
47
91
42
38
39
35
36
37
39
24
62
33
36
72
39
45
30
48
49
70
31
64
23
34
43
57
31
144
40
36
44
31
48
62
54
29
37
106
85
45
63
46
32
35
47
63
43
29
66
46
38
74
29
37
23
36
35
22
39
52
38
52
61
50
28
54
66
35
76
21
117
49
43
94
30
52
53
41
25
47
32
53
38
140
29
60
174
35
61
38
48
99
51
56
39
44
37
83
49
40
49
38
46
46
95
66
30
102
42
89
42
46
38
29
320
44
38
27
35
24
117
24
31
24
31
34
28
46
67
54
45
61
31
53
31
121
88
33
44
26
30
47
88
44
59
28
25
62
44
14
551
23
152
31
20
53
81
35
36
24
131
35
36
42
38
19
45
42
34
23
52
58
41
37
1317
36
98
76
52
37
64
177
23
53
28
51
54
21
35
41
22
25
54
58
18
78
33
60
52
47
83
34
37
21
119
33
38
41
30
46
31
37
46
31
17
46
27
45
28
19
51
58
29
52
97
40
85
31
32
42
40
36
47
47
27
308
43
45
26
47
48
60
26
40
37
55
26
29
21
65
39
35
42
31
52
44
40
33
58
42
24
60
41
64
48
32
46
32
61
34
44
35
29
108
38
47
48
54
46
32
31
59
59
35
55
132
31
48
114
41
37
54
39
69
53
157
90
35
30
38
33
93
51
51
42
76
42
124
58
38
150
63
50
33
38
59
66
50
37
31
49
41
19
35
37
34
49
25
51
27
33
51
178
41
47
89
51
62
45
40
205
28
38
51
27
31
30
32
20
47
60
43
47
41
42
85
50
49
102
54
24
94
66
73
60
35
77
31
33
33
26
42
87
51
28
32
27
27
43
43
227
34
31
81
46
46
58
45
55
39
52
36
37
42
29
31
71
35
83
36
480
47
87
87
28
37
121
124
21
59
166
269
57
39
91
32
65
41
51
45
24
36
46
37
24
79
30
49
50
79
121
38
47
56
31
33
42
34
101
50
43
292
51
44
33
31
50
104
38
26
71
50
28
45
59
16
26
22
22
70
47
37
168
57
29
44
30
44
36
182
66
27
46
38
25
35
73
36
49
78
68
36
31
65
21
26
28
58
74
56
36
17
17
28
37
19
73
50
53
36
55
45
40
59
80
41
32
36
46
60
53
34
51
21
109
33
45
38
46
40
46
63
40
30
90
47
45
55
39
72
39
40
152
60
54
49
37
31
38
95
88
34
42
26
36
34
42
44
23
55
39
108
34
541
35
34
47
35
40
40
41
29
32
33
46
101
45
80
35
46
55
34
25
92
55
29
33
29
66
36
121
44
20
29
40
38
72
43
110
82
37
32
31
67
26
45
44
61
58
35
24
32
37
137
24
84
79
41
113
41
124
61
40
30
41
25
50
240
51
52
29
43
41
125
55
52
44
41
46
76
54
36
30
36
46
148
71
82
54
34
34
45
46
29
69
32
39
40
113
41
41
46
23
51
25
446
32
22
36
52
30
33
26
29
59
42
36
245
34
143
69
59
61
81
27
47
42
31
62
45
50
90
21
47
55
21
36
36
36
36
64
81
58
41
45
30
82
109
69
49
26
24
48
33
34
43
35
39
27
40
49
99
22
48
43
28
29
58
54
86
41
97
33
30
62
31
23
36
35
105
62
51
1738
26
40
35
52
53
33
34
29
50
49
21
47
29
124
47
39
27
101
26
38
42
24
64
40
52
90
64
42
43
72
36
53
34
39
25
62
42
17
42
39
34
42
48
87
23
138
42
55
42
140
31
33
70
82
34
81
49
53
48
31
28
29
38
39
33
50
54
31
44
59
79
32
41
32
20
37
43
61
27
27
83
68
47
37
23
69
60
44
41
28
260
115
40
81
49
82
60
57
49
30
51
44
47
31
57
46
47
39
38
52
36
145
37
44
42
30
64
33
41
46
33
41
67
33
69
54
58
38
25
36
37
42
97
39
25
52
36
38
38
38
20
98
44
290
35
80
29
36
69
77
139
77
39
47
30
36
44
43
60
32
113
23
28
74
85
22
76
50
41
46
41
163
23
35
29
65
35
123
54
49
43
32
22
23
62
26
52
45
30
58
21
33
42
74
47
53
77
27
36
43
42
32
36
77
120
35
31
38
57
19
54
72
74
52
92
94
33
218
33
32
67
35
48
150
48
37
1293
38
70
46
38
31
157
42
35
12
62
18
64
48
48
33
79
32
27
68
52
66
63
37
30
37
35
36
63
31
24
39
93
45
42
29
34
45
46
47
22
46
56
42
75
73
89
32
53
99
44
42
62
47
58
28
34
36
48
36
47
29
34
49
28
26
49
22
41
28
46
59
21
62
78
42
35
49
53
49
48
26
42
31
37
39
20
34
27
361
41
78
362
54
53
52
23
63
25
38
102
151
26
46
29
29
63
118
51
218
58
42
18
119
44
60
81
41
34
36
139
23
36
51
46
45
99
83
34
46
28
45
70
38
68
54
62
36
35
34
61
32
34
37
55
405
95
46
23
31
27
59
35
77
50
47
34
73
47
37
47
39
38
51
23
45
65
94
40
32
54
51
33
51
65
88
37
31
41
24
46
47
56
45
38
48
68
30
44
37
55
38
66
40
29
63
67
41
70
35
76
61
18
46
21
24
34
47
35
33
37
48
47
37
100
57
38
59
73
67
25
41
44
47
41
35
62
39
33
41
41
49
61
83
26
30
35
58
57
47
32
32
59
50
62
54
33
41
45
58
29
29
46
99
104
52
45
308
40
95
60
31
38
35
53
80
28
37
29
61
143
47
34
29
34
78
25
37
20
36
51
60
111
43
46
40
24
40
29
42
83
50
78
17
27
54
39
72
201
76
31
53
38
95
44
87
44
73
39
39
23
185
49
39
56
52
18
64
43
106
43
40
31
40
28
106
34
48
27
41
53
38
32
34
16
47
134
30
33
71
43
25
41
109
43
45
37
38
74
60
35
57
40
48
59
37
56
57
33
64
19
40
49
50
44
49
40
38
44
35
32
39
33
36
28
32
52
34
66
68
33
60
54
31
302
27
66
27
51
41
43
34
34
22
30
53
33
70
55
37
42
21
40
50
48
30
126
51
25
43
82
51
53
74
40
42
41
34
46
61
52
47
34
71
29
67
37
73
34
42
40
24
32
70
64
70
24
75
65
25
36
20
30
92
84
45
53
74
43
62
101
53
47
110
42
29
54
35
34
50
673
24
49
67
30
52
376
119
38
40
45
158
110
39
189
76
36
21
32
72
55
47
67
30
44
44
58
56
33
38
46
41
41
50
43
55
49
38
58
34
31
54
35
33
50
52
21
36
35
46
95
20
35
38
40
55
42
26
24
38
51
30
27
39
36
48
53
65
33
538
28
30
42
55
42
206
21
30
39
30
32
68
37
24
39
23
39
399
44
57
186
47
34
43
39
29
69
43
68
54
86
35
49
111
37
61
64
117
40
89
21
39
43
46
34
47
37
61
55
41
57
41
47
39
21
44
32
59
43
32
22
32
41
93
62
71
48
56
29
226
37
48
33
51
47
50
43
43
34
40
47
45
71
46
40
49
36
31
24
52
81
26
57
30
50
39
24
36
38
53
45
30
44
66
37
27
64
40
87
57
31
62
52
37
52
54
167
27
61
53
92
63
43
73
23
57
77
41
217
52
62
34
41
35
51
39
63
60
34
54
1375
38
36
78
50
38
28
26
51
37
16
42
24
43
53
48
28
22
91
37
52
57
27
48
63
363
22
50
58
47
28
53
128
45
33
35
51
45
52
39
45
42
35
60
44
37
211
43
34
34
48
56
49
223
41
20
28
72
30
49
39
32
37
57
46
199
37
82
13
45
32
144
53
19
54
34
36
39
24
55
38
37
30
49
32
49
63
42
39
25
33
41
18
76
48
75
31
47
51
70
78
36
24
580
24
63
49
38
45
50
65
37
31
43
42
38
34
46
36
43
36
39
91
43
52
96
40
27
47
33
45
59
55
142
83
57
85
38
29
64
51
69
48
32
60
46
98
52
33
47
43
42
60
29
32
74
23
29
47
228
54
53
30
34
74
39
40
102
98
35
34
57
89
31
49
53
46
26
59
54
18
46
37
45
63
27
53
79
78
32
48
90
22
49
27
46
35
49
49
45
31
31
58
94
64
42
35
27
141
51
38
54
24
19
101
34
35
57
39
36
37
165
42
54
50
43
118
31
168
37
35
62
31
50
58
93
40
31
34
30
20
39
30
55
53
43
28
29
32
113
89
31
49
71
33
46
31
36
37
71
31
59
59
41
68
46
89
107
46
53
51
32
53
49
56
72
60
36
73
36
29
29
23
61
33
39
45
35
31
33
46
35
44
18
31
68
38
37
44
69
34
41
74
52
34
206
32
2115
27
34
21
32
65
73
34
42
42
114
38
29
81
69
48
33
46
42
58
64
35
37
98
28
288
24
49
33
36
49
30
288
43
48
53
41
36
36
62
38
57
26
25
51
31
44
62
31
43
61
50
24
37
56
43
35
63
56
37
59
35
33
63
52
32
57
48
45
41
27
32
56
45
28
21
56
51
56
142
53
89
51
41
45
35
73
62
58
50
224
42
44
229
47
44
38
38
250
43
36
34
36
36
31
31
36
31
33
58
59
38
78
43
41
29
74
76
139
34
52
33
38
40
77
28
38
47
45
64
55
30
38
31
36
56
40
45
50
305
27
28
27
48
41
28
107
55
123
169
43
83
26
21
56
102
49
24
106
30
28
47
29
149
33
30
44
26
43
27
42
74
33
25
51
45
40
37
41
45
33
32
33
47
64
35
46
62
40
61
112
39
60
20
59
31
56
45
74
69
41
20
33
36
50
48
127
60
26
32
56
46
65
28
29
33
42
77
32
48
48
28
26
37
44
44
45
209
75
33
26
183
18
49
56
76
61
23
44
58
31
29
49
46
46
51
45
22
31
51
55
63
47
41
43
67
56
36
47
40
28
22
33
18
87
32
62
43
45
49
1189
18
40
37
47
41
39
37
47
36
36
60
26
22
154
43
47
37
34
48
44
42
58
55
16
53
49
129
46
42
56
29
31
50
29
45
37
43
54
43
64
48
31
37
41
73
68
41
22
24
31
80
57
55
48
27
38
49
57
374
23
35
3772
72
53
46
54
43
85
60
31
37
34
41
123
44
45
70
38
35
27
51
39
23
50
33
76
49
55
53
117
32
26
592
21
37
55
24
209
49
22
38
45
29
38
58
262
33
103
31
369
51
100
44
56
45
29
24
155
32
42
49
39
39
88
57
46
56
41
60
34
33
38
32
41
89
36
36
38
36
32
58
61
44
46
41
44
18
1688
43
120
28
41
62
39
94
27
38
33
54
43
37
49
27
49
36
57
50
49
25
20
42
20
61
25
39
55
19
34
36
40
57
30
46
174
184
63
39
43
34
23
42
27
32
86
38
36
34
62
53
108
39
36
31
36
39
24
34
56
36
33
26
39
38
29
115
59
60
39
54
36
59
68
443
34
32
27
45
39
82
44
37
44
50
37
52
39
27
26
35
31
45
96
45
113
29
28
83
59
237
27
40
67
24
34
19
53
50
71
62
30
29
30
55
42
757
63
74
453
30
35
111
45
36
43
38
42
67
49
53
51
26
97
74
54
55
31
85
27
23
27
55
25
32
116
42
60
66
36
35
40
33
43
60
52
65
50
166
72
39
27
34
56
41
33
37
50
33
35
43
86
68
81
57
38
72
69
24
47
39
56
62
52
34
57
62
54
92
77
39
42
29
107
36
26
59
53
39
36
44
249
52
59
27
23
29
18
38
31
37
50
87
41
130
52
37
63
59
28
99
70
35
27
32
32
23
28
56
30
71
15
47
38
48
50
36
46
31
59
46
53
34
57
219
57
34
49
105
39
45
48
33
72
29
50
55
32
46
47
103
27
35
35
42
27
48
48
75
22
51
36
36
173
41
63
31
22
433
97
67
46
41
48
40
40
46
40
34
1779
24
71
64
48
52
41
139
1799
25
43
43
39
32
91
56
52
832
43
66
71
23
515
32
28
35
60
37
31
54
37
38
47
33
21
53
34
44
77
38
42
31
41
47
31
48
72
78
42
61
54
50
24
119
26
47
34
16
45
49
34
41
29
30
68
67
46
47
47
76
44
26
38
22
30
41
27
55
23
37
38
139
28
33
365
40
77
24
37
62
51
39
36
56
27
40
39
32
53
293
50
60
32
82
96
49
47
85
42
22
54
79
127
33
62
34
34
61
43
106
26
27
30
154
38
39
47
96
63
47
34
48
69
94
37
46
38
26
97
51
64
26
45
32
25
47
51
54
46
59
138
37
64
40
36
60
39
89
27
59
32
76
442
29
52
56
36
32
77
35
40
26
38
61
36
44
38
42
65
21
58
41
47
27
42
61
31
48
62
27
119
81
24
70
73
30
40
19
23
42
31
28
55
40
25
55
50
26
42
38
91
34
33
68
60
41
23
31
35
35
51
56
54
42
73
38
27
52
34
42
36
23
23
22
54
38
42
83
34
57
46
24
36
42
30
85
30
34
55
37
48
45
69
59
71
28
66
68
35
42
96
73
48
28
67
41
63
35
22
34
39
40
40
36
41
23
42
42
45
26
39
119
32
48
37
50
47
80
28
68
36
42
188
45
27
23
31
116
33
23
39
43
349
97
30
35
32
101
22
53
45
29
35
34
74
45
127
52
114
22
35
37
38
48
48
26
48
29
32
42
29
40
34
42
70
33
40
43
35
54
49
38
52
16
25
40
35
67
57
189
46
37
44
43
56
28
38
60
43
48
60
77
46
61
40
37
41
32
70
37
57
44
33
218
45
34
39
42
36
250
29
36
42
31
36
35
45
42
35
36
41
33
34
64
65
22
42
39
49
17
43
43
104
28
31
49
51
23
26
43
74
78
90
35
42
14
37
27
29
48
29
51
41
50
33
27
36
102
27
29
41
39
65
55
1165
29
79
66
32
33
64
98
29
84
32
23
31
46
39
216
24
25
33
53
73
40
4083
38
23
50
165
53
33
430
60
56
29
21
54
21
40
57
41
75
951
48
44
57
45
69
50
31
35
56
25
52
35
63
57
38
32
32
40
31
44
40
39
50
35
161
44
34
52
75
24
46
43
26
42
23
40
43
49
35
53
38
27
26
61
31
52
286
36
46
32
53
38
28
50
48
56
85
23
34
30
57
31
46
55
25
34
30
47
68
49
232
48
34
647
26
27
35
43
47
98
33
72
46
31
37
54
36
39
28
33
16
45
81
29
50
41
36
37
32
23
38
47
68
30
28
37
41
53
34
81
57
30
44
66
55
71
64
38
33
39
30
28
31
45
39
44
24
30
34
47
34
67
41
87
63
28
34
41
60
30
79
43
59
31
80
31
39
73
19
46
28
26
233
61
40
145
35
32
161
36
60
32
62
39
67
30
20
35
47
85
38
32
32
17
45
39
32
32
241
44
22
48
88
31
26
32
34
32
41
43
25
24
30
37
103
29
53
38
171
30
61
48
48
35
46
66
43
49
89
45
125
47
34
48
36
24
40
73
36
48
17
68
34
31
45
27
33
37
44
37
34
35
36
56
34
43
54
57
92
28
60
617
42
41
74
55
65
36
49
24
50
29
59
27
35
33
38
49
99
34
54
36
79
45
70
50
36
38
68
39
46
33
11
62
24
43
33
71
30
151
39
19
139
260
121
34
88
181
25
49
39
75
35
33
34
36
45
67
48
53
42
35
39
73
289
28
50
42
35
61
51
29
34
31
54
32
39
50
37
43
32
97
31
80
82
46
28
33
103
95
36
50
50
58
31
73
39
85
67
64
5558
30
63
28
30
77
47
21
57
72
33
69
44
95
35
68
50
68
24
57
34
39
43
34
51
66
41
42
35
21
92
341
47
53
39
35
38
82
45
45
79
79
32
36
46
40
180
37
84
34
267
137
23
37
79
24
54
30
39
73
55
44
85
100
39
58
45
178
60
72
53
72
65
29
530
36
12
56
37
38
57
124
1858
33
37
39
41
121
33
45
29
56
32
36
72
135
20
38
41
33
38
35
53
24
20
42
38
111
50
66
33
28
97
112
35
41
27
40
23
162
43
43
30
47
95
30
66
306
40
137
40
49
71
24
34
32
12
36
40
54
30
20
38
50
67
24
26
47
36
84
29
54
69
115
48
36
25
84
34
40
47
36
49
24
38
29
44
51
66
39
18
101
36
44
40
43
23
39
62
44
44
60
26
60
65
53
62
55
30
55
46
43
41
75
34
75
37
44
22
46
63
46
91
34
45
77
30
93
75
56
32
29
36
45
22
46
31
70
97
39
43
27
32
83
62
351
37
30
31
28
51
78
235
63
31
37
25
121
23
22
62
43
39
119
27
39
57
66
26
78
33
46
100
82
65
171
33
16
36
51
41
39
22
74
30
49
56
57
48
35
48
45
47
54
52
42
38
47
32
37
24
545
44
26
64
83
31
37
31
105
307
153
43
56
35
70
47
54
39
69
53
49
44
464
68
42
73
36
22
67
37
29
26
42
49
322
67
64
36
33
39
130
40
170
57
76
36
35
99
42
31
31
36
35
34
47
38
69
57
29
34
48
43
39
24
29
38
40
29
32
43
21
39
33
41
94
53
157
104
28
42
22
46
36
42
41
43
24
295
38
388
37
33
56
110
42
36
42
51
169
35
31
41
32
62
46
35
52
29
49
53
33
50
80
54
55
41
32
41
43
33
42
21
53
36
44
46
39
38
29
38
35
37
50
45
34
34
30
33
44
17
50
51
28
35
57
56
49
31
31
57
30
40
30
47
19
77
39
51
74
26
31
120
184
27
42
43
21
55
36
59
91
53
37
44
47
57
53
31
21
111
57
27
52
44
151
56
22
65
610
39
96
28
48
58
46
48
21
39
48
87
56
77
59
32
29
54
27
31
35
494
63
26
37
171
25
36
71
96
37
25
47
58
103
40
33
63
83
25
56
34
57
35
39
39
39
72
53
60
33
39
33
63
34
74
67
32
39
50
40
34
574
107
36
60
80
42
29
31
31
44
43
51
51
28
42
30
49
46
218
41
48
44
28
43
41
62
55
55
47
37
26
63
42
103
1496
36
83
39
26
54
27
35
39
22
43
27
30
50
28
35
24
52
51
28
75
45
39
97
51
30
69
44
44
79
38
46
35
34
36
61
46
81
30
43
28
26
43
24
37
42
60
48
52
33
27
58
33
41
415
46
100
54
30
26
40
68
40
80
54
70
73
44
74
44
41
130
42
366
35
44
25
56
31
142
118
33
39
64
80
47
34
124
75
25
30
43
41
32
32
39
50
27
31
55
50
42
107
29
32
36
35
35
77
43
34
41
74
57
80
36
42
50
64
32
38
25
33
113
33
724
64
28
131
30
44
31
71
26
35
42
45
56
30
30
53
63
50
29
34
47
34
40
28
30
33
40
49
55
40
55
39
44
38
34
39
19
74
45
55
62
47
104
28
92
55
43
88
55
26
43
51
30
38
81
184
45
37
36
40
51
26
38
40
65
15
32
40
59
26
36
55
56
70
28
80
45
116
68
29
34
72
48
49
56
65
34
34
32
152
63
29
39
38
66
39
36
22
34
34
51
48
66
27
27
65
35
31
39
19
112
42
28
65
39
36
109
28
47
41
31
88
34
29
48
32
42
55
83
27
25
42
56
28
28
80
63
64
33
67
62
25
72
87
22
30
32
107
43
44
46
44
42
34
80
28
38
32
48
65
48
67
61
60
41
75
44
49
21
39
32
34
93
34
68
187
47
41
48
43
22
43
62
42
81
36
33
104
54
31
37
38
24
38
41
44
43
34
32
39
22
31
41
29
215
26
38
52
28
32
36
100
22
43
22
31
16
25
53
40
41
26
51
30
31
29
35
51
52
30
37
41
39
50
50
43
34
45
35
57
44
33
105
87
56
27
36
27
53
34
28
81
101
37
18
39
36
63
23
51
44
25
536
27
48
36
44
32
42
77
38
21
52
108
38
108
71
340
35
41
76
147
49
43
30
91
31
36
41
39
32
37
28
45
18
44
36
20
39
58
37
52
42
48
41
42
48
80
26
38
82
69
34
58
33
29
45
62
43
69
102
33
31
39
64
52
26
45
34
73
30
44
86
35
55
105
29
35
139
34
64
55
48
60
33
20
875
37
43
42
45
69
51
43
103
98
47
33
41
47
54
58
56
43
29
44
25
39
37
35
26
39
38
33
32
66
49
29
105
52
127
31
55
28
21
39
28
43
44
23
35
116
32
30
40
32
29
119
38
50
37
45
35
40
25
29
43
33
53
48
36
29
228
39
45
39
44
60
54
20
23
62
102
111
59
56
34
104
37
29
395
30
36
30
41
130
355
46
67
38
62
39
51
39
45
102
71
27
64
44
42
37
38
91
40
35
40
29
70
42
39
74
69
40
45
54
53
57
40
54
43
46
34
26
34
35
37
31
24
51
137
47
74
71
46
32
744
43
30
69
426
41
35
34
56
70
55
23
43
24
56
63
51
62
21
32
84
37
33
49
43
26
30
40
70
51
40
32
65
29
50
29
65
51
61
32
37
43
205
42
55
37
32
26
45
111
42
73
52
36
225
59
30
48
51
32
51
46
64
61
48
65
58
43
52
24
63
45
34
43
33
51
33
99
55
27
28
86
38
44
60
33
24
181
73
101
27
39
33
56
55
43
34
66
21
46
30
162
69
48
59
28
36
116
29
26
48
50
57
42
61
33
32
27
403
37
26
30
41
42
30
44
30
31
25
29
45
50
51
44
104
30
81
44
45
28
34
24
68
33
32
44
24
31
39
51
51
56
23
40
60
78
40
38
30
43
26
31
44
58
34
29
54
29
33
99
50
42
55
204
28
33
54
34
24
28
32
31
28
41
174
29
31
48
41
50
25
50
51
62
46
70
34
34
61
42
41
19
35
27
41
37
75
46
62
32
56
45
40
24
28
40
36
44
28
57
32
30
22
34
46
31
39
38
31
62
48
236
52
49
32
27
48
63
71
53
51
50
39
44
40
39
44
45
29
39
40
94
43
68
26
110
70
29
40
44
39
24
63
29
33
65
33
41
25
40
45
34
45
21
33
80
35
27
29
24
39
44
58
37
43
47
39
36
44
50
53
35
57
134
677
41
103
36
34
57
73
48
60
65
39
292
33
127
38
83
40
54
36
57
57
47
46
121
38
43
44
34
36
52
96
94
25
42
47
56
31
99
41
22
91
61
62
53
33
40
29
36
44
34
41
33
31
34
28
45
44
54
126
54
93
46
29
65
43
40
100
21
54
36
45
45
25
35
40
46
22
29
51
37
28
27
44
22
51
35
97
59
60
55
54
33
44
59
40
47
126
26
99
72
58
26
60
34
36
93
38
69
76
43
46
26
68
62
30
102
42
55
37
38
41
20
134
94
44
37
64
46
40
35
84
29
73
47
139
110
37
71
45
46
17
43
35
42
47
36
30
30
48
942
56
41
32
33
42
45
24
39
39
73
28
70
32
37
45
40
22
32
34
29
256
61
53
51
25
56
42
42
48
42
98
49
28
47
40
29
35
45
32
31
88
48
33
58
31
142
30
39
14
45
47
33
30
49
100
42
77
31
68
60
42
51
28
47
42
67
106
36
21
42
36
75
25
41
222
63
41
20
27
39
102
52
75
105
43
43
55
35
42
32
43
44
49
10131
42
50
154
53
33
47
67
22
39
48
34
40
39
48
38
39
31
36
348
40
34
26
36
26
41
56
69
42
57
41
52
54
20
54
53
35
73
44
38
50
27
450
35
44
32
22
32
38
52
35
55
53
35
48
92
58
96
44
51
41
28
87
710
41
247
54
36
45
52
44
42
33
46
47
27
36
45
56
60
41
47
36
51
21
99
136
49
30
45
18
43
93
76
36
41
34
60
34
58
59
68
43
52
199
56
32
63
36
34
34
19
50
27
48
133
32
28
78
51
51
102
48
52
84
34
28
44
43
28
39
841
63
44
69
56
24
80
256
36
45
65
38
26
51
28
48
35
28
46
48
43
38
34
35
54
34
31
39
25
36
24
42
42
86
69
153
31
39
34
26
46
43
45
37
23
59
25
49
48
101
56
40
36
31
40
31
29
48
54
103
43
35
51
52
56
73
50
43
65
29
35
56
24
64
33
58
47
50
46
48
48
35
110
64
28
38
38
41
74
48
29
35
39
32
55
37
42
34
49
39
24
148
104
35
31
27
40
45
38
35
33
27
48
40
97
20
40
50
181
49
29
53
65
49
54
33
36
79
65
31
35
35
38
54
35
40
49
