3
12
8
5
21
1
4
3
8
11
4
11
0
3
35
8
5
3
6
8
12
19
5
5
7
10
6
13
10
14
4
13
63
497
7
36
7
6
17
33
16
14
18
10
191
10
57
0
46
8
9
5
17
23
14
7
64
6
9
17
2
7
8
43
45
3
7
14
14
10
40
10
3
44
17
8
11
6
8
2
6
8
5
7
3
7
6
2
10
18
15
56
23
44
7
2
18
4
7
54
24
23
4
9
12
4
19
5
12
5
8
64
38
17
67
23
18
32
40
18
12
16
6
24
1
23
2
9
4
11
32
39
48
49
6
6
7
8
4
19
16
20
21
5
8
43
16
2
12
18
4
4
29
6
107
10
6
89
14
6
14
10
11
8
5
14
29
10
16
2
22
20
5
12
4
10
15
4
21
6
13
8
4
6
40
2
16
11
26
11
6
15
24
7
7
3
18
5
8
1581
6
5
24
3
6
11
15
9
16
7
28
10
7
18
17
18
5
5
6
2
8
30
16
63
7
9
56
16
9
24
7
15
22
5
8
28
8
12
6
17
4
27
9
6
22
30
10
5
3
2
6
1
61
6
9
28
3
19
108
2
16
10
8
12
3
13
8
8
3
14
69
8
2
6
16
8
8
14
3
15
16
10
23
3
5
24
14
7
62
10
133
6
4
6
8
9
7
8
7
10
15
13
2
9
4
10
16
5
6
6
11
38
3
11
12
17
8
3
6
4
1
22
6
13
3
3
35
65
11
38
6
6
14
25
10
13
14
9
12
29
10
18
13
29
1
0
1
5
14
7
16
65
5
11
67
2
13
2
31
6
0
159
5
0
51
33
9
0
21
11
11
25
2
5
7
6
21
7
0
9
3
17
1
18
8
7
13
18
6
63
11
10
3
9
1
1
10
8
15
20
7
46
10
13
21
2
3
6
2
2
28
5
4
4
10
3
10
101
9
7
4
10
4
29
6
24
2
10
179
6
5
2
7
18
8
66
26
12
6
64
18
19
5
30
6
5
13
110
24
19
4
22
4
22
23
1
13
3
180
3
5
15
16
0
103
20
8
2
6
15
62
10
120
5
6
5
34
0
3
2
462
5
329
3
19
4
4
12
9
5
10
12
7
17
11
13
9
7
26
3
3
12
8
5
21
1
4
3
8
11
4
11
0
3
35
8
5
3
6
8
12
19
5
5
7
10
6
13
10
14
4
13
63
497
7
36
7
6
17
33
16
14
18
10
191
10
57
0
46
8
9
5
17
23
14
7
64
6
9
17
2
7
8
43
45
3
7
14
14
10
40
10
3
44
17
8
11
6
8
2
6
8
5
7
3
7
6
2
10
18
15
56
23
44
7
2
18
4
7
54
24
23
4
9
12
4
19
5
12
5
8
64
38
17
67
23
18
32
40
18
12
16
6
24
1
23
2
9
4
11
32
39
48
49
6
6
7
8
4
19
16
20
21
5
8
43
16
2
12
18
4
4
29
6
107
10
6
89
14
6
14
10
11
8
5
14
29
10
16
2
22
20
5
12
4
10
15
4
21
6
13
8
4
6
40
2
16
11
26
11
6
15
24
7
7
3
18
5
8
1581
6
5
24
3
6
11
15
9
16
7
28
10
7
18
17
18
5
5
6
2
8
30
16
63
7
9
56
16
9
24
7
15
22
5
8
28
8
12
6
17
4
27
9
6
22
30
10
5
3
2
6
1
61
6
9
28
3
19
108
2
16
10
8
12
3
13
8
8
3
14
69
8
2
6
16
8
8
14
3
15
16
10
23
3
5
24
14
7
62
10
133
6
4
6
8
9
7
8
7
10
15
13
2
9
4
10
16
5
6
6
11
38
3
11
12
17
8
3
6
4
1
22
6
13
3
3
35
65
11
38
6
6
14
25
10
13
14
9
12
29
10
18
13
29
1
0
1
5
14
7
16
65
5
11
67
2
13
2
31
6
0
159
5
0
51
33
9
0
21
11
11
25
2
5
7
6
21
7
0
9
3
17
1
18
8
7
13
18
6
63
11
10
3
9
1
1
10
8
15
20
7
46
10
13
21
2
3
6
2
2
28
5
4
4
10
3
10
101
9
7
4
10
4
29
6
24
2
10
179
6
5
2
7
18
8
66
26
12
6
64
18
19
5
30
6
5
13
110
24
19
4
22
4
22
23
1
13
3
180
3
5
15
16
0
103
20
8
2
6
15
62
10
120
5
6
5
34
0
3
2
462
5
329
3
19
4
4
12
9
5
10
12
7
17
11
13
9
7
26
3
1
6
7
2
68
18
14
17
58
5
9
9
60
11
7
6
4
13
8
1
34
5
3
69
12
31
102
99
15
7
9
17
1
19
9
15
4
6
3
14
6
12
7
7
20
20
45
15
16
11
9
11
4
13
5
5
12
9
7
4
4
12
8
13
5
3
33
4
20
36
15
20
4
1
7
24
6
17
3
15
6
6
13
8
11
19
49
14
22
32
0
39
9
13
4
4
7
7
4
33
10
17
6
11
1
18
24
18
102
4
11
3
6
4
4
10
23
5
7
8
264
11
18
15
9
1
3
42
10
9
12
24
5
5
4
2
1
101
26
18
1
9
16
5
18
4
11
4
10
0
21
10
12
5
21
8
9
15
17
3
15
8
12
17
4
10
6
37
9
6
4
7
130
18
6
5
10
10
34
25
6
17
24
12
5
9
15
9
9
185
7
1
21
7
8
4
8
46
10
7
9
13
14
55
3
1
1
12
14
41
14
10
28
5
17
7
6
13
5
29
10
6
19
13
8
4
4
24
0
4
7
6
28
28
9
2
4
50
57
3
13
0
14
10
26
16
18
12
22
7
5
5
10
12
6
128
10
6
6
13
40
16
8
10
24
10
13
18
1
6
17
10
4
8
14
4
3
19
7
30
8
16
72
9
164
11
3
12
29
29
16
2
4
2
4
18
19
1
24
32
21
5
20
10
10
61
40
1
4
8
4
11
56
21
30
5
45
6
178
195
16
9
14
6
17
3
1
3
5
5
7
11
6
35
9
8
47
3
12
12
3
2
3
29
35
29
6
351
74
1
38
3
2
2
53
8
10
18
28
6
6
6
13
4
8
7
11
6
8
13
73
9
18
8
7
5
14
9
9
12
9
4
3
14
4
6
5
17
7
12
121
10
16
36
3
2
10
11
15
13
13
3
8
62
4
10
14
22
11
3
11
12
1
18
3
4
3
11
7
5
30
13
2
5
3
26
37
11
1
14
7
11
309
6
6
2
13
2
10
13
4
46
61
49
30
38
26
14
4
14
23
6
5
7
4
5
2
1
19
6
3
11
10
6
9
4
41
5
6
2
16
92
11
12
6
19
52
12
2
37
13
12
44
158
2
13
5
8
4
3
4
77
11
3
31
15
4
18
21
10
32
6
4
38
5
6
18
33
6
22
16
8
9
9
11
3
18
1
8
11
8
38
3
10
1
6
6
6
5
13
5
10
1
91
29
14
13
18
7
13
10
12
14
4
7
1
48
10
7
31
13
47
3
7
20
8
33
12
8
12
18
9
1
8
6
50
5
36
10
26
19
124
4
8937
7
8
3
3
7
9
77
0
6
11
9
10
11
9
18
7
6
16
10
21
3
20
34
2
5
7
12
10
9
7
16
2
7
9
8
32
9
9
15
5
16
211
908
11
7
8
17
45
31
16
5
7
14
5
17
4
12
42
12
11
5
7
18
16
122
9
11
20
10
2
2
10
4
5
29
7
5
37
8
10
8
6
24
5
9
6
5
17
108
16
7
4
11
4
6
7
12
6
2
5
14
5
18
21
5
6
19
7
7
10
37
17
9
9
18
24
4
3
3
12
8
4
3
11
180
5
14
86
28
14
14
32
5
7
3
2
13
11
80
97
8
9
2
6
29
10
17
42
12
8
8
8
6
11
3
9
82
24
10
18
3
2
10
6
5
19
9
10
3
11
12
10
2
5
31
4
9
7
6
128
6
5
7
6
11
5
6
6
8
26
58
1
9
61
37
7
4
7
932
8
18
6
12
2
2
4
6
8
11
10
58
12
19
3
2
99
12
6
129
9
2
5
55
33
8
8
9
11
7
7
7
8
3
17
4
5
6
20
8
6
23
2
29
16
0
6
16
19
10
33
8
10
15
12
12
15
12
0
6
12
15
49
18
3
26
14
38
11
7
3
4
39
7
9
5
17
10
0
2
2
4
24
23
8
6
7
2
5
4
7
14
14
6
29
3
11
3
20
18
8
8
9
10
3
5
22
2
6
13
9
3
4
12
6
7
1
14
20
5
6
23
21
15
17
9
39
35
48
7
7
3
6
2
0
9
11
3
17
20
1035
30
38
6
17
4
11
10
8
6
1
11
7
2
9
76
10
14
7
13
3
8
286
4
7
3
34
21
7
1
7
23
3
9
6
10
3
42
21
35
7
3
23
10
9
12
5
6
4
3
12
24
1
4
8
20
8
9
13
10
4
3
7
15
7
8
8
5
2
2
2
19
7
12
6
11
7
6
4
60
16
9
2
4
7
4
7
3
5
11
5
114
17
7
22
30
7
7
10
19
22
104
71
5
4
9
12
19
53
2
36
32
8
3
59
8
15
37
15
5
9
11
3
5
9
121
29
4
4
13
2
25
12
4
12
33
11
11
8
10
4
19
35
5
9
9
10
21
16
1
3
13
20
7
9
22
9
8
3
9
4
15
8
4
5
2
10
4
4
2
12
0
25
27
10
25
22
16
2
6
28
26
13
12
7
3
2
8
9
25
3
9
2
7
8
4
16
17
18
3
6
2
94
7
5
10
15
43
2
13
50
8
21
8
6
64
1
6
19
7
31
9
2
8
3
7
13
161
8
998
11
14
9
4
10
16
21
15
6
10
9
8
3
10
14
5
6
6
3
3
13
41
44
17
30
9
7
2
6
7
17
5
23
9
37
2
16
10
19
54
16
9
7
15
75
4
2
8
6
7
6
3
2
12
0
14
0
18
5
1
3
5
4
2
7
13
3
25
7
4
7
2
3
2
10
2
28
7
14
15
16
4
2
6
1
31
7
12
34
2
10
20
2
8
20
7
5
12
9
17
3
4
10
8
20
12
8
15
11
110
9
4
41
9
6
8
5
12
11
12
14
8
1
7
5
7
50
80
9
7
12
12
6
11
35
14
31
2
0
30
9
4
19
3
9
23
6
4
9
3
25
3
4
23
11
2
7
1
9
13
252
38
8
7
462
2
14
4
11
11
6
26
6
90
27
9
40
2
2
3
2
10
3
9
4
71
10
8
5
8
27
7
5
11
7
7
51
7
26
5
5
9
10
3
18
8
21
13
5
124
2
9
8
4
19
9
7
16
17
7
11
4
79
27
5
6
18
4
33
4
0
8
3
6
7
110
6
41
1
5
82
3
11
19
9
0
7
8
16
3
3
9
6
2
10
36
2
15
9
115
3
1
4
9
11
36
2
14
44
4
11
54
16
7
27
13
65
6
39
140
42
33
2
6
3
16
3
44
27
13
13
6
7
10
3
9
15
12
11
17
9
4
4
38
16
13
5
20
9
11
4
5
11
4
4
11
16
3
5
3
10
11
14
7
5
7
6
17
1
8
8
8
5
17
11
15
8
44
11
2
14
2
13
1
9
15
2
7
2
3
239
6
6
4
28
16
10
71
10
3
11
19
9
16
15
4
21
27
9
19
6
10
3
15
8
6
3
2
4
4
5
16
18
3
5
16
8
9
6
23
25
10
31
6
8
6
10
35
8
6
7
4
2
7
7
6
6
16
6
7
4
59
14
4
3
3
221
28
48
4
29
5
9
5
3
5
3
8
8
6
8
17
19
14
3
32
12
9
6
17
5
24
7
2
4
10
9
8
63
8
10
12
6
3
14
92
38
11
3
14
7
9
10
9
17
109
32
3
11
3
5
12
5
9
9
11
7
16
5
7
5
1
4
51
19
6
4
11
27
11
29
9
6
1
20
1
10
12
19
16
17
30
2
28
1
8
5
5
5
23
4
50
6
12
58
8
19
4
7
6
51
15
12
8
9
9
12
6
7
5
10
78
4
6
18
10
4
5
12
12
20
6
11
3
21
7
12
4
3
7
39
6
11
70
5
7
19
0
2
15
5
7
7
10
175
13
3
30
15
8
32
23
3
6
10
136
3
144
12
5
4
14
12
8
13
16
15
4
35
19
18
11
3
223
13
26
4
6
65
10
10
8
15
4
4
10
6
6
4
9
5
8
6
3
1665
1
8
4
9
69
6
16
5
2
4
2
6
2
2
9
8
8
6
5
53
14
7
11
2
3
12
7
2023
47
197
9
37
14
107
3
1
6
4
29
3
9
5
8
17
38
11
41
23
14
6
23
2
2
14
14
5
11
6
12
7
4
8
12
4
22
13
28
3
20
69
1
10
7
13
6
14
178
9
3
5
4
2
11
4
1
10
29
8
9
5
1
4
22
110
32
1
7
1
7
25
4
3
18
5
30
7
44
9
21
4
3
13
3
9
4
2
15
2
15
4
5
3
6
8
12
6
7
52
19
4
9
11
40
7
13
1
10
32
11
8
35
29
15
4
21
9
6
11
23
1
6
15
8
307
2
4
13
5
11
7
2
320
16
9
9
1
8
14
9
6
4
7
1
2
4
28
2
4
9
18
6
3
3
7
6
7
5
8
11
8
112
31
12
14
23
20
52
9
40
2
42
16
21
7
7
10
90
3
1
4
4
6
4
10
17
13
13
18
21
11
372
15
28
3
4
11
8
41
15
9
8
4
12
21
220
4
18
6
1
3
20
6
18
17
25
6
12
92
5
86
2
4
17
5
21
27
13
1
6
9
6
23
8
5
10
11
3
3
21
15
17
14
155
6
33
32
57
16
11
106
15
7
27
1133
23
48
9
5
7
10
26
7
3
3
2
15
3
7
42
10
23
21
10
4
8
10
11
1
5
5
8
14
66
12
18
1
6
40
13
14
52
5
53
76
17
10
22
45
10
10
26
20
15
4
3
10
13
6
64
3
5
4
11
19
105
9
91
15
51
0
1
16
5
4
8
13
79
93
6
11
4
3
16
4
7
25
4
32
57
2
9
17
45
10
5
1
24
55
24
1
7
3
8
3
15
1607
4
508
6
12
35
17
5
17
42
22
17
20
7
22
13
6
220
40
6
9
9
7
21
5
3
8
3
5
13
20
13
11
6
7
9
9
2
17
4
5
13
14
12
27
44
48
6
10
0
5
5
13
9
11
5
3
12
13
4
4
29
23
11
7
28
4
16
22
16
4
133
99
16
11
5
4
22
3
10
31
1
6
9
7
9
19
12
4
30
7
8
16
7
6
50
6
1
10
3
8
6
8
6
5
5
11
6
4
9
11
10
4
4
12
14
41
2
6
20
8
23
22
11
22
4
1
4
13
5
12
9
10
17
19
33
10
22
53
17
14
8
11
17
2
6
23
4
13
7
15
16
4
16
1
19
10
12
31
13
40
13
3
2
7
12
8
7
8
0
10
3
16
11
9
42
10
4
47
2
16
33
4
14
8
2
10
30
17
22
15
2
6
8
19
24
8
43
6
9
38
8
112
30
43
43
4
2
43
42
3
18
53
4
9
31
3
4
5
13
1
7
4
14
48
5
8
33
2
10
18
14
46
9
5
10
3
10
4
5
4
11
1
6
25
3
6
3
7
14
25
5
22
6
7
3
11
5
82
7
4
7
7
8
28
9
4
3
44
36
10
16
16
3
7
12
19
9
4
22
7
10
23
5
7
4
5
2
2
15
9
8
18
11
13
3
10
18
4
29
0
60
10
13
35
5
11
18
6
2
13
3
3
11
83
2
30
122
8
30
7
6
50
14
19
5
9
13
31
15
8
4
9
9
10
41
31
4
43
15
28
7
4
8
5
203
7
8
6
11
2
55
1
7
0
6
5
6
14
25
8
9
19
5
10
3
63
41
6
8
1
3
7
24
5
18
7
3
17
6
4
400
2
82
2
4
9
45
3
8
3
82
0
11
12
6
0
16
6
4
5
17
23
8
10
991
7
40
33
13
8
10
88
2
10
1
5
6
5
5
2
2
3
13
15
0
31
9
20
11
9
31
5
6
0
44
7
4
6
1
10
3
10
4
3
1
12
5
10
7
1
13
16
4
12
42
7
46
8
3
5
4
4
15
8
2
205
7
9
2
13
3
16
2
4
7
9
6
14
3
28
6
9
8
3
11
19
4
8
16
15
4
24
11
17
7
4
7
3
24
6
10
6
2
46
7
10
11
21
13
3
6
12
17
7
14
67
1
10
54
12
3
7
7
25
25
108
44
5
3
2
2
46
16
12
11
29
12
71
21
6
67
22
17
7
8
18
20
9
6
6
10
4
1
2
8
5
11
3
17
3
7
21
116
12
10
35
19
23
14
9
120
2
6
19
2
1
5
5
1
9
16
11
6
7
9
33
22
11
47
15
7
34
26
24
25
8
36
1
5
12
2
8
27
7
3
5
7
4
7
5
152
3
3
31
16
8
13
18
12
4
8
4
7
6
5
9
27
11
32
10
323
10
44
51
7
7
53
50
5
28
95
181
19
6
42
9
16
13
8
13
6
7
7
10
5
31
2
8
9
36
67
3
6
23
5
8
13
3
53
11
10
218
9
9
10
5
20
50
9
3
26
13
2
8
23
4
7
4
5
32
15
6
82
19
4
10
3
9
5
99
19
2
15
3
2
3
26
9
24
31
26
5
14
23
1
8
4
19
35
9
8
1
1
4
4
0
26
14
20
4
10
13
10
23
36
17
3
9
12
15
22
10
14
2
58
6
9
8
7
9
7
22
6
1
38
18
11
17
5
26
6
8
85
15
12
20
6
2
5
30
34
3
11
2
6
5
14
15
3
13
10
51
6
411
3
10
5
6
8
7
8
10
4
15
9
43
14
20
5
15
13
2
3
48
16
3
8
3
10
8
73
18
0
2
13
10
36
10
42
35
7
9
4
11
4
17
15
20
15
3
2
7
6
93
2
22
21
5
54
14
51
19
8
9
4
2
15
150
10
13
5
9
10
65
13
10
15
11
10
26
12
9
2
6
13
81
20
37
18
4
6
8
10
3
24
6
10
8
66
16
9
10
0
18
2
299
8
3
7
15
9
3
3
4
18
12
5
143
6
89
20
13
20
42
3
18
8
11
9
16
10
47
3
10
19
6
11
5
6
5
25
30
19
7
13
4
15
51
27
13
0
1
12
2
4
6
8
12
1
4
14
37
1
13
15
4
3
23
20
31
11
36
9
5
15
6
3
10
8
74
10
14
1375
5
12
4
13
10
6
3
6
19
15
2
6
7
63
8
11
4
44
7
11
12
5
23
1
14
40
15
9
3
30
6
15
4
2
2
12
5
3
10
13
5
7
12
52
0
59
11
25
10
66
2
3
21
35
6
28
12
11
16
0
5
2
5
15
2
15
13
4
4
7
28
2
7
5
3
5
7
19
3
1
40
24
9
10
4
19
22
7
6
3
188
58
11
31
11
26
20
19
12
3
13
11
10
4
21
8
17
3
11
15
5
87
8
5
14
6
24
5
8
9
8
10
21
4
27
11
13
6
4
7
7
5
58
6
3
13
3
3
12
4
4
35
10
170
2
43
2
8
31
34
72
27
7
12
2
6
11
15
26
5
52
2
4
36
35
4
31
9
4
13
10
98
0
3
3
24
8
56
18
15
23
5
3
7
20
3
16
17
2
12
2
3
9
21
14
10
27
7
5
9
14
10
6
31
67
8
1
8
7
2
11
21
23
7
46
37
9
129
13
4
23
6
11
79
10
4
951
5
18
14
12
6
92
7
8
0
25
0
13
13
11
3
24
5
2
23
13
25
27
5
6
9
4
8
19
2
0
10
39
4
10
1
5
9
11
12
3
7
26
8
28
30
42
2
17
48
11
15
18
5
13
1
5
7
10
9
12
3
5
22
2
0
12
2
9
4
9
15
2
27
22
9
7
4
9
11
11
11
10
6
6
9
2
7
2
231
7
26
251
10
11
8
3
35
3
11
48
89
1
10
4
2
15
61
9
122
16
7
4
50
2
29
38
6
2
6
84
1
13
14
10
10
35
26
2
13
6
14
39
3
30
11
24
4
6
7
23
7
9
5
15
253
40
6
3
10
3
17
5
28
15
10
3
24
10
5
6
6
9
10
2
9
31
43
9
2
17
11
4
13
9
31
8
3
12
4
4
9
11
15
5
7
26
7
4
5
20
2
20
11
6
35
27
10
32
6
35
12
2
10
5
4
6
11
1
7
8
10
13
12
55
12
9
15
19
27
6
10
8
8
12
6
17
4
4
2
9
12
17
50
4
5
1
12
18
17
3
7
23
12
31
23
6
12
15
26
1
3
18
58
51
11
11
202
9
41
14
7
17
6
12
27
5
13
2
14
91
12
15
5
4
33
3
8
0
8
7
15
44
5
13
7
2
5
2
7
42
19
26
3
6
16
8
27
116
28
7
16
10
49
13
43
4
26
7
7
3
108
10
4
12
17
2
19
6
43
10
3
3
4
6
53
5
13
4
5
16
5
5
4
3
9
67
4
8
36
6
4
7
49
7
4
7
3
27
24
11
12
8
9
21
8
13
15
2
22
3
4
12
9
9
9
2
6
7
6
9
12
10
9
1
5
12
7
18
28
5
15
16
6
209
1
18
3
12
13
3
11
2
6
2
11
2
31
10
8
13
4
12
23
13
2
78
17
4
8
46
10
13
25
10
9
14
6
8
24
15
4
8
28
10
20
9
25
7
9
10
5
4
28
18
20
0
25
20
4
6
2
3
39
33
17
14
28
15
17
41
18
14
49
8
5
14
6
8
13
481
1
8
33
6
11
247
86
4
12
12
65
54
4
118
26
6
3
6
20
12
15
20
9
11
10
17
11
2
7
9
10
9
13
14
15
17
7
18
2
3
9
9
8
18
18
0
3
6
8
42
3
7
8
10
7
10
4
8
5
22
9
4
6
8
15
19
20
9
390
2
2
6
12
3
115
1
9
4
4
1
26
5
4
6
4
6
284
9
14
105
10
7
12
8
4
22
11
27
14
25
6
6
56
1
24
16
77
8
46
0
6
10
11
6
11
7
13
17
9
22
6
11
12
2
12
3
18
9
3
4
2
8
52
27
35
19
19
5
136
10
17
7
25
12
11
5
16
6
15
20
3
24
7
7
9
4
2
8
18
41
8
23
8
11
6
3
6
7
5
10
3
9
25
4
3
9
8
45
20
7
13
13
8
13
12
103
3
17
18
41
26
11
35
4
16
28
9
142
23
23
4
10
9
17
9
22
10
3
10
1115
9
8
24
22
11
6
6
17
3
0
7
3
5
12
13
2
2
52
8
14
18
3
11
22
210
2
7
24
9
7
12
50
15
4
7
14
11
16
8
4
7
9
24
3
6
129
6
3
7
11
15
27
144
10
4
1
25
4
9
4
4
8
25
10
114
1
37
3
15
5
84
9
4
13
6
6
11
2
13
3
14
12
11
5
9
24
11
4
4
7
6
0
37
15
32
10
7
10
33
33
8
3
432
2
12
12
13
14
5
20
8
4
8
12
4
6
9
3
8
7
4
37
5
8
49
8
4
13
7
10
11
15
74
34
13
41
6
3
22
10
25
8
1
28
15
43
14
9
11
9
6
19
0
0
35
2
4
20
153
12
10
5
6
21
7
8
45
53
7
9
13
39
7
15
6
12
3
15
8
2
14
3
9
30
1
10
31
33
5
12
29
2
8
4
17
5
7
16
10
4
4
17
35
24
11
4
4
68
12
5
13
7
1
47
6
6
15
5
6
5
89
8
13
13
15
60
1
90
6
18
15
4
11
17
45
14
3
0
1
2
7
8
12
14
9
8
4
6
64
18
7
17
23
4
12
3
18
4
22
8
28
16
8
28
6
47
59
8
16
11
5
13
9
10
23
15
11
18
7
4
8
3
20
5
8
7
5
4
4
7
4
17
3
9
31
7
8
8
25
9
10
27
18
7
128
7
1608
3
3
3
6
25
20
12
7
9
72
6
6
36
23
11
9
6
9
14
22
6
11
43
2
182
2
12
3
15
18
5
191
15
12
9
9
3
5
16
7
16
1
5
13
6
9
26
8
3
22
15
7
10
10
19
5
13
16
5
27
4
15
26
12
3
12
10
8
16
6
3
20
10
5
3
22
16
13
74
9
26
18
9
8
2
21
14
18
10
131
10
21
144
11
5
11
5
135
16
4
3
16
14
5
7
5
6
5
16
16
10
24
8
6
9
24
16
78
3
13
5
9
12
31
3
1
12
8
19
19
4
10
4
8
16
7
11
9
213
3
6
7
5
13
3
52
26
68
88
10
44
1
2
21
56
13
2
46
2
4
5
7
80
5
2
6
2
8
1
7
29
6
5
8
13
3
13
10
16
2
4
7
11
17
2
5
25
15
20
61
9
22
3
20
8
12
14
27
25
5
2
3
2
18
12
70
14
1
5
14
7
25
3
11
3
6
28
5
18
16
3
2
9
5
13
13
135
23
3
6
92
0
10
12
26
17
5
19
13
4
7
14
9
11
15
10
1
2
13
11
15
7
5
9
24
13
9
14
8
7
2
3
4
46
2
16
14
11
13
952
1
6
9
5
12
16
8
8
3
9
20
3
1
88
7
14
8
6
12
14
7
13
8
1
22
11
86
14
7
10
0
2
6
3
2
6
11
9
6
19
10
5
12
11
23
24
14
3
4
3
28
15
18
11
1
8
14
15
261
2
5
3096
33
22
5
18
6
32
17
5
6
8
7
61
9
10
17
6
5
1
21
6
3
14
7
29
15
11
9
60
2
2
407
1
6
16
2
131
13
0
9
6
7
9
11
174
6
47
9
284
13
34
8
17
6
7
6
100
4
7
7
8
7
43
15
16
13
16
20
4
6
6
3
10
39
6
3
10
8
2
16
17
6
6
14
13
0
1213
14
61
2
6
21
8
37
12
7
9
17
11
4
14
3
11
5
21
19
20
7
2
10
3
25
4
3
28
1
7
7
6
15
2
12
94
100
20
8
10
9
6
9
3
3
24
6
9
4
28
7
47
12
3
2
1
3
2
8
14
3
1
5
7
6
6
68
20
11
15
7
1
18
21
297
3
3
2
18
4
35
9
3
13
5
3
20
10
2
6
7
8
10
49
12
53
6
4
32
24
141
1
8
30
3
5
4
8
17
33
24
3
4
2
8
6
539
17
26
344
4
7
63
7
7
3
5
8
22
13
11
8
3
47
18
19
14
8
45
5
4
3
13
2
8
53
13
14
25
8
5
9
3
12
18
24
20
9
79
19
10
5
2
10
6
4
7
17
6
6
7
52
28
29
24
6
29
20
4
16
9
13
17
18
8
12
25
11
46
39
9
9
2
39
2
5
13
17
8
0
12
185
7
16
2
2
0
0
10
3
12
15
34
8
52
6
9
25
12
0
35
34
4
5
2
9
4
5
17
4
28
0
9
8
13
10
7
5
2
18
15
19
4
22
106
17
14
12
33
7
9
10
6
20
1
17
13
5
10
12
47
1
17
7
7
5
11
12
22
3
13
10
5
110
7
18
5
1
311
31
13
12
10
9
6
3
14
7
3
1398
3
16
31
2
9
13
74
1240
6
13
13
7
3
53
10
14
634
8
23
25
0
404
6
3
12
9
6
5
17
9
4
15
5
3
8
8
12
34
6
5
5
5
7
4
7
26
30
7
23
19
15
5
61
3
13
4
1
6
9
6
7
7
5
31
23
5
8
7
34
13
2
5
2
7
9
11
25
1
7
12
75
3
2
198
11
28
4
5
21
9
9
8
18
3
6
6
2
12
189
9
15
2
29
49
12
12
39
15
6
18
28
68
7
35
7
7
12
11
45
5
7
2
97
7
9
17
43
15
6
6
12
33
35
0
14
6
3
26
14
18
4
8
2
3
15
7
13
12
19
69
4
8
11
1
22
3
43
8
13
4
31
277
2
8
22
8
4
25
10
8
7
9
24
8
8
6
4
18
8
18
11
7
2
6
14
5
10
24
3
62
31
5
37
30
5
15
2
6
10
6
5
11
11
5
19
17
2
8
7
30
9
6
24
14
6
3
12
12
6
10
8
17
14
32
3
6
17
5
9
3
5
3
2
16
4
9
39
9
16
4
0
7
12
4
41
4
5
17
3
18
10
35
16
26
3
23
15
3
13
34
18
11
4
21
9
25
5
4
6
1
4
9
6
5
4
5
7
14
7
7
68
4
9
8
23
5
36
4
13
3
7
97
6
3
3
1
46
5
3
8
2
232
45
5
13
5
49
3
14
9
2
6
1
26
3
79
19
63
0
6
10
3
8
17
4
13
7
6
10
4
9
3
9
26
1
12
13
4
13
12
13
10
2
1
11
6
21
15
118
10
9
9
4
20
4
6
24
10
10
15
28
14
8
11
6
9
3
33
6
21
5
3
124
12
5
10
7
8
177
9
8
9
5
5
11
6
2
6
11
10
2
7
31
16
3
12
14
13
2
13
7
45
5
5
13
20
5
7
8
23
35
47
9
12
0
5
3
8
13
9
13
8
7
4
5
9
42
2
5
10
5
14
15
792
5
31
16
8
3
17
47
4
27
2
4
4
9
3
126
2
1
9
8
28
6
3242
11
0
9
103
11
8
308
29
19
7
5
15
3
11
8
5
34
725
10
11
14
13
27
18
3
9
23
1
11
9
5
11
9
4
4
1
5
8
12
7
7
2
96
8
9
9
25
0
10
8
4
7
3
6
8
13
13
10
3
7
8
18
6
15
191
6
9
7
14
6
1
11
7
17
29
2
7
3
16
1
17
14
2
6
7
11
18
12
140
14
6
510
1
6
9
6
9
44
11
23
11
6
4
17
6
7
4
5
0
23
31
2
12
6
4
6
3
4
2
7
27
6
2
3
9
16
6
36
16
8
13
23
19
34
14
4
7
7
4
4
1
11
4
12
2
7
6
4
8
29
7
32
20
5
6
11
16
3
27
10
6
4
33
10
4
34
4
12
5
1
137
15
3
67
13
4
83
3
34
4
25
5
18
7
1
10
9
34
7
6
11
3
13
6
2
3
144
6
1
17
34
5
5
6
1
14
4
9
0
3
7
7
44
2
10
10
116
1
16
12
21
12
9
24
8
13
34
9
54
17
6
31
4
0
4
27
8
9
2
23
7
4
11
2
3
6
5
9
11
11
6
16
6
7
11
13
34
6
18
423
11
9
27
19
21
5
16
0
8
2
21
2
5
5
10
10
50
9
12
6
25
10
24
17
5
8
21
13
9
8
3
23
4
7
8
30
8
83
7
1
92
209
61
4
24
113
3
9
9
33
4
2
8
4
6
23
12
13
8
6
8
28
160
0
18
6
9
18
11
3
7
1
20
5
6
16
5
10
10
37
5
31
20
8
2
6
40
50
7
10
10
15
4
22
12
35
31
24
4561
0
20
2
5
29
12
5
23
29
1
23
10
48
5
22
21
22
1
10
9
11
5
5
11
18
5
9
9
1
30
229
10
16
11
3
8
33
11
2
46
35
5
10
8
13
107
4
34
6
194
73
4
3
23
4
14
4
11
35
12
9
33
53
4
19
7
85
18
24
15
25
19
3
396
8
1
12
9
8
21
56
1532
3
12
11
11
59
4
7
0
7
1
6
40
70
0
3
15
5
12
5
16
6
0
14
5
49
19
21
4
1
43
52
4
8
5
13
2
95
7
9
3
20
39
2
20
196
7
57
5
9
35
3
5
5
0
7
6
10
4
1
10
11
9
8
0
17
4
39
2
18
17
54
14
2
3
49
8
7
16
8
8
3
8
3
8
14
18
4
2
39
5
12
11
10
2
12
13
15
7
12
2
14
17
17
29
17
3
20
5
6
7
30
4
27
3
9
1
14
19
12
46
6
10
24
2
40
29
18
4
2
3
10
0
7
2
21
51
7
3
2
11
26
30
237
10
0
5
7
11
33
133
15
4
8
3
67
2
2
18
7
14
49
2
7
10
16
3
25
4
15
42
32
35
100
4
0
4
12
12
11
2
24
9
3
16
25
16
6
7
12
5
21
20
7
8
8
5
7
1
365
8
2
11
28
3
14
3
62
207
57
3
14
5
20
4
8
13
15
10
18
11
336
15
7
22
5
3
13
9
7
4
12
14
197
23
19
8
3
4
54
10
111
23
26
6
5
33
10
7
11
1
3
4
17
6
12
14
5
5
12
1
5
1
7
7
10
3
3
7
1
3
2
7
33
23
82
46
5
14
3
19
11
6
3
16
0
193
8
264
8
2
9
57
9
3
8
6
100
4
4
11
3
9
9
4
16
2
9
18
4
10
37
22
17
15
4
5
8
7
8
2
11
3
7
6
6
6
7
5
8
7
19
9
5
7
8
7
10
2
11
18
4
4
21
16
8
3
3
14
6
14
9
17
4
32
6
9
41
5
5
70
106
4
7
11
1
10
2
12
41
9
7
10
11
19
20
5
3
54
15
8
11
7
96
14
3
25
422
5
26
3
11
21
10
14
3
8
10
42
13
25
19
5
6
12
6
3
3
342
25
4
8
84
2
8
26
42
7
3
8
15
47
8
3
27
23
3
19
10
19
9
4
4
17
16
15
24
5
3
5
15
4
26
25
7
12
20
15
11
445
57
4
19
36
16
3
9
5
12
4
8
17
7
6
8
13
11
121
10
10
8
6
11
15
15
11
16
16
3
1
19
14
52
1088
7
35
9
3
15
5
5
12
2
8
3
6
12
3
4
1
10
18
3
37
10
7
53
11
6
15
3
9
25
4
11
4
4
10
18
11
29
8
5
0
1
13
2
5
11
25
17
13
6
6
12
9
5
286
20
51
14
7
4
8
34
6
29
15
24
38
11
26
4
13
68
6
249
8
12
5
9
9
79
56
6
7
19
39
11
4
77
34
4
0
17
7
7
8
3
9
5
7
19
14
12
56
4
4
5
5
1
30
8
7
11
20
15
34
3
4
21
18
8
11
1
8
59
3
544
27
4
73
5
10
4
16
2
7
4
5
13
3
1
13
25
8
11
6
16
6
7
4
5
12
10
7
22
5
16
13
8
6
7
6
0
31
14
16
19
13
44
3
45
14
10
36
18
4
7
12
10
5
28
125
10
10
4
8
8
4
7
4
20
3
4
5
18
4
8
14
19
23
2
30
19
49
28
8
3
23
9
15
16
41
6
6
11
70
15
6
8
16
15
6
3
3
10
7
13
18
19
2
5
24
4
5
10
1
53
7
9
29
4
7
45
3
9
8
9
35
6
2
8
7
13
11
34
6
5
6
29
1
5
32
21
31
12
14
21
3
23
41
3
4
7
41
6
9
7
12
10
10
31
7
6
1
12
22
14
36
18
16
7
34
8
14
4
5
6
7
36
3
32
126
8
12
9
10
3
11
20
4
27
5
9
43
19
6
8
5
2
6
9
5
8
7
2
9
4
10
8
1
156
4
6
26
1
5
1
43
1
10
1
5
3
3
16
10
9
3
13
6
10
2
9
19
10
3
6
8
5
15
9
9
8
12
6
18
13
9
58
32
12
2
12
2
12
3
4
36
40
14
3
5
5
15
2
18
11
0
384
2
15
9
13
4
8
24
7
3
13
44
6
51
29
192
12
10
19
86
12
7
1
31
5
9
12
6
3
10
6
4
2
5
9
2
10
13
0
7
6
9
11
10
13
24
6
8
26
20
6
9
10
3
14
15
7
18
46
6
5
9
22
16
1
13
9
17
1
6
48
6
21
44
7
7
67
7
21
23
12
17
4
2
644
12
13
11
9
26
7
10
45
40
10
7
8
12
21
17
9
4
8
5
7
4
11
8
7
7
2
6
8
25
17
3
39
13
66
4
21
4
2
9
3
4
5
2
9
66
4
7
16
10
5
69
10
14
5
7
7
12
1
3
7
3
22
11
4
2
149
9
14
12
7
10
13
2
2
15
37
61
20
12
9
49
2
3
309
5
4
9
11
67
220
11
24
7
15
3
9
7
19
49
18
8
20
12
11
9
8
49
10
6
10
4
17
9
5
26
22
9
6
14
10
12
7
11
12
11
9
3
3
19
7
5
2
8
67
7
38
33
6
4
495
7
6
17
302
6
5
3
18
19
19
3
9
9
13
19
14
33
4
3
35
8
7
19
11
1
7
6
19
16
5
4
17
7
8
2
22
14
23
8
5
6
117
10
10
4
4
3
16
48
10
31
11
2
141
21
4
7
11
4
9
13
20
21
10
21
13
12
18
7
14
11
7
13
4
12
6
41
14
0
1
38
12
5
18
9
4
106
31
60
6
8
2
27
17
6
8
12
0
8
6
85
12
9
23
5
9
47
12
2
10
15
16
10
17
4
1
6
299
5
5
5
10
14
1
11
3
9
0
7
12
11
17
9
53
1
34
6
6
8
4
4
31
11
5
5
6
8
5
10
11
11
2
9
21
31
6
7
7
11
0
0
3
17
2
6
11
6
6
48
10
5
16
131
5
7
20
3
2
1
5
8
12
13
109
4
0
7
7
18
1
14
16
13
8
29
8
3
14
7
5
1
3
1
6
4
24
7
20
2
16
6
5
4
7
3
4
8
6
20
8
6
1
5
13
7
4
13
6
17
16
171
13
16
2
7
18
23
32
10
11
16
5
10
9
9
11
10
3
5
10
50
8
20
4
45
19
3
6
17
7
3
12
8
5
21
1
4
3
8
11
4
11
0
3
35
8
5
3
6
8
12
19
5
5
7
10
6
13
10
14
4
13
63
497
7
36
7
6
17
33
16
14
18
10
191
10
57
0
46
8
9
5
17
23
14
7
64
6
9
17
2
7
8
43
45
3
7
14
14
10
40
10
3
44
17
8
11
6
8
2
6
8
5
7
3
7
6
2
10
18
15
56
23
44
7
2
18
4
7
54
1
22
3
8
6
3
5
14
15
2
6
14
8
5
5
18
3
13
12
46
21
10
11
15
10
14
21
13
9
77
2
38
28
21
4
23
4
8
32
1
21
33
11
6
2
30
14
1
45
14
14
5
10
11
5
73
31
6
3
31
8
8
11
46
7
17
9
58
47
2
30
15
17
4
11
3
7
13
3
3
1
19
701
14
13
4
3
15
13
1
5
3
24
2
17
4
9
7
9
3
3
1
8
174
15
7
11
0
24
6
10
7
8
51
10
2
12
7
1
5
9
10
5
37
16
6
22
6
79
2
4
0
14
14
2
2
12
46
11
35
3
17
17
11
11
2
10
12
21
50
4
6
9
6
29
3
4
128
23
8
1
3
10
38
13
42
41
13
13
5
10
6
3
4
12
10
8009
10
13
80
12
10
9
33
1
9
11
6
4
4
19
7
12
3
9
228
9
11
3
9
2
10
16
34
11
18
9
15
7
4
20
15
7
18
9
6
8
9
335
9
7
3
2
8
6
19
9
8
14
8
4
40
16
34
14
15
4
0
31
479
6
145
10
5
7
21
9
10
6
11
20
3
7
8
11
23
7
12
9
9
3
48
79
15
3
14
1
13
40
42
8
11
8
22
9
15
19
25
7
7
99
21
5
28
4
6
3
3
11
5
12
52
4
7
30
13
12
42
14
12
28
5
4
5
12
6
6
552
22
8
20
18
0
39
183
5
8
24
10
1
21
4
7
7
3
15
9
5
8
7
6
19
7
3
5
2
6
0
11
7
32
31
71
4
6
5
3
6
4
13
1
1
12
1
11
12
54
14
5
10
11
12
2
2
15
17
49
12
8
9
13
17
17
19
8
14
5
6
24
6
23
5
18
17
9
7
13
16
4
47
23
6
4
8
9
27
9
11
6
6
9
14
7
9
2
10
12
3
81
47
10
4
5
13
8
9
5
7
3
6
5
38
0
11
11
111
9
5
7
17
5
15
5
5
32
16
8
11
11
4
15
4
2
15
