16
114
5
12
14
12
8
12
10
28
13
17
8
9
35
39
16
15
15
16
6
25
214
9
28
19
5
21
4
9
22
17
17
17
9
34
9
24
8
6
7
12886
13
51
74
5
18
22
18
9
19
15
24
12
8
20
21
104
33
20
37
13
6
7
9
7
27
29
15
16
5
12
4
79
23
27
12
19
11
12
11
10
13
28
19
16
8
15
26
28
21
45
10
15
129
15
25
8
13
19
15
33
13
6
1
23
8
8
7
24
8
24
14
22
26
16
14
11
22
14
25
8
10
19
18
12
16
12
30
25
2
20
15
16
5
20
20
54
9
12
22
25
27
22
8
14
17
28
21
10
24
11
14
2076
11
11
23
8
21
17
11
12
14
13
14
11
24
14
12
15
29
18
3
15
8
11
9
13
17
10
8
22
31
10
6
28
41
25
10
12
19
21
8
17
18
26
22
6
22
16
7
10
9
27
11
19
19
7
45
21
20
42
29
19
23
20
152
9
9
8
26
3
13
9
16
38
14
12
29
8
6
26
202
10
38
36
25
18
9
19
13
11
14
12
24
20
1
21
22
6
20
41
7
16
39
18
10
41
68
12
19
8
22
16
33
64
26
19
19
137
25
8
50
3
13
56
7
7
18
9
19
27
25
17
18
22
17
14
153
8
17
4
44
4
20
20
38
36
12
2
14
15
11
53
8
11
25
61
15
17
12
20
15
4
9
22
7
23
14
6
13
9
31
3
5
9
10
16
47
10
8
9
8
22
15
8
19
26
26
22
18
14
33
16
15
15
8
4
19
9
9
11
16
18
35
30
7
29
6
9
19
11
19
16
11
6
20
19
132
6
23
27
8
12
13
14
11
20
6
14
86
11
7
10
26
41
294
24
12
5
25
17
40
9
13
10
14
19
17
23
6
19
7
7
16
8
17
18
15
35
10
14
11
31
20
5
13
16
12
8
22
18
10
2
5
5
21
32
42
21
18
9
15
28
45
15
16
27
12
69
38
9
16
16
9
10
13
5
6
13
166
12
17
5
12
9
23
111
70
44
12
73
4
24
51
9
17
22
71
21
24
13
9
38
5
10
23
16
16
13
83
4
14
18
20
4
15
5
5
12
6
54
18
17
22
19
19
8
29
10
16
114
5
12
14
12
8
12
10
28
13
17
8
9
35
39
16
15
15
16
6
25
214
9
28
19
5
21
4
9
22
17
17
17
9
34
9
24
8
6
7
12886
13
51
74
5
18
22
18
9
19
15
24
12
8
20
21
104
33
20
37
13
6
7
9
7
27
29
15
16
5
12
4
79
23
27
12
19
11
12
11
10
13
28
19
16
8
15
26
28
21
45
10
15
129
15
25
8
13
19
15
33
13
6
1
23
8
8
7
24
8
24
14
22
26
16
14
11
22
14
25
8
10
19
18
12
16
12
30
25
2
20
15
16
5
20
20
54
9
12
22
25
27
22
8
14
17
28
21
10
24
11
14
2076
11
11
23
8
21
17
11
12
14
13
14
11
24
14
12
15
29
18
3
15
8
11
9
13
17
10
8
22
31
10
6
28
41
25
10
12
19
21
8
17
18
26
22
6
22
16
7
10
9
27
11
19
19
7
45
21
20
42
29
19
23
20
152
9
9
8
26
3
13
9
16
38
14
12
29
8
6
26
202
10
38
36
25
18
9
19
13
11
14
12
24
20
1
21
22
6
20
41
7
16
39
18
10
41
68
12
19
8
22
16
33
64
26
19
19
137
25
8
50
3
13
56
7
7
18
9
19
27
25
17
18
22
17
14
153
8
17
4
44
4
20
20
38
36
12
2
14
15
11
53
8
11
25
61
15
17
12
20
15
4
9
22
7
23
14
6
13
9
31
3
5
9
10
16
47
10
8
9
8
22
15
8
19
26
26
22
18
14
33
16
15
15
8
4
19
9
9
11
16
18
35
30
7
29
6
9
19
11
19
16
11
6
20
19
132
6
23
27
8
12
13
14
11
20
6
14
86
11
7
10
26
41
294
24
12
5
25
17
40
9
13
10
14
19
17
23
6
19
7
7
16
8
17
18
15
35
10
14
11
31
20
5
13
16
12
8
22
18
10
2
5
5
21
32
42
21
18
9
15
28
45
15
16
27
12
69
38
9
16
16
9
10
13
5
6
13
166
12
17
5
12
9
23
111
70
44
12
73
4
24
51
9
17
22
71
21
24
13
9
38
5
10
23
16
16
13
83
4
14
18
20
4
15
5
5
12
6
54
18
17
22
19
19
8
29
10
7
22
7
26
27
18
18
14
21
14
13
17
13
74
34
16
5
34
22
4
29
117
7
14
15
10
7
10
6
4
16
14
25
17
67
44
1016
8
52
15
8
15
16
49
17
22
8
6
12
5
36
15
11
28
9
21
17
4
22
9
11
14
22
26
52
30
10
20
25
23
16
94
16
31
20
43
24
8
12
15
17
23
12
10
43
28
34
12
11
14
40
7
24
4
88
4
20
1
24
13
47
10
11
52
53
4
48
11
17
14
20
8
11
33
14
31
21
1
18
26
12
131
5
7
11
9
11
17
33
11
12
18
7
52
22
21
15
15
17
27
12
72
19
3
17
15
22
10
16
12
20
38
4
43
59
9
9
1
9
11
16
35
21
6
125
16
27
5
10
36
19
20
18
23
12
22
39
11
19
5
8
8
14
12
16
8
8
45
15
14
29
16
8
12
123
16
26
9
23
19
33
4
25
18
7
15
10
6
19
13
10
9
23
17
16
43
19
14
8
6
9
15
39
17
13
106
8
5
10
13
8
27
9
23
112
12
24
54
12
8
10
27
95
22
21
7
14
27
14
27
4
10
14
22
11
15
11
38
12
56
12
39
19
10
15
16
14
486
115
2
21
10
26
8
12
27
11
20
19
16
18
28
21
15
15
49
10
27
12
33
29
10
6
31
9
45
16
14
27
16
22
21
13
3
11
11
18
7
17
7
32
8
22
14
13
6
7
7
50
32
6
17
6
19
23
15
20
9
17
11
4
21
13
12
27
14
11
8
14
18
11
14
12
17
17
12
29
12
11
9
7
10
15
24
7
8
16
34
15
18
5
16
17
11
18
14
12
12
3
13
11
12
6
18
7
11
3
12
13
17
6
43
14
24
16
7
7
9
12
11
40
12
4
8
24
24
19
9
10
15
9
24
31
1
30
17
18
28
55
7
17
10
12
9
10
12
20
19
9
25
15
22
33
11
10
8
21
13
9
10
12
19
23
27
42
11
19
13
15
16
25
156
17
10
17
23
12
13
15
13
19
188
14
6
10
9
30
19
22
20
15
20
29
10
8
19
15
16
44
52
160
55
20
6
13
7
14
54
19
20
72
11
8
19
7
8
15
13
13
10
13
16
5
23
19
5
10
25
89
9
16
48
21
14
8
17
10
6
29
10
23
10
5
10
1
43
11
8
13
8
23
4
10
10
22
13
20
13
11
24
15
8
19
24
7
20
9
12
7
18
5
9
11
8
15
18
16
32
14
10
34
13
12
22
71
7
7
7
18
10
8
20
25
17
1550
7
8
15
11
17
14
19
329
9
13
40
25
13
97
8
5
6
17
12
13
80
13
15
14
11
8
12
15
31
18
15
20
7
13
24
21
16
26
19
13
18
14
40
15
11
11
8
24
14
17
12
20
9
7
15
18
13
6
8
6
45
23
17
22
29
18
16
68
4
14
5
12
5
20
9
9
4
11
501
16
23
65
39
24
6
13
15
47
8
5
6
13
8
27
7
31
29
14
8
14
33
35
4
19
11
23
48
16
30
19
19
23
29
13
6
10
8
17
24
9
15
45
15
43
19
5
6
8
2
15
8
48
10
12
11
15
49
61
10
12
95
7
11
3
5
6
12
23
35
42
20
19
7
24
16
50
14
10
13
8
15
35
19
79
10
27
21
17
16
30
38
20
9
48
5
17
13
31
9
13
13
19
21
9
11
12
31
7
16
22
29
32
11
21
9
6
10
14
59
18
10
9
20
33
8
14
13
14
34
199
10
62
14
6
14
6
18
7
29
17
16
19
24
10
11
16
10
36
25
7
15
22
32
11
34
31
13
11
7
27
11
13
16
18
22
17
10
9
10
24
10
31
34
17
10
6
17
11
43
17
24
28
11
10
17
11
22
248
4
14
8
14
11
12
30
25
10
38
13
13
4
27
13
19
18
16
18
25
17
20
14
8
6
25
11
10
18
9
17
11
9
10
16
4
116
23
14
15
12
9
34
7
23
13
18
6
28
30
17
13
15
16
20
16
30
14
20
17
11
11
10
15
10
31
13
11
13
26
8
17
23
19
27
12
14
7
12
8
14
10
12
12
188
6
4
11
12
8
20
2
11
38
17
20
10
9
302
5
15
7
17
34
15
14
8
63
22
22
14
14
10
24
19
14
21
7
22
9
6
13
17
13
16
11
120
5
10
16
10
18
13
17
13
4
10
13
17
9
121
16
30
9
71
42
15
5
20
15
13
12
35
11
252
18
9
20
15
2
13
21
15
20
3
20
13
11
33
16
24
37
9
27
12
11
15
19
21
25
22
5
18
16
26
48
27
15
13
16
6
15
13
5
7
9
30
65
11
17
25
3
5
17
12
7
18
15
15
29
39
22
9
53
13
17
4
14
10
8
8
6
9
128
15
6
69
23
18
13
2
15
8
8
8
25
67
17
8
9
8
12
46
9
8
18
12
14
21
15
5
20
7
17
23
9
9
12
11
6
32
11
63
11
4
10
220
29
13
10
13
30
16
64
14
32
36
2
6
15
16
9
21
10
37
18
4
17
1
23
11
10
7
3
24
25
12
32
13
7
9
9
3
24
7
11
19
6
34
10
10
5
20
129
56
16
8
11
17
3
5
15
18
25
43
21
15
29
24
36
11
20
7
24
18
10
23
10
9
22
31
3
10
7
19
11
41
46
15
8
11
13
18
35
13
8
24
35
8
16
107
92
42
30
17
32
19
17
10
7
27
16
27
66
255
4
14
11
23
17
17
20
14
8
27
19
14
8
29
12
17
8
7
39
4
16
13
7
17
30
22
10
10
9
26
14
16
222
13
15
15
79
35
8
11
5
23
17
18
30
7
25
12
4
11
11
58
12
8
19
9
13
4
29
17
17
37
15
7
16
13
7
162
21
15
16
26
47
59
13
6
12
169
10
12
49
9
15
11
9
25
8
17
11
11
20
18
8
14
9
29
38
12
9
4
160
6
10
7
13
25
12
50
15
20
53
26
13
14
20
11
20
16
7
16
12
15
15
8
8
12
10
18
13
46
20
49
8
79
19
11
23
10
9
11
12
10
12
12
24
5
19
8
25
19
31
9
14
23
11
11
9
10
8
6
32
33
72
12
16
43
17
14
34
76
10
21
30
14
17
13
25
22
17
25
18
6
35
15
9
11
9
18
9
16
8
40
42
14
13
10
112
10
14
17
13
11
14
38
26
28
7
12
20
56
9
22
7
31
12
82
5
15
50
7
26
29
10
34
16
4
25
6
16
24
15
30
10
14
9
7
50
4
11
67
9
25
15
7
8
27
17
50
28
12
7
18
7
12
6
22
697
13
8
18
11
13
16
14
31
18
15
15
14
19
395
12
25
15
16
12
10
12
19
8
14
57
32
3
11
9
7
5
11
23
11
12
20
10
25
7
10
8
25
12
11
10
11
18
13
12
15
124
6
16
15
5
15
8
13
8
11
15
125
11
20
22
22
66
23
4
25
21
18
17
8
11
11
17
9
16
32
34
14
16
36
10
63
51
9
25
8
3
23
8
12
24
21
5
11
13
11
19
24
13
15
24
8
21
2
16
30
19
35
12
19
10
10
9
15
29
32
11
22
14
7
12
12
25
12
14
35
85
13
9
21
29
13
38
83
35
11
14
12
8
12
16
8
12
12
17
10
8
11
23
7
24
18
10
11
8
18
25
5
14
19
16
23
20
18
29
26
9
17
26
18
11
368
20
25
9
14
33
24
8
16
6
25
15
3
15
19
8
15
7
13
29
6
12
6
24
10
40
16
6
11
20
70
41
5
15
15
15
82
12
8
9
12
25
22
18
10
2
8
10
11
19
16
5
11
34
9
102
19
52
13
21
5
28
8
42
11
13
27
14
11
20
17
8
9
4
154
3989
9
10
8
15
10
10
27
12
18
17
6
14
15
14
30
11
18
41
5
206
4
7
12
10
41
15
12
21
14
12
72
9
23
4
8
25
7
6
147
32
14
60
8
6
9
15
11
27
12
12
5
19
15
24
12
17
28
10
19
10
16
5
29
14
51
17
6
17
12
12
57
20
11
3
11
59
19
17
10
14
9
11
11
14
8
41
11
18
16
17
18
18
16
18
63
18
15
6
8
15
58
42
3
25
19
200
20
27
7
9
14
11
55
325
4
16
15
3
32
9
13
16
14
12
17
14
9
19
13
76
5
19
10
173
9
24
8
9
28
38
10
25
22
16
25
9
10
10
11
6
11
11
21
38
14
15
5
14
183
12
24
15
2
7
18
12
14
12
10
97
39
9
15
21
2
24
8
7
11
11
11
67
12
3
21
21
34
22
16
70
22
2
36
9
11
15
12
17
11
8
50
14
16
24
35
24
14
10
19
29
15
15
7
139
13
33
14
9
18
6
16
15
21
41
6
6
16
21
3
8
49
17
47
32
6
9
12
5
39
32
5
36
20
34
7
15
14
12
33
7
16
17
91
7
12
19
10
30
20
55
8
18
8
13
25
3
8
45
23
24
27
35
38
15
11
16
25
8
31
11
46
13
13
94
14
8
13
10
98
11
27
13
9
10
16
17
21
8
12
26
10
17
11
18
10
25
20
13
7
101
7
29
16
11
12
12
27
6
11
7
7
11
6
91
8
5
17
14
20
13
92
15
16
13
11
15
93
7
6
40
17
13
5
13
2
15
19
13
21
16
11
35
12
14
70
11
60
23
7
25
21
6
19
14
10
36
10
20
46
6
25
38
15
34
62
10
12
19
10
22
20
28
16
7
12
37
38
10
13
4
3
18
12
5
36
14
19
5
13
20
9
11
10
23
17
24
5
19
37
14
98
97
31
18
6
10
13
10
12
20
15
17
455
9
107
35
26
54
7
36
20
18
40
20
18
22
14
6
15
13
46
13
8
13
32
13
358
14
10
17
6
25
47
1067
14
13
22
6
23
16
15
22
116
88
12
32
12
15
26
172
24
23
13
97
16
36
17
16
18
106
28
15
93
9
30
4
8
24
10
43
35
20
4
8
15
6
11
19
15
9
26
19
20
3
11
33
12
7
18
19
231
36
12
11
81
19
11
5
7
78
7
20
12
15
8
23
8
17
13
32
92
6
6
7
6
1
15
5
21
14
12
19
6
13
12
57
41
75
13
32
24
19
10
13
32
10
18
7
4
25
25
52
19
125
14
15
9
12
7
10
14
26
22
17
17
33
4
3
31
10
14
18
20
8
53
8
26
42
35
10
22
11
16
8
10
22
34
8
2
8
18
10
10
7
17
11
35
42
10
12
19
7
13
6
16
18
12
14
13
5
8
35
17
37
22
8
18
14
27
23
53
10
18
29
16
14
24
13
15
16
10
8
11
8
27
16
12
19
200
30
98
14
12
19
56
16
13
11
13
12
33
7
9
12
5
17
42
16
16
11
15
14
17
20
71
28
40
13
28
22
11
17
26
10
19
4
20
35
14
9
9
33
15
9
32
9
13
55
9
39
12
15
12
14
9
14
15
23
9
7
14
53
11
7
15
855
12
4
23
5
17
20
17
23
15
19
17
7
24
31
12
5
19
20
58
30
11
89
46
18
19
9
10
19
18
21
124
22
11
8
14
8
9
21
15
30
10
13
39
57
11
19
15
16
10
7
15
16
6
9
16
14
4
69
11
6
62
6
18
19
23
11
7
14
162
8
45
6
12
18
7
11
12
16
16
75
3
11
14
13
17
13
15
4
17
12
12
5
29
22
24
22
83
114
25
62
16
18
14
12
25
23
16
18
6
12
10
13
14
28
13
20
47
58
21
6
6
10
260
6
57
89
8
16
27
11
6
8
17
18
124
63
3
19
16
21
41
14
13
9
13
8
16
28
6
11
14
39
20
14
26
22
18
19
49
10
8
21
42
33
18
15
7
26
79
24
9
15
14
11
24
23
7
13
10
23
21
12
20
18
4
17
14
26
16
14
18
136
13
8
12
39
13
16
30
13
7
7
8
21
15
22
25
10
11
14
8
26
29
5
5
7
19
10
11
6
13
24
24
47
19
6
3
17
13
24
6
8
10
39
9
23
705
12
9
22
18
12
17
19
15
44
17
27
36
53
23
21
42
15
31
16
41
23
35
35
41
15
22
10
10
5
43
20
6
10
11
5
12
12
21
14
29
15
10
14
15
20
16
17
44
7
18
16
18
8
14
11
3
6
18
6
17
14
6
18
11
11
23
21
94
36
6
8
7
26
22
15
12
14
22
14
48
41
24
18
23
4
13
11
14
11
12
17
19
12
17
11
16
29
12
13
7
18
29
10
10
6
14
12
17
22
13
29
7
5
6
16
34
27
9
26
11
12
12
8
12
34
64
23
17
17
5
18
27
40
17
4
35
40
12
12
15
12
9
9
17
8
15
21
12
23
12
17
32
31
34
19
26
14
19
14
5
10
13
11
7
13
19
41
15
13
12
10
13
9
41
37
32
58
10
14
16
11
21
21
60
52
12
21
10
14
27
17
16
41
11
16
91
7
25
9
15
40
12
21
21
10
41
24
17
22
3
7
17
33
20
20
8
19
7
16
50
9
10
11
4
12
11
15
21
19
18
23
32
14
10
11
6
32
6371
21
14
9
8
14
45
10
9
13
28
12
15
90
34
22
14
11
7
20
15
8
34
34
38
23
11
10
19
9
30
17
17
9
12
23
12
42
16
7
16
10
16
6
13
11
21
31
22
10
9
13
13
11
8
40
14
31
8
26
5
3
36
11
8
20
58
13
15
18
15
6
11
19
9
24
12
10
14
16
21
20
14
8
12
58
29
14
13
14
44
10
10
20
5
31
22
9
41
23
12
11
13
20
24
12
21
10
22
19
17
10
13
10
24
7
16
33
15
12
19
19
58
15
8
16
16
21
13
9
14
11
23
15
7
22
6
9
22
45
19
18
54
49
29
7
12
8
21
18
14
57
12
13
58
15
16
73
20
18
45
30
5
6
12
10
35
14
9
12
18
14
17
35
6
15
8
19
16
12
26
8
14
37
11
15
59
15
11
16
22
24
54
5
12
11
20
9
14
15
17
7
14
10
98
58
13
9
6
44
22
14
20
16
17
24
14
14
15
42
19
6
29
9
15
86
45
11
18
8
125
10
15
34
16
11
11
17
28
14
309
13
6
19
8
14
13
9
20
88
18
37
12
10
23
5
19
27
29
116
5
14
9
21
14
37
3
21
15
14
30
808
11
56
15
18
15
12
13
17
6
26
12
34
17
6
17
5
43
9
24
19
25
34
58
18
9
11
20
5
16
118
14
22
8
18
23
15
23
6
42
13
14
11
12
33
13
17
3
11
3
59
17
12
15
24
15
14
20
10
109
18
29
41
9
10
10
3
19
9
8
12
18
17
14
6
7
245
20
51
15
11
18
11
42
25
21
2
22
17
70
14
12
14
16
6
13
8
61
11
14
14
12
28
5
33
83
14
15
7
14
7
14
57
3
7
8
9
11
5
12
41
23
6
19
14
19
11
24
9
6
37
7
24
16
14
8
9
7
5
12
28
9
26
20
51
15
12
5
17
16
30
6
6
73
20
20
15
10
27
27
46
37
14
10
13
17
17
17
9
5
8
12
33
31
10
3
11
13
5
23
10
7
122
9
31
16
38
25
8
10
9
35
11
8
20
17
28
8
34
46
10
6
46
16
28
71
40
15
10
15
10
8
9
11
4
10
18
11
7
16
13
61
9
16
64
18
6
5
9
1
5
7
8
19
6
15
33
20
23
14
6
11
20
32
12
17
3
11
6
25
30
15
100
17
18
5
23
22
29
13
4
24
7
25
11
11
48
8
11
93
58
8
12
19
7
6
9
14
13
10
17
25
22
11
36
13
14
9
7
14
33
30
26
26
11
26
32
9
16
26
91
5
20
4
34
19
30
13
40
19
10
107
13
13
14
22
14
9
9
25
25
13
8
9
27
22
7
10
41
25
12
11
44
27
8
14
6
12
22
4
19
344
17
10
17
7
11
9
7
12
30
20
21
47
11
5
27
17
11
23
13
39
15
16
9
22
26
6
29
11
9
14
25
21
19
12
14
10
27
62
18
16
8
14
18
12
5
17
10
9
182
11
20
26
23
24
90
20
17
15
13
10
25
6
14
41
58
15
11
32
9
106
9
19
27
9
27
20
16
21
8
37
15
47
13
19
4
11
32
9
5
12
48
13
20
20
17
14
22
10
27
10
70
7
11
11
936
14
5
14
24
11
21
46
9
25
27
12
10
20
22
17
10
27
33
12
18
15
9
16
10
22
24
11
12
21
35
7
14
10
9
32
12
13
18
16
48
9
15
15
8
8
53
29
6
24
248
21
9
8
30
30
3
12
13
13
8
18
14
13
11
23
20
7
30
11
35
145
31
21
78
11
14
11
30
18
36
25
44
5
4
10
29
6
11
14
24
15
11
17
84
7
20
8
24
11
7
11
15
6
17
23
10
34
22
15
6
7
28
2
13
20
23
12
10
10
968
18
4
6
20
22
9
37
33
56
44
10
50
45
13
11
8
13
12
5
20
12
22
10
18
24
49
40
10
13
6
11
22
13
110
16
18
7
13
9
138
12
10
26
21
13
50
132
3
34
8
17
11
16
20
19
48
12
12
45
8
10
19
16
24
16
7
27
20
7
13
9
86
14
9
12
13
12
7
15
19
25
11
4
8
7
12
49
8
10
7
7
16
15
36
8
18
18
8
10
6
14
34
15
7
10
23
22
20
34
21
18
23
9
18
53
9
6
15
6
12
69
18
23
13
24
3
18
9
70
17
36
9
57
7
14
16
5
20
11
1
37
20
13
8
11
5
20
12
11
7
12
6
12
39
7
10
8
7
8
18
48
7
16
15
10
14
25
7
55
23
21
7
23
10
10
27
12
25
15
43
30
10
12
13
16
7
33
43
9
97
43
7
31
24
18
11
21
17
10
12
20
16
50
7
8
49
35
20
12
22
13
24
8
31
10
16
228
7
13
10
24
41
20
6
16
17
13
14
15
2
10
150
21
23
23
14
41
2
18
10
17
14
74
23
12
41
50
77
4
14
10
11
33
16
11
18
22
3
10
16
24
12
6
61
28
25
23
13
15
8
25
10
14
62
26
7
8
12
44
6
11
24
12
7
72
22
6
15
9
3
12
12
11
14
15
60
13
15
17
12
9
12
17
47
11
7
18
9
5
6
15
11
62
22
14
14
14
16
31
21
28
2
16
20
9
31
4
16
14
30
18
184
56
16
4
19
15
39
10
14
8
21
14
18
37
10
12
26
20
22
67
100
26
23
11
12
308
10
13
10
455
6
18
13
14
6
8
12
14
7
43
9
40
10
18
13
33
49
4
35
244
7
35
9
8
1
9
23
299
19
2
9
13
15
14
9
21
6
19
8
208
15
20
9
27
27
67
26
6
33
8
15
28
10
25
16
14
8
29
102
15
17
15
30
4
882
10
32
98
160
11
19
20
31
40
26
21
21
49
64
8
9
9
27
48
8
13
20
9
47
13
4
27
18
59
12
10
3
10
12
34
19
20
13
10
19
22
12
33
7
13
8
17
5
13
12
7
51
10
9
2
10
12
8
11
4
21
15
15
6
6
39
12
7
9
6
9
19
38
28
18
14
17
59
13
12
70
32
19
9
12
32
21
17
10
14
24
12
30
24
16
9
36
9
9
62
23
6
11
29
10
24
11
31
47
51
33
9
63
23
11
61
20
29
11
6
20
4
12
15
29
12
10
13
18
19
32
9
8
12
8
446
33
4
13
9
42
8
32
13
28
9
5
73
12
17
12
15
8
12
16
15
21
15
11
11
35
12
12
25
87
15
71
12
22
29
13
11
7
8
9
7
195
10
27
8
8
7
28
8
15
14
23
9
18
41
20
12
6
10
6
5
4
6
45
16
33
32
21
9
13
70
20
6
46
35
7
76
8
37
223
46
17
9
12
22
13
71
58
8
10
16
11
25
24
5
9
17
7
7
26
6
27
11
13
393
9
14
14
17
42
29
26
10
42
19
45
11
60
21
108
11
38
13
15
15
8
13
15
23
46
16
21
15
10
24
18
18
17
8
17
22
8
16
12
11
25
37
26
18
6
45
23
9
19
23
51
15
13
16
15
13
7
10
14
23
15
9
4
25
6
19
8
18
10
10
21
14
28
19
7
12
15
28
25
8
9
31
6
9
9
7
16
21
12
12
12
96
36
9
44
68
23
9
6
14
20
21
13
11
33
11
28
14
8
18
26
5
27
17
6
13
214
17
6
8
12
23
20
17
27
28
276
15
16
16
49
20
16
20
14
34
60
4
30
20
17
9
15
43
23
3
37
33
19
21
20
33
6
14
36
20
14
50
7
13
26
47
26
7
10
28
11
5
34
7
80
44
20
34
15
12
18
16
39
24
36
6
84
12
13
23
9
30
7
17
11
17
29
18
10
19
9
17
9
4
15
9
11
20
62
9
16
16
17
26
7
16
20
21
8
89
4
29
738
42
16
8
8
17
24
40
5
15
19
42
30
12
5
14
9
33
15
16
41
681
37
118
568
7
18
15
9
12
15
25
5
4
6
22
28
18
11
20
17
11
5
10
10
20
15
8
13
17
31
11
11
11
6
10
11
14
12
17
7
27
9
17
7
18
17
8
18
8
12
9
15
9
8
10
23
31
12
8
22
9
26
101
20
12
4
54
24
5
89
16
10
14
31
11
18
44
31
9
21
13
24
24
9
9
49
17
15
10
13
8
14
41
473
78
10
7
12
39
22
6
29
11
12
53
5
8
4
17
58
5
6
64
16
12
9
31
20
71
6
16
5
11
14
16
16
9
8
17
6
13
40
3
7
19
32
160
16
12
11
11
59
43
36
46
28
9
7
21
16
20
14
35
5
5
4
15
13
200
46
14
13
6
30
19
7
13
31
8
12
8
9
11
11
8
16
18
40
14
8
18
9
19
29
12
8
14
48
10
12
16
5
8
9
37
14
5
6
18
9
27
9
21
11
12
39
10
4
10
20
9
35
9
18
15
11
21
20
33
21
14
4
24
92
10
43
21
32
4
8
4
35
12
18
58
8
43
11
11
4
23
11
16
11
14
12
18
14
32
5
18
17
40
32
4
15
18
18
16
14
45
43
25
22
32
20
19
13
693
4
10
7
10
4
24
10
11
21
13
7
18
29
11
5
6
10
12
8
22
5
29
10
24
9
18
11
13
12
26
20
66
11
16
10
4
14
9
12
8
20
30
10
15
9
23
12
20
16
20
57
18
9
19
12
48
11
18
8
12
25
43
15
9
25
12
3
10
34
119
7
11
6
42
62
20
11
12
18
14
5
7
9
19
20
2
23
51
14
37
10
17
10
19
34
9
19
31
14
20
9
10
22
151
33
6
4
17
23
6
33
4
10
37
23
11
17
11
25
9
11
13
18
41
17
20
33
29
14
33
5
4
15
14
11
122
13
20
16
13
19
14
20
10
10
57
6
20
11
9
20
4
25
16
16
15
8
7
26
29
14
5
49
17
6
8
5
8
11
25
26
5
60
10
10
11
19
19
5
95
9
9
6
18
10
31
4
11
8
7
17
10
26
10
32
77
16
14
13
17
29
24
13
27
27
13
11
8
26
9
9
14
18
27
12
10
40
15
10
134
19
29
13
19
11
13
6
24
12
19
88
9
257
11
36
15
12
13
23
6
3
12
8
16
6
14
41
11
8
12
22
39
13
10
8
7
25
21
21
25
14
14
122
7
14
65
4
24
25
18
16
27
22
33
4807
12
16
26
16
12
21
12
5
12
10
11
4
13
38
19
10
26
12
20
30
34
16
11
22
11
31
14
8
33
13
13
28
15
6
5
12
10
18
10
19
12
30
21
14
27
17
33
24
17
10
8
11
19
13
225
2
16
38
14
6
28
11
4
9
9
5
28
23
25
47
38
19
5
13
33
15
7
11
9
10
4
5
14
15
32
14
11
7
5
12
22
25
16
12
22
18
85
12
24
20
17
7
14
8
25
27
29
15
13
51
15
14
10
11
14
13
91
3
16
4
15
16
13
15
36
7
7
20
9
7
12
21
10
4
11
44
29
90
32
14
812
46
18
17
6
13
25
82
9
11
27
16
59
11
554
11
9
15
12
16
3
8
345
18
21
26
21
17
11
16
19
11
14
40
37
20
23
82
11
20
10
2
19
10
21
4
12
19
11
71
16
12
10
7
7
12
8
17
22
20
32
22
5
24
6
5
8
34
186
3
5
39
10
19
51
24
8
4
21
35
15
16
17
17
6
13
16
19
5
21
17
12
52
9
16
50
21
20
11
32
15
14
9
19
20
6
18
5
24
106
9
13
11
27
29
21
14
38
8
13
75
28
11
13
3
13
24
25
22
11
24
8
14
103
19
11
11
180
21
11
19
9
9
12
28
38
3
36
13
9
10
22
22
19
3
24
23
30
16
16
10
21
9
19
20
8
7
95
7
15
24
18
9
12
36
11
10
16
6
14
18
36
14
9
25
17
26
7
5
11
15
25
3
26
24
8
14
25
58
7
24
9
21
23
93
22
401
20
10
18
5
11
8
39
9
19
15
21
19
13
9
18
9
7
17
18
19
8
12
22
40
18
8
10
41
9
9
60
8
12
13
23
19
16
12
10
17
17
12
18
12
92
2
17
14
15
16
24
12
22
19
12
46
19
5
473
14
16
83
16
11
38
13
34
17
32
8
15
25
19
47
8
20
28
47
19
25
26
23
5
20
6
7
4
32
21
1061
25
20
12
9
22
11
6
8
15
50
21
31
5
12
14
27
13
59
11
19
14
21
9
7
29
31
17
15
13
18
20
13
13
10
30
36
34
58
22
13
0
27
45
18
14
19
11
9
23
4
8
15
12
13
8
8
104
6
34
17
7
29
10
27
20
8
7
11
41
45
16
9
7
11
36
14
11
17
4
12
195
47
16
11
23
13
84
17
41
9
16
9
24
6
21
1
308
9
8
8
31
9
18
23
23
14
47
14
10
20
12
30
16
32
16
12
57
78
17
12
26
11
17
24
15
18
15
5
6
20
7
10
16
120
12
24
27
12
46
7
17
10
31
19
15
18
21
63
21
29
16
22
57
15
9
9
13
14
13
7
14
18
4
4
112
14
9
23
33
18
6
13
89
25
12
19
30
24
13
16
63
11
50
20
11
16
8
10
13
26
21
6
6
22
24
8
10
14
18
20
12
12
6
13
38
164
22
12
19
10
18
47
20
14
17
4
36
20
20
10
23
23
21
8
25
19
10
9
18
13
25
15
16
13
27
6
22
12
18
8
38
20
6
32
68
17
6
32
15
33
10
30
7
16
10
13
16
7
22
24
23
14
48
13
25
10
15
15
15
6
29
16
18
114
8
13
11
25
7
19
7
18
13
548
39
10
13
6
47
6
24
15
7
9
13
152
61
19
6
17
14
14
8
60
12
10
12
12
9
13
23
21
12
7
14
16
16
23
8
12
18
40
25
24
6
33
16
17
10
11
37
5
17
9
8
3
25
17
13
20
13
16
5
28
42
7
12
10
28
20
11
8
20
19
7
18
13
7
10
26
8
8
28
25
7
10
41
11
6
16
1
29
23
20
12
8
19
5
9
20
18
10
10
29
25
274
46
7
12
18
90
12
10
11
15
22
14
15
10
200
11
25
8
70
11
24
17
18
12
67
11
78
19
17
12
16
15
11
48
12
80
6
47
45
11
15
2
8
21
13
18
11
21
35
19
20
32
12
21
11
9
10
10
10
9
24
21
16
33
9
24
36
27
8
9
23
5
30
17
8
26
17
5
22
32
34
13
16
15
6
12
12
7
17
14
32
27
13
88
19
12
12
10
7
17
40
111
25
6
6
16
13
16
8
250
23
23
18
25
6
7
3
16
18
17
5
18
21
18
24
13
27
16
8
22
17
20
12
16
44
9
7
14
16
21
7
55
11
48
29
21
12
11
39
110
70
17
23
11
28
9
11
10
5
13
7
19
16
22
59
25
100
51
19
15
10
5
18
7
17
7
5
19
14
12
14
11
12
24
8
19
20
17
16
16
7
27
12
9
26
27
11
15
15
11
6
6
4
26
9
33
31
9
12
44
20
20
27
16
11
24
32
234
30
10
14
29
10
8
20
27
9
9
6
15
11
11
17
16
35
10
12
14
9
13
14
9
8
6
18
23
39
19
13
21
25
10
13
12
17
34
29
19
19
14
34
81
11
8
16
45
9
7
25
3
23
14
20
55
30
2
4
7
14
27
14
55
3
9
31
11
11
9
9
44
21
10
9
24
6
19
12
17
20
5
38
19
8
16
11
9
16
20
95
22
10
17
39
43
6
12
156
18
63
104
5
8
5
11
26
8
15
27
6
9
17
14
30
14
11
20
8
11
9
16
41
12
13
17
6
10
16
23
14
28
11
6
38
21
15
20
14
15
5
28
18
10
26
12
43
17
22
50
6
8
24
11
57
163
4
17
11
8
12
17
45
46
12
12
9
45
17
12
18
9
24
8
12
17
6
51
24
11
69
9
13
57
7
12
16
10
46
19
12
12
9
4
9
47
22
13
68
11
21
27
15
7
24
9
39
27
82
4
17
12
26
35
17
108
31
9
9
20
5
5
15
15
12
27
33
18
14
30
12
3
14
17
15
7
18
9
32
14
18
18
12
19
11
21
21
18
85
15
23
7
5
19
10
10
15
18
7
34
18
52
33
31
11
17
14
6
15
14
4
29
10
11
41
26
26
26
20
3
27
12
10
8
4
22
21
13
15
23
10
17
16
8
31
10
10
36
12
18
114
11
21
32
31
5
68
14
13
5
23
5
14
277
21
21
22
12
13
62
47
15
29
41
20
43
12
4
10
20
14
26
26
8
8
22
19
7
21
9
25
14
14
14
16
30
18
49
6
20
27
32
87
11
10
7
12
12
6
18
6
12
32
28
35
14
21
3
10
73
5
14
12
29
14
11
10
26
8
34
40
11
14
14
10
7
28
24
9
26
89
25
25
58
18
3
54
21
6
8
27
131
11
27
10
11
16
280
3
8
19
19
14
12
10
13
31
29
8
29
9
30
10
19
14
5
43
11
11
25
14
30
15
17
13
6
39
10
53
17
30
22
28
10
66
42
6
20
42
13
15
13
61
15
24
11
12
9
12
16
93
11
22
3
23
29
23
17
15
24
3
22
5
1
6
31
18
52
23
35
7
7
18
33
26
11
62
14
14
1170
42
16
12
8
16
10
12
7
17
15
14
72
5
19
7
8
42
81
14
7
18
83
32
14
15
35
9
11
30
24
8
24
10
24
11
8
9
81
16
12
43
104
6
7
16
15
13
25
28
10
15
79
7
14
28
119
23
49
72
10
12
17
17
14
9
2
12
10
31
16
13
8
17
15
9
12
16
18
30
21
31
18
1
14
20
18
13
24
14
14
20
12
22
35
11
7
13
21
22
16
96
33
12
8
25
10
19
16
17
685
14
7
9
14
14
29
15
14
20
5
9
17
7
12
15
14
25
9
31
10
18
6
7
9
27
10
13
18
15
14
12
26
16
10
10
18
86
17
7
31
15
27
12
8
26
12
7
17
24
173
16
3
5
10
26
10
23
20
534
4
9
26
8
7
11
24
6
76
17
11
22
27
13
10
10
13
12
12
11
7
8
5
5
6
18
4
9
7
63
13
14
19
12
59
12
14
11
10
7
29
3
6
48
14
45
19
10
5
10
5
12
13
7
50
65
33
73
23
11
69
9
22
10
37
21
19
27
25
32
21
15
35
8
9
19
15
10
13
9
9
20
64
33
14
10
15
18
5
15
15
30
102
24
7
6
268
17
12
11
18
13
15
46
23
20
46
0
16
17
15
19
20
11
14
12
46
10
17
39
14
15
459
6
16
11
9
12
16
70
15
4
3
16
25
13
8
12
20
7
13
6
6
16
6
21
33
16
10
10
16
114
5
12
14
12
8
12
10
28
13
17
8
9
35
39
16
15
15
16
6
25
214
9
28
19
5
21
4
9
22
17
17
17
9
34
9
24
8
6
7
5
22
14
10
14
8
20
6
34
16
11
19
15
12
377
67
13
10
32
16
19
10
12
10
7
13
15
72
11
20
17
71
18
4
14
7
27
9
11
64
21
31
10
21
7
18
27
13
21
14
16
18
25
46
2
6
21
39
31
63
8
13
19
16
10
17
28
32
4
12
15
13
19
10
19
3
8
20
7
19
12
5
8
18
20
18
25
18
8
12
7
112
14
16
9
6
8
23
12
18
6
21
18
23
34
35
16
4
5
19
8
17
16
50
86
16
15
20
62
20
17
29
9
15
9
25
12
14
30
62
16
68
4
6
2
5
9
12
77
9
18
23
13
25
12
15
23
13
13
8
15
36
16
14
7
12
11
12
17
45
18
17
66
16
16
28
13
7
10
10
10
27
6
24
13
76
17
22
14
11
57
12
15
5
63
28
20
5
18
29
15
66
7
16
24
10
12
30
11
87
21
11
18
10
11
9
15
10
19
30
16
25
7
18
39
18
14
4
22
26
5
13
11
24
16
12
13
16
24
36
11
12
58
19
4
14
12
79
5
5
13
15
12
3
39
12
29
18
21
7
23
12
13
29
22
21
34
55
13
13
10
15
17
39
18
25
21
16
8
4
12
10
5
18
7
16
17
20
12
24
5
14
21
39
25
3
13
20
2
22
24
7
17
17
15
22
9
15
15
13
18
13
19
14
26
10
10
12
6
11
10
18
16
4
11
24
67
21
31
18
7
13
17
16
43
13
14
11
23
33
17
15
7
13
12
27
17
41
16
5
10
13
10
24
44
18
18
4
16
51
7
17
11
21
2
202
13
18
8
11
14
12
13
11
10
36
12
63
17
28
7
40
44
9
17
27
21
15
16
4
16
10
30
11
13
22
14
12
48
233
14
14
15
11
30
6
18
8
6
27
11
14
21
20
6
13
16
9
150
14
13
7
11
14
8
14
31
12
3
14
19
39
27
23
9
18
16
8
12
32
9
43
8
14
14
24
9
11
2
17
4
16
31
19
31
12
10
5
11
15
14
5
10
11
11
15
14
37
13
