1
2
5
1
9
0
1
1
4
3
1
3
0
0
18
1
0
0
0
6
5
10
1
0
1
6
1
9
5
3
2
6
29
345
1
16
2
2
7
13
5
4
7
5
124
4
29
0
32
1
4
0
2
4
4
2
29
0
2
4
0
3
2
25
29
0
3
7
4
3
12
2
0
23
8
3
3
0
2
0
0
5
1
4
0
0
2
1
3
10
5
29
13
15
1
0
7
2
0
39
7
7
0
0
3
1
9
1
2
1
3
39
16
9
39
11
7
15
21
7
4
1
1
9
1
9
0
1
1
3
24
16
18
28
3
1
2
1
1
4
6
4
8
1
1
23
1
0
2
10
0
0
15
1
77
3
1
48
6
1
5
1
3
0
1
1
13
4
8
0
14
6
0
3
0
2
2
0
11
2
3
3
0
3
21
1
7
1
8
4
3
6
12
3
1
1
10
1
2
1207
1
1
12
1
1
8
3
1
8
2
12
3
0
5
10
7
1
1
3
0
0
19
6
39
3
1
37
3
2
13
2
4
10
4
4
7
2
6
1
5
2
16
1
1
9
9
2
1
2
0
0
0
26
1
2
13
0
12
67
1
2
2
4
5
2
3
1
2
1
6
41
1
0
2
4
3
0
2
0
3
7
3
9
1
1
6
6
1
25
7
79
1
1
0
1
4
1
3
3
5
6
4
1
0
1
2
9
2
2
4
1
22
1
2
3
6
1
0
3
0
0
12
2
4
1
0
21
34
1
17
0
2
5
15
1
1
4
4
3
15
1
8
6
18
0
0
0
1
4
1
4
37
1
2
43
0
8
0
21
3
0
94
2
0
26
19
3
0
5
1
3
13
0
1
2
1
8
3
0
1
0
2
0
7
1
1
2
6
2
36
3
1
0
3
0
0
4
0
3
8
0
27
6
5
13
0
2
0
1
0
12
2
1
0
6
1
2
63
2
2
0
3
0
11
1
14
1
2
130
2
0
1
3
8
4
38
12
3
2
29
4
3
1
18
0
2
4
69
14
9
0
10
0
12
5
0
8
0
112
0
1
5
3
0
58
13
3
0
0
9
26
2
65
1
1
0
13
0
1
0
325
1
228
0
12
0
0
3
2
1
4
2
1
11
2
3
3
1
12
2
1
2
5
1
9
0
1
1
4
3
1
3
0
0
18
1
0
0
0
6
5
10
1
0
1
6
1
9
5
3
2
6
29
345
1
16
2
2
7
13
5
4
7
5
124
4
29
0
32
1
4
0
2
4
4
2
29
0
2
4
0
3
2
25
29
0
3
7
4
3
12
2
0
23
8
3
3
0
2
0
0
5
1
4
0
0
2
1
3
10
5
29
13
15
1
0
7
2
0
39
7
7
0
0
3
1
9
1
2
1
3
39
16
9
39
11
7
15
21
7
4
1
1
9
1
9
0
1
1
3
24
16
18
28
3
1
2
1
1
4
6
4
8
1
1
23
1
0
2
10
0
0
15
1
77
3
1
48
6
1
5
1
3
0
1
1
13
4
8
0
14
6
0
3
0
2
2
0
11
2
3
3
0
3
21
1
7
1
8
4
3
6
12
3
1
1
10
1
2
1207
1
1
12
1
1
8
3
1
8
2
12
3
0
5
10
7
1
1
3
0
0
19
6
39
3
1
37
3
2
13
2
4
10
4
4
7
2
6
1
5
2
16
1
1
9
9
2
1
2
0
0
0
26
1
2
13
0
12
67
1
2
2
4
5
2
3
1
2
1
6
41
1
0
2
4
3
0
2
0
3
7
3
9
1
1
6
6
1
25
7
79
1
1
0
1
4
1
3
3
5
6
4
1
0
1
2
9
2
2
4
1
22
1
2
3
6
1
0
3
0
0
12
2
4
1
0
21
34
1
17
0
2
5
15
1
1
4
4
3
15
1
8
6
18
0
0
0
1
4
1
4
37
1
2
43
0
8
0
21
3
0
94
2
0
26
19
3
0
5
1
3
13
0
1
2
1
8
3
0
1
0
2
0
7
1
1
2
6
2
36
3
1
0
3
0
0
4
0
3
8
0
27
6
5
13
0
2
0
1
0
12
2
1
0
6
1
2
63
2
2
0
3
0
11
1
14
1
2
130
2
0
1
3
8
4
38
12
3
2
29
4
3
1
18
0
2
4
69
14
9
0
10
0
12
5
0
8
0
112
0
1
5
3
0
58
13
3
0
0
9
26
2
65
1
1
0
13
0
1
0
325
1
228
0
12
0
0
3
2
1
4
2
1
11
2
3
3
1
12
2
0
0
0
0
40
1
4
3
24
0
4
1
19
3
1
3
2
4
1
0
17
1
0
42
2
16
51
61
7
3
2
6
0
10
4
7
1
1
1
0
1
3
4
3
5
7
23
1
7
4
2
2
0
2
1
2
6
4
0
0
0
3
1
4
2
0
17
1
12
19
8
12
1
0
3
10
2
6
1
7
0
1
5
4
4
3
27
6
11
13
0
15
3
6
0
2
3
1
1
15
0
4
3
2
0
4
11
10
66
0
1
0
1
1
0
3
8
0
1
1
169
3
6
9
3
0
1
27
3
3
2
10
1
0
2
0
0
53
16
10
0
2
5
0
6
0
3
0
4
0
8
3
6
2
10
0
3
5
9
0
3
5
2
9
0
3
1
16
3
3
2
0
75
10
2
2
5
3
14
14
1
6
17
2
2
2
10
5
2
120
3
0
7
1
0
1
5
27
0
2
2
2
3
21
0
0
0
2
7
19
6
4
16
2
5
1
2
3
0
9
3
0
6
7
1
0
0
8
0
0
5
1
14
19
5
0
0
28
32
0
11
0
6
2
12
8
12
5
13
0
3
1
1
2
1
68
2
0
0
7
20
6
1
2
10
3
0
4
0
1
5
6
1
3
4
2
1
11
1
12
4
10
44
1
116
5
0
3
13
12
4
0
0
0
1
5
8
1
8
11
11
1
11
3
1
32
24
0
2
0
0
5
32
8
11
0
21
1
116
111
5
3
4
1
5
0
0
0
1
1
4
1
1
12
1
2
15
1
2
3
0
1
1
13
19
15
1
249
54
1
20
3
0
2
23
2
5
5
12
1
0
1
4
0
1
2
3
1
1
6
46
4
6
4
2
1
3
4
2
4
2
2
0
5
0
1
1
4
0
2
73
1
4
21
3
0
5
3
4
3
6
1
2
39
0
3
2
8
3
1
4
3
0
9
0
0
0
6
2
0
11
2
1
0
0
14
23
1
0
7
0
3
199
1
1
1
7
1
2
5
2
16
24
28
14
21
14
8
1
2
11
1
1
5
0
1
1
0
6
2
1
2
3
1
2
1
16
0
1
0
5
38
2
4
2
7
30
3
0
18
3
0
27
97
0
2
0
4
2
2
1
28
6
0
16
9
0
11
9
2
14
1
1
20
0
2
4
18
1
5
4
4
1
1
5
1
4
0
3
2
1
14
0
2
0
0
1
3
1
5
0
2
0
55
9
7
2
9
2
3
4
3
2
1
3
0
30
4
4
14
4
23
2
1
9
3
15
6
3
7
10
2
0
1
1
28
1
16
6
11
6
78
1
6934
3
2
2
0
1
2
41
0
0
3
4
3
3
4
6
3
2
6
3
7
1
4
17
0
0
1
10
4
1
2
4
0
2
2
2
15
4
4
8
0
4
146
713
4
1
0
10
23
15
2
1
1
6
2
8
2
3
23
4
1
1
0
5
6
88
7
3
6
4
0
0
0
0
1
11
3
2
20
2
5
0
0
8
1
0
3
3
6
62
8
1
1
5
1
2
2
4
1
0
1
7
1
9
5
3
1
11
3
0
7
20
8
1
2
7
10
1
1
0
5
3
1
0
3
124
1
5
52
14
3
3
21
1
0
1
1
8
4
44
53
1
0
0
1
18
5
5
18
5
3
3
1
1
5
0
6
46
13
1
9
1
0
1
1
2
6
2
4
1
2
5
1
0
0
10
0
4
1
1
80
1
2
0
1
7
0
4
0
3
12
39
0
1
28
14
2
0
1
680
3
10
1
1
1
1
0
1
2
3
2
36
0
6
0
1
51
1
1
87
3
0
2
28
17
3
4
1
2
1
0
1
3
0
7
0
2
0
3
3
1
6
0
13
6
0
0
5
6
2
20
1
3
3
5
2
9
1
0
0
2
6
27
4
0
10
3
24
3
2
1
1
13
4
4
0
9
3
0
1
1
1
11
11
4
5
4
0
0
0
2
7
4
3
14
2
5
2
9
7
1
1
1
7
0
2
9
0
4
3
3
1
0
6
0
3
0
2
6
1
0
7
8
5
6
0
21
17
20
2
4
0
0
0
0
0
3
0
8
8
682
17
17
2
7
0
4
3
2
0
0
3
3
1
2
46
3
3
0
3
0
1
202
1
0
0
15
6
1
1
3
12
0
6
1
3
0
20
12
28
1
0
8
2
2
3
1
1
1
0
4
9
0
0
1
11
3
3
9
1
1
1
2
3
0
4
0
0
0
0
0
8
3
1
3
6
2
2
1
38
4
3
0
0
4
0
2
0
1
2
0
80
6
2
18
14
3
0
4
6
8
75
48
1
3
4
3
2
28
0
21
13
0
1
31
1
6
20
2
1
1
4
1
2
2
68
12
0
0
7
0
9
5
1
2
15
4
5
1
4
1
12
19
0
2
2
2
5
8
0
0
3
8
2
5
5
1
2
2
4
1
3
0
0
0
0
4
0
1
0
10
0
9
14
4
10
15
8
0
3
18
9
4
2
2
0
1
3
3
13
2
4
0
2
1
0
4
7
2
0
0
0
60
2
0
3
6
22
1
6
24
5
4
0
2
40
0
4
7
2
10
4
0
1
0
0
4
103
2
698
3
4
1
0
4
6
8
5
4
3
4
1
1
5
6
3
0
0
0
0
5
14
22
2
18
2
3
1
1
2
3
4
17
3
18
0
10
2
7
37
6
3
1
9
45
0
0
1
3
2
0
1
1
3
0
6
0
11
1
0
0
2
1
0
0
4
1
13
2
2
4
0
1
0
1
0
17
1
5
4
9
1
1
3
0
17
1
5
17
1
3
9
0
4
13
1
1
7
1
8
0
1
0
2
9
0
0
4
9
57
1
0
20
2
0
7
1
4
4
4
5
5
1
2
1
2
30
54
2
0
4
3
2
3
15
4
19
0
0
17
1
3
5
1
1
6
3
1
3
0
7
2
1
10
3
0
1
0
4
2
160
20
1
2
316
0
4
1
3
3
2
19
0
69
9
5
26
0
0
0
0
2
1
2
0
43
2
1
1
1
15
2
1
2
0
4
32
2
7
0
1
2
2
0
8
3
6
6
0
71
0
2
1
1
8
3
1
3
6
2
3
0
46
8
0
2
9
3
15
1
0
1
0
0
3
71
1
25
0
3
65
1
1
12
1
0
2
1
2
0
1
1
1
0
5
15
0
5
2
78
0
0
0
4
3
16
0
8
29
3
5
28
4
1
9
5
24
2
20
92
25
13
0
1
0
6
0
27
14
1
3
0
3
1
2
4
3
7
4
7
4
0
1
23
11
4
0
5
1
1
0
2
1
2
0
4
6
1
0
0
2
3
7
3
0
1
0
4
0
4
2
1
2
5
3
5
5
20
3
1
3
0
4
0
5
10
0
1
0
0
156
2
1
0
19
5
0
42
1
1
5
3
6
2
5
1
6
10
2
6
3
2
1
5
2
0
2
0
0
0
1
7
3
1
1
5
4
2
2
7
8
0
14
1
0
1
5
12
2
2
4
0
0
1
2
0
1
6
0
0
1
31
2
0
0
1
153
9
30
1
13
3
3
3
0
1
1
3
1
0
4
10
4
6
0
18
4
1
2
7
1
13
0
0
0
4
2
0
33
3
2
6
3
3
1
46
17
3
0
4
1
2
1
3
7
65
12
0
5
0
1
3
1
4
4
1
2
3
0
4
1
1
2
37
6
0
1
6
16
4
13
1
1
1
10
0
2
3
9
5
0
12
0
10
0
0
0
1
0
17
1
25
1
4
42
0
11
0
4
3
23
6
4
1
5
3
6
1
4
1
0
44
0
2
2
2
0
3
5
6
7
2
1
0
10
3
9
2
0
3
8
1
5
41
1
0
7
0
2
3
2
0
1
2
115
2
0
16
6
2
12
6
0
0
3
95
0
97
4
1
0
7
6
3
3
8
4
1
17
6
5
2
0
140
5
7
0
2
37
1
2
4
7
0
2
2
0
0
0
1
4
2
1
1
1350
0
2
2
4
44
0
8
1
0
1
0
1
2
0
5
1
6
0
1
21
6
1
2
1
0
1
1
1439
22
123
2
19
3
66
0
0
1
2
10
1
2
0
1
5
23
4
21
8
4
1
13
0
0
1
3
2
3
2
2
1
1
3
6
2
11
2
13
0
5
42
0
6
1
4
2
3
101
5
0
2
0
0
3
2
0
2
23
1
3
1
0
0
13
67
17
1
1
0
0
8
2
1
9
2
8
3
15
4
9
0
0
3
0
2
0
0
5
0
7
0
2
0
3
2
2
3
1
25
14
0
3
4
23
0
6
0
4
9
3
1
20
10
7
1
13
3
1
4
14
1
1
7
0
247
1
1
2
2
1
1
0
199
5
4
2
0
2
5
1
1
0
4
1
0
0
16
0
1
4
10
1
1
0
2
1
0
0
2
6
2
66
19
4
4
13
12
23
1
22
0
20
6
13
2
4
1
71
1
0
0
1
0
1
3
7
2
2
6
9
1
258
10
13
0
0
5
3
27
8
1
3
1
4
17
147
0
6
0
0
0
6
3
10
8
11
1
4
53
2
51
0
0
7
0
12
10
1
0
2
4
3
9
2
1
3
2
2
0
9
6
6
3
97
2
14
21
27
4
5
77
10
3
9
863
11
21
3
0
1
0
13
2
0
0
0
7
0
3
28
1
7
10
1
0
1
1
6
0
0
0
2
2
47
10
10
0
0
17
7
2
32
1
30
43
9
3
5
26
2
0
18
7
8
1
1
2
7
1
34
0
1
1
4
7
61
2
55
3
28
0
0
7
2
0
4
5
38
54
0
3
0
0
2
1
3
7
1
13
26
0
1
6
28
0
1
0
12
35
9
0
0
0
1
0
5
1315
0
321
1
3
17
3
2
4
22
11
9
8
3
10
5
0
128
15
2
0
2
2
9
0
1
3
0
0
6
7
5
4
1
2
1
1
0
5
0
4
4
2
4
11
14
29
0
2
0
0
2
3
2
5
1
2
2
7
0
1
11
9
5
2
16
0
5
13
3
0
85
68
6
6
1
0
9
0
3
11
1
2
2
0
5
10
7
1
17
2
2
5
0
1
33
0
0
1
0
4
0
1
2
1
0
2
0
2
6
2
4
1
2
5
4
16
1
4
6
0
10
9
2
11
0
0
1
5
1
5
2
0
5
5
20
4
7
18
10
3
2
2
4
1
3
12
0
6
1
8
8
0
2
0
7
1
6
11
2
17
4
0
0
2
6
5
3
1
0
3
0
7
4
2
19
7
2
22
0
3
14
0
4
0
0
2
15
6
4
4
2
0
2
8
10
2
20
2
5
29
1
65
10
22
19
2
0
27
22
2
6
37
0
4
17
0
2
3
5
0
2
0
10
22
1
2
16
0
4
9
2
25
3
2
4
0
1
2
0
0
5
0
3
12
1
1
0
1
7
16
0
12
3
1
1
1
3
57
1
0
4
3
4
8
2
0
1
20
17
1
5
1
1
1
3
10
4
0
7
2
1
8
0
1
0
1
0
0
4
3
2
5
2
6
0
3
3
0
11
0
35
3
7
14
1
1
6
1
0
3
1
0
2
43
0
13
70
3
8
1
0
27
8
2
0
2
4
12
10
2
1
2
1
4
17
18
0
19
5
11
2
0
0
1
147
5
0
1
3
1
31
0
2
0
1
1
0
7
5
3
4
4
2
1
0
19
27
3
2
0
0
0
9
0
4
3
1
4
2
0
287
0
48
0
1
4
30
0
2
0
53
0
4
1
1
0
5
1
1
1
8
6
2
5
741
2
18
19
2
4
1
40
0
8
0
3
3
0
1
1
1
0
7
7
0
15
2
12
1
4
19
1
0
0
18
2
0
2
0
1
0
3
0
0
0
5
1
4
2
0
3
3
1
3
12
2
28
1
0
0
1
1
5
4
0
137
6
3
0
1
0
4
0
2
1
2
2
6
0
11
1
2
2
0
3
6
0
1
6
5
1
8
1
6
1
0
3
0
5
5
3
2
0
19
0
4
4
5
3
1
2
2
2
0
2
36
0
5
36
8
0
2
4
9
14
87
29
4
0
0
1
30
4
4
5
17
9
39
6
2
35
9
9
2
1
12
8
3
3
1
3
2
1
0
0
0
6
1
7
0
4
11
76
3
3
12
7
11
4
2
73
0
2
6
0
0
0
0
0
1
6
2
0
0
2
12
16
6
23
3
2
17
12
4
11
1
22
0
1
2
0
2
10
4
1
2
1
2
1
0
107
0
2
10
5
5
4
7
6
1
0
0
1
2
0
4
12
4
14
2
198
2
24
38
0
2
28
23
4
12
57
130
4
3
25
1
4
5
4
8
2
1
0
0
2
20
1
1
2
16
45
0
0
9
1
1
1
1
27
4
2
159
1
6
0
1
6
25
2
1
19
3
1
2
9
0
1
2
1
14
6
1
58
12
1
1
1
3
0
63
8
0
2
2
0
0
13
4
9
12
9
0
5
14
1
4
0
4
14
2
1
1
0
2
3
0
14
5
8
1
3
3
4
11
17
7
1
1
3
7
11
3
3
0
37
0
6
4
2
1
0
8
1
0
24
5
4
6
2
17
0
0
53
6
3
5
1
1
1
13
17
0
4
1
2
3
5
5
1
0
4
28
1
294
1
3
0
3
1
0
2
3
0
10
1
24
4
5
2
7
6
1
1
24
3
1
1
2
3
2
43
6
0
0
3
3
18
4
14
19
0
3
1
7
2
9
7
10
2
0
0
3
1
67
0
9
5
1
30
5
27
9
1
5
1
2
2
114
2
1
1
0
2
40
3
3
6
5
4
10
4
3
0
1
3
57
4
19
8
1
0
3
1
0
9
0
5
3
47
6
1
1
0
9
0
188
1
0
1
3
4
2
1
0
7
3
0
83
4
52
9
3
8
20
0
7
3
2
1
6
3
29
0
4
2
2
3
2
0
2
9
14
4
2
4
0
7
29
12
2
0
0
6
1
1
1
3
5
0
1
1
16
0
6
12
0
1
14
10
14
2
14
3
1
5
2
0
2
1
50
1
6
1055
0
1
2
5
4
3
1
1
9
7
0
1
2
37
3
2
0
22
2
3
3
1
11
0
7
23
1
3
0
14
0
7
2
0
1
5
1
0
1
1
0
1
4
33
0
18
2
10
5
31
0
0
5
17
1
9
4
2
0
0
0
0
2
6
0
3
7
2
0
2
11
0
1
0
0
1
1
8
0
0
15
10
3
4
1
9
12
2
1
0
145
28
8
16
5
8
9
6
8
1
3
3
2
0
12
2
11
0
6
4
1
55
1
0
6
3
13
2
2
1
0
4
6
1
12
2
1
0
0
0
1
0
43
2
1
4
0
1
7
1
0
18
3
112
0
33
0
2
20
11
34
6
1
2
1
2
5
9
8
0
25
1
1
17
8
2
14
1
2
5
3
57
0
0
0
14
2
24
10
5
6
0
0
1
7
1
5
8
0
5
0
0
4
7
6
2
11
0
1
2
5
2
2
15
42
2
0
3
0
1
3
6
15
1
19
24
0
81
1
2
12
2
5
53
4
2
633
2
6
3
1
3
57
2
1
0
14
0
4
1
1
1
10
1
0
9
3
11
14
2
3
0
0
1
5
1
0
2
23
2
4
0
2
1
2
5
0
2
17
3
12
16
14
0
5
27
4
8
6
1
5
0
1
3
1
4
2
0
2
9
0
0
5
0
4
0
2
4
0
15
8
4
2
2
2
2
4
4
3
4
2
1
0
1
1
132
3
9
163
4
3
2
1
17
2
3
23
56
0
3
1
1
4
35
4
79
9
3
1
20
0
13
17
2
0
0
65
0
3
6
3
2
14
13
0
4
0
6
27
1
11
2
10
0
3
3
11
2
2
1
5
150
22
1
0
2
0
7
1
9
4
3
0
7
7
1
1
3
4
3
0
1
18
29
0
0
8
5
3
3
2
11
0
1
4
1
2
4
3
3
0
2
10
3
1
1
9
0
8
5
1
20
9
1
19
0
15
0
0
4
0
2
0
3
0
3
4
5
0
5
35
8
1
7
7
13
1
4
2
2
6
0
4
0
1
0
1
5
5
32
0
0
0
4
7
6
1
2
8
6
14
11
1
0
6
16
0
0
7
41
25
3
3
122
4
17
5
0
10
1
6
5
1
1
0
7
57
1
4
3
0
16
0
1
0
4
2
3
18
1
6
0
0
0
1
4
25
7
9
0
0
2
2
17
61
14
3
8
2
27
3
21
0
13
3
1
1
78
3
2
3
9
0
9
1
26
2
0
0
2
3
25
1
1
2
1
5
1
1
1
0
1
32
0
3
22
0
0
2
23
0
1
3
1
9
13
5
3
1
1
8
2
5
5
0
8
0
1
4
2
0
4
1
0
0
0
4
2
4
2
0
0
5
1
13
15
0
7
5
3
150
0
2
0
7
5
1
2
0
3
0
1
0
12
1
2
3
1
4
14
6
1
58
8
0
2
21
5
3
11
5
1
3
0
4
8
5
2
2
17
5
6
5
13
3
4
1
0
0
11
10
5
0
7
7
2
2
0
1
24
17
6
1
6
7
8
18
8
8
19
3
2
1
2
2
8
333
0
1
16
1
0
171
57
2
8
2
19
29
1
61
14
0
0
2
9
8
6
8
0
7
1
4
2
0
0
0
2
3
2
6
6
7
2
10
0
0
2
4
1
12
11
0
2
0
2
21
0
0
2
3
3
5
1
2
0
13
4
2
1
2
3
6
15
4
291
1
0
0
4
0
53
0
2
3
2
0
10
0
1
0
1
3
187
3
5
68
0
2
4
2
1
10
1
10
5
12
2
1
35
0
9
8
58
2
23
0
0
5
4
1
5
1
3
9
1
5
2
4
5
0
3
0
3
2
0
0
0
4
22
8
19
6
10
0
76
2
9
0
11
3
4
2
4
1
5
5
0
8
3
0
3
2
1
3
10
32
3
9
3
2
0
0
0
3
3
1
1
2
7
0
1
2
2
24
9
0
7
3
2
6
4
70
0
3
7
12
9
2
13
3
7
12
1
87
14
8
0
1
1
7
5
9
1
1
1
883
2
1
9
9
2
1
2
4
2
0
3
2
1
4
3
1
0
24
3
3
7
0
1
5
124
0
1
11
2
1
4
18
4
2
2
8
5
7
2
1
1
2
15
0
0
69
2
1
3
3
4
15
90
3
1
1
12
1
4
2
0
1
11
2
49
0
15
1
3
0
50
5
0
2
2
1
2
0
5
1
7
4
4
1
1
7
4
1
0
1
2
0
15
7
18
2
0
2
16
16
4
2
324
0
2
2
6
2
2
11
1
0
1
3
1
0
4
0
2
3
1
13
1
5
26
2
1
3
1
1
4
5
52
22
5
23
1
1
10
1
13
2
0
17
5
29
1
4
4
0
1
7
0
0
24
0
1
5
116
6
4
1
1
10
2
0
18
27
1
2
5
20
1
8
0
6
0
5
4
0
6
2
3
18
0
1
9
17
1
6
13
0
1
3
5
0
1
7
2
1
1
7
15
7
4
1
0
41
7
1
4
1
1
19
3
0
1
3
2
0
45
3
2
3
5
42
0
56
3
6
2
1
3
8
22
3
1
0
0
0
0
4
4
6
2
2
2
1
33
2
0
10
8
1
2
1
9
1
6
1
13
4
3
11
1
21
21
1
11
2
3
1
6
4
9
4
4
6
2
1
1
1
3
0
2
1
1
0
1
2
1
6
1
1
14
5
3
2
14
2
6
14
8
1
79
2
1093
0
1
0
2
15
4
2
2
4
43
0
0
18
15
2
4
1
1
3
10
1
6
23
0
116
0
3
0
5
7
1
122
9
7
2
1
2
2
7
2
6
0
1
7
3
2
18
1
0
7
5
1
4
4
5
2
4
8
1
19
1
7
12
2
1
5
4
0
5
2
1
7
0
0
2
4
6
6
44
4
12
5
5
1
0
9
4
6
2
82
4
12
98
6
0
6
3
64
3
0
1
11
10
1
2
1
0
1
6
3
3
8
3
0
0
10
7
41
0
5
1
5
2
12
0
0
5
0
6
6
0
2
0
1
6
2
3
3
147
0
1
2
2
2
0
30
14
47
55
1
26
0
0
9
35
5
0
17
0
0
0
3
40
0
0
0
0
2
1
2
19
0
2
5
3
0
8
6
9
0
0
1
2
4
0
1
4
5
4
26
1
9
0
13
2
5
5
13
8
2
0
1
0
4
4
45
3
0
0
6
2
6
1
0
0
4
7
1
2
3
2
0
1
2
3
6
65
7
0
1
52
0
2
8
16
10
4
8
3
2
3
3
2
4
4
1
0
0
5
3
6
3
3
4
14
4
2
3
4
3
0
0
1
27
1
3
5
4
5
759
0
1
2
0
4
9
3
2
1
3
6
0
0
49
1
1
1
1
6
9
1
4
1
0
6
4
50
4
1
4
0
0
1
1
0
0
7
2
0
7
3
1
3
4
7
10
6
1
2
0
11
4
3
4
1
3
6
10
186
0
0
2443
12
9
3
8
0
15
4
2
0
1
1
36
6
3
6
0
1
0
7
2
0
3
0
7
7
2
0
38
0
0
240
0
1
6
0
86
3
0
2
1
2
5
3
114
1
20
4
203
3
13
4
8
2
2
3
71
1
1
1
2
0
28
4
9
5
8
8
0
0
4
0
2
16
1
0
2
3
2
3
6
1
1
3
3
0
805
7
35
0
2
13
2
12
7
1
3
6
4
0
3
1
2
0
9
12
8
1
1
7
0
10
1
0
13
0
4
0
1
5
0
2
65
48
8
4
1
2
2
3
0
0
6
1
4
1
14
2
20
6
2
1
0
0
0
1
4
1
1
0
0
0
4
45
6
3
3
4
0
6
10
212
0
0
0
10
0
16
3
0
8
1
0
7
1
0
2
5
2
4
29
4
22
2
2
13
9
92
0
1
11
0
2
1
2
5
15
6
1
4
0
2
1
392
5
12
251
1
7
37
0
2
1
1
4
9
6
3
0
0
25
6
5
3
1
35
2
1
1
2
0
4
21
6
4
13
2
3
1
0
7
6
13
9
6
49
9
4
1
1
4
3
2
2
8
1
3
1
30
10
18
8
0
13
6
1
6
2
3
10
6
5
6
12
2
19
23
2
4
0
20
1
0
4
11
2
0
2
128
0
8
0
0
0
0
2
0
2
10
16
2
36
2
1
9
5
0
11
14
1
1
0
0
0
1
6
1
14
0
2
3
4
4
0
1
0
5
4
6
0
14
57
6
4
5
12
2
2
1
2
8
0
4
3
0
2
3
28
0
7
1
1
1
5
1
6
1
7
1
2
69
3
7
2
0
220
9
3
2
2
1
0
0
7
2
0
1113
1
8
12
1
1
5
55
829
1
3
3
6
1
28
1
4
458
2
4
11
0
294
0
0
2
2
1
1
6
2
0
7
0
0
0
1
1
13
2
1
2
0
1
0
3
8
16
0
1
13
3
0
38
0
5
2
0
1
1
1
1
1
2
16
5
3
1
4
20
6
0
2
0
3
2
5
12
0
3
8
46
0
1
98
3
11
1
1
7
1
1
4
4
0
2
1
0
2
125
2
8
0
16
21
4
4
16
6
3
8
21
43
5
21
1
2
4
4
23
2
0
2
67
3
3
7
23
2
1
1
5
17
13
0
7
1
0
9
9
2
0
5
0
1
7
1
6
7
10
34
0
5
6
1
10
2
23
1
5
0
13
168
0
0
11
1
3
15
3
1
5
2
15
5
4
0
0
7
1
5
5
1
0
2
2
1
3
5
0
33
15
0
21
21
2
2
0
2
0
0
0
6
3
3
6
6
0
2
2
15
1
3
10
9
1
0
5
2
2
2
2
4
6
19
1
1
9
4
4
0
0
1
0
7
0
1
18
1
7
1
0
4
7
0
17
1
1
5
0
8
3
14
2
17
0
12
7
0
3
11
8
4
0
6
3
12
1
0
2
0
2
5
0
2
1
1
2
1
0
1
30
1
3
2
4
3
13
1
2
0
2
52
0
0
0
1
20
2
2
1
0
165
21
0
3
0
26
0
7
2
0
1
0
8
1
45
3
35
0
2
2
0
1
8
0
4
1
0
4
1
2
0
3
13
0
5
6
0
6
4
6
1
0
0
2
1
8
5
65
4
2
1
0
9
1
1
9
2
3
4
9
6
0
4
2
2
0
19
1
13
2
1
65
5
1
5
3
4
132
3
1
0
1
0
6
0
1
0
3
3
0
4
15
7
1
4
9
5
0
1
0
15
0
1
6
14
0
2
1
12
19
24
2
2
0
3
2
2
0
0
2
2
3
0
0
0
10
1
0
4
0
3
3
535
1
17
11
1
0
2
24
2
9
0
2
0
5
0
65
0
0
2
2
13
1
2495
0
0
0
61
7
2
220
19
9
3
2
6
1
8
1
0
18
569
1
6
9
7
10
5
0
0
12
1
3
3
1
1
3
1
0
0
1
5
4
0
1
0
64
0
3
3
6
0
3
1
0
0
1
1
2
3
4
3
1
3
4
7
3
6
132
1
1
1
3
4
0
3
1
7
17
1
0
2
3
1
9
2
1
0
2
4
6
3
91
7
0
388
0
1
1
1
3
26
4
6
5
1
1
7
2
2
2
0
0
14
9
0
4
0
0
0
2
0
1
3
8
2
0
1
1
2
1
17
6
1
4
10
5
20
4
3
2
5
0
0
0
5
1
3
0
0
0
0
3
9
1
16
10
1
3
0
3
1
12
4
2
1
14
3
1
18
1
5
1
0
78
9
0
33
5
2
60
0
18
2
12
1
6
2
0
3
1
12
0
2
2
0
5
2
0
0
96
1
0
8
14
0
2
2
0
8
2
1
0
0
4
0
19
2
5
1
84
1
5
3
9
6
1
10
2
5
14
2
25
7
3
23
2
0
1
18
4
3
0
11
3
1
4
0
1
0
2
4
2
3
2
0
1
3
5
0
15
1
4
292
5
2
11
4
10
2
5
0
3
0
9
1
1
1
1
5
33
0
3
0
14
1
10
6
2
4
5
3
3
3
0
7
1
2
0
14
4
54
2
0
64
144
32
0
10
74
0
3
3
15
0
0
1
0
3
10
6
4
4
1
3
12
87
0
5
2
4
8
3
0
0
0
5
0
0
5
0
2
3
17
0
15
3
2
0
1
15
27
2
1
1
4
1
7
3
12
23
7
3619
0
7
1
1
13
5
2
14
18
0
13
3
24
0
8
10
8
0
3
3
5
1
1
3
8
0
1
2
0
15
141
4
5
3
0
3
19
2
0
26
19
0
3
1
7
64
0
20
1
142
37
0
2
12
0
4
1
6
10
3
1
12
25
2
11
2
53
4
7
10
9
4
0
295
2
0
3
3
2
13
33
1208
0
2
3
6
30
0
2
0
0
0
0
17
36
0
0
9
1
3
1
3
2
0
5
3
27
9
11
0
0
17
28
1
2
1
5
0
65
4
1
2
13
24
0
7
127
2
24
0
3
18
1
1
2
0
2
0
1
1
0
2
2
1
0
0
4
0
22
0
11
8
34
3
0
0
32
1
1
7
0
3
2
3
0
3
8
5
0
0
25
1
2
3
1
0
7
4
5
2
7
0
3
6
10
23
11
0
8
0
1
2
13
2
16
0
1
0
5
6
4
23
1
3
12
0
19
19
6
1
0
2
3
0
2
0
4
33
1
1
0
2
6
18
158
4
0
0
1
2
9
75
5
2
0
1
49
0
0
6
1
5
17
1
0
1
8
1
7
0
4
17
16
16
56
0
0
0
1
4
4
1
11
4
1
7
11
7
2
2
7
0
9
8
1
1
2
0
5
0
246
0
0
2
20
0
2
0
34
133
27
0
5
2
9
0
3
2
6
3
6
4
235
2
3
7
1
0
3
5
2
1
2
1
105
8
7
3
0
0
27
4
89
10
5
1
0
17
5
1
4
0
1
2
3
0
4
10
4
0
3
0
1
0
5
1
0
0
0
0
0
0
0
1
11
11
41
16
1
5
1
11
4
1
1
9
0
114
2
173
2
1
1
34
1
0
2
3
54
0
1
1
1
1
1
0
6
0
3
9
0
3
26
16
5
5
1
1
3
4
5
1
5
0
1
2
0
1
0
0
1
0
7
5
2
1
1
1
3
0
3
9
1
0
8
8
4
0
0
4
1
4
4
8
0
19
1
3
25
1
2
48
62
0
1
3
0
1
0
5
21
5
0
2
4
12
9
0
2
21
7
6
2
2
64
5
0
12
267
0
10
0
3
7
4
9
0
4
2
23
4
12
8
1
0
2
0
2
2
233
9
2
1
42
0
3
10
25
5
1
4
6
13
3
1
14
10
0
10
7
9
5
2
0
8
1
4
8
0
1
1
7
2
10
17
2
6
13
3
0
343
38
2
8
16
4
0
5
0
2
0
5
5
1
2
4
4
0
86
6
2
2
1
2
7
5
5
8
5
0
0
9
6
31
758
2
19
2
0
10
0
2
3
0
2
1
2
0
0
0
0
5
6
0
23
5
2
33
1
2
5
0
5
10
0
3
2
1
1
7
3
9
1
3
0
0
4
1
0
3
15
12
2
1
1
3
2
0
188
5
22
7
2
0
0
14
2
13
4
10
21
3
6
1
5
43
4
176
0
3
1
3
3
45
30
0
1
6
15
2
1
54
11
0
0
6
1
2
3
0
1
1
1
3
3
4
38
0
0
0
0
0
14
0
2
3
8
3
14
1
0
6
9
3
3
0
3
38
0
374
11
1
41
0
4
2
8
1
3
0
0
4
0
0
3
15
1
8
1
4
1
1
1
1
4
2
2
15
0
8
3
3
3
4
1
0
18
4
4
8
5
21
0
29
8
2
9
8
1
2
4
3
0
9
83
2
2
0
4
5
1
1
1
9
0
0
1
9
1
0
5
7
7
1
8
9
16
17
3
0
7
4
4
8
26
1
3
3
46
5
0
0
6
6
1
1
0
1
1
4
6
7
1
1
11
0
1
4
1
27
1
3
16
1
1
16
1
4
3
1
13
0
1
3
2
4
4
19
0
0
4
17
1
3
19
9
12
3
3
9
0
10
26
0
1
1
19
1
1
0
2
5
2
13
3
1
0
3
8
3
14
9
5
2
14
2
4
0
0
1
4
17
0
17
85
1
0
2
3
1
2
6
1
10
1
2
14
5
2
6
1
1
1
4
2
1
3
1
2
1
1
2
0
117
0
1
7
1
0
0
23
0
0
0
2
0
1
2
5
6
0
5
0
5
0
1
3
3
0
0
0
0
5
2
1
1
3
4
5
2
3
31
14
1
1
2
0
4
1
2
18
20
9
0
3
0
8
0
5
1
0
263
1
4
2
3
0
2
13
6
0
4
22
2
22
14
107
7
2
4
45
6
0
0
12
0
2
7
2
0
4
2
0
0
1
2
0
3
3
0
1
2
2
4
2
5
7
1
2
10
1
3
2
3
2
3
4
4
3
26
2
1
3
8
3
0
3
3
5
0
0
25
1
4
18
1
3
32
4
11
12
4
4
1
0
452
4
5
3
2
17
1
3
29
18
5
0
3
2
4
3
4
2
0
0
0
1
3
3
4
2
0
2
3
9
3
0
13
4
36
0
7
1
1
0
1
0
0
1
2
54
2
1
5
1
1
36
4
3
0
1
0
2
0
1
1
1
5
2
0
2
96
0
5
2
4
3
6
0
1
1
15
34
7
6
3
30
0
0
231
2
0
5
3
34
128
0
8
3
3
1
1
1
10
25
8
3
7
4
6
0
2
32
5
0
6
0
6
0
0
13
7
3
2
5
1
6
0
5
2
4
3
1
1
12
2
2
0
0
36
0
29
21
1
2
319
0
1
9
198
0
3
0
4
9
6
1
0
1
5
3
2
22
1
0
22
1
1
5
3
0
2
0
6
5
1
0
4
1
2
0
7
4
7
4
1
2
64
1
2
0
0
2
6
28
4
14
4
0
100
9
2
1
5
0
1
4
6
12
2
7
4
7
9
3
1
4
1
6
1
6
1
19
1
0
0
24
7
2
6
2
0
59
9
36
0
1
0
17
7
3
2
2
0
0
0
37
3
3
7
1
2
19
6
0
5
8
4
1
3
0
0
2
193
0
1
0
2
6
0
4
0
1
0
0
5
2
7
2
26
0
14
3
2
3
1
0
20
1
1
1
3
4
0
5
4
0
0
5
8
14
1
4
1
2
0
0
0
7
0
1
2
0
1
24
0
2
5
89
2
0
10
0
0
0
1
2
2
5
74
2
0
3
4
7
0
7
2
7
1
11
1
0
3
0
0
0
0
0
0
1
16
2
4
0
5
1
2
1
0
0
0
0
1
8
4
1
0
1
0
0
1
5
0
7
2
145
6
4
0
1
4
10
19
3
4
8
2
2
3
3
6
0
1
3
1
23
0
10
0
17
9
0
2
5
3
1
2
5
1
9
0
1
1
4
3
1
3
0
0
18
1
0
0
0
6
5
10
1
0
1
6
1
9
5
3
2
6
29
345
1
16
2
2
7
13
5
4
7
5
124
4
29
0
32
1
4
0
2
4
4
2
29
0
2
4
0
3
2
25
29
0
3
7
4
3
12
2
0
23
8
3
3
0
2
0
0
5
1
4
0
0
2
1
3
10
5
29
13
15
1
0
7
2
0
39
1
6
0
5
2
1
0
5
5
0
1
4
3
2
1
3
0
3
7
24
8
2
7
11
2
7
10
6
0
55
1
14
11
11
1
6
2
1
19
0
10
18
5
0
1
11
3
0
19
3
5
1
5
5
0
52
14
1
0
17
1
1
5
26
1
4
0
29
24
0
23
2
9
1
4
1
0
2
3
0
0
8
489
4
6
2
1
6
8
1
1
0
9
0
6
0
1
2
2
0
1
0
1
101
6
0
4
0
13
2
2
4
1
26
3
0
6
1
0
3
5
3
0
17
7
1
8
2
53
0
2
0
7
1
0
0
2
18
2
18
0
6
11
1
4
0
1
1
8
26
0
1
1
1
15
0
2
62
9
3
0
1
2
24
1
16
20
4
7
1
4
1
0
0
5
2
6076
2
3
55
4
2
2
17
1
0
3
2
0
0
6
0
7
0
0
159
2
7
0
5
1
1
4
17
4
4
2
4
3
0
9
4
0
3
4
1
3
4
230
2
2
0
1
1
3
7
6
3
5
2
0
15
4
19
5
6
1
0
13
320
3
81
3
1
1
9
1
3
2
2
13
1
2
2
3
9
1
5
3
0
0
33
47
4
2
6
0
4
19
19
2
3
1
9
4
3
4
8
4
1
52
10
1
12
3
2
1
0
2
2
4
17
0
2
14
3
5
24
4
4
18
2
1
2
5
0
2
365
8
2
10
8
0
18
131
1
3
19
3
0
9
0
0
2
1
6
4
1
2
2
1
8
1
0
2
0
3
0
6
1
12
16
32
0
1
1
0
3
1
1
1
0
6
1
0
4
36
4
0
1
3
3
0
0
6
6
20
1
2
2
2
9
9
4
1
5
1
2
17
3
7
3
12
9
2
1
6
11
2
32
13
1
1
4
1
12
1
2
1
3
2
3
3
4
0
1
5
2
44
23
0
1
3
3
1
4
0
1
0
1
1
18
0
5
3
67
2
2
2
7
2
6
0
0
18
7
4
4
0
1
11
0
1
4
