24
23
17
11
119
14
9
22
8
16
12
10
19
10
35
7
19
13
3
22
8
36
4
10
9
27
15
46
9
15
10
11
6
6
47
21
9
10
27
9
29
29
10
8
14
6
17
9
24
13
31
73
15
21
8
9
16
11
135
9
10
12
17
15
5
26
14
26
5
14
13
12
5
7
41
7
12
12
20
9
11
20
5
16
40
20
19
23
46
57
16
8
16
15
9
6
13
12
23
10
7
11
12
36
35
14
12
11
3
14
4
31
4
9
7
6
13
11
6
28
27
8
23
15
9
21
13
22
31
13
6
9
22
12
13
9
11
13
15
8
58
23
24
11
11
7
5
18
16
24
5
12
6
20
8
56
8
33
8
10
12
16
41
8
8
7
10
23
12
11
19
7
10
7
17
11
40
6
4
9
6
16
13
40
20
15
37
55
7
2
19
19
21
6
14
27
23
33
18
11
11
17
7
4
12
8
107
72
9
6
17
6
148
10
16
7
6
8
18
14
7
23
10
28
26
8
5
13
8
15
15
19
16
87
11
12
14
13
18
6
7
14
11
62
10
19
9
16
22
15
14
39
14
13
6
10
5
22
113
57
7
10
12
41
5
9
39
11
44
37
8
46
44
76
72
64
10
25
27
18
15
34
23
30
19
11
4
7
75
15
5
25
12
6
8
23
13
7
11
13
126
28
7
31
6
39
21
11
16
24
13
22
6
15
13
14
35
103
30
3
13
20
8
2
9
6
13
11
21
11
13
4
13
23
10
22
7
10
5
28
15
23
5
6
8
10
18
13
24
7
7
5
10
26
7
11
21
15
49
18
19
4
14
13
12
18
40
22
4
3
7
13
14
8
6
7
7
19
12
23
20
10
18
34
12
170
10
15
8
7
19
9
15
9
5
10
18
8
11
38
9
9
12
12
18
8
11
404
8
6
7
25
6
16
15
44
9
14
12
9
13
14
10
21
8
21
14
44
11
9
23
33
2
8
10
37
19
9
31
3
16
15
8
114
18
14
8
15
14
19
18
8
7
10
8
10
10
13
11
8
8
17
14
77
29
14
7
5
3
55
14
13
16
7
26
13
33
12
13
17
14
11
15
8
16
14
7
13
20
720
80
18
7
8
16
13
21
26
11
11
24
23
17
11
119
14
9
22
8
16
12
10
19
10
35
7
19
13
3
22
8
36
4
10
9
27
15
46
9
15
10
11
6
6
47
21
9
10
27
9
29
29
10
8
14
6
17
9
24
13
31
73
15
21
8
9
16
11
135
9
10
12
17
15
5
26
14
26
5
14
13
12
5
7
41
7
12
12
20
9
11
20
5
16
40
20
19
23
46
57
16
8
16
15
9
6
13
12
23
10
7
11
12
36
35
14
12
11
3
14
4
31
4
9
7
6
13
11
6
28
27
8
23
15
9
21
13
22
31
13
6
9
22
12
13
9
11
13
15
8
58
23
24
11
11
7
5
18
16
24
5
12
6
20
8
56
8
33
8
10
12
16
41
8
8
7
10
23
12
11
19
7
10
7
17
11
40
6
4
9
6
16
13
40
20
15
37
55
7
2
19
19
21
6
14
27
23
33
18
11
11
17
7
4
12
8
107
72
9
6
17
6
148
10
16
7
6
8
18
14
7
23
10
28
26
8
5
13
8
15
15
19
16
87
11
12
14
13
18
6
7
14
11
62
10
19
9
16
22
15
14
39
14
13
6
10
5
22
113
57
7
10
12
41
5
9
39
11
44
37
8
46
44
76
72
64
10
25
27
18
15
34
23
30
19
11
4
7
75
15
5
25
12
6
8
23
13
7
11
13
126
28
7
31
6
39
21
11
16
24
13
22
6
15
13
14
35
103
30
3
13
20
8
2
9
6
13
11
21
11
13
4
13
23
10
22
7
10
5
28
15
23
5
6
8
10
18
13
24
7
7
5
10
26
7
11
21
15
49
18
19
4
14
13
12
18
40
22
4
3
7
13
14
8
6
7
7
19
12
23
20
10
18
34
12
170
10
15
8
7
19
9
15
9
5
10
18
8
11
38
9
9
12
12
18
8
11
404
8
6
7
25
6
16
15
44
9
14
12
9
13
14
10
21
8
21
14
44
11
9
23
33
2
8
10
37
19
9
31
3
16
15
8
114
18
14
8
15
14
19
18
8
7
10
8
10
10
13
11
8
8
17
14
77
29
14
7
5
3
55
14
13
16
7
26
13
33
12
13
17
14
11
15
8
16
14
7
13
20
720
80
18
7
8
16
13
21
26
11
11
10
9
9
13
7
5
103
10
29
4
4
10
17
7
39
13
8
127
8
7
17
13
10
12
31
2
10
8
13
11
55
18
26
7
14
91
2
18
17
93
7
12
11
28
10
18
9
16
30
11
13
11
7
7
22
12
15
10
7
4
35
21
12
7
23
9
16
5
13
40
20
16
12
8
9
40
13
7
12
6
7
15
6
45
38
13
11
16
5
11
12
13
7
10
14
14
16
12
14
9
5
14
12
3
14
5
16
12
14
4
19
10
3
6
9
21
21
14
9
7
15
8
4
23
8
16
54
13
17
8
13
10
31
11
6
8
7
14
14
5
28
8
6
115
12
13
14
17
46
10
6
10
15
32
20
10
4
39
20
17
18
9
28
18
17
10
65
3
9
14
5
25
13
14
398
4
10
9
22
90
16
14
15
6
7
21
6
3
19
23
11
11
11
140
18
13
9
9
16
14
5
22
9
19
7
10
47
21
14
425
6
28
8
6
10
8
12
8
10
29
21
10
7
30
37
41
151
20
13
12
11
23
14
25
13
8
12
24
18
9
42
28
9
23
55
14
16
8
14
5
14
8
16
8
6
5
5
9
22
17
11
4
18
7
36
15
11
10
11
11
18
15
10
27
12
3
4
9
17
8
12
6
4
23
29
19
8
30
14
6
15
15
11
10
8
5
6
10
46
37
14
9
12
5
18
13
5
17
11
3
10
12
26
9
16
6
18
166
9
4
27
251
7
7
8
15
5
9
9
21
8
5
19
8
5
9
10
8
6
6
20
17
3
19
5
16
10
13
25
24
19
56
20
7
25
13
23
5
4
15
5
14
10
17
10
10
20
33
11
10
9
6
4
15
164
4
12
4
26
20
21
25
108
7
5
21
7
41
10
33
14
4
12
16
20
16
8
14
11
15
7
10
14
8
40
6
77
29
21
2
14
9
9
13
13
13
11
10
7
35
15
5
14
20
8
53
8
11
23
22
31
9
37
14
25
28
13
8
10
41
10
13
8
7
59
13
14
10
29
17
8
20
14
8
11
9
6
9
19
3
1118
14
12
15
11
15
17
4
31
27
19
5
12
5
5
13
5
28
8
110
18
13
29
18
7
14
6
5
27
13
14
4
9
10
11
3
8
22
45
58
3
15
17
12
9
8
36
9
9
19
7
18
4
19
10
14
13
8
6
12
57
23
24
2
11
6
122
31
37
24
14
12
11
19
71
11
13
10
5
7
37
7
11
23
12
16
54
57
18
23
27
19
8
9
17
159
24
23
20
8
5
22
8
24
6
15
16
31
11
16
14
9
8
9
16
6
10
8
14
14
22
12
12
67
12
14
16
9
43
18
15
20
12
36
13
21
8
14
11
16
20
15
25
17
13
48
6
92
8
27
4
20
6
10
4
27
13
6
13
24
18
11
19
8
13
38
12
25
8
18
16
13
163
16
3
3
16
7
13
5
26
10
13
11
8
13
30
16
33
7
10
21
14
28
487
43
8
12
11
30
35
14
14
5
22
15
19
4
13
10
8
14
30
222
9
4
62
11
7
9
20
25
11
20
40
21
37
13
22
15
15
25
145
7
86
37
8
16
4
20
13
16
8
14
12
9
18
9
6
15
8
21
7
4
16
15
10
12
5
20
6
16
17
13
35
17
4
8
10
23
28
13
7
14
12
18
50
16
12
11
10
24
39
18
5
10
7
8
11
8
20
8
12
14
14
33
7
16
3
20
14
8
11
35
27
24
6
20
6
5
38
12
11
26
19
5
25
23
9
6
110
4
25
15
12
5
7
9
16
9
5
16
31
13
9
30
12
21
11
11
20
6
16
4
9
16
13
16
28
4
29
13
11
6
65
23
12
13
33
16
9
13
21
28
39
51
28
81
32
5
41
12
7
12
11
18
21
23
21
4
8
20
26
25
21
17
9
13
29
20
17
12
27
17
8
7
25
114
16
10
5
7
8
14
16
341
6
24
11
58
12
18
7
21
4
14
11
12
14
13
10
98
29
9
5
14
7
31
9
39
8
21
4
13
2508
18
16
12
5
4
12
14
30
4
11
5
5
15
85
6
8
10
7
15
16
13
9
4
17
34
30
2
45
24
15
28
10
14
20
99
11
21
4
19
11
15
8
33
7
11
15
6
4
5
9
6
6
6
9
61
9
7
20
9
38
28
5
25
33
9
25
21
13
8
8
20
13
16
14
27
4
13
32
16
17
9
13
2
11
11
11
397
6
26
11
18
3
11
15
11
5
14
90
7
17
4
17
25
2
31
8
15
279
9
20
4
13
15
4
5
11
7
25
105
15
8
13
6
10
7
12
15
25
9
17
3
11
15
50
11
7
10
9
9
7
24
10
7
12
15
18
29
8
5
11
6
8
6
6
8
11
8
13
18
10
29
10
16
17
16
15
30
21
25
14
7
9
6
13
5
15
22
4
18
18
26
11
18
9
6
7
125
14
9
15
13
8
4
16
41
21
6
9
13
303
7
12
16
16
9
14
9
5
20
12
9
8
11
12
4
12
11
14
8
31
16
2
10
382
16
5
20
11
28
13
11
6
29
16
12
24
19
12
6
15
10
19
15
11
17
9
16
6
13
19
13
68
11
4
31
12
5
35
1
6
22
12
8
11
19
12
13
10
11
4
14
6
27
19
10
8
10
19
12
11
16
11
10
20
11
17
7
10
14
17
4
95
22
4
17
13
19
18
10
11
9
17
26
20
14
24
6
31
5
21
4
27
1
12
19
4
15
35
38
22
4
17
10
20
5
5
115
20
12
7
8
29
42
5
13
5
37
9
19
11
10
57
7
31
20
10
13
7
17
6
10
8
16
14
234
5
10
19
10
30
9
12
9
18
8
107
15
11
9
9
11
11
18
10
4
16
52
8
7
11
15
11
31
17
10
110
20
21
10
11
10
9
64
17
10
7
8
10
15
17
10
12
14
5
6
20
19
6
7
15
16
46
19
17
15
11
11
17
20
10
10
8
13
10
18
11
6
12
6
44
5
7
25
11
12
17
16
6
21
17
16
18
17
16
8
29
14
19
18
15
6
31
19
27
7
17
6
22
6
9
10
10
10
12
16
12
29
13
6
16
21
29
11
17
9
8
15
10
7
11
7
11
15
16
11
2
78
23
6
13
12
39
25
15
74
12
60
10
15
13
16
9
16
8
9
12
8
7
7
25
21
11
5
7
442
12
6
16
7
27
25
13
12
12
11
5
16
9
31
23
51
11
11
3
10
9
13
54
15
11
18
17
7
67
4
11
17
3
11
16
14
357
14
63
9
14
12
5
10
5
7
12
7
11
29
11
15
11
16
5
24
22
14
6
26
14
29
11
14
39
4
14
21
24
12
18
8
5
21
5
5
29
13
8
19
10
3
9
9
14
8
15
16
13
30
15
14
7
17
40
27
10
8
18
10
16
6
8
13
6
11
10
23
9
27
9
4
12
11
8
20
26
11
23
15
10
23
23
10
11
19
10
177
13
14
4
245
8
25
11
2
17
22
3
9
13
5
34
11
9
7
39
6
13
21
10
25
13
54
14
23
7
10
12
9
13
18
13
10
13
16
16
16
17
11
66
25
11
12
12
8
29
55
19
17
18
7
21
7
31
12
16
15
16
11
11
17
13
28
18
29
19
19
66
18
9
11
7
12
8
21
5
9
11
7
10
11
125
17
22
5
12
9
8
24
19
10
14
5
16
10
18
13
12
16
20
10
12
8
13
17
8
8
10
17
4
8
7
32
14
15
6
14
25
12
14
21
20
33
12
12
10
15
55
24
22
17
13
13
18
11
17
21
6
9
8
8
26
9
15
34
17
10
9
10
10
7
4
18
28
6
7
12
36
19
11
10
18
33
63
11
18
738
2
7
4
14
14
46
6
18
9
12
19
18
25
17
64
13
14
13
22
25
17
7
9
26
3
23
14
11
9
2
15
20
5
34
17
20
7
13
28
7
103
15
19
6
15
32
3
15
11
15
16
2
12
19
13
55
14
5
12
32
13
19
7
16
15
21
15
14
6
12
8
9
15
39
20
6
67
5
9
2
7
8
87
13
12
24
40
3
23
17
9
18
479
9
15
35
26
18
13
25
24
61
13
10
11
17
9
55
21
21
19
19
23
8
10
15
10
21
3
28
5
8
232
18
104
19
26
9
13
10
22
13
46
9
5
17
20
12
11
16
21
20
13
12
6
6
9
11
14
121
30
18
12
11
12
3
10
10
28
32
10
13
7
8
5
10
8
10
28
13
15
3
19
10
57
13
8
11
12
16
7
10
15
16
12
10
33
9
16
8
63
13
5
24
110
13
12
16
37
8
109
7
290
19
10
72
11
29
15
9
7
8
27
5
4
7
11
3
6
8
32
5
13
18
10
9
17
39
12
10
37
6
11
16
10
16
9
5
12
2
11
20
54
15
15
12
7
21
11
25
8
12
18
47
8
12
31
8
19
7
6
21
35
8
10
14
11
7
12
50
6
16
16
15
10
7
12
8
35
8
15
11
5
7
31
8
8
6
39
4
19
24
15
173
17
33
19
13
13
3
11
3
8
9
16
12
21
9
9
9
7
12
12
7
13
5
9
7
6
13
35
13
20
19
8
9
10
11
66
11
13
8
12
1
12
0
8
10
149
21
39
10
6
4
21
11
21
10
8
21
13
7
18
12
18
12
7
23
6
22
25
13
18
23
12
10
17
4
15
15
15
8
10
13
13
32
12
16
15
9
14
3
5
12
5
18
19
14
9
12
24
16
14
24
24
24
441
8
20
4
21
13
12
12
20
29
15
8
24
16
14
8
7
16
11
15
21
13
40
13
6
14
20
20
45
16
11
25
22
17
4
10
6
14
15
10
3
10
8
11
16
8
10
10
5
15
9
4
3
11
3
16
9
16
6
20
17
88
7
8
15
11
10
9
4
7
13
12
17
14
35
2
9
26
16
15
2
14
49
34
9
2
16
5
13
11
7
22
54
45
11
12
8
30
5
82
14
10
22
23
52
15
10
26
16
17
13
14
15
10
7
15
95
8
7
14
11
21
8
5
14
16
6
7
91
8
4
20
26
8
19
7
25
12
20
21
15
10
11
13
16
13
8
20
24
9
16
17
59
8
14
15
18
19
17
9
13
15
12
9
22
9
14
25
18
13
7
29
9
8
29
22
15
28
16
6
18
24
4
15
9
7
25
30
10
15
15
16
7
13
13
17
10
6
21
15
18
11
6
12
20
7
13
18
38
5
21
17
5
13
6
58
8
11
124
17
13
16
14
8
24
11
10
6
11
18
15
10
16
7
7
6
19
6
15
8
31
9
4
7
65
6
13
11
13
19
17
6
9
13
50
16
19
6
7
12
10
10
9
15
29
8
3
12
18
7
90
37
10
31
19
14
73
9
9
9
14
76
10
9
22
14
12
3
13
63
9
20
12
11
3
9
31
11
38
9
33
11
6
4
7
4
24
13
20
26
9
10
10
6
153
10
22
22
15
57
22
12
8
17
1093
7
67
9
13
4
10
31
19
13
11
11
12
56
7
39
7
10
9
42
13
4
6
13
12
11
8
11
15
4
13
10
16
15
9
28
92
11
15
21
13
34
15
1
16
5
18
26
10
19
10
24
75
13
16
14
8
21
5
22
3
15
13
10
9
11
28
20
9
3
14
25
12
13
10
11
8
44
5
9
15
13
15
7
38
8
9
7
57
12
18
10
19
10
6
11
9
18
17
15
6
8
38
8
17
11
18
18
10
19
21
4
13
8
5
7
8
13
26
9
11
8
22
14
12
14
22
23
101
63
5
10
17
10
8
8
13
12
11
17
12
5
5
3
12
39
15
6
17
26
8
21
23
13
10
4
9
8
12
17
6
13
15
2
15
36
10
24
8
6
21
15
11
13
22
13
18
9
7
8
12
10
6
11
5
12
14
15
21
6
28
16
8
23
11
40
13
5
9
11
11
7
28
14
17
10
19
9
13
7
46
0
8
28
16
24
102
28
9
10
27
10
6
30
292
10
16
12
39
10
19
5
19
13
3
22
51
18
7
21
31
10
50
16
14
10
17
34
49
10
14
4
58
13
15
7
28
34
14
6
10
18
3
8
2
22
16
14
6
5
12
26
19
19
7
17
8
8
10
11
8
9
11
25
20
24
19
6
6
10
93
11
7
5
6
9
28
32
14
11
5
11
26
12
45
20
9
17
8
12
6
4
9
23
11
18
16
18
7
20
13
11
35
26
28
9
14
36
20
4
22
16
17
18
11
6
7
19
30
29
6
13
2
14
17
4
5
11
9
5
33
9
5
35
7
6
2
23
13
50
15
15
20
9
9
19
15
18
4
11
17
6
18
38
10
20
19
17
9
13
22
6
20
8
3
14
13
10
6
15
8
92
23
14
12
22
19
28
7
7
18
7
13
15
14
9
10
16
43
26
5
11
6
7
17
12
8
6
13
9
10
15
7
4
29
1
13
18
12
11
8
12
16
6
17
7
13
12
11
10
8
8
19
11
5
72
7
10
34
98
4
12
60
17
6
18
14
12
9
31
60
10
22
105
9
10
42
4
9
19
14
23
11
18
26
9
26
12
37
22
15
10
16
20
8
14
8
22
16
14
7
7
30
23
9
100
26
10
12
21
15
14
579
12
7
13
1604
9
13
34
57
8
13
177
25
12
10
11
45
11
68
13
8
69
21
19
6
9
15
14
45
13
23
14
13
18
57
10
12
12
11
20
175
12
4
5
19
27
8
10
8
17
37
7
23
14
14
15
27
10
21
18
22
13
9
8
10
4
7
22
7
23
11
14
19
58
21
18
11
20
30
8
8
4
15
9
347
11
24
4
69
11
14
20
22
28
5
10
11
25
9
6
76
13
39
23
21
6
30
14
3
29
3
23
7
29
17
35
8
5
19
24
3
19
28
16
10
11
13
16
16
7
13
37
17
7
2
5
9
20
6
83
25
8
7
15
6
10
8
19
10
8
10
2
9
13
13
4
16
8
6
18
19
11
46
23
12
88
24
38
42
47
19
63
27
7
32
8
8
8
8
19
16
22
35
15
10
26
20
7
5
13
33
16
17
7
36
13
18
21
15
87
25
18
11
6
21
9
21
4
17
21
7
19
11
17
7
28
51
9
6
9
18
6
2
14
7
7
9
9
7
19
29
7
12
19
11
37
15
2
15
23
28
12
13
20
7
13
6
183
27
15
46
10
17
30
5
11
4
14
5
4
7
13
12
14
11
11
11
4
13
20
6
19
20
9
18
6
9
10
14
17
18
11
17
17
15
13
14
5
14
11
16
15
12
12
13
4
12
11
4
13
27
6
16
12
27
13
11
9
12
10
5
53
13
10
7
5
10
12
13
24
11
11
8
5
2
11
9
6
10
160
64
14
23
6
30
14
5
17
10
13
8
6
4
27
23
15
27
4
14
31
6
12
4
29
10
6
17
6
12
11
8
17
12
29
5
17
7
9
3
14
9
10
27
8
12
3
11
9
16
4
6
16
45
7
6
10
6
17
13
32
14
26
8
14
16
23
35
9
41
8
10
15
10
5
17
7
13
158
25
16
18
21
6
5
19
10
6
25
12
24
32
4
8
6
24
4
23
40
2
14
3
5
23
38
7
5
50
7
19
11
17
5
9
15
6
20
31
11
26
43
10
6
21
15
19
16
4
72
22
27
190
5
18
15
15
36
8
9
11
10
5
6
15
5
32
20
3
9
10
6
12
11
14
46
73
20
15
10
16
12
9
11
3
9
9
19
14
6
7
6
11
12
5
12
12
18
99
9
62
8
16
11
12
7
10
9
20
4
6
7
3
4
11
13
18
7
15
10
20
25
17
13
16
12
9
5
11
11
28
8
10
7
19
22
14
12
5
10
9
8
47
5
13
8
19
9
9
10
9
25
55
26
28
72
11
28
16
8
16
5
7
5
31
11
12
25
9
7
26
7
35
39
8
5
9
46
17
9
8
18
19
12
35
60
34
11
84
91
14
12
8
10
14
6
6
6
15
10
11
23
23
26
16
24
11
11
18
17
29
34
6
13
12
7
19
147
48
21
10
7
25
13
38
6
38
15
13
11
5
7
21
91
7
11
14
23
44
9
40
1315
11
82
16
41
10
20
40
9
4
5
366
10
13
234
42
5
19
6
16
5
5
28
9
13
9
14
23
16
40
30
9
6
15
16
7
9
9
12
11
10
114
11
22
80
20
17
463
24
45
8
10
17
34
5
21
13
9
20
28
33
17
12
15
7
14
12
17
21
1
3
9
56
9
22
9
5
36
31
11
8
9
7
5
25
13
21
10
19
15
7
30
29
23
10
13
20
15
4
9
33
6
11
6
23
9
10
664
6
30
11
3
5
26
7
8
28
8
14
7
6
5
16
23
15
33
14
14
52
12
13
49
13
12
122
28
6
30
12
10
7
67
5
10
39
12
27
12
5
16
11
28
19
19
28
8
19
11
21
23
8
12
44
7
27
15
50
16
22
6
8
11
14
26
23
17
8
47
7
27
23
6
16
23
11
13
14
15
14
19
12
15
13
21
9
11
20
5
10
58
14
16
27
4
20
9
10
10
143
18
18
10
5
5
10
11
9
16
2
24
17
20
15
11
3
18
34
41
4
10
65
17
15
16
11
9
16
17
21
29
13
11
20
7
12
8
5
22
16
22
14
586
13
13
5
98
9
27
43
14
12
24
18
13
7
9
16
14
23
15
11
14
7
9
7
6
17
5
13
4
17
17
8
6
3
9
12
10
15
4
21
2
15
7
5
8
7
11
17
11
18
16
12
19
12
7
16
150
13
5
15
15
18
18
125
13
10
11
9
1
15
7
9
118
31
326
83
9
14
9
8
8
8
7
16
24
2
6
15
8
69
12
7
7
5
9
2
6
13
9
13
19
18
128
10
529
6
11
4
19
23
4
15
18
33
8
13
5
19
7
19
12
18
5
8
20
48
17
21
6
10
7
13
5
100
45
16
8
11
33
12
9
27
4
33
23
48
11
10
12
35
39
17
12
11
10
19
7
16
8
17
5
11
11
8
5
8
16
24
3
23
11
17
9
32
15
22
12
15
13
4
10
25
19
5
28
9
18
15
137
9
12
13
14
41
49
20
6
10
6
9
13
11
21
10
26
15
13
9
10
22
9
17
16
16
45
23
27
4
7
19
23
11
15
15
6
2
27
12
23
25
29
31
7
5
258
22
36
43
20
14
16
46
15
23
9
14
14
11
43
31
18
12
13
5
11
2
9
6
24
7
10
8
11
14
7
12
8
12
10
9
18
10
20
13
5
10
2
9
14
112
13
6
8
13
10
20
26
14
7
6
7
14
7
11
37
6
5
13
14
12
10
161
10
13
22
17
31
9
61
16
11
12
3
14
10
11
16
8
10
5
8
29
9
5
7
10
13
20
5
11
6
12
15
18
16
13
10
12
43
9
18
8
16
13
8
9
24
7
8
12
6
15
13
18
15
21
45
9
10
20
8
17
10
5
14
8
6
7
6
10
10
12
8
10
22
13
4
15
20
32
9
8
11
28
21
18
1773
7
3
10
12
4
14
38
8
7
16
8
9
23
13
31
7
27
11
5
15
6
16
9
12
20
10
8
16
8
6
10
14
18
32
12
17
26
6
11
17
7
10
8
91
18
9
62
9
13
12
3
18
10
13
9
7
8
10
8
37
3
13
18
7
30
22
12
11
4
7
45
21
19
12
8
9
10
8
15
9
16
13
11
8
21
11
14
7
7
19
13
10
14
6
14
17
13
8
11
10
29
4
20
12
17
6
8
45
13
200
27
11
28
17
14
5
38
15
11
11
9
20
10
2
10
14
8
23
14
16
20
6
17
9
16
27
24
5
6
13
35
17
13
8
25
12
3
24
60
6
23
31
14
35
15
46
13
15
16
6
15
22
16
9
16
20
15
5
13
39
18
25
5
4
11
40
11
15
7
9
15
27
13
11
13
28
6
36
10
28
7
11
6
11
11
8
6
5
14
106
5
8
28
52
91
9
23
21
9
8
23
5
4
14
10
9
14
33
7
7
13
5
4
7
25
12
12
73
23
12
4
8
27
53
6
15
20
10
18
8
8
56
23
6
11
14
8
12
5
16
12
34
2
19
5
18
18
11
13
4
15
24
8
8
11
15
10
15
10
7
13
9
14
12
7
8
14
3
12
13
9
8
13
15
25
10
15
14
21
10
14
13
14
11
19
13
20
11
14
21
47
26
19
10
11
39
5
6
4
17
16
19
5
15
12
8
11
8
3
6
9
16
8
10
12
13
13
18
11
8
12
19
17
155
13
10
18
8
33
10
23
14
13
11
6
16
16
9
23
75
12
12
20
40
43
5
78
11
12
20
5
7
16
13
22
17
29
7
10
18
17
6
12
37
16
3
2
8
7
5
12
8
24
177
12
8
24
12
16
10
15
6
15
23
2
9
13
8
24
15
22
22
16
29
20
21
3
21
15
7
4
4
14
4
14
10
5
9
5
9
10
6
70
11
14
6
9
14
15
10
49
6286
7
47
6
8
18
9
26
6
19
10
14
8
65
16
11
8
9
13
7
12
18
9
21
5
11
12
9
11
9
11
14
7
13
10
14
9
26
15
16
6
5
17
14
72
12
10
13
9
8
15
43
15
10
7
3
7
18
17
72
7
12
10
30
11
11366
9
10
12
33
29
28
9
10
16
14
12
9
19
12
8
13
16
7
75
10
13
13
7
12
14
9
45
15
16
16
167
21
7
27
17
7
9
8
4
9
7
2
10
25
41
13
11
12
14
8
9
16
12
13
28
11
17
7
11
24
5
153
18
12
10
23
30
12
59
10
15
8
10
20
17
82
21
8
59
22
18
3
11
11
21
35
18
11
8
9
68
25
14
11
24
8
7
8
16
11
8
10
17
10
9
7
12
20
3
5
116
5
15
21
59
43
24
14
13
7
17
10
8
19
22
11
11
8
6
28
8
24
5
10
8
23
7
14
10
12
9
11
7
14
17
9
15
12
8
30
10
9
20
17
47
9
15
11
5
6
7
11
49
15
35
13
25
15
8
26
16
11
9
23
7
16
9
11
20
17
22
24
4
18
14
22
19
39
18
7
15
10
9
25
5
12
9
29
8
17
5
6
8
20
22
10
6
16
8
4
8
20
3
8
8
13
43
11
3
7
13
32
27
16
9
19
10
19
10
26
13
7
39
4
16
17
6
89
57
8
26
35
13
17
8
8
28
4
15
8
23
9
29
6
7
14
6
8
6
14
10
35
15
15
4
9
16
19
4
19
10
5
19
11
33
5
71
17
12
26
29
10
20
16
6
24
29
20
6
13
6
19
5
8
9
51
14
13
10
13
9
10
14
18
16
13
9
9
10
28
22
16
9
18
7
10
11
4
14
9
24
7
8
27
20
4
31
7
8
14
16
9
5
18
21
16
4
8
20
6
6
3
21
23
10
9
11
14
13
10
238
8
12
9
17
54
29
13
15
18
4
10
8
3
9
10
7
13
13
13
10
8
9
275
10
56
24
16
14
3
5
11
30
22
10
9
14
22
14
38
18
7
673
10
22
10
13
5
27
9
5
10
6
24
18
16
26
18
11
5
7
5
19
10
15
17
6
11
20
29
29
5
17
13
25
14
211
9
23
10
21
2
11
25
28
8
16
15
8
10
9
8
9
16
15
24
15
16
35
59
40
5
14
29
14
15
18
4
10
24
25
21
8
19
7
4
111
11
37
9
10
16
91
13
12
11
18
29
14
50
18
49
9
8
16
9
16
20
19
7
9
21
14
30
12
10
10
38
26
12
30
7
4
3
24
26
29
21
25
11
10
39
8
12
14
13
8
4
37
12
12
23
10
7
7
8
33
19
19
10
11
8
244
19
5
19
50
5
16
16
13
10
10
13
18
3
6
14
8
9
10
9
9
17
9
7
9
13
9
5
12
7
13
20
11
5
10
6
44
19
9
9
18
19
10
20
4
1
8
6
6
23
19
19
9
8
256
13
29
20
4
41
12
5
9
13
21
33
22
14
8
22
17
10
28
13
19
9
8
4
44
9
23
14
13
9
12
32
9
29
10
13
30
17
28
13
8
9
8
13
8
13
5
15
5
37
17
20
34
8
7
28
8
10
15
18
25
10
27
19
41
9
12
10
11
14
12
50
10
9
28
7
6
21
23
13
4
9
31
9
7
4
8
20
16
48
27
20
4
15
27
12
19
21
6
24
13
20
20
16
6
48
17
10
16
47
24
5
5
17
11
10
8
5
14
3
4
10
20
83
12
18
7
3
5
16
14
4
26
9
11
5
38
12
19
14
30
21
12
443
13
17
16
39
54
9
11
90
21
21
7
14
8
26
13
18
17
11
17
10
17
59
3
7
13
14
5
6
8
9
677
12
17
8
10
13
6
9
13
17
11
7
11
10
8
18
14
6
6
10
13
7
31
9
12
20
11
29
10
15
11
12
7
29
14
4
8
16
19
7
25
6
14
15
58
7
12
9
7
11
19
8
10
3
22
16
9
27
15
5
14
14
8
11
30
12
8
5
14
11
6
8
22
6
43
41
5
26
8
16
13
4
26
10
15
13
15
17
18
21
27
57
3
2
33
15
7
18
4
12
12
19
7
35
13
11
24
4
17
65
16
39
9
29
9
23
10
5
14
9
30
38
12
14
15
27
15
9
13
15
26
12
10
8
14
24
7
11
8
5
14
17
2
11
16
30
5
20
12
35
19
9
12
21
9
9
15
5
34
80
15
3
7
3
12
20
14
17
249
9
17
15
6
16
6
5
31
10
4
291
9
10
14
13
16
4
31
58
10
27
13
31
126
25
43
9
26
2
5
50
3
12
91
14
15
16
11
27
16
7
4
58
12
7
12
12
12
10
13
29
8
18
15
12
3
8
22
14
10
14
20
7
11
43
29
10
12
13
14
19
29
14
11
6
7
8
5
16
30
41
44
11
8
12
17
4
14
13
13
5
36
12
14
9
33
13
24
26
6
9
3
26
6
16
23
8
4
15
14
11
22
6
13
10
9
4
4
29
8
45
18
14
25
45
16
9
14
16
17
23
12
34
23
8
49
39
23
11
12
2
21
20
5
17
4
32
8
18
11
10
11
5
17
58
54
12
32
19
9
9
8
7
17
15
6
7
10
15
8
21
8
9
16
13
7
25
11
22
3
14
7
12
20
102
9
4
35
16
16
63
5
7
10
15
10
11
10
13
2
58
83
14
22
2
20
23
24
4
5
50
8
16
12
16
7
10
28
1
6
10
16
9
19
9
18
24
12
3
27
19
2
22
7
31
14
28
17
62
13
23
4
15
37
25
12
14
5
23
61
8
3
5
13
12
13
12
12
6
6
9
7
19
13
16
184
8
31
5
20
32
15
15
13
7
7
3
24
14
23
16
13
18
26
11
13
16
10
14
20
9
9
14
27
16
10
13
22
12
98
6
6
12
16
23
8
15
10
13
3
4
15
19
17
12
9
10
23
26
15
22
3
8
10
21
10
8
17
8
9
34
13
8
12
10
8
6
56
9
11
5
8
17
19
13
177
6
4
18
8
167
30
17
8
22
7
24
11
38
3
15
42
7
23
165
25
9
10
12
11
14
13
11
3
13
16
17
11
15
14
11
21
5
23
31
40
10
8
96
34
16
20
25
13
10
10
10
69
6
18
4
17
13
29
12
26
141
11
10
12
8
10
66
5
12
18
8
21
9
18
49
11
11
18
7
41
5
63
32
7
5
9
14
10
8
12
13
34
32
8
5
12
13
22
16
27
29
22
8
12
2
10
2
5
5
6
11
65
32
3
55
26
31
13
8
2949
14
5
55
44
16
28
8
20
22
13
38
6
19
10
15
27
22
17
9
26
8
18
31
17
5
6
13
23
9
13
11
14
10
16
13
18
3
33
26
9
51
19
11
13
19
13
9
33
11
5
12
18
6
11
529
8
12
7
6
26
16
7
27
17
30
31
17
25
14
11
53
26
17
9
9
8
7
266
25
15
12
11
18
18
12
12
24
24
10
11
10
21
11
9
13
9
20
44
11
17
18
20
12
359
31
18
11
11
10
21
16
16
20
131
20
24
6
9
6
24
10
13
4
30
4
95
7
37
26
5
22
18
9
5
6
10
13
40
15
6
8
11
32
5
8
20
35
15
37
12
24
45
9
9
11
21
23
23
25
8
10
27
10
7
5
13
15
10
30
7
20
9
5
23
103
32
19
17
5
8
8
19
9
11
9
13
7
13
7
15
8
9
6
11
14
27
11
8
13
2
11
40
13
9
12
23
14
7
7
24
37
5
39
10
11
11
14
17
4
7
21
12
14
15
20
12
10
8
8
7
48
20
11
18
31
14
6
10
10
27
8
25
13
17
16
16
6
20
51
15
7
12
63
16
15
12
7
10
11
12
211
4
20
7
21
12
58
13
9
14
17
6
24
8
14
7
12
19
30
12
4
13
12
32
28
3
7
9
12
25
12
5
7
69
8
14
39
8
5
29
9
12
12
18
5
6
12
10
84
43
8
21
12
20
15
10
15
18
3
13
14
12
9
10
9
22
19
21
33
9
16
4
6
6
12
15
58
8
11
25
38
14
11
25
14
11
9
19
10
4
10
3
16
4
5
7
19
7
42
11
19
14
123
7
12
2
6
6
14
14
24
21
10
9
26
14
28
23
10
10
25
25
32
7
8
17
16
13
17
11
4
11
82
4
15
3
128
7
31
17
11
15
355
2
38
11
31
51
8
15
6
27
14
12
14
12
9
7
11
29
13
6
25
4
11
17
23
17
26
8
20
16
5
32
30
21
12
7
11
10
10
15
10
11
51
15
17
17
12
21
10
16
8
12
16
27
81
3
29
7
49
3
10
7
12
10
9
8
15
14
8
11
10
7
22
8
65
8
19
7
10
8
20
13
14
8
17
12
22
8
24
8
12
21
23
21
24
46
21
4
7
9
22
12
5
8
15
13
10
16
20
16
19
17
18
8
9
12
7
6
14
11
12
9
11
6
4
57
8
19
15
15
21
6
26
9
12
14
3
5
6
12
9
11
15
10
11
17
20
8
23
13
12
25
24
12
17
28
19
19
11
20
17
9
15
6
8
5
17
23
20
4
18
13
40
4
5
31
9
145
14
8
13
7
21
11
10
7
7
7
10
11
10
14
22
9
13
12
17
5
6
11
13
12
10
22
16
6
8
25
7
10
8
10
8
31
8
22
38
10
4
17
19
20
10
20
10
13
16
13
20
29
21
12
9
19
7
28
17
21
5
10
8
15
61
11
97
7
14
12
14
14
9
16
10
9
9
10
14
5
5
12
13
15
33
15
9
9
17
10
12
6
5
13
21
10
8
5
16
10
10
59
12
8
113
40
15
27
9
7
13
12
27
11
9
11
4
34
13
9
28
7
7
10
5
24
17
16
9
27
9
27
6
20
15
7
10
14
8
20
13
50
8
2
21
38
17
13
38
11
5
7
5
10
11
8
8
13
11
5
8
16
14
6
59
4
14
11
65
7
13
19
58
5
16
28
21
33
27
11
8
9
14
13
15
10
34
8
13
25
34
84
13
33
15
5
16
16
8
8
5
21
5
15
44
12
26
8
19
912
3
20
13
11
7
6
3
13
11
12
8
24
11
17
14
29
9
9
6
5
18
22
31
29
15
6
13
8
11
5
19
19
24
55
9
8
24
8
12
14
5
13
15
13
10
18
12
17
7
84
19
14
11
14
16
49
21
47
4
6
18
15
13
12
8
10
6
10
3
11
18
11
26
6
15
8
13
4
7
4
8
8
12
8
9
52
13
25
13
16
31
7
4
12
15
11
4
9
47
6
12
12
16
31
3
9
15
166
13
16
4
8
14
6
8
692
24
5
26
23
15
8
20
8
23
17
79
10
20
23
2
11
9
4
9
12
30
15
121
4
10
13
20
8
10
13
236
15
40
31
8
14
5
15
30
9
16
8
11
3
14
15
7
13
49
9
10
13
23
12
15
8
4
18
27
8
16
13
11
16
123
4
12
16
10
20
12
13
20
40
25
10
19
5
6
24
5
19
13
9
10
10
34
13
16
199
11
5
12
16
7
18
3
2
8
7
28
33
20
8
13
12
67
39
19
15
11
22
11
4
8
31
23
10
29
6
3
8
22
16
8
68
15
10
38
9
26
17
21
17
9
8
11
18
3
10
6
25
22
9
8
9
38
19
7
13
4
29
15
17
9
8
131
20
25
17
15
8
15
1154
6
12
10
17
56
22
14
3
10
14
20
15
18
10
6
25
11
4
18
9
20
12
20
4
18
18
10
31
11
7
10
11
30
20
13
2
23
79
45
9
3
15
17
13
23
8
7
12
18
14
8
8
9
11
11
23
9
13
7
18
9
13
14
36
30
7
15
11
25
17
10
18
7
15
11
7
10
11
41
20
24
11
30
105
10
14
5
4
21
8
11
18
13
25
11
9
31
45
9
13
5
6
6
11
29
16
18
12
23
14
5
11
18
13
7
25
18
9
22
20
30
10
19
6
26
8
17
54
12
11
46
15
38
9
7
13
13
7
9
15
18
10
8
4
6
17
10
13
67
15
55
75
13
5
19
6
9
28
9
9
16
9
21
6
15
29
10
35
51
9
10
15
14
21
19
10
9
2
14
10
20
15
13
16
4
20
17
21
20
22
13
32
21
30
5
27
16
9
81
18
1
5
9
7
12
5
356
139
17
18
7
7
6
23
24
11
34
16
17
10
7
24
23
17
11
119
14
9
22
8
16
12
10
19
10
35
7
19
13
3
22
8
36
4
10
9
27
15
46
9
15
10
11
6
6
47
21
9
10
27
9
29
29
10
8
14
6
17
9
24
13
31
73
15
21
8
9
16
11
135
9
10
12
17
15
5
26
14
26
5
14
13
12
5
7
41
7
12
12
20
9
11
20
5
16
40
20
19
23
46
57
16
8
16
15
9
6
13
12
23
10
7
9
32
6
7
24
52
19
11
9
12
31
20
11
10
13
10
18
61
17
3
8
16
21
14
31
7
5
14
8
13
11
10
15
11
32
7
29
9
33
8
58
19
12
9
12
8
7
71
6
12
31
19
15
3
19
10
15
15
20
15
6
13
14
8
46
26
14
7
23
51
12
8
37
10
20
91
199
6
25
15
10
6
43
5
24
20
13
6
2
10
11
15
7
16
17
306
4
9
17
24
43
69
8
8
13
13
55
7
19
14
8
13
4
5
10
9
34
42
3
836
17
12
7
12
11
43
7
18
9
13
16
11
12
11
5
6
28
43
10
10
18
11
6
9
13
82
15
400
19
43
18
11
4
6
20
266
1
19
5
5
40
16
10
21
6
14
11
16
33
20
25
10
54
11
8
10
10
10
7
15
8
11
11
23
6
6
15
28
14
21
7
15
6
35
12
24
17
10
17
25
16
16
23
8
19
22
11
14
11
20
15
17
15
65
14
23
10
14
11
15
11
43
7
10
8
9
17
5
9
16
14
15
15
37
10
10
13
17
10
10
18
14
32
35
6
11
14
18
19
11
16
7
11
6
188
17
8
13
9
18
6
6
5
109
7
13
18
40
12
27
8
8
17
21
5
18
14
20
4
15
29
15
9
30
26
28
33
8
11
9
8
5
26
13
68
11
5
10
8
