3
75
1
2
2
1
0
1
2
13
6
8
1
3
13
23
10
4
7
5
0
9
153
2
11
8
0
8
0
2
11
4
7
8
2
17
1
7
2
2
3
10771
2
30
30
0
3
11
4
4
3
2
7
6
3
5
6
69
17
6
17
3
3
3
0
2
9
14
6
7
0
4
1
54
7
8
3
3
3
2
3
0
5
15
5
6
2
5
15
7
5
28
5
2
90
2
11
1
2
4
3
22
4
2
0
6
2
1
1
10
1
10
8
10
9
6
8
3
9
4
5
1
4
9
4
2
4
5
11
11
0
3
4
9
2
4
6
32
3
2
9
5
11
5
1
1
7
12
10
5
10
2
4
1707
2
3
9
0
8
3
3
2
5
5
6
3
10
2
5
9
12
5
0
5
3
1
0
3
5
4
1
9
10
2
0
12
14
12
1
4
6
9
1
7
5
11
3
1
9
5
2
3
3
17
2
5
10
1
24
9
6
22
12
4
13
9
102
3
1
3
14
0
5
3
6
15
3
2
8
0
3
9
138
2
16
22
16
6
3
3
4
3
3
3
8
7
0
6
9
1
7
23
2
3
17
8
5
26
49
4
4
2
10
7
15
41
7
11
5
105
15
4
25
0
2
27
0
3
9
1
8
10
12
5
2
8
8
7
110
0
7
1
32
1
10
11
20
16
2
0
4
3
0
25
1
5
14
34
9
5
1
8
8
2
3
13
1
7
5
0
4
3
16
0
1
4
3
5
26
1
0
2
4
8
7
0
8
14
18
9
10
5
19
5
6
2
1
0
10
1
0
4
9
8
15
11
1
9
0
1
4
4
3
1
3
1
5
4
91
1
12
14
4
3
7
5
2
7
1
1
51
6
1
1
6
11
217
6
2
1
12
6
26
4
2
2
3
6
10
11
2
4
0
3
5
1
9
5
3
20
1
4
5
16
5
0
5
1
3
4
10
0
2
0
2
1
8
11
21
7
9
4
4
11
21
7
5
13
4
41
12
1
6
2
0
2
3
1
1
1
104
3
9
0
2
3
13
71
45
23
3
53
1
7
26
2
5
7
40
6
6
5
3
14
0
3
14
7
5
4
69
0
0
8
9
0
9
0
1
4
1
32
7
7
10
5
6
4
18
3
3
75
1
2
2
1
0
1
2
13
6
8
1
3
13
23
10
4
7
5
0
9
153
2
11
8
0
8
0
2
11
4
7
8
2
17
1
7
2
2
3
10771
2
30
30
0
3
11
4
4
3
2
7
6
3
5
6
69
17
6
17
3
3
3
0
2
9
14
6
7
0
4
1
54
7
8
3
3
3
2
3
0
5
15
5
6
2
5
15
7
5
28
5
2
90
2
11
1
2
4
3
22
4
2
0
6
2
1
1
10
1
10
8
10
9
6
8
3
9
4
5
1
4
9
4
2
4
5
11
11
0
3
4
9
2
4
6
32
3
2
9
5
11
5
1
1
7
12
10
5
10
2
4
1707
2
3
9
0
8
3
3
2
5
5
6
3
10
2
5
9
12
5
0
5
3
1
0
3
5
4
1
9
10
2
0
12
14
12
1
4
6
9
1
7
5
11
3
1
9
5
2
3
3
17
2
5
10
1
24
9
6
22
12
4
13
9
102
3
1
3
14
0
5
3
6
15
3
2
8
0
3
9
138
2
16
22
16
6
3
3
4
3
3
3
8
7
0
6
9
1
7
23
2
3
17
8
5
26
49
4
4
2
10
7
15
41
7
11
5
105
15
4
25
0
2
27
0
3
9
1
8
10
12
5
2
8
8
7
110
0
7
1
32
1
10
11
20
16
2
0
4
3
0
25
1
5
14
34
9
5
1
8
8
2
3
13
1
7
5
0
4
3
16
0
1
4
3
5
26
1
0
2
4
8
7
0
8
14
18
9
10
5
19
5
6
2
1
0
10
1
0
4
9
8
15
11
1
9
0
1
4
4
3
1
3
1
5
4
91
1
12
14
4
3
7
5
2
7
1
1
51
6
1
1
6
11
217
6
2
1
12
6
26
4
2
2
3
6
10
11
2
4
0
3
5
1
9
5
3
20
1
4
5
16
5
0
5
1
3
4
10
0
2
0
2
1
8
11
21
7
9
4
4
11
21
7
5
13
4
41
12
1
6
2
0
2
3
1
1
1
104
3
9
0
2
3
13
71
45
23
3
53
1
7
26
2
5
7
40
6
6
5
3
14
0
3
14
7
5
4
69
0
0
8
9
0
9
0
1
4
1
32
7
7
10
5
6
4
18
3
1
7
0
15
10
6
7
2
12
5
4
9
3
48
14
6
1
12
11
1
14
80
2
2
5
1
3
4
4
0
4
4
7
6
41
25
810
2
28
4
0
5
5
30
5
7
1
0
1
0
23
3
1
12
2
4
7
2
10
3
2
7
2
11
35
16
2
7
8
6
3
60
5
11
10
14
12
2
4
4
4
5
1
0
23
10
17
4
1
4
16
1
14
1
52
1
5
0
17
4
27
2
3
30
26
1
28
4
8
5
7
2
1
19
2
16
12
0
5
13
6
79
1
1
4
2
6
4
13
1
7
8
2
31
15
8
1
7
4
16
6
45
7
1
5
5
6
3
5
2
6
14
1
21
32
3
0
0
1
1
7
21
10
2
78
4
8
2
0
11
7
4
9
8
4
2
23
4
6
0
2
2
4
4
4
0
0
24
4
4
11
6
1
4
74
5
3
2
12
9
19
1
7
8
1
4
4
1
6
5
1
4
10
4
5
22
8
5
3
1
3
0
26
4
2
74
1
1
5
3
0
14
1
14
66
0
11
31
2
2
1
14
57
9
11
1
4
9
3
12
2
3
4
11
2
8
6
23
5
30
3
21
6
1
7
7
3
351
75
1
9
1
17
4
4
9
1
4
7
5
8
12
14
9
6
26
0
13
3
15
8
1
2
9
5
13
6
5
18
4
9
12
4
1
1
3
7
2
5
1
12
1
10
5
5
1
1
0
37
13
0
5
0
8
7
4
3
1
6
5
0
6
6
2
11
4
6
2
5
8
1
7
4
5
4
1
9
3
3
3
0
1
5
12
0
0
2
11
5
13
2
5
9
3
8
2
4
5
0
3
1
5
0
7
0
3
0
3
5
4
2
18
0
13
3
1
1
0
2
2
18
5
1
1
7
14
11
2
1
8
4
11
12
0
12
4
6
11
26
2
8
5
2
5
2
3
12
10
1
10
2
10
8
4
2
0
8
2
2
4
2
8
11
14
20
2
10
4
4
3
16
106
5
2
4
9
4
3
3
3
5
152
2
1
3
0
15
5
8
6
1
7
14
4
1
9
5
7
28
33
115
25
6
1
3
1
3
36
7
8
45
2
3
8
3
2
2
1
2
0
4
6
3
8
7
0
1
10
56
3
6
31
11
4
1
5
1
2
13
1
9
2
0
3
0
17
4
1
2
2
13
1
2
2
6
2
10
5
5
11
4
0
9
7
3
7
1
2
2
7
1
5
0
1
7
10
5
13
5
2
7
3
2
10
35
1
1
4
9
3
1
11
10
3
1261
1
2
6
5
7
1
7
246
0
1
21
9
3
53
2
2
3
7
3
5
48
1
2
6
1
1
5
5
15
5
6
8
3
2
5
6
4
13
5
1
5
2
16
8
2
1
3
8
2
10
4
10
3
2
5
6
1
1
0
2
22
4
5
9
13
7
4
40
1
4
1
5
1
1
3
3
0
3
399
8
4
34
22
7
0
4
5
25
2
1
0
3
1
14
3
9
14
1
1
4
15
17
1
5
2
6
21
6
18
13
10
5
14
3
1
1
3
3
10
4
7
20
2
22
6
1
1
0
1
6
1
31
1
3
4
3
26
34
1
0
57
3
4
0
3
0
7
14
23
20
5
8
0
11
5
24
2
2
2
3
9
16
4
42
3
9
12
5
6
12
19
5
4
33
0
7
1
22
1
5
2
3
12
2
4
1
13
1
4
6
14
11
4
8
2
1
4
3
26
5
5
0
8
17
1
2
4
6
13
152
2
32
2
2
6
0
7
2
13
4
6
6
5
2
3
5
3
12
9
1
8
15
18
6
24
13
6
0
2
11
2
6
9
8
3
1
4
4
2
7
1
10
19
8
1
1
6
1
15
6
8
14
1
2
8
5
6
178
3
6
0
4
8
2
18
12
3
19
0
4
0
9
1
6
11
4
4
13
6
4
6
3
1
10
4
2
3
0
5
2
0
4
6
0
73
11
2
4
3
2
9
3
4
3
5
0
11
10
4
4
8
8
12
5
9
2
9
11
4
2
2
6
2
11
8
3
7
12
1
3
11
6
8
0
4
1
6
1
6
5
1
4
126
0
1
2
2
2
5
0
1
13
5
8
1
0
250
0
2
3
5
17
3
6
0
40
5
12
2
8
3
13
8
2
9
2
9
3
2
5
6
7
10
3
81
1
2
7
4
1
2
8
5
2
4
3
2
1
79
6
14
1
34
24
5
2
5
6
1
4
16
3
193
5
1
8
3
0
6
8
7
8
0
11
4
3
20
6
10
20
3
7
5
3
3
5
6
7
12
0
5
4
8
25
9
5
3
3
0
6
4
1
0
3
16
43
2
8
6
0
1
5
5
2
4
9
2
13
20
8
1
29
2
4
1
3
1
2
2
0
3
87
4
1
54
8
5
4
1
2
1
3
2
10
44
12
2
4
0
3
29
1
2
4
4
4
14
6
0
5
3
3
9
2
2
5
2
2
14
2
33
2
0
1
175
17
4
5
4
16
8
42
7
18
22
0
2
8
4
1
11
1
19
7
1
9
0
8
6
2
2
0
11
15
6
21
1
1
2
5
0
7
2
1
5
1
13
4
0
1
5
102
31
1
3
3
4
0
2
2
9
10
20
10
8
15
14
10
3
6
2
12
7
3
10
1
3
10
15
0
2
0
6
8
16
22
4
1
1
2
4
18
2
1
11
17
0
4
71
67
18
12
5
16
6
6
0
2
12
10
10
38
202
0
6
2
10
7
7
6
3
3
8
7
4
3
16
0
4
1
1
14
3
4
2
1
4
17
7
2
3
2
12
4
6
152
2
9
8
44
14
1
2
0
10
8
7
8
1
8
3
0
1
2
34
8
3
5
2
4
0
20
5
8
22
4
0
7
3
1
110
7
5
10
13
25
32
6
1
1
121
5
7
30
1
4
7
2
12
1
5
1
6
7
3
2
4
2
14
17
4
2
2
100
0
1
2
4
5
4
31
1
10
30
10
1
4
7
3
6
4
1
4
2
7
3
1
2
4
2
4
2
26
5
25
4
53
6
3
12
4
3
4
1
2
4
2
7
1
9
5
7
3
11
4
2
15
3
4
1
4
3
1
14
19
44
4
4
23
4
2
19
55
2
11
14
6
3
4
11
15
6
10
6
2
14
4
5
4
1
4
2
1
4
33
19
5
10
2
65
5
3
4
4
3
4
20
9
11
2
4
6
29
1
7
0
12
3
56
0
6
31
2
5
15
1
16
3
0
10
2
7
10
11
17
1
5
4
3
22
2
0
38
3
12
5
0
0
14
9
30
18
3
0
7
0
4
3
6
588
2
2
13
5
7
5
4
11
8
1
7
3
5
290
4
8
6
7
4
1
3
5
1
2
19
15
1
1
4
1
1
2
8
3
2
9
4
12
2
1
2
14
3
1
2
1
11
2
0
8
82
1
5
2
1
8
2
4
1
3
2
90
3
11
11
5
38
14
2
13
8
3
5
0
3
0
8
5
8
19
8
2
2
18
4
40
23
1
4
1
0
10
3
5
9
10
1
2
4
3
10
6
4
6
14
2
5
0
8
10
6
26
5
5
2
3
1
6
8
10
4
8
6
1
4
5
8
3
2
19
61
4
4
12
12
2
22
49
17
2
4
4
3
3
6
3
2
2
4
3
1
5
5
0
9
3
2
2
2
9
11
1
5
5
3
7
7
6
16
19
2
2
10
8
3
259
4
7
4
7
14
9
0
9
1
7
5
0
1
7
2
6
2
4
11
3
4
1
9
1
27
5
1
0
3
43
21
1
4
7
4
56
2
4
2
1
11
11
8
2
0
0
3
4
7
8
1
1
24
2
63
5
39
8
12
2
7
1
14
8
4
13
9
2
9
9
2
1
1
85
3434
1
3
1
5
4
0
6
7
8
7
1
2
5
7
14
1
8
22
0
148
2
0
3
6
23
4
0
12
9
2
40
2
7
0
1
10
2
0
97
12
6
34
1
0
2
8
3
17
4
5
0
6
6
8
4
5
11
4
8
3
5
0
16
6
24
6
2
7
2
2
28
7
5
2
2
42
8
4
5
4
2
9
2
4
1
21
3
3
3
6
6
7
7
4
41
5
4
2
0
7
26
11
0
12
7
126
9
8
2
2
1
3
26
224
0
7
3
0
8
1
1
5
6
3
6
9
1
4
0
56
2
10
5
118
0
10
3
4
12
18
4
10
13
10
6
2
2
0
2
0
5
2
6
16
5
3
1
4
122
4
11
3
0
0
8
1
6
2
0
71
25
1
5
9
0
7
3
1
4
3
4
40
4
0
8
11
19
12
5
46
9
0
20
4
1
5
4
4
4
4
32
4
7
12
15
13
4
5
2
14
4
4
2
97
3
16
5
1
4
3
5
3
5
23
1
2
8
10
1
1
35
7
24
10
1
3
3
1
16
11
1
17
4
14
1
6
3
1
19
2
1
7
56
1
5
8
1
17
8
31
1
8
2
2
4
0
1
23
6
9
10
17
24
5
5
1
7
4
11
6
20
4
4
66
5
1
3
3
69
4
15
5
1
3
7
6
8
1
2
10
1
5
3
7
1
10
8
4
1
59
3
21
4
1
5
5
11
0
5
5
1
3
2
60
0
0
7
3
9
3
56
3
6
2
4
6
53
2
1
14
10
4
1
1
0
1
11
5
10
4
4
18
2
3
40
2
37
8
0
16
9
2
6
8
5
14
5
6
24
1
12
21
2
20
31
1
4
9
2
4
8
13
6
0
3
19
16
3
3
1
1
6
6
1
12
4
10
1
2
5
5
2
3
9
4
13
0
10
17
5
80
69
14
4
0
3
2
1
4
5
3
5
345
3
74
17
6
32
2
14
8
7
21
7
8
10
2
2
9
2
23
3
1
3
20
2
241
4
0
9
0
12
26
875
7
10
10
0
14
3
8
7
65
60
3
15
2
3
11
126
7
11
9
59
7
16
11
3
4
75
11
8
64
3
15
0
2
14
3
18
11
9
0
4
3
0
2
9
2
2
13
5
8
1
4
13
3
3
3
10
169
10
7
4
52
7
3
0
3
49
5
10
2
6
1
11
3
4
4
13
60
2
2
1
1
0
4
2
6
3
1
6
0
6
2
27
14
35
5
19
11
4
2
4
12
4
6
1
1
16
13
21
3
82
3
1
1
3
1
1
1
14
9
6
9
12
1
0
17
6
4
3
4
2
35
2
10
28
12
0
6
3
5
0
1
12
16
2
0
2
7
2
3
1
5
2
11
25
2
4
7
1
4
2
4
5
2
4
2
1
3
19
11
14
4
1
7
4
16
9
27
6
12
14
2
6
7
3
4
7
5
2
1
1
13
6
1
7
153
15
55
0
2
6
41
6
3
5
5
6
12
3
4
5
1
3
26
5
8
5
5
3
4
9
57
11
21
3
9
6
4
7
18
6
7
0
5
17
2
1
1
11
5
3
19
1
2
33
2
21
0
2
3
6
0
2
8
8
2
2
4
27
1
3
2
670
3
1
12
2
8
5
6
10
7
5
9
2
12
14
3
1
7
8
38
12
3
65
31
13
7
3
2
8
5
7
98
7
2
4
3
1
6
9
4
7
4
1
21
29
4
8
5
7
3
2
3
6
1
0
3
1
0
41
11
0
36
3
9
10
12
1
3
6
96
4
22
2
1
8
1
2
4
7
5
53
1
2
5
3
4
5
7
0
6
4
2
1
9
6
11
4
46
78
7
31
4
8
5
1
11
6
3
4
1
3
1
4
3
9
4
6
25
25
3
3
4
1
166
1
38
50
3
5
5
5
0
2
6
8
82
35
1
12
5
9
18
5
3
2
3
1
0
21
1
3
2
27
9
9
5
15
7
13
28
0
0
6
20
22
6
6
2
11
47
8
3
4
2
2
12
15
3
1
5
11
7
5
12
5
0
4
4
18
4
9
6
74
1
4
2
23
5
6
12
4
2
1
3
11
5
12
5
2
3
5
2
12
12
1
0
1
6
3
4
0
4
11
11
24
5
0
0
6
5
6
1
3
1
23
4
9
557
4
1
7
11
5
6
8
2
27
6
10
20
24
9
8
25
7
25
6
26
7
12
16
21
4
5
2
1
0
22
9
2
1
4
0
1
3
8
3
10
4
0
4
1
5
4
5
17
1
6
6
5
2
3
5
1
2
8
2
3
8
1
2
5
5
9
6
51
18
3
1
3
9
12
5
1
2
7
5
21
18
13
8
11
0
4
2
3
4
4
5
4
2
4
5
2
13
2
6
1
3
10
4
6
1
3
1
5
9
4
10
3
0
1
3
19
8
3
10
4
4
3
2
3
26
38
6
5
3
2
8
17
23
3
2
22
25
2
1
7
2
3
5
7
1
6
10
8
12
6
4
16
14
22
10
10
2
10
3
0
2
2
5
2
5
11
23
9
5
2
1
3
0
28
16
11
25
1
2
4
2
2
8
35
31
4
6
5
8
6
8
1
18
1
7
61
1
7
3
9
19
3
8
8
3
20
11
7
4
0
2
8
12
6
8
4
6
4
6
28
3
3
3
0
5
2
3
6
4
6
11
17
3
4
1
0
17
5356
9
3
3
3
6
22
2
1
6
7
3
3
56
12
10
4
2
2
6
7
3
15
11
19
8
3
4
9
2
15
6
7
2
5
10
2
31
7
2
8
4
3
2
4
3
12
20
7
2
3
2
5
2
3
18
4
17
0
11
0
0
17
4
1
10
29
1
4
3
5
1
3
6
4
5
4
1
2
6
12
7
8
2
1
34
12
3
4
5
26
3
2
7
0
18
7
1
22
6
7
5
1
7
11
3
9
1
6
7
5
3
8
2
8
2
7
16
6
3
11
10
39
8
2
8
8
3
3
1
5
2
12
3
1
4
0
1
6
24
6
8
30
38
12
1
5
1
8
8
3
24
0
4
34
10
9
51
4
9
30
11
0
1
3
1
15
7
5
5
7
6
4
19
1
7
1
11
4
3
12
0
6
15
2
5
34
8
3
4
9
10
38
0
3
1
14
3
4
1
5
0
3
0
56
35
1
3
0
26
4
4
11
5
7
13
3
3
4
14
11
3
14
4
3
63
26
5
9
2
67
2
4
16
7
2
3
2
7
1
248
5
2
7
1
3
4
0
6
55
3
21
1
2
6
0
3
16
18
74
1
4
2
8
3
21
2
14
5
2
13
633
3
34
6
3
3
1
2
4
0
11
2
17
8
1
7
0
21
3
10
11
17
17
31
6
1
2
8
0
4
81
0
5
2
3
10
3
8
1
19
7
4
4
1
16
6
3
1
2
1
43
2
3
4
12
6
3
7
2
78
5
9
19
4
1
1
0
5
0
2
2
6
9
2
0
5
189
7
22
4
2
7
3
27
10
10
1
10
5
39
1
6
3
10
0
3
3
29
3
4
7
3
10
0
17
47
10
3
2
3
0
6
30
0
0
2
1
1
1
4
24
6
2
3
4
5
1
15
1
1
27
1
11
4
3
2
1
0
2
4
11
1
10
8
22
4
2
1
3
7
14
1
3
45
8
10
3
2
16
16
26
16
8
3
2
4
5
4
0
0
2
4
17
13
1
0
5
4
2
6
3
0
79
2
12
3
19
10
4
3
3
23
1
3
3
6
9
3
24
27
0
1
17
2
13
38
17
3
3
2
2
3
3
4
0
4
4
1
1
3
3
41
4
3
35
4
3
2
0
0
1
1
1
8
2
5
17
4
10
3
2
1
6
11
2
6
1
2
3
6
12
7
67
6
7
0
9
12
10
2
1
8
1
11
2
4
22
2
3
65
38
2
3
9
0
2
4
7
0
4
6
11
15
4
20
4
2
0
1
3
15
16
8
11
3
7
14
2
4
11
49
0
5
0
22
12
12
3
21
9
3
70
3
5
7
11
3
5
5
8
7
3
2
6
8
12
2
4
13
10
3
3
31
12
2
2
1
3
10
1
3
250
5
3
6
1
1
1
4
4
16
4
9
18
0
3
8
9
4
15
3
27
3
2
3
9
10
3
11
0
1
4
13
4
5
4
7
4
19
41
10
5
0
4
6
5
2
6
3
2
99
1
3
11
10
9
52
11
3
4
4
3
12
2
3
18
42
5
5
15
1
73
1
5
8
0
15
8
7
7
4
20
3
24
4
9
1
4
17
2
1
1
30
6
7
8
5
2
5
2
9
2
39
1
0
2
809
4
2
1
7
4
7
17
3
8
8
2
3
7
9
3
0
14
14
4
7
4
2
7
3
11
16
2
2
9
10
0
5
3
1
14
2
1
4
6
33
1
3
5
1
1
26
11
1
7
173
7
1
1
15
12
2
2
4
4
2
7
3
4
2
9
7
1
15
3
14
88
5
7
37
2
6
6
19
10
28
14
17
1
0
1
11
0
4
1
7
2
4
5
65
2
8
3
11
1
2
3
2
1
11
12
2
25
9
4
1
4
16
0
3
12
9
7
1
5
776
5
0
2
8
8
3
14
14
41
25
1
24
26
2
3
3
3
4
0
11
8
10
3
5
8
33
24
1
4
0
1
10
4
66
0
7
0
4
3
93
7
1
15
6
3
31
93
0
21
2
7
2
4
9
12
32
3
2
25
2
1
5
3
2
5
1
19
9
0
3
4
41
7
6
2
8
0
1
3
8
9
5
0
1
2
0
26
0
2
2
1
2
9
15
4
5
4
4
3
1
4
14
4
1
1
10
9
4
16
4
1
11
3
7
34
1
1
5
0
1
54
6
5
1
11
0
3
2
49
9
10
1
33
2
5
13
1
3
3
0
19
13
3
3
3
2
10
5
0
1
7
1
4
22
1
4
1
2
4
10
29
4
3
8
3
1
5
2
32
7
9
1
8
3
5
10
2
10
7
19
15
2
6
4
3
4
17
16
4
64
27
0
18
7
8
3
11
3
2
3
10
5
21
1
2
28
6
3
5
10
4
14
0
21
2
7
164
0
0
2
12
13
9
2
8
4
1
3
3
1
2
107
7
10
11
3
20
0
7
2
6
6
51
9
2
18
27
43
1
6
4
1
21
7
3
3
5
0
3
3
8
2
0
39
9
16
9
2
7
2
8
1
2
37
12
4
1
2
23
4
4
11
2
2
37
10
1
6
0
0
1
2
5
6
6
38
2
4
4
5
2
5
5
25
2
0
4
1
0
0
4
3
38
9
3
4
1
1
13
7
9
0
9
5
3
16
1
2
7
9
3
133
42
6
0
4
5
26
3
3
0
11
9
4
26
2
4
12
7
11
29
68
17
8
0
5
231
3
4
3
322
1
8
1
3
1
2
2
7
3
20
4
22
1
11
3
16
28
0
17
190
0
14
2
1
0
3
6
226
6
0
1
2
5
8
4
7
2
6
1
160
7
13
2
14
12
47
12
0
16
2
2
11
4
12
4
3
5
17
66
7
10
7
13
0
719
5
16
55
109
3
8
8
15
17
12
10
9
25
30
2
2
3
11
35
2
3
7
2
29
3
1
16
3
41
7
2
0
4
3
11
7
4
2
0
6
5
4
22
1
6
1
6
1
4
3
2
25
2
3
0
1
4
3
2
0
8
5
5
0
0
18
4
1
0
0
4
8
22
13
7
2
7
36
5
3
40
12
6
1
6
13
4
5
4
5
8
4
14
7
3
2
18
0
2
34
11
2
6
16
0
12
6
13
23
27
14
1
32
7
2
38
13
9
2
2
5
2
4
4
9
4
2
3
6
5
16
1
4
3
3
317
14
0
3
4
14
1
10
2
16
0
0
62
4
7
5
5
1
2
8
3
6
5
3
3
18
1
5
13
53
7
36
0
3
13
5
1
2
1
4
1
141
1
8
2
1
0
13
3
3
3
9
1
4
20
3
1
1
2
0
3
1
1
21
2
11
20
3
1
6
36
4
1
31
15
1
40
2
20
162
21
4
3
1
9
3
40
33
3
2
5
2
9
11
0
4
11
1
0
14
2
5
1
0
313
1
7
5
4
10
9
3
3
15
7
25
2
31
6
71
2
13
2
6
4
0
2
3
10
29
2
4
3
2
6
9
6
6
1
6
10
3
3
5
5
10
14
9
2
1
33
14
1
2
7
27
8
3
7
6
0
0
2
4
6
7
4
1
8
1
7
1
7
3
1
15
4
13
5
1
1
9
15
3
1
2
22
0
3
0
3
5
11
4
4
6
71
12
1
16
42
6
2
0
5
8
4
2
2
11
3
14
6
1
8
8
0
12
3
1
2
159
5
1
1
5
9
10
8
12
9
211
3
4
5
24
5
8
11
4
19
34
0
14
10
3
4
3
25
7
1
24
20
4
10
6
20
1
4
15
6
8
21
3
2
11
33
4
3
2
9
3
1
13
0
58
30
4
16
5
5
3
2
19
8
28
0
38
5
2
10
1
14
3
4
1
5
10
5
3
10
1
6
4
0
2
3
3
7
38
0
7
4
4
9
1
5
7
2
1
57
1
14
563
16
5
1
4
8
11
19
0
2
3
25
14
2
2
2
1
12
3
2
20
498
13
87
513
3
8
3
1
2
9
8
1
1
3
5
11
2
4
5
6
1
1
4
5
8
6
1
4
8
15
6
2
4
3
2
5
5
4
7
3
10
0
8
1
5
9
2
4
3
6
3
4
0
0
3
11
17
7
2
8
4
9
60
7
4
0
24
10
1
51
7
3
4
13
4
3
19
16
1
7
4
12
9
3
4
27
4
2
3
3
0
2
21
358
53
3
2
4
19
13
1
8
4
1
26
1
2
0
7
28
3
3
49
7
0
3
8
12
39
3
5
0
8
4
8
7
3
1
2
1
6
19
0
2
9
15
122
7
2
2
3
36
26
18
30
14
4
3
9
10
4
4
23
0
2
0
6
5
159
24
3
4
1
13
11
2
2
15
2
3
1
3
2
3
2
1
7
20
5
2
5
1
6
12
4
0
5
27
5
3
9
1
0
1
24
4
1
1
5
1
14
2
6
3
0
20
1
1
3
6
4
15
1
7
5
6
6
14
23
14
4
0
5
55
2
23
7
17
1
0
1
16
4
9
30
3
10
4
4
1
11
4
4
1
4
5
5
2
9
1
9
8
12
16
0
4
7
8
3
6
25
20
10
6
19
9
5
6
543
0
6
1
0
0
9
1
3
5
4
1
4
9
3
0
2
2
6
3
8
1
14
3
7
0
7
2
0
3
14
4
31
2
6
2
1
6
3
2
1
6
17
2
6
3
10
6
8
7
8
34
4
4
5
4
25
2
7
2
4
12
24
4
2
10
4
0
4
17
87
1
2
2
26
38
9
3
3
6
4
2
2
1
8
6
0
12
23
1
22
5
2
4
3
14
3
5
15
3
7
0
0
10
108
14
1
0
2
8
0
14
0
5
14
11
2
1
2
8
3
1
5
6
21
7
3
17
13
8
14
1
0
7
4
5
81
6
10
6
5
7
1
11
1
5
19
3
3
4
6
6
1
8
3
4
2
5
0
12
12
4
2
26
9
2
3
1
3
1
10
14
2
33
3
2
5
8
9
0
80
0
4
2
6
4
12
0
4
2
2
10
2
17
2
20
60
5
6
5
6
12
3
3
14
10
2
1
5
12
3
3
5
8
12
2
3
25
3
1
89
6
13
2
6
1
4
2
11
3
8
67
1
181
3
16
1
3
3
9
0
0
4
2
9
2
6
24
5
1
1
6
20
6
0
1
1
12
6
4
4
6
5
77
2
7
53
2
15
7
5
2
10
6
17
3931
8
5
10
5
1
8
3
0
0
2
2
1
1
18
5
0
8
3
10
11
20
6
2
9
2
21
3
1
9
2
1
15
3
0
0
4
1
5
3
6
1
18
8
5
5
10
16
5
9
3
4
4
4
3
147
0
6
24
7
2
13
4
2
4
1
0
15
7
5
26
21
10
1
7
12
6
0
1
2
0
0
1
4
6
14
3
5
4
2
1
12
23
9
4
9
4
57
1
8
12
5
3
4
1
12
11
14
5
5
31
2
5
2
1
4
4
63
0
4
1
8
4
6
1
16
0
2
6
3
0
3
8
1
2
2
21
14
55
16
3
579
34
6
4
2
4
13
59
1
5
10
6
31
3
404
4
1
6
1
2
0
2
249
11
7
11
5
4
3
4
9
3
6
28
18
7
6
57
5
6
2
1
8
1
6
2
1
9
3
41
4
4
2
1
1
4
2
5
10
5
21
8
1
11
0
2
1
16
120
0
2
15
2
4
27
11
1
0
11
21
7
3
6
9
1
4
3
6
1
6
4
3
48
3
5
22
8
4
0
15
9
2
0
7
6
0
6
0
9
71
1
4
3
16
16
10
7
27
2
4
48
10
3
5
0
2
11
10
7
2
13
1
3
61
9
3
1
122
4
3
6
3
5
3
8
12
0
20
4
4
0
7
6
4
1
14
13
14
2
6
4
6
1
10
7
4
3
49
2
7
12
3
3
1
14
2
3
9
0
6
4
13
1
2
14
10
9
0
1
2
1
10
2
12
12
2
4
6
37
1
11
0
8
9
65
8
302
5
3
5
0
4
1
25
4
9
3
10
10
4
1
6
2
1
6
4
8
1
4
9
27
3
1
4
17
0
1
32
3
1
1
7
11
7
3
2
5
6
6
9
4
53
0
5
5
4
8
10
5
7
7
2
21
6
0
360
8
5
41
1
1
19
3
16
8
18
3
1
10
8
27
3
9
7
27
2
11
12
8
1
10
0
2
1
16
5
868
10
5
3
3
10
5
2
1
6
31
9
11
0
2
6
11
3
35
5
9
1
8
4
1
17
17
8
7
1
8
11
4
3
1
17
22
14
37
9
3
0
7
17
3
4
7
6
3
11
2
3
5
3
5
2
1
72
1
15
3
2
12
1
14
5
2
2
2
13
24
3
1
2
3
21
3
2
2
0
5
118
23
10
2
9
3
50
3
34
4
4
1
9
0
5
0
212
0
1
2
22
3
7
9
6
1
23
3
2
11
5
14
6
14
5
5
32
51
4
3
8
1
1
9
1
8
5
0
0
10
0
1
5
75
2
8
12
2
24
1
6
2
16
6
3
5
5
32
10
16
7
8
33
7
1
1
8
6
4
1
7
7
0
0
81
3
4
10
21
9
0
1
65
9
1
4
16
8
8
6
34
4
21
10
3
3
2
3
0
12
7
4
3
5
11
1
5
2
14
5
5
4
2
3
23
126
10
4
7
5
7
20
9
5
5
1
15
11
8
1
7
4
10
1
12
10
2
2
5
6
9
7
5
5
11
0
8
5
7
5
22
5
3
19
45
4
1
12
4
18
3
19
1
5
3
2
5
0
9
17
10
4
30
2
11
0
4
3
4
1
13
3
6
71
3
3
5
6
1
12
1
9
4
391
25
2
5
0
26
2
8
7
1
2
5
91
37
7
1
5
2
0
1
36
3
5
2
4
2
3
7
7
1
2
3
3
7
15
0
5
6
16
7
14
1
20
4
12
3
3
23
2
3
2
1
0
5
3
3
8
6
5
1
12
23
0
3
5
11
9
2
1
8
5
1
8
8
3
0
12
2
2
14
4
5
3
19
2
3
9
0
10
7
10
4
3
9
0
1
8
1
2
3
6
12
185
27
0
3
5
54
6
4
3
3
9
1
5
4
140
1
10
2
47
4
11
4
6
3
47
4
40
5
6
4
5
5
4
21
7
50
2
23
25
3
7
0
2
11
7
5
2
9
11
7
5
20
3
9
0
2
1
4
3
1
5
7
7
17
3
11
20
5
3
2
9
1
15
2
1
9
7
3
7
15
22
2
3
6
1
4
2
3
4
4
15
12
1
55
5
4
9
3
3
5
22
63
6
0
1
6
3
6
1
167
11
10
9
4
1
3
0
6
5
4
0
4
9
3
8
2
14
6
1
8
8
8
3
9
25
4
2
7
5
10
2
31
0
23
13
6
1
2
15
75
42
3
9
5
16
1
4
1
1
4
4
11
2
7
21
9
66
30
4
3
2
0
6
1
8
1
0
9
6
2
5
3
2
5
2
4
5
6
6
6
1
16
7
2
13
17
3
3
5
6
0
0
1
4
2
13
13
2
2
19
8
10
16
3
1
11
13
153
10
3
3
18
2
5
7
15
1
2
1
5
4
3
5
7
13
1
0
3
0
1
8
5
3
2
2
12
22
7
2
9
10
3
1
2
7
18
15
3
8
1
15
50
2
3
4
26
0
2
10
1
11
5
8
34
8
0
0
3
6
14
4
32
0
4
16
3
6
0
0
31
6
4
1
8
1
7
7
7
8
2
12
5
3
5
3
1
4
11
53
10
2
4
23
25
1
3
104
4
45
69
1
2
0
2
14
1
3
14
0
2
2
4
15
7
4
6
1
2
2
6
23
2
2
4
0
0
1
9
5
10
3
0
20
9
7
6
4
4
0
15
6
2
11
2
29
8
7
39
1
2
12
4
44
108
1
5
4
6
6
6
25
25
1
2
4
20
5
8
6
4
12
2
5
5
1
27
10
0
53
4
1
36
1
5
6
1
18
6
2
2
5
0
2
26
5
4
44
3
10
11
4
1
17
4
24
8
53
0
7
4
12
15
7
63
18
2
2
1
0
1
2
6
3
12
18
6
1
15
2
0
2
5
3
1
10
6
17
8
2
2
5
5
3
6
4
9
49
7
14
4
3
4
3
4
3
7
2
23
6
21
18
25
2
6
5
2
7
6
1
12
0
2
17
12
13
12
7
0
8
2
5
5
0
6
8
5
4
11
1
3
3
1
13
3
2
14
4
3
64
3
6
12
14
0
41
2
6
0
11
3
4
211
9
4
8
6
1
45
22
3
12
24
10
23
1
2
2
11
3
14
19
1
1
11
6
2
8
1
9
7
4
5
6
8
10
24
3
8
10
9
56
3
1
2
2
1
3
6
1
2
16
15
20
6
8
1
3
47
0
1
3
15
4
1
2
13
2
20
12
3
3
1
2
1
13
12
3
11
57
9
13
36
10
0
43
7
3
4
11
80
1
8
4
3
7
192
0
1
0
6
5
1
0
2
15
8
5
12
3
13
2
5
6
1
23
3
2
7
4
17
8
6
1
3
21
1
22
10
8
5
13
0
42
21
0
8
22
5
3
2
38
2
12
4
2
2
1
5
56
3
6
1
8
13
10
5
4
9
1
6
1
0
2
9
5
24
10
18
0
2
5
17
10
1
43
5
6
907
21
2
2
1
5
2
4
2
5
2
0
45
1
12
3
0
15
50
5
2
9
55
13
9
6
17
1
1
13
13
1
9
0
11
3
1
1
55
9
4
22
76
1
4
6
3
1
7
10
3
2
46
1
2
17
80
15
29
50
1
2
6
6
3
3
0
3
2
15
4
4
2
6
5
3
1
2
6
16
7
22
3
0
7
9
11
1
9
2
0
6
2
8
12
1
0
3
8
7
5
78
15
5
1
13
2
9
3
7
524
2
2
4
3
5
8
8
6
8
2
2
7
1
4
6
3
9
1
12
1
2
2
0
2
12
1
4
4
1
4
3
6
9
1
5
4
51
6
0
11
3
11
6
2
9
4
0
5
14
133
3
3
1
2
17
6
12
7
377
0
3
14
1
1
4
8
1
48
7
4
10
18
4
2
6
2
1
3
1
3
3
1
0
1
11
1
1
0
29
7
6
4
5
35
6
4
2
3
4
7
0
2
28
3
16
6
2
2
0
1
9
1
0
22
39
19
46
9
4
30
4
10
2
22
6
11
11
12
17
7
5
13
3
1
6
4
2
4
2
2
7
36
17
3
3
5
6
3
6
2
11
66
4
3
1
194
6
4
2
3
6
0
30
12
9
28
0
6
7
5
7
8
3
3
0
28
2
5
20
5
5
337
1
9
2
2
3
4
43
5
0
1
1
13
2
0
1
9
0
3
1
2
3
0
3
15
6
4
2
3
75
1
2
2
1
0
1
2
13
6
8
1
3
13
23
10
4
7
5
0
9
153
2
11
8
0
8
0
2
11
4
7
8
2
17
1
7
2
2
3
0
12
8
3
3
2
7
1
10
4
4
9
3
3
285
36
3
2
15
3
7
3
3
6
1
5
5
39
3
7
4
25
9
0
3
1
8
0
0
49
11
18
0
9
0
7
6
2
9
5
5
6
9
21
0
1
5
19
11
40
1
1
7
7
3
6
11
13
1
2
2
7
3
4
4
0
1
5
0
2
3
0
1
5
8
6
14
5
3
5
3
76
1
4
3
0
2
15
3
9
1
7
12
12
15
9
3
2
1
5
0
2
4
28
58
6
4
8
45
6
6
12
4
2
2
14
1
1
9
35
4
39
0
0
0
0
3
7
65
2
3
8
3
12
2
2
11
8
3
1
4
20
2
3
1
4
3
2
4
31
11
2
43
6
8
15
5
2
5
1
0
19
0
15
5
40
6
5
5
4
30
7
5
0
41
10
10
2
9
10
1
39
2
6
13
4
6
12
3
56
11
4
2
0
1
3
1
1
4
12
8
12
0
8
19
6
7
1
11
10
0
4
2
12
7
4
5
5
12
17
3
3
35
5
0
2
4
48
0
1
5
6
1
1
18
7
15
5
6
2
15
3
3
16
9
10
16
32
6
7
4
2
8
18
9
12
12
8
2
2
2
3
0
8
3
5
7
3
1
12
2
5
10
18
12
0
7
8
1
9
2
2
6
6
5
7
2
3
6
1
1
2
11
6
8
0
1
5
0
3
4
6
3
2
3
9
41
7
16
4
2
3
8
6
20
3
4
5
5
13
5
5
4
5
0
13
10
22
3
1
2
2
2
7
29
3
9
2
6
31
2
3
1
6
0
156
2
3
0
1
3
3
1
0
1
20
2
37
7
11
1
24
27
0
5
10
12
4
5
0
2
3
17
3
6
6
6
2
17
161
0
6
5
2
16
1
7
1
3
10
1
9
6
6
2
3
4
2
105
9
4
2
2
4
0
5
10
3
1
4
7
18
5
12
3
7
6
1
1
17
1
21
1
5
5
12
1
3
1
7
1
3
9
8
18
3
1
0
3
3
4
0
3
4
4
5
3
22
3
