42
8
13
12
15
19
25
11
53
10
25
11
32
19
366
19
17
14
20
11
20
23
21
19
31
21
10
16
21
15
24
11
13
24
16
18
16
14
20
18
31
13
18
13
8
35
10
13
24
11
20
18
38
12
13
21
16
15
18
18
17
18
19
119
14
21
19
9
38
25
15
20
17
10
12
40
18
13
19
8
10
13
16
36
54
13
18
28
15
9
22
13
23
17
13
23
19
21
16
12
25
15
20
12
15
44
13
11
22
15
10
14
29
13
10
35
16
15
12
15
18
10
23
14
27
11
30
11
13
12
23
27
15
16
19
13
23
32
38
20
14
25
10
24
304
8
25
30
15
35
15
18
8
25
18
12
27
66
14
12
14
29
7
34
43
13
24
18
31
12
14
26
16
6
12
7
17
535
18
21
19
29
19
18
16
15
9
27
16
10
9
11
21
18
16
10
91
17
32
27
28
31
21
22
13
13
18
13
18
24
21
21
24
12
15
14
11
17
25
8
17
16
14
14
25
15
17
14
14
12
50
19
25
11
20
21
14
11
12
10
20
18
15
34
10
23
33
11
34
21
14
17
11
14
40
40
16
21
21
20
12
15
14
17
15
28
27
10
23
14
17
29
38
34
13
8
18
33
25
11
9
45
15
17
15
12
14
26
15
27
19
16
23
16
16
12
19
20
11
11
15
7
32
12
14
15
16
21
14
16
12
21
13
12
21
21
14
78
13
20
17
52
19
21
16
12
26
30
30
18
15
21
14
22
25
13
14
23
27
9
19
17
23
10
10
22
19
8
15
22
11
17
22
11
15
17
16
14
23
14
10
25
29
25
9
16
14
24
28
22
20
29
15
17
18
22
13
8
15
29
20
16
59
23
19
22
10
18
34
11
17
21
19
20
46
11
8
15
22
38
21
21
19
19
14
14
10
16
97
8
17
18
43
11
11
10
48
15
19
36
46
577
11
21
23
19
16
7
19
17
11
14
19
22
16
11
17
23
19
9
13
15
27
12
15
32
14
22
23
8
25
18
14
11
10
30
10
6
30
13
16
16
28
20
120
23
13
48
44
12
24
39
24
15
15
20
17
12
13
16
34
14
14
15
15
13
12
16
25
12
16
10
10
14
25
19
14
15
31
17
42
8
13
12
15
19
25
11
53
10
25
11
32
19
366
19
17
14
20
11
20
23
21
19
31
21
10
16
21
15
24
11
13
24
16
18
16
14
20
18
31
13
18
13
8
35
10
13
24
11
20
18
38
12
13
21
16
15
18
18
17
18
19
119
14
21
19
9
38
25
15
20
17
10
12
40
18
13
19
8
10
13
16
36
54
13
18
28
15
9
22
13
23
17
13
23
19
21
16
12
25
15
20
12
15
44
13
11
22
15
10
14
29
13
10
35
16
15
12
15
18
10
23
14
27
11
30
11
13
12
23
27
15
16
19
13
23
32
38
20
14
25
10
24
304
8
25
30
15
35
15
18
8
25
18
12
27
66
14
12
14
29
7
34
43
13
24
18
31
12
14
26
16
6
12
7
17
535
18
21
19
29
19
18
16
15
9
27
16
10
9
11
21
18
16
10
91
17
32
27
28
31
21
22
13
13
18
13
18
24
21
21
24
12
15
14
11
17
25
8
17
16
14
14
25
15
17
14
14
12
50
19
25
11
20
21
14
11
12
10
20
18
15
34
10
23
33
11
34
21
14
17
11
14
40
40
16
21
21
20
12
15
14
17
15
28
27
10
23
14
17
29
38
34
13
8
18
33
25
11
9
45
15
17
15
12
14
26
15
27
19
16
23
16
16
12
19
20
11
11
15
7
32
12
14
15
16
21
14
16
12
21
13
12
21
21
14
78
13
20
17
52
19
21
16
12
26
30
30
18
15
21
14
22
25
13
14
23
27
9
19
17
23
10
10
22
19
8
15
22
11
17
22
11
15
17
16
14
23
14
10
25
29
25
9
16
14
24
28
22
20
29
15
17
18
22
13
8
15
29
20
16
59
23
19
22
10
18
34
11
17
21
19
20
46
11
8
15
22
38
21
21
19
19
14
14
10
16
97
8
17
18
43
11
11
10
48
15
19
36
46
577
11
21
23
19
16
7
19
17
11
14
19
22
16
11
17
23
19
9
13
15
27
12
15
32
14
22
23
8
25
18
14
11
10
30
10
6
30
13
16
16
28
20
120
23
13
48
44
12
24
39
24
15
15
20
17
12
13
16
34
14
14
15
15
13
12
16
25
12
16
10
10
14
25
19
14
15
31
17
15
17
18
9
24
20
16
9
11
11
11
29
31
12
46
18
24
22
16
18
26
30
12
52
17
36
6
23
29
15
17
26
16
27
13
27
19
33
27
30
41
8
21
20
23
14
13
9
22
17
18
20
17
39
12
16
26
30
23
48
13
862
20
28
10
17
9
9
18
16
17
23
15
23
34
22
12
21
17
12
18
15
23
20
21
16
118
10
24
22
12
13
23
13
25
19
22
9
18
10
45
17
19
37
23
25
13
15
106
30
9
15
18
11
7
28
19
33
10
14
21
13
14
12
160
11
87
19
18
6
13
20
15
31
13
19
16
60
23
24
21
11
31
13
23
27
24
10
19
11
14
16
18
7
23
20
33
26
11
14
33
18
39
10
23
18
12
25
16
34
18
14
25
11
20
11
21
9
17
16
47
28
17
21
13
18
71
98
15
9
10
31
22
16
12
19
14
7
15
29
21
16
6
44
17
12
12
14
23
9
23
18
212
94
32
13
22
34
17
16
13
6
14
11
26
26
10
23
20
11
14
13
9
14
12
10
31
13
22
14
22
19
33
48
14
26
14
18
20
10
20
15
24
22
15
12
17
16
17
10
17
12
17
18
23
14
15
8
13
13
25
23
24
18
8
156
12
7
11
21
12
15
21
29
16
12
38
12
20
21
25
14
9
21
13
36
19
24
9
16
28
9
47
6
27
21
19
19
22
24
14
13
20
16
21
19
25
10
17
16
11
14
17
18
23
17
11
14
17
46
24
18
27
16
32
15
18
40
88
12
21
612
7
11
74
18
26
28
17
19
15
18
52
76
24
21
22
185
21
23
14
20
15
21
18
10
10
19
19
17
103
11
10
16
10
19
10
22
22
11
19
29
20
17
21
47
26
13
37
13
17
22
24
31
14
21
15
46
24
8
17
30
8
38
37
9
15
16
12
14
16
13
16
12
28
5
35
13
40
6
15
13
19
14
20
15
11
18
6
18
19
11
18
9
16
18
16
8
12
21
9
13
15
24
19
17
15
29
18
9
15
5
34
27
13
19
12
26
22
23
12
15
55
9
42
13
17
20
16
22
16
67
15
16
42
19
11
13
16
35
17
27
19
20
9
29
29
32
17
15
13
13
12
15
13
34
18
12
11
21
15
12
14
19
9
12
20
34
13
14
15
27
30
14
10
20
12
20
9
41
13
12
12
30
15
25
11
9
26
93
13
16
20
17
36
8
18
13
9
20
27
13
17
18
12
18
15
20
18
21
16
14
19
19
16
16
15
22
8
39
13
11
14
25
8
17
14
25
28
15
19
18
22
24
12
12
16
30
17
15
24
24
15
17
20
13
17
23
19
11
25
9
12
14
15
13
23
14
18
17
13
13
16
49
22
12
9
14
15
23
35
21
22
14
27
11
13
40
20
27
13
16
23
22
5
22
26
14
5
15
31
16
15
35
14
35
8
20
13
12
19
21
20
36
11
30
27
12
6
44
13
13
6
21
17
18
13
14
8
25
15
9
15
23
13
14
10
18
15
20
16
13
18
24
13
27
22
6
42
26
21
20
11
15
24
12
10
220
22
21
10
15
35
15
21
27
16
8
22
17
9
13
33
24
15
25
9
229
14
18
16
9
21
30
17
22
10
18
21
9
12
17
200
22
11
15
17
14
14
13
11
12
25
12
12
15
15
15
20
12
34
29
11
40
14
14
12
41
12
18
38
134
8
17
13
22
12
16
14
18
21
18
36
22
20
19
11
23
8
11
10
10
14
23
13
16
15
10
21
24
18
47
16
10
11
26
17
27
27
50
21
9
33
18
44
11
10
10
26
20
38
16
43
18
12
16
19
22
21
11
9
11
16
23
35
25
20
35
87
63
15
12
34
22
15
11
34
78
17
48
28
17
20
15
18
21
14
7
126
14
24
11
27
14
8
18
48
11
12
14
15
6
41
18
27
12
24
39
17
16
22
34
9
22
17
29
10
15
25
9
10
10
23
12
32
15
16
13
28
14
16
26
12
14
21
25
25
16
14
13
20
12
14
19
16
15
14
31
18
18
10
26
18
15
21
22
238
15
15
38
13
29
10
13
20
18
29
18
13
23
21
22
19
17
70
8
25
15
11
14
25
10
17
21
24
16
133
15
28
11
17
28
11
18
22
21
13
8
18
20
18
86
22
19
16
36
54
47
26
17
12
9
19
7
20
13
8
35
17
21
46
15
27
18
21
18
17
16
15
17
34
19
19
41
16
26
10
13
15
25
21
20
15
21
15
32
23
13
21
16
17
15
22
19
14
19
21
15
8
13
15
27
16
14
11
17
94
23
14
12
15
25
23
17
16
12
62
11
22
21
20
96
37
25
10
18
23
17
13
15
20
23
19
21
13
16
31
16
15
16
10
9
9
23
12
9
18
15
15
16
44
11
15
14
18
20
16
15
19
20
24
10
25
7
17
28
17
18
16
17
38
23
64
10
8
13
20
18
22
10
11
11
24
22
52
21
22
11
20
20
7
11
19
16
11
12
11
19
20
16
18
11
34
16
26
17
17
19
18
40
20
8
12
22
9
14
12
8
20
15
13
13
19
23
12
18
16
30
21
15
12
13
21
27
20
12
24
18
17
20
20
14
21
22
1279
27
38
16
19
26
19
21
23
9
6
13
16
17
20
11
16
25
15
21
20
11
17
16
22
24
13
39
22
19
17
13
13
10
16
7
8
9
19
12
19
28
15
40
11
13
18
21
15
20
29
25
21
15
14
18
8
10
14
19
30
25
1000
29
6
19
19
18
19
13
19
12
36
17
11
12
25
18
19
24
13
22
11
18
28
18
15
11
20
17
14
14
14
45
39
18
12
21
14
15
16
8
14
17
18
49
16
10
17
12
19
11
17
18
12
10
9
36
6
15
45
17
26
19
22
101
25
22
11
18
22
26
28
25
15
15
12
14
7
12
37
27
30
12
25
15
16
13
13
14
11
16
35
20
13
5
14
14
24
19
5
20
17
9
9
7
25
12
15
33
10
18
9
27
23
27
12
24
12
26
31
155
17
22
24
18
13
44
13
31
16
10
19
20
27
18
123
15
18
36
13
33
25
8
12
19
33
19
18
23
22
9
20
22
15
18
12
35
23
20
16
7
27
18
11
16
83
25
20
32
51
15
77
18
28
16
24
18
31
34
15
7
13
23
17
41
38
25
8
17
35
22
15
16
20
10
11
19
14
15
23
43
19
13
21
17
25
28
18
15
17
32
22
21
17
21
56
21
11
12
20
9
27
28
30
25
10
21
23
21
9
16
14
60
17
23
28
15
17
19
114
12
13
15
14
11
19
23
17
12
12
13
13
14
23
13
13
34
11
13
33
20
26
18
16
18
18
22
23
4
12
20
14
19
9
34
15
16
16
21
11
16
14
20
14
21
14
16
24
16
18
18
26
14
16
12
22
19
10
13
26
14
15
25
15
9
13
16
22
21
33
15
15
23
17
7
20
17
37
24
11
11
8
24
14
9
12
79
16
17
39
14
16
26
18
26
20
24
22
32
6
16
36
17
21
10
12
18
16
22
28
16
18
18
22
13
13
14
9
14
12
22
14
23
19
17
16
6
193
13
19
20
10
17
35
11
29
17
11
22
16
16
25
16
23
16
12
12
14
21
48
16
16
12
12
38
59
17
24
16
21
9
24
15
24
17
14
10
9
8
19
24
18
19
27
16
20
8
19
15
32
13
22
25
15
12
25
34
28
18
112
10
13
12
12
12
14
18
11
22
30
155
16
23
38
21
16
14
11
55
36
19
65
22
28
18
28
21
16
18
16
27
12
20
27
47
14
14
28
16
18
14
19
25
16
13
13
12
25
17
11
10
21
12
17
21
22
8
30
23
21
25
13
8
24
12
29
13
15
11
11
13
21
16
10
13
14
19
34
19
17
23
16
13
19
9
26
28
15
30
10
14
23
30
18
15
26
13
14
19
13
13
13
28
12
12
13
19
25
23
16
11
9
17
16
9
30
12
28
16
17
35
36
22
13
22
28
26
31
11
17
34
7
18
16
23
16
19
22
25
42
16
12
18
18
12
22
175
10
24
66
19
18
8
30
13
39
28
52
14
45
38
13
16
30
14
15
8
15
11
39
19
21
30
24
23
12
14
9
10
23
11
15
28
16
22
14
22
19
9
18
18
22
15
10
17
35
14
13
5
18
22
28
25
16
13
12
15
27
20
31
21
13
17
25
175
56
26
14
14
13
28
48
11
25
29
19
17
17
17
23
30
27
16
26
26
16
23
13
15
13
10
17
26
10
15
18
21
10
9
20
21
14
11
21
40
52
22
13
28
31
16
34
70
20
22
13
7
42
10
19
14
13
14
12
18
15
21
59
20
21
14
29
36
21
24
20
23
39
25
20
44
20
15
9
9
20
16
24
12
14
16
14
10
14
16
16
11
31
10
14
73
13
38
15
14
17
32
17
20
23
15
24
16
8
26
17
20
12
59
20
12
25
25
15
15
22
21
14
34
11
26
25
11
19
14
14
11
27
21
20
5
16
17
18
14
8
23
12
18
15
51
45
14
22
18
14
19
8
14
11
20
23
11
18
16
4
17
13
16
10
21
14
69
14
13
12
20
8
20
24
24
13
16
12
25
47
9
188
35
13
26
24
20
18
19
13
20
9
24
15
15
186
16
11
26
22
21
14
20
18
18
33
37
8
17
14
17
17
26
16
18
16
19
12
16
52
15
18
14
13
48
39
23
17
11
127
15
13
26
416
21
22
15
14
12
16
28
27
17
16
10
11
22
21
10
18
28
24
14
20
13
13
18
10
15
14
19
11
20
15
17
21
13
23
22
20
12
13
13
16
15
11
27
7
12
39
15
17
20
40
24
22
32
19
17
26
34
36
20
19
50
26
16
10
12
11
26
12
17
11
12
13
10
18
12
16
13
15
32
19
11
5
108
386
21
19
31
12
24
26
10
13
10
17
23
15
18
11
25
17
32
22
13
22
10
9
21
20
19
22
69
13
23
15
21
21
20
24
15
25
24
44
13
17
14
12
22
19
13
24
16
12
9
11
20
39
27
20
19
7
21
25
22
14
14
10
142
33
24
12
12
15
41
14
8
14
17
17
18
27
4
23
37
17
13
17
18
23
19
21
8
11
16
14
13
12
15
48
18
6
32
400
20
7
7
23
20
28
833
17
16
15
17
9
14
14
15
18
15
27
21
12
147
11
33
14
12
22
11
22
11
20
20
23
22
13
30
26
14
13
15
14
22
23
15
16
28
27
9
43
26
17
17
11
18
7
12
32
11
72
16
24
16
27
14
22
15
23
11
17
31
23
22
10
17
41
17
18
15
26
42
29
13
13
16
38
38
27
11
25
17
22
11
19
15
21
18
33
16
15
11
20
20
15
34
13
25
19
33
14
45
20
11
23
23
11
13
13
12
9
26
18
16
20
16
22
25
21
15
9
22
28
15
24
28
15
6
14
9
87
85
10
27
17
17
8
20
32
15
18
29
32
273
33
14
23
12
8
11
18
16
26
12
6
16
17
184
15
19
16
15
15
18
13
769
23
12
12
19
24
32
18
25
16
15
30
10
9
24
23
24
12
10
11
16
18
42
19
10
13
8
15
19
16
16
11
13
5
9
28
15
10
12
20
18
18
32
23
18
23
12
25
19
15
13
18
16
26
11
19
10
22
25
21
21
49
17
10
17
149
10
24
19
31
19
9
10
11
18
26
12
24
13
17
15
18
15
21
23
30
16
20
11
15
15
322
27
24
14
21
77
20
18
22
12
19
21
44
39
25
19
7
17
15
15
12
13
4
21
43
25
16
27
16
14
33
20
11
19
12
17
42
26
21
20
634
51
17
10
16
37
10
14
28
15
18
14
15
10
24
20
29
9
19
16
28
10
23
11
14
15
23
40
14
25
16
59
13
14
18
8
19
8
9
17
30
42
19
24
16
9
11
20
18
15
13
12
26
28
19
16
19
21
13
34
15
13
13
21
17
13
8
14
41
6
17
107
13
10
14
17
53
21
19
11
10
23
33
44
49
47
14
25
14
16
22
14
20
15
12
22
23
23
10
24
13
11
18
10
14
24
32
12
35
7
14
19
17
20
23
3
12
21
18
86
26
22
31
23
36
7
10
16
32
64
8
26
51
17
14
14
12
25
21
14
10
35
22
40
11
16
12
21
15
36
12
24
7
21
18
9
25
18
25
21
14
17
27
23
26
15
14
22
12
20
39
29
12
17
19
12
36
12
16
43
19
8
14
6
27
7
28
29
16
19
16
19
21
161
21
8
23
20
18
20
20
22
16
13
19
9
26
15
9
11
26
23
23
15
33
27
10
9
12
15
42
21
14
18
10
12
14
42
12
14
18
22
19
27
14
40
23
15
15
11
26
12
15
14
17
13
106
17
11
14
33
12
24
7
9
12
16
7
18
31
16
35
10
15
15
17
25
12
49
20
34
28
21
10
8
21
15
27
19
11
26
17
12
17
22
10
13
26
23
16
16
17
21
9
22
12
20
17
25
10
12
18
39
17
18
38
19
16
18
14
30
11
21
15
9
15
16
32
25
31
18
18
24
21
13
9
13
11
16
19
14
12
15
36
617
15
19
24
35
10
10
14
12
25
16
15
12
22
14
12
36
21
16
9
18
27
9
15
18
12
31
17
30
19
21
6
11
19
22
25
21
16
16
12
18
17
8
22
33
20
11
17
21
22
29
12
22
50
16
12
18
42
24
27
23
60
16
23
14
20
17
21
27
20
19
52
11
24
21
10
13
29
25
24
38
26
14
26
11
48
73
30
21
28
17
23
27
17
12
21
25
10
13
8
13
21
38
17
26
13
24
22
17
30
14
21
13
13
24
14
63
11
11
10
32
15
6
22
15
232
13
13
12
37
10
15
13
18
22
12
28
24
30
15
28
40
25
8
16
6
14
189
14
15
13
17
11
12
14
47
8
11
21
12
10
14
16
20
20
12
11
14
20
11
24
65
53
21
13
82
19
10
19
43
17
15
24
10
39
19
20
8
19
20
14
15
19
15
34
20
11
18
30
11
9
13
9
16
10
24
13
16
199
21
22
32
18
25
11
18
19
19
26
21
33
24
20
53
16
25
12
12
13
23
16
20
79
16
18
17
43
23
13
13
13
35
174
22
22
20
21
20
12
34
21
20
13
12
15
27
18
17
13
17
17
30
13
20
11
9
10
12
19
18
14
37
9
34
17
11
11
21
35
11
32
26
47
33
37
17
19
14
18
154
22
19
20
236
26
14
8
18
20
8
38
22
18
26
232
40
14
22
12
13
22
24
12
20
14
6
13
23
15
24
12
25
11
26
12
11
17
8
16
13
12
69
12
16
17
6
12
8
9
22
7
12
19
12
39
22
21
10
38
21
18
28
20
24
12
18
19
16
14
14
18
13
17
15
49
14
28
18
22
15
11
27
10
16
17
42
14
19
14
31
23
13
14
18
13
15
14
13
16
8
26
21
25
16
22
10
18
16
15
16
30
45
22
63
15
58
13
29
20
13
18
28
18
21
25
28
20
15
73
10
33
19
16
26
22
22
18
13
16
21
17
22
34
32
16
21
6
17
19
5
134
7
12
40
11
15
20
21
14
17
17
20
28
17
15
22
16
14
31
17
22
11
10
24
21
18
21
17
14
15
24
16
14
21
23
16
16
18
51
15
14
24
20
19
17
21
17
21
13
13
31
9
52
13
11
10
21
5
15
21
13
20
33
14
30
14
11
26
17
35
23
27
8
14
18
25
14
8
11
9
54
46
11
15
8
16
13
20
35
73
8
18
26
11
19
20
32
11
27
10
11
17
9
14
32
21
24
7
22
23
10
39
11
21
32
18
23
18
9
15
18
56
7
19
16
8
24
16
15
22
26
9
32
23
20
13
12
15
35
14
6
19
21
24
16
19
11
17
34
16
18
28
7
16
16
19
20
13
19
23
13
15
14
16
19
23
20
11
12
13
21
29
54
15
13
84
13
13
15
18
16
32
13
30
19
15
23
13
41
33
19
13
17
10
16
11
18
19
9
11
29
25
6
19
8
12
6
15
18
41
14
15
19
14
28
33
13
8
18
11
16
12
9
11
38
15
17
20
15
17
10
26
7
152
16
16
27
46
14
15
71
20
17
16
4
10
15
18
18
13
9
11
11
37
16
14
10
13
13
16
14
21
18
15
15
13
19
12
22
19
22
21
24
19
7
17
14
18
9
47
14
8
19
20
40
14
14
17
9
13
31
10
12
11
11
13
23
24
19
12
8
25
17
25
23
18
19
14
12
16
11
30
21
16
25
22
13
11
8
13
17
31
29
19
10
16
16
22
12
15
20
22
23
16
10
11
10
20
15
18
26
10
27
29
19
17
10
25
18
9
14
14
14
42
13
20
26
21
26
7
16
19
30
18
7
23
19
17
19
19
18
20
12
9
25
28
16
7
26
34
18
24
16
19
16
15
11
10
10
12
22
16
15
12
10
10
14
19
11
16
6
21
18
20
18
26
12
20
17
20
16
21
26
19
14
31
13
19
13
20
11
9
19
15
19
15
16
18
17
15
14
14
16
20
16
33
32
18
40
21
17
23
9
17
21
12
14
11
19
13
30
25
24
16
21
32
12
14
21
27
20
15
26
20
6
46
16
21
9
6
11
15
27
10
11
33
24
27
6
18
6
14
9
11
26
17
24
6
10
10
36
16
14
19
15
15
10
8
18
23
26
15
20
18
31
3
25
20
37
45
18
20
19
15
14
19
33
6
65
46
19
14
26
15
16
22
27
11
18
11
104
18
16
12
15
20
11
12
11
14
10
20
18
19
18
28
11
13
20
32
36
9
13
92
18
14
16
16
6
26
12
16
24
17
8
29
16
22
8
16
32
7
11
15
7
26
14
32
13
17
24
9
11
40
27
6
21
19
27
10
11
18
31
19
22
23
8
22
16
11
11
20
12
10
12
22
25
19
14
19
15
12
17
11
13
14
11
17
10
23
10
17
35
16
17
13
16
10
8
16
16
24
9
9
24
26
13
20
23
9
16
17
16
18
19
24
9
34
49
23
19
12
18
12
23
20
16
17
19
18
15
10
17
29
16
27
12
34
14
14
12
17
14
12
19
15
34
10
17
47
24
11
26
24
17
12
14
19
15
23
15
20
31
34
10
9
22
16
15
18
65
87
17
20
8
20
29
9
13
8
16
18
13
14
21
11
25
25
67
22
11
41
50
35
12
26
9
14
16
7
15
7
25
13
24
12
15
58
39
11
9
23
14
21
28
17
20
9
17
8
32
22
6
16
29
12
9
17
12
10
46
14
13
26
29
24
25
19
24
6
9
22
22
20
29
23
19
13
12
5
11
21
17
7
14
16
10
21
32
7
263
24
18
14
38
17
16
67
24
8
14
9
20
15
16
20
24
70
20
32
25
67
15
12
20
19
13
15
10
12
20
12
12
44
14
16
17
12
15
12
15
18
11
27
27
41
482
15
18
10
21
17
18
15
19
19
31
13
34
14
20
17
19
21
9
11
15
13
25
18
17
15
13
12
14
31
10
13
16
18
19
9
14
25
20
9
15
12
10
13
110
20
12
20
59
10
13
16
28
11
13
11
13
11
12
19
17
15
16
21
31
12
18
8
10
17
12
9
9
17
5
17
34
25
54
11
12
36
13
21
38
39
13
29
27
33
8
15
16
17
26
9
11
12
14
26
21
12
57
17
22
22
27
14
24
21
16
27
13
31
16
13
19
12
13
12
27
21
25
21
300
16
8
19
24
13
17
16
12
26
15
13
13
19
20
16
22
19
30
20
20
14
18
26
10
16
16
21
14
25
12
17
19
18
15
12
10
17
21
61
17
9
20
18
13
15
7
76
19
27
23
21
19
18
18
15
22
91
14
21
15
10
19
24
39
13
16
10
9
26
14
23
56
17
16
17
18
21
11
16
15
16
27
21
15
23
24
15
15
23
14
28
8
15
70
9
20
14
17
33
19
22
22
16
122
22
20
13
13
34
57
12
11
10
13
36
18
13
24
27
82
23
17
18
9
21
20
18
19
22
34
78
16
49
19
16
20
22
23
14
24
19
15
14
25
29
18
16
12
18
18
176
16
17
10
16
23
11
24
5
16
6
11
19
33
23
14
20
25
18
24
26
13
20
15
43
9
14
34
19
188
9
13
7
24
15
29
7
18
15
26
11
15
16
20
20
13
13
18
16
20
25
17
16
13
13
21
9
14
9
54
21
92
15
34
21
29
21
23
23
19
11
14
630
12
11
15
11
13
17
13
33
18
26
16
14
16
10
12
11
16
28
12
15
66
20
88
26
21
20
19
31
23
15
15
20
6
9
14
14
16
19
16
27
11
18
14
14
18
12
39
6
14
21
11
153
14
21
60599
23
14
34
17
6
18
18
15
41
12
9
29
23
14
18
25
35
7
20
6
20
13
11
17
13
23
24
128
31
34
14
32
25
17
17
9
24
18
18
23
26
13
13
7
20
147
130
18
23
15
14
30
17
27
56
43
14
12
17
9
9
14
19
13
13
16
21
13
14
24
12
6
16
20
15
73
17
28
32
12
12
16
10
52
39
14
27
13
6
17
26
12
17
11
14
14
10
15
16
15
15
30
12
87
21
21
9
21
16
26
28
21
12
23
29
31
17
15
7
21
17
10
8
11
24
16
16
29
13
23
16
18
35
15
16
13
32
13
21
25
23
32
13
15
17
28
16
11
23
18
15
14
37
14
14
21
20
13
7
43
13
12
55
11
17
9
18
11
8
21
16
19
14
18
18
21
21
17
17
9
12
14
16
12
20
18
47
13
14
16
18
17
63
128
12
20
26
97
33
21
19
8
18
10
14
17
23
20
21
19
21
16
35
7
9
14
13
20
17
13
18
11
8
13
15
13
20
18
21
16
26
23
16
6
19
17
11
17
10
11
13
12
9
23
18
27
15
23
38
23
20
16
14
16
11
24
20
12
16
30
18
10
14
14
14
6
18
36
13
14
15
9
16
24
13
7
20
11
30
22
9
22
15
17
16
11
36
17
24
14
12
12
14
19
18
18
16
27
15
23
20
15
28
51
30
18
14
7
12
25
17
35
16
15
13
19
12
17
7
31
13
18
27
23
13
12
21
14
20
12
11
15
19
22
16
18
21
24
13
23
160
24
13
10
18
14
23
107
15
14
25
16
12
11
10
17
18
15
26
11
26
11
17
23
12
11
11
27
14
16
21
3
13
14
13
11
12
20
24
29
35
18
14
9
20
39
15
18
11
20
18
9
12
19
24
96
15
24
8
36
7
13
24
14
5
22
11
18
11
17
22
18
37
9
13
18
18
25
24
23
23
19
8
13
13
15
16
27
16
8
16
15
9
15
11
15
17
14
19
25
21
15
22
32
14
21
32
19
14
13
21
28
31
17
23
30
6
29
9
139
20
11
12
13
17
97
17
17
16
15
17
12
6
12
16
18
18
32
16
56
19
13
22
71
13
16
24
20
24
26
20
19
11
15
11
16
16
16
21
13
12
10
12
23
13
25
21
16
26
20
19
14
15
20
29
19
854
12
22
14
22
20
14
18
18
11
14
5
42
10
22
14
20
15
9
34
33
16
13
19
19
13
9
9
14
17
38
13
17
8
15
15
9
17
21
23
11
29
25
22
19
10
16
17
29
20
17
11
23
15
12
18
19982
29
16
19
15
14
36
18
17
9
11
19
18
22
22
13
51
29
13
14
19
13
11
35
17
16
11
17
21
30
19
14
11
24
26
17
15
18
16
16
23
12
10
17
16
20
26
5
18
20
12
16
20
18
14
17
16
26
85
40
29
38
18
23
15
24
11
17
15
13
8
13
18
12
11
22
12
24
22
16
13
14
19
19
42
34
12
17
18
14
28
15
12
9
18
15
51
10
11
22
11
17
19
11
22
16
15
23
15
7
31
23
10
14
22
13
11
10
21
20
21
34
21
18
20
19
16
21
29
14
13
17
13
11
11
21
16
38
7
12
16
13
12
25
15
17
16
15
17
13
19
16
16
10
10
18
20
19
12
28
10
13
9
30
14
18
17
21
15
22
32
10
13
25
92
96
15
8
18
9
19
15
25
27
11
15
35
45
14
30
16
14
28
28
14
24
19
21
18
200
25
8
19
18
7
17
22
16
24
17
21
21
8
27
22
14
11
13
14
13
19
9
20
12
17
20
15
13
17
18
20
14
12
13
20
18
15
16
28
13
12
13
24
14
6
14
11
11
17
13
18
16
11
18
12
16
26
22
19
54
39
14
13
16
16
6
13
20
20
27
12
19
39
22
14
11
18
13
25
14
20
20
16
18
9
19
10
8
23
28
9
13
30
8
11
21
20
20
14
17
14
20
13
7
10
13
25
16
21
19
12
11
28
25
11
15
17
16
21
19
30
7
19
21
12
24
18
28
24
18
33
25
30
11
28
17
15
14
15
13
12
11
23
14
15
25
11
15
18
11
32
22
17
31
18
20
11
38
42
28
12
11
21
19
23
11
16
12
18
1517
15
36
38
21
12
16
19
14
7
18
21
21
7
11
41
17
9
17
29
23
6
10
12
12
17
12
22
23
20
19
15
11
14
26
12
17
31
19
8
8
27
9
14
18
13
11
25
12
20
20
17
16
11
22
8
15
23
8
21
16
51
12
15
16
7
21
16
55
14
16
20
26
12
9
23
9
11
17
18
11
9
10
22
11
21
18
15
30
215
14
15
18
18
5
71
19
20
16
18
18
25
21
26
10
49
17
13
17
18
14
77
53
10
13
12
16
17
19
18
10
11
14
17
18
51
21
11
22
7
16
21
15
22
17
12
14
20
10
29
23
12
23
14
17
16
46
24
18
43
9
12
10
8
18
20
12
6
18
12
46
56
39
24
18
17
16
13
11
18
20
21
13
21
17
32
19
20
12
15
21
19
17
11
20
37
19
10
12
22
14
41
6
23
13
8
25
21
15
15
15
16
46
14
7
24
22
19
25
30
21
13
15
27
23
5
27
12
18
14
20
12
17
31
14
20
17
35
12
19
19
27
10
48
21
15
9
25
15
10
21
34
21
11
17
17
16
31
16
16
13
9
14
34
11
12
12
24
16
23
21
17
24
13
15
10
8
15
17
20
22
50
13
17
22
9
23
11
12
10
12
27
11
16
22
9
24
20
12
8
13
12
40
9
35
39
13
18
19
13
20
14
20
12
20
26
16
15
14
30
13
18
11
13
8
10
16
14
70
21
12
19
18
15
10
22
17
48
15
20
32
11
34
20
36
13
18
27
10
28
23
20
22
16
13
10
19
51
16
14
21
35
33
26
14
17
23
19
40
30
14
10
18
26
14
18
17
23
21
34
16
10
12
17
17
17
13
18
25
33
16
21
24
24
14
10
20
19
14
10
11
19
5
17
17
20
12
21
27
28
9
10
17
21
8
17
20
16
63
173
25
13
12
7
12
16
18
21
14
21
12
26
29
15
17
47
13
6
27
14
15
15
13
11
17
12
14
16
11
18
23
11
17
13
29
14
39
12
9
20
27
12
13
29
14
34
30
8
15
33
21
9
12
8
14
31
18
17
15
30
35
19
51
22
36
12
5
10
15
18
15
20
45
25
17
14
23
35
25
17
33
17
19
18
19
17
22
36
29
16
24
20
23
27
21
8
28
14
19
13
23
19
20
21
20
17
16
12
10
9
18
25
14
10
15
25
17
22
8
39
16
11
24
17
11
15
43
14
30
9
9
14
9
31
13
200
24
14
6
15
45
18
16
10
22
34
15
30
17
11
23
24
9
15
37
15
37
34
23
19
11
15
10
15
10
13
21
40
19
20
22
19
8
13
14
15
24
14
62
20
43
36
15
10
19
22
122
30
20
16
17
16
20
13
15
18
25
14
7
30
21
14
15
11
44
38
17
74
13
28
22
20
13
15
16
7
131
17
9
16
12
18
25
13
40
19
32
24
14
78
26
15
15
11
13
20
11
11
15
10
14
18
33
19
27
26
14
60
21
14
13
19
18
12
21
10
8
18
35
19
15
17
14
24
7
16
11
14
22
13
7
24
35
47
27
22
21
11
14
28
18
19
17
71
26
31
17
22
13
19
11
12
12
35
16
17
20
16
20
9
22
9
26
12
19
48
16
16
14
21
21
13
45
19
16
17
16
16
35
9
17
3364
12
25
15
13
40
16
25
28
35
21
15
13
12
22
21
18
13
10
11
29
11
7
29
14
27
17
14
15
13
13
30
23
9
117
19
23
23
23
21
16
22
60
16
6
27
17
12
9
18
23
6
11
15
10
6
10
13
36
17
19
17
65
20
13
12
23
18
11
18
13
18
54
20
21
14
15
19
18
24
8
17
23
27
24
22
19
19
18
19
20
32
13
28
17
11
36
15
13
17
15
23
27
21
13
20
11
13
20
17
15
12
53
16
15
20
17
89
15
12
28
11
14
12
17
14
67
11
30
43
15
14
19
24
13
18
13
22
28
16
13
12
22
135
14
23
14
16
23
25
20
22
18
16
44
23
16
14
16
15
24
20
11
21
12
23
19
30
10
107
28
8
13
11
12
30
96
18
18
9
17
26
18
8
22
19
11
16
19
22
12
35
19
15
14
13
18
8
18
11
20
21
9
17
16
22
17
18
27
17
35
13
38
22
25
20
17
14
12
17
11
38
16
25
18
21
15
10
17
20
26
44
14
16
5
15
44
13
23
18
14
20
75
14
12
17
41
103
21
22
18
80
21
15
9
19
14
16
14
25
10
25
11
19
9
24
16
33
15
14
22
8
12
21
20
25
15
423
27
27
22
14
13
108
15
12
17
47
31
17
16
18
15
20
25
6
23
24
13
7
15
15
18
22
32
16
26
15
16
17
14
43
22
19
32
20
38
13
8
12
17
9
113
17
17
17
19
12
21
27
79
14
30
12
11
11
19
12
25
8
11
71
14
30
15
117
16
14
20
14
16
18
21
13
18
9
17
18
15
11
14
115
16
17
30
13
10
19
19
12
15
9
13
12
12
32
55
13
12
12
28
19
12
19
19
26
22
25
28
24
12
20
64
22
58
12
13
14
22
17
10
28
24
14
13
37
13
11
15
12
13
18
13
17
29
34
42
12
25
27
13
55
15
12
25
25
30
23
7
15
69
36
25
25
19
27
12
16
18
37
69
21
10
45
15
34
12
13
11
21
18
15
20
14
17
14
15
21
25
19
55
14
31
6
22
12
67
22
18
15
22
17
16
22
16
13
24
13
12
13
47
11
8
14
14
23
10
18
35
18
16
28
28
17
17
12
14
10
6
19
31
24
10
34
12
14
23
14
27
24
40
15
22
11
16
15
16
28
627
35
15
8
21
22
11
100
9
25
28
10
24
36
18
22
26
13
23
18
9
8
24
35
17
18
15
108
15
20
15
30
12
24
7
12
20
9
30
14
18
26
59
11
53
18
13
22
8
7
21
11
18
14
21
9
15
9
12
16
17
29
21
12
16
12
15
24
26
39
14
9
11
157
19
20
18
11
33
16
15
16
150
10
13
12
17
17
21
16
22
17
19
21
5
15
13
17
22
14
12
13
6
21
17
94
55
22
13
45
23
4
9
31
17
13
12
20
23
17
25
16
24
37
13
11
23
14
17
11
11
9
13
26
17
19
16
14
21
16
46
22
9
14
17
11
6
16
22
17
11
17
23
16
20
18
19
21
22
11
12
10
16
76
31
29
14
19
15
11
10
16
29
25
12
25
22
17
14
22
27
29
48
29
40
13
15
82
11
15
39
13
19
16
15
19
18
6
10
25
19
10
15
21
14
12
25
6
19
13
17
23
13
26
17
21
34
22
17
14
33
13
10
42
16
14
13
12
18
102
21
21
46
13
11
13
18
17
32
16
25
21
30
19
10
14
28
42
14
32
3
24
16
30
23
40
16
15
17
24
21
16
22
12
15
30
21
20
16
15
32
11
46
14
20
25
9
20
12
13
15
53
21
6
23
12
47
14
18
14
18
23
47
34
20
11
15
28
10
68
40
17
13
27
14
16
31
15
18
15
16
12
17
18
22
15
25
17
13
10
13
23
11
8
16
23
11
33
26
13
20
44
11
35
24
16
13
15
11
21
17
25
12
26
23
12
24
18
22
15
11
53
16
8
18
14
13
13
23
16
12
23
5
16
30
27
16
18
16
12
20
14
19
17
15
14
20
25
50
32
16
17
21
9
18
16
11
19
13
21
12
17
25
20
15
15
19
11
20
39
11
37
14
19
23
14
11
11
15
20
36
79
11
18
19
51
56
20
14
22
30
14
19
18
15
17
16
16
28
23
16
17
9
16
6
24
20
15
22
14
18
8
30
13
16
17
15
23
29
53
13
16
16
14
13
14
14
15
9
19
12
21
28
15
14
17
23
13
10
15
16
18
24
19
23
17
26
15
14
16
76
21
18
25
24
37
18
23
22
13
26
22
17
15
23
8
16
15
10
11
18
24
11
140
24
12
24
23
11
22
14
15
38
29
21
16
11
14
20
13
18
10
12
12
12
15
18
20
22
22
27
30
13
16
28
16
12
15
15
22
22
11
30
17
14
14
33
25
19
13
14
10
11
18
13
27
8
13
20
18
17
36
23
11
21
16
15
20
22
15
15
69
19
25
33
20
17
21
45
19
16
13
186
27
18
16
15
12
17
10
597
14
18
25
75
17
32
34
15
17
32
13
14
13
14
11
14
14
16
14
13
25
19
35
21
16
19
42
8
13
12
15
19
25
11
53
10
25
11
32
19
366
19
17
14
20
11
20
23
21
19
31
21
10
16
21
15
24
11
13
24
16
18
16
14
20
18
31
13
18
13
8
35
10
13
24
11
20
18
38
12
13
21
16
15
18
18
17
18
19
119
14
21
19
9
38
25
15
20
17
10
12
40
18
13
19
8
10
13
16
36
54
13
18
28
15
9
22
13
23
17
13
23
19
21
16
12
12
13
17
16
19
11
12
27
23
22
8
12
21
18
18
22
15
14
25
21
11
25
11
10
16
9
10
23
15
22
17
25
17
24
9
17
13
10
14
34
14
25
20
74
14
30
17
20
14
20
16
17
35
12
15
13
13
17
19
19
8
11
21
20
22
28
13
19
9
32
10
16
25
18
17
18
27
10
25
18
52
18
14
22
14
20
14
21
18
18
41
53
22
17
11
26
17
14
31
16
17
28
19
22
76
10
37
15
13
20
9
24
24
25
46
35
16
34
18
33
17
24
37
17
27
33
13
18
15
22
121
10
18
20
8
13
14
12
15
15
10
12
20
8
22
11
26
25
19
36
82
17
17
13
20
30
15
15
18
25
12
20
15
14
14
17
32
18
20
23
22
11
20
23
38
40
16
13
12
13
14
24
14
12
11
16
5
10
19
41
21
18
14
14
41
23
18
15
79
17
15
11
17
14
27
12
18
47
27
21
20
19
22
8
115
14
17
16
10
16
13
15
22
10
14
31
18
15
58
34
23
19
11
20
19
18
14
34
7
18
37
10
57
33
51
27
27
110
15
25
10
15
10
9
22
11
11
24
13
12
20
9
9
21
91
866
11
16
16
13
15
28
13
34
11
29
14
40
26
13
36
26
21
38
16
14
11
10
14
13
18
24
21
11
15
17
13
18
14
17
7
17
15
17
14
17
12
12
22
15
38
12
17
13
44
15
14
28
14
12
62
15
12
9
11
19
24
14
13
26
19
21
20
12
7
30
14
30
13
255
23
14
34
7
27
20
16
5
13
21
14
13
11
16
16
21
13
14
14
13
33
16
30
16
20
18
25
14
12
12
31
17
120
6
36
23
21
28
18
21
9
18
46
22
23
14
19
35
20
11
15
31
16
40
64
13
13
18
14
7
