0
0
2
0
5
0
0
0
1
0
0
0
0
0
7
0
0
0
0
1
3
6
0
0
1
3
0
4
1
0
1
4
19
252
0
10
1
1
1
8
2
4
4
2
93
0
17
0
21
0
1
0
0
0
4
0
19
0
1
4
0
0
1
12
20
0
2
5
2
2
5
0
0
11
1
1
1
0
2
0
0
1
1
1
0
0
2
1
0
7
3
10
7
8
0
0
3
1
0
26
5
3
0
0
3
0
5
1
0
0
1
26
9
4
27
7
4
8
13
2
1
1
0
5
0
3
0
0
0
2
20
10
7
17
0
0
0
1
1
1
6
3
5
0
1
14
1
0
2
7
0
0
7
0
51
0
0
24
4
1
3
0
0
0
0
1
7
2
1
0
10
1
0
2
0
0
0
0
6
1
1
1
0
0
12
0
4
1
7
2
0
2
4
0
1
0
6
1
1
944
0
1
9
1
0
3
2
0
3
1
9
1
0
2
7
3
0
0
2
0
0
9
4
28
3
0
30
0
0
8
0
1
7
1
2
2
0
3
0
2
2
8
0
1
6
4
0
0
1
0
0
0
13
1
0
10
0
7
43
1
1
1
1
4
2
1
0
0
0
1
29
1
0
1
0
1
0
1
0
1
3
1
5
0
1
1
0
1
12
3
49
1
0
0
1
1
1
0
2
3
5
0
0
0
0
1
7
0
0
0
0
11
0
0
1
3
1
0
0
0
0
5
1
1
0
0
15
25
1
11
0
1
2
8
0
0
2
1
1
4
0
5
4
7
0
0
0
1
2
0
2
25
1
1
36
0
7
0
12
1
0
61
1
0
17
12
1
0
3
0
0
5
0
0
0
0
4
2
0
1
0
0
0
4
0
0
1
2
0
20
0
0
0
0
0
0
0
0
2
3
0
15
4
2
10
0
1
0
0
0
4
1
0
0
4
1
1
43
0
1
0
0
0
4
1
9
1
0
96
1
0
1
2
3
1
24
8
0
1
18
1
1
1
10
0
0
1
45
7
6
0
4
0
9
1
0
5
0
83
0
0
1
1
0
41
11
0
0
0
2
12
1
41
1
0
0
7
0
0
0
245
0
164
0
7
0
0
1
1
0
3
1
0
5
1
0
0
1
4
0
0
0
2
0
5
0
0
0
1
0
0
0
0
0
7
0
0
0
0
1
3
6
0
0
1
3
0
4
1
0
1
4
19
252
0
10
1
1
1
8
2
4
4
2
93
0
17
0
21
0
1
0
0
0
4
0
19
0
1
4
0
0
1
12
20
0
2
5
2
2
5
0
0
11
1
1
1
0
2
0
0
1
1
1
0
0
2
1
0
7
3
10
7
8
0
0
3
1
0
26
5
3
0
0
3
0
5
1
0
0
1
26
9
4
27
7
4
8
13
2
1
1
0
5
0
3
0
0
0
2
20
10
7
17
0
0
0
1
1
1
6
3
5
0
1
14
1
0
2
7
0
0
7
0
51
0
0
24
4
1
3
0
0
0
0
1
7
2
1
0
10
1
0
2
0
0
0
0
6
1
1
1
0
0
12
0
4
1
7
2
0
2
4
0
1
0
6
1
1
944
0
1
9
1
0
3
2
0
3
1
9
1
0
2
7
3
0
0
2
0
0
9
4
28
3
0
30
0
0
8
0
1
7
1
2
2
0
3
0
2
2
8
0
1
6
4
0
0
1
0
0
0
13
1
0
10
0
7
43
1
1
1
1
4
2
1
0
0
0
1
29
1
0
1
0
1
0
1
0
1
3
1
5
0
1
1
0
1
12
3
49
1
0
0
1
1
1
0
2
3
5
0
0
0
0
1
7
0
0
0
0
11
0
0
1
3
1
0
0
0
0
5
1
1
0
0
15
25
1
11
0
1
2
8
0
0
2
1
1
4
0
5
4
7
0
0
0
1
2
0
2
25
1
1
36
0
7
0
12
1
0
61
1
0
17
12
1
0
3
0
0
5
0
0
0
0
4
2
0
1
0
0
0
4
0
0
1
2
0
20
0
0
0
0
0
0
0
0
2
3
0
15
4
2
10
0
1
0
0
0
4
1
0
0
4
1
1
43
0
1
0
0
0
4
1
9
1
0
96
1
0
1
2
3
1
24
8
0
1
18
1
1
1
10
0
0
1
45
7
6
0
4
0
9
1
0
5
0
83
0
0
1
1
0
41
11
0
0
0
2
12
1
41
1
0
0
7
0
0
0
245
0
164
0
7
0
0
1
1
0
3
1
0
5
1
0
0
1
4
0
0
0
0
0
28
1
2
1
9
0
0
0
10
2
0
1
0
2
0
0
7
0
0
34
0
8
31
40
4
2
2
2
0
7
1
2
0
0
1
0
0
0
3
1
3
4
13
1
6
1
1
0
0
2
0
0
4
2
0
0
0
0
1
0
1
0
10
0
7
7
6
8
0
0
2
4
1
3
0
4
0
0
2
2
1
0
18
0
7
4
0
9
1
3
0
1
2
0
0
8
0
2
0
0
0
1
10
7
37
0
1
0
1
0
0
0
5
0
1
0
115
0
4
6
0
0
0
21
1
1
1
5
0
0
1
0
0
35
10
5
0
2
0
0
3
0
1
0
0
0
5
0
3
2
3
0
1
4
7
0
2
3
2
7
0
0
1
10
2
1
0
0
50
4
0
1
4
1
10
10
0
2
15
0
0
1
6
0
1
81
2
0
4
0
0
0
1
21
0
0
1
2
2
13
0
0
0
0
4
10
1
2
6
2
2
0
1
1
0
7
0
0
4
3
0
0
0
3
0
0
1
0
10
11
2
0
0
12
27
0
7
0
5
1
7
2
8
1
5
0
0
1
1
0
0
38
1
0
0
5
14
1
0
1
7
0
0
0
0
0
2
0
0
3
1
2
0
6
1
8
1
6
25
1
83
0
0
1
8
8
0
0
0
0
0
2
4
0
3
7
6
0
8
1
0
17
16
0
2
0
0
3
20
3
4
0
9
0
79
66
3
2
0
0
3
0
0
0
0
0
1
0
0
4
1
1
9
1
1
1
0
1
0
6
7
11
0
185
42
1
10
3
0
0
12
1
2
1
7
1
0
0
0
0
0
1
1
0
0
5
26
1
2
1
2
0
1
2
0
3
0
0
0
1
0
1
1
1
0
0
50
1
3
12
2
0
0
3
3
1
3
0
2
30
0
1
0
3
0
1
1
1
0
5
0
0
0
2
0
0
7
0
0
0
0
8
12
0
0
3
0
1
147
0
0
0
4
0
0
3
1
11
13
21
10
12
10
4
1
0
5
0
0
1
0
0
0
0
1
0
1
1
0
0
0
1
10
0
1
0
2
23
1
1
0
6
19
2
0
13
0
0
19
72
0
1
0
3
0
0
0
12
4
0
7
6
0
11
2
2
6
0
0
11
0
1
2
9
0
3
1
1
1
0
2
0
1
0
1
1
1
5
0
1
0
0
0
1
0
1
0
1
0
28
6
3
1
5
0
2
2
0
2
1
1
0
20
1
0
7
3
11
1
1
3
1
8
3
2
2
6
2
0
1
0
16
1
12
0
5
3
48
0
5575
1
0
1
0
0
0
26
0
0
1
2
3
1
3
4
2
1
2
3
3
0
0
10
0
0
1
6
3
0
2
2
0
1
0
0
7
3
0
6
0
1
109
548
2
0
0
7
13
10
0
0
0
3
1
2
1
2
14
1
0
1
0
4
2
54
3
0
4
1
0
0
0
0
1
6
2
1
13
1
0
0
0
2
1
0
2
1
3
48
5
0
0
2
0
2
0
1
1
0
0
3
0
3
1
1
0
7
0
0
4
12
5
0
1
4
6
0
0
0
3
2
0
0
2
98
1
3
42
6
2
1
12
0
0
0
0
4
3
23
34
0
0
0
1
15
1
2
9
2
1
2
0
0
2
0
4
27
13
0
6
1
0
1
0
0
4
0
2
0
0
3
0
0
0
2
0
2
0
1
55
0
1
0
0
3
0
3
0
1
6
30
0
0
19
7
1
0
0
574
2
5
1
0
0
0
0
0
0
1
1
19
0
2
0
1
33
0
0
62
2
0
1
18
11
2
0
0
2
0
0
1
0
0
2
0
0
0
0
2
1
3
0
7
3
0
0
2
4
2
12
0
0
3
2
0
2
0
0
0
1
0
15
1
0
2
2
12
1
0
0
1
8
1
2
0
5
1
0
0
0
0
8
6
3
5
2
0
0
0
0
1
0
1
11
0
3
0
5
4
0
0
0
3
0
0
5
0
2
2
3
0
0
3
0
1
0
0
1
1
0
5
4
4
1
0
18
13
10
0
4
0
0
0
0
0
0
0
1
3
499
9
9
0
3
0
0
0
0
0
0
2
2
0
0
31
2
0
0
2
0
0
148
0
0
0
6
3
0
1
1
8
0
4
0
0
0
11
9
21
0
0
2
2
2
0
0
0
0
0
2
5
0
0
0
4
1
0
6
0
0
0
1
0
0
1
0
0
0
0
0
5
1
1
2
3
1
2
0
21
1
1
0
0
2
0
0
0
0
1
0
55
3
0
12
9
2
0
0
3
5
55
33
0
0
1
1
1
22
0
13
5
0
0
24
0
3
12
1
0
1
1
0
0
1
46
7
0
0
2
0
4
3
0
1
10
3
4
0
1
1
4
12
0
0
0
0
2
2
0
0
1
2
1
1
3
0
1
1
1
0
2
0
0
0
0
1
0
1
0
7
0
4
9
1
6
9
1
0
2
13
5
3
0
1
0
0
0
0
5
1
2
0
0
0
0
2
6
1
0
0
0
47
1
0
2
2
12
0
0
15
1
2
0
0
29
0
2
2
0
4
0
0
0
0
0
0
75
1
521
0
3
1
0
1
2
3
2
0
1
2
0
0
1
2
2
0
0
0
0
3
6
14
2
13
1
1
0
1
1
1
1
13
0
13
0
4
0
3
27
4
2
1
7
30
0
0
0
1
1
0
1
0
1
0
4
0
7
1
0
0
2
0
0
0
1
0
6
0
1
2
0
0
0
0
0
11
0
0
2
4
0
0
2
0
10
0
3
9
0
0
3
0
3
10
0
0
5
0
3
0
0
0
1
4
0
0
3
2
28
0
0
13
1
0
6
1
2
3
1
4
2
0
1
1
1
12
35
1
0
1
1
1
0
10
1
16
0
0
12
1
0
1
1
0
4
1
0
2
0
2
1
0
8
2
0
0
0
3
0
119
13
0
1
228
0
1
1
0
1
1
11
0
49
6
4
19
0
0
0
0
0
0
1
0
16
1
0
0
1
4
2
0
1
0
2
19
0
2
0
0
0
0
0
4
0
0
1
0
48
0
1
1
1
5
1
1
1
4
0
1
0
25
7
0
1
5
1
8
0
0
0
0
0
2
49
0
16
0
2
51
0
0
7
1
0
0
0
0
0
0
0
0
0
2
10
0
1
0
50
0
0
0
2
0
7
0
5
16
0
3
23
1
1
5
2
17
1
10
58
18
9
0
0
0
3
0
16
5
1
2
0
3
1
1
1
1
2
2
2
1
0
1
10
7
2
0
1
1
1
0
1
1
2
0
0
6
0
0
0
1
2
4
1
0
1
0
1
0
0
1
0
0
2
1
1
4
13
0
0
1
0
1
0
3
4
0
1
0
0
99
1
0
0
9
3
0
24
1
0
2
2
4
0
2
0
2
2
1
1
1
0
1
2
1
0
1
0
0
0
1
5
2
0
1
2
4
1
0
6
2
0
10
0
0
0
1
2
1
1
2
0
0
1
1
0
1
4
0
0
1
12
0
0
0
0
97
4
12
0
9
1
1
2
0
1
0
0
1
0
1
3
3
4
0
11
1
1
0
2
0
7
0
0
0
3
2
0
21
1
1
1
1
1
1
30
10
1
0
1
0
0
0
2
3
40
5
0
5
0
0
0
0
2
1
0
0
0
0
2
1
0
1
25
3
0
0
3
9
3
1
0
0
0
6
0
0
0
6
2
0
4
0
4
0
0
0
1
0
12
0
9
0
1
26
0
7
0
1
1
12
3
0
1
3
0
3
0
3
0
0
25
0
0
1
0
0
0
2
1
1
1
0
0
1
1
3
0
0
1
6
0
1
20
0
0
3
0
2
1
1
0
1
1
85
0
0
11
2
0
7
2
0
0
1
66
0
83
3
0
0
3
3
1
3
4
3
0
10
5
1
0
0
95
2
4
0
1
26
0
1
1
5
0
1
1
0
0
0
0
1
1
1
0
1108
0
0
0
3
30
0
7
0
0
0
0
1
0
0
3
0
1
0
1
10
4
1
0
0
0
0
0
1072
12
84
1
12
2
49
0
0
0
1
4
0
0
0
1
1
16
2
9
5
2
1
5
0
0
0
0
0
0
0
1
0
0
1
4
1
3
0
9
0
2
25
0
5
0
0
0
2
70
0
0
0
0
0
0
0
0
2
15
1
1
1
0
0
6
43
8
0
0
0
0
4
1
0
3
0
6
0
6
1
3
0
0
1
0
0
0
0
2
0
3
0
0
0
0
1
0
0
1
15
5
0
2
2
16
0
4
0
2
5
0
0
8
7
5
0
8
2
1
1
9
0
1
5
0
208
0
0
1
0
0
0
0
137
2
2
1
0
1
2
0
0
0
0
0
0
0
12
0
0
1
4
1
1
0
0
0
0
0
1
2
1
37
16
0
1
6
10
13
0
12
0
16
4
9
0
1
0
59
1
0
0
0
0
0
2
2
2
1
4
3
0
206
6
5
0
0
1
1
18
3
0
3
1
1
13
108
0
1
0
0
0
2
1
7
1
7
0
3
38
0
32
0
0
5
0
7
4
0
0
0
1
2
5
0
0
1
1
0
0
6
3
0
0
70
1
6
14
19
2
3
52
7
0
8
673
6
10
2
0
0
0
8
0
0
0
0
1
0
1
21
0
5
4
0
0
0
0
4
0
0
0
0
1
35
4
6
0
0
7
6
2
16
0
21
22
5
0
3
9
0
0
14
1
1
0
0
0
2
0
22
0
0
0
3
2
31
1
40
1
19
0
0
0
1
0
4
1
25
23
0
2
0
0
2
0
2
2
1
8
14
0
1
4
22
0
0
0
10
21
7
0
0
0
1
0
4
1106
0
220
0
2
4
0
1
3
14
5
4
2
1
5
2
0
82
12
1
0
0
0
5
0
1
0
0
0
6
2
3
3
1
0
0
0
0
3
0
1
0
2
2
7
4
17
0
1
0
0
1
1
0
3
0
0
0
4
0
0
5
3
4
0
7
0
3
8
1
0
61
52
2
3
0
0
5
0
2
4
0
1
0
0
2
6
6
1
9
0
0
2
0
0
19
0
0
0
0
2
0
0
0
1
0
0
0
0
1
1
2
0
0
3
2
11
0
4
3
0
6
6
0
6
0
0
0
1
0
3
1
0
2
1
11
1
3
11
6
1
0
1
1
0
1
7
0
1
0
4
4
0
0
0
1
0
1
6
0
9
3
0
0
1
2
1
1
1
0
1
0
1
0
0
12
4
1
15
0
1
4
0
2
0
0
2
5
3
2
3
0
0
0
3
8
0
10
1
2
17
0
36
3
10
12
0
0
12
16
0
3
20
0
2
7
0
2
1
2
0
1
0
6
12
0
1
9
0
0
4
0
14
0
0
1
0
0
0
0
0
3
0
0
7
1
0
0
0
2
6
0
3
2
0
0
0
1
45
1
0
1
1
1
0
0
0
0
13
12
0
4
1
0
0
1
4
2
0
2
2
0
3
0
0
0
1
0
0
2
3
1
3
1
2
0
2
1
0
5
0
18
0
2
3
0
0
3
0
0
1
0
0
1
23
0
10
51
2
5
0
0
17
4
0
0
0
3
7
5
1
1
0
0
0
12
15
0
8
4
7
0
0
0
0
108
2
0
0
1
0
23
0
0
0
0
1
0
5
0
0
2
2
1
0
0
11
12
3
1
0
0
0
2
0
1
1
1
1
1
0
219
0
36
0
1
1
18
0
0
0
32
0
1
0
1
0
3
0
0
1
3
5
1
3
559
1
8
10
0
1
0
24
0
5
0
1
1
0
0
0
0
0
4
2
0
6
0
8
0
1
11
1
0
0
11
0
0
0
0
1
0
1
0
0
0
2
0
1
2
0
1
2
0
3
7
0
20
0
0
0
0
1
5
3
0
95
0
0
0
0
0
1
0
1
0
0
0
5
0
4
1
1
2
0
2
2
0
1
4
2
0
4
0
1
0
0
1
0
1
2
2
0
0
13
0
1
1
1
1
0
0
1
2
0
0
28
0
3
27
4
0
1
1
1
6
70
16
1
0
0
0
14
3
3
3
10
7
24
5
0
19
4
4
0
0
7
6
0
1
0
0
0
0
0
0
0
2
0
1
0
3
7
56
3
1
7
4
5
1
1
47
0
1
5
0
0
0
0
0
0
1
2
0
0
1
5
11
3
14
2
1
9
8
1
7
1
17
0
0
1
0
0
4
1
0
1
0
0
0
0
80
0
0
4
3
3
1
3
4
1
0
0
0
2
0
1
4
0
6
0
142
1
14
28
0
0
20
14
2
4
40
97
2
1
11
1
0
0
3
5
1
1
0
0
0
13
0
0
1
8
35
0
0
5
0
1
0
0
19
0
1
123
1
3
0
0
1
14
0
0
10
1
0
1
6
0
0
2
0
8
3
0
40
10
1
0
0
2
0
35
3
0
2
1
0
0
8
2
3
5
2
0
4
10
0
3
0
0
3
1
1
1
0
0
0
0
9
2
1
0
0
1
1
3
6
4
0
0
0
3
9
2
2
0
22
0
2
2
1
1
0
5
0
0
12
1
2
2
0
14
0
0
27
4
0
1
0
0
0
6
8
0
1
0
0
0
4
3
0
0
2
20
1
233
0
2
0
0
0
0
0
2
0
2
1
12
1
4
0
3
2
0
0
8
1
0
1
0
1
0
26
4
0
0
2
2
10
3
7
11
0
2
1
5
0
7
6
4
1
0
0
0
0
50
0
3
4
0
10
2
14
3
0
3
0
2
0
81
0
1
0
0
0
26
0
2
4
2
3
5
2
2
0
1
0
36
3
10
5
0
0
2
0
0
6
0
2
2
32
4
0
0
0
1
0
130
0
0
0
1
2
0
0
0
3
1
0
66
3
30
6
2
5
16
0
2
1
0
1
3
1
19
0
3
0
0
2
0
0
0
3
8
0
0
2
0
3
21
6
1
0
0
0
1
0
1
3
2
0
0
0
7
0
4
7
0
0
7
3
7
0
7
1
1
2
2
0
0
1
36
0
1
838
0
0
1
3
1
1
1
1
3
5
0
0
2
23
1
2
0
17
0
0
2
0
3
0
5
13
0
1
0
7
0
1
1
0
0
1
0
0
0
1
0
0
1
21
0
7
1
5
1
19
0
0
2
7
0
4
0
2
0
0
0
0
0
2
0
1
6
1
0
1
3
0
0
0
0
1
0
4
0
0
7
4
0
3
0
4
8
0
1
0
121
16
8
10
2
3
1
2
5
0
0
1
1
0
9
1
8
0
4
2
0
43
0
0
4
2
9
1
0
0
0
1
1
0
5
1
0
0
0
0
0
0
31
0
0
2
0
0
2
0
0
3
0
70
0
22
0
0
9
5
20
2
1
2
0
0
3
2
5
0
14
0
0
9
1
0
14
0
2
3
1
30
0
0
0
10
0
16
5
4
4
0
0
0
4
0
2
5
0
1
0
0
1
5
3
1
5
0
0
1
3
1
0
4
25
0
0
1
0
0
0
2
12
0
10
13
0
66
0
1
4
0
3
30
1
0
449
1
5
0
0
3
36
1
0
0
7
0
0
1
1
1
7
1
0
6
1
7
7
0
1
0
0
0
0
0
0
1
15
1
2
0
0
0
1
2
0
0
12
0
11
6
4
0
3
17
1
4
4
0
2
0
0
0
0
3
0
0
1
6
0
0
1
0
1
0
1
3
0
12
6
1
0
0
2
1
3
2
0
0
2
0
0
0
0
79
1
5
105
1
0
0
0
8
2
2
11
40
0
1
0
0
2
21
2
49
3
3
0
8
0
6
11
1
0
0
49
0
1
1
0
2
4
7
0
2
0
1
18
0
6
1
5
0
0
0
3
0
0
0
3
92
15
0
0
0
0
4
1
5
2
3
0
2
2
0
1
2
1
1
0
0
11
23
0
0
6
2
1
2
0
3
0
1
1
0
0
2
1
1
0
0
6
0
0
0
7
0
5
3
0
10
7
1
12
0
7
0
0
3
0
0
0
0
0
1
2
3
0
3
19
5
0
3
3
9
1
3
2
0
2
0
2
0
0
0
0
1
5
22
0
0
0
3
2
2
0
1
5
5
5
5
1
0
3
11
0
0
3
31
18
1
3
68
1
13
2
0
4
0
3
2
0
0
0
3
45
1
3
1
0
12
0
0
0
0
0
0
9
0
2
0
0
0
0
0
14
1
5
0
0
0
1
14
40
6
2
6
1
18
0
14
0
9
1
1
0
54
2
0
2
8
0
5
0
14
1
0
0
0
0
19
1
1
0
0
2
0
0
0
0
1
15
0
0
12
0
0
2
7
0
1
1
0
3
6
4
3
0
1
5
0
2
1
0
4
0
0
2
0
0
1
0
0
0
0
1
1
3
0
0
0
1
0
8
6
0
3
1
1
107
0
1
0
2
3
0
0
0
2
0
1
0
4
0
0
0
1
2
8
5
0
36
1
0
0
11
2
3
4
4
0
0
0
1
4
4
0
0
9
1
2
3
5
0
2
0
0
0
7
6
0
0
3
2
0
2
0
1
17
11
4
0
2
3
4
8
6
4
10
0
0
1
2
1
2
243
0
1
7
0
0
133
48
0
1
1
10
24
1
41
5
0
0
1
4
5
5
5
0
2
0
1
0
0
0
0
1
1
1
2
2
5
2
9
0
0
1
1
1
5
4
0
0
0
1
11
0
0
0
2
2
5
0
2
0
6
2
2
1
0
1
3
10
3
237
1
0
0
1
0
42
0
2
2
1
0
4
0
0
0
1
0
132
2
0
50
0
2
1
0
0
3
0
5
2
4
1
0
23
0
2
5
49
0
13
0
0
3
3
1
3
1
2
1
0
2
1
3
1
0
3
0
1
0
0
0
0
1
10
2
10
4
4
0
51
0
5
0
5
1
1
1
3
1
1
2
0
3
1
0
1
0
0
0
6
26
0
2
2
0
0
0
0
1
1
0
0
0
1
0
0
0
0
10
6
0
6
2
0
2
3
56
0
1
4
5
5
0
5
1
5
6
0
50
5
3
0
0
1
3
2
6
1
1
1
702
1
0
4
3
1
0
1
2
1
0
1
0
1
3
2
0
0
10
1
0
2
0
0
4
78
0
0
3
0
0
1
6
1
0
1
1
2
4
1
0
0
0
8
0
0
44
1
1
2
2
2
10
72
1
0
0
5
1
1
0
0
1
6
2
30
0
7
1
0
0
27
3
0
0
2
0
1
0
2
0
6
2
0
0
0
4
1
0
0
0
1
0
6
2
8
2
0
0
12
7
2
1
254
0
0
1
0
1
0
7
1
0
0
1
1
0
1
0
1
1
0
4
0
3
15
0
0
2
1
1
3
5
40
14
3
12
0
1
6
0
7
0
0
9
5
16
0
2
2
0
0
4
0
0
18
0
0
2
94
2
4
0
0
5
1
0
13
19
1
0
3
10
0
5
0
2
0
4
1
0
3
0
0
7
0
1
3
11
1
2
6
0
0
0
2
0
0
6
1
0
0
3
4
3
1
0
0
29
4
0
0
1
0
10
1
0
0
2
0
0
27
3
1
1
0
28
0
36
1
6
1
0
0
3
12
1
0
0
0
0
0
1
1
4
0
1
1
0
18
1
0
7
2
0
1
0
5
0
1
0
9
2
1
4
1
14
8
1
7
1
0
0
0
2
2
0
3
4
0
0
0
0
1
0
0
0
1
0
0
0
0
3
0
0
9
2
0
0
9
1
4
9
4
1
59
0
804
0
0
0
0
10
4
0
0
0
34
0
0
11
12
0
2
1
1
1
6
0
3
10
0
81
0
0
0
2
5
0
89
4
3
0
1
0
0
3
1
2
0
1
3
2
1
7
0
0
4
3
1
2
0
5
1
1
4
0
13
0
4
7
0
0
3
1
0
4
2
0
1
0
0
1
1
4
2
29
2
7
3
1
0
0
4
2
5
0
58
2
6
76
1
0
2
0
40
2
0
0
4
6
0
0
0
0
0
3
2
2
2
0
0
0
6
2
29
0
4
0
4
2
5
0
0
2
0
1
3
0
0
0
0
3
0
2
0
113
0
0
2
2
1
0
17
9
32
38
0
13
0
0
3
22
4
0
7
0
0
0
0
27
0
0
0
0
2
0
1
12
0
1
3
1
0
2
1
2
0
0
0
0
1
0
0
3
2
2
16
1
6
0
9
1
3
3
10
2
0
0
0
0
3
3
24
0
0
0
3
1
2
0
0
0
2
2
0
1
0
0
0
0
0
0
0
40
4
0
1
31
0
0
4
12
2
2
7
1
0
2
3
2
1
2
1
0
0
0
0
4
1
1
2
8
2
1
3
3
0
0
0
0
17
0
0
2
2
2
639
0
1
2
0
2
4
1
0
0
1
4
0
0
27
0
0
0
0
3
7
0
0
0
0
3
2
32
0
1
1
0
0
0
0
0
0
2
0
0
4
1
0
2
2
1
4
2
0
0
0
6
3
2
2
1
2
1
8
138
0
0
2041
8
2
0
4
0
11
0
0
0
0
1
24
5
1
3
0
0
0
5
1
0
1
0
3
3
2
0
26
0
0
172
0
0
3
0
60
1
0
1
0
1
3
2
81
0
10
1
158
1
6
2
3
1
0
0
56
1
0
0
1
0
15
2
5
0
4
5
0
0
2
0
0
13
0
0
0
2
2
0
3
0
0
2
1
0
574
3
22
0
1
7
1
5
3
0
1
1
3
0
0
1
0
0
5
8
3
0
0
5
0
5
0
0
10
0
3
0
1
1
0
2
50
32
4
2
1
0
0
0
0
0
4
0
0
0
6
2
11
3
0
1
0
0
0
0
1
1
0
0
0
0
1
23
3
1
2
2
0
5
3
161
0
0
0
3
0
8
1
0
5
0
0
1
0
0
0
1
1
1
17
3
9
0
0
6
5
56
0
1
1
0
2
0
0
1
12
2
0
3
0
2
0
314
1
6
192
0
4
25
0
1
0
1
1
4
2
1
0
0
19
3
3
0
1
22
2
0
0
2
0
3
10
3
3
7
1
2
0
0
2
3
8
3
2
30
2
2
0
0
0
2
2
1
4
1
1
0
16
6
9
3
0
8
4
0
3
0
1
5
3
3
0
8
0
14
11
2
1
0
7
0
0
2
4
1
0
2
94
0
4
0
0
0
0
0
0
0
7
9
2
23
2
0
4
4
0
7
5
0
0
0
0
0
0
2
0
5
0
1
2
0
1
0
0
0
2
2
0
0
10
37
4
2
1
6
0
1
0
1
4
0
4
0
0
0
1
17
0
4
0
1
0
2
1
1
1
4
0
0
44
2
2
0
0
174
4
1
0
0
0
0
0
6
0
0
895
1
5
7
0
0
1
38
581
0
2
2
3
0
16
0
4
357
0
2
2
0
223
0
0
0
0
0
0
3
2
0
2
0
0
0
0
1
9
1
1
2
0
1
0
2
3
8
0
1
4
1
0
23
0
2
2
0
0
1
1
0
0
2
10
2
1
1
3
12
4
0
1
0
2
1
5
6
0
1
4
33
0
0
55
1
7
0
0
2
0
0
4
2
0
0
1
0
1
83
1
3
0
9
12
2
2
10
1
2
6
11
24
1
15
0
0
3
0
13
2
0
1
50
2
2
5
11
2
0
0
1
9
8
0
5
0
0
3
2
0
0
1
0
0
6
1
4
6
3
22
0
1
2
0
2
0
18
0
2
0
5
100
0
0
9
0
2
7
1
1
3
2
11
1
2
0
0
2
0
2
1
0
0
0
0
0
0
3
0
19
12
0
14
11
1
0
0
0
0
0
0
6
1
1
0
1
0
0
0
8
0
2
8
3
0
0
3
1
0
0
0
2
5
12
0
1
5
0
2
0
0
0
0
4
0
1
10
1
2
1
0
2
6
0
8
0
0
3
0
5
1
5
0
10
0
9
5
0
0
5
2
1
0
0
0
8
0
0
0
0
2
1
0
0
0
1
2
1
0
1
20
0
1
1
1
1
7
0
0
0
2
32
0
0
0
0
11
0
0
1
0
119
13
0
0
0
22
0
0
1
0
1
0
5
0
27
1
23
0
2
1
0
0
3
0
3
1
0
1
0
1
0
1
6
0
1
4
0
4
3
2
0
0
0
0
1
5
1
39
1
1
0
0
5
0
1
6
2
1
2
7
2
0
2
0
2
0
12
1
4
0
0
46
1
0
0
0
2
108
0
0
0
1
0
4
0
1
0
0
0
0
2
10
3
0
2
9
1
0
0
0
6
0
0
3
5
0
1
0
6
14
13
0
1
0
2
1
0
0
0
1
0
0
0
0
0
4
1
0
3
0
1
0
393
0
16
8
0
0
1
10
0
4
0
0
0
2
0
39
0
0
0
1
7
0
1971
0
0
0
38
5
0
166
17
3
1
0
3
0
5
0
0
9
450
0
2
4
5
6
4
0
0
6
0
0
0
1
0
0
1
0
0
1
2
1
0
0
0
38
0
1
0
4
0
1
0
0
0
0
0
0
1
1
2
1
0
1
3
2
4
102
1
1
1
1
2
0
1
1
3
9
0
0
2
1
1
6
0
0
0
0
2
1
1
59
2
0
291
0
1
0
0
0
15
4
3
1
1
0
3
1
0
0
0
0
7
5
0
2
0
0
0
0
0
0
1
2
0
0
1
1
1
0
8
3
0
0
6
2
8
3
1
0
2
0
0
0
1
1
1
0
0
0
0
0
5
0
7
5
0
1
0
2
0
3
1
1
1
10
0
0
14
0
3
1
0
49
5
0
18
1
0
43
0
11
0
3
0
3
1
0
1
1
10
0
1
2
0
2
0
0
0
63
0
0
6
9
0
1
1
0
4
1
0
0
0
1
0
9
1
3
1
59
0
2
1
2
4
0
3
1
2
7
1
12
5
1
16
0
0
0
15
2
0
0
5
0
1
2
0
1
0
0
2
1
1
1
0
0
0
1
0
7
1
2
213
3
1
5
2
6
0
1
0
0
0
4
0
0
0
1
4
20
0
0
0
8
0
8
1
1
2
1
0
1
0
0
4
0
0
0
8
2
35
1
0
50
96
19
0
2
45
0
1
0
9
0
0
1
0
1
6
3
1
2
0
1
1
58
0
2
0
0
6
2
0
0
0
3
0
0
2
0
0
2
13
0
10
1
1
0
1
6
19
2
0
0
2
1
2
2
6
17
2
2934
0
2
0
0
6
3
0
6
11
0
7
1
16
0
3
7
4
0
1
1
0
0
0
1
4
0
0
1
0
12
100
1
5
1
0
2
7
0
0
17
11
0
1
0
4
51
0
11
1
114
20
0
1
8
0
3
1
3
2
1
1
7
12
0
4
0
31
0
4
4
6
2
0
227
1
0
3
1
1
8
21
1009
0
2
1
3
19
0
0
0
0
0
0
9
25
0
0
6
1
1
1
1
2
0
1
0
21
4
4
0
0
11
19
0
0
0
1
0
53
2
1
1
11
15
0
2
90
0
20
0
1
9
0
0
1
0
2
0
0
1
0
0
1
1
0
0
0
0
12
0
6
0
24
1
0
0
29
0
0
3
0
3
1
0
0
3
5
2
0
0
13
0
0
2
0
0
5
2
0
0
5
0
1
3
7
13
7
0
4
0
0
0
6
1
11
0
1
0
1
5
1
14
0
0
6
0
10
12
3
0
0
1
0
0
0
0
0
15
0
1
0
1
1
13
103
2
0
0
0
1
3
50
1
0
0
0
32
0
0
2
1
4
11
0
0
0
3
0
6
0
0
14
7
10
37
0
0
0
0
3
1
0
5
4
0
4
6
1
0
1
3
0
5
3
1
0
1
0
1
0
174
0
0
1
11
0
2
0
28
106
18
0
0
1
3
0
2
1
3
3
3
2
177
1
0
5
0
0
2
3
1
0
1
0
65
4
4
1
0
0
19
3
73
4
3
0
0
8
3
0
2
0
1
1
0
0
0
4
0
0
3
0
1
0
3
0
0
0
0
0
0
0
0
1
3
7
30
8
0
5
0
6
2
0
0
3
0
80
0
133
1
0
0
20
0
0
0
2
36
0
0
0
1
0
0
0
2
0
1
6
0
0
18
14
2
3
0
0
0
1
3
0
0
0
1
1
0
0
0
0
0
0
1
3
1
0
0
0
0
0
0
5
0
0
4
6
1
0
0
1
1
2
0
4
0
15
0
1
11
1
1
36
36
0
0
2
0
0
0
3
14
2
0
0
2
6
4
0
2
14
3
4
0
1
49
3
0
9
193
0
4
0
1
4
3
3
0
2
2
14
2
7
2
0
0
2
0
1
1
153
6
2
0
29
0
3
6
17
4
0
1
5
8
0
0
7
5
0
8
3
5
2
1
0
6
0
2
5
0
0
0
1
1
6
6
0
1
10
2
0
281
27
0
5
11
4
0
2
0
1
0
2
4
0
0
4
0
0
65
2
2
1
0
2
4
2
1
6
1
0
0
5
3
16
539
1
12
0
0
5
0
0
0
0
0
0
0
0
0
0
0
2
1
0
17
2
0
18
1
0
3
0
0
5
0
2
1
0
0
7
0
5
0
0
0
0
0
0
0
0
10
10
1
0
0
1
2
0
133
0
16
6
0
0
0
3
0
5
0
4
17
1
2
1
2
26
1
136
0
2
0
1
0
30
11
0
0
3
9
1
0
42
5
0
0
5
0
0
0
0
0
0
0
2
2
1
23
0
0
0
0
0
8
0
0
2
5
2
8
1
0
2
8
1
2
0
0
19
0
290
7
0
21
0
2
1
2
0
2
0
0
0
0
0
2
6
1
7
1
4
0
0
0
0
1
1
0
10
0
5
1
1
1
1
0
0
8
0
2
4
1
9
0
21
2
0
5
6
1
0
2
1
0
3
59
0
1
0
3
0
0
0
0
3
0
0
0
5
1
0
3
2
0
0
6
8
8
11
2
0
3
0
3
6
17
0
1
3
33
2
0
0
2
2
1
0
0
1
1
0
2
3
0
0
4
0
0
1
0
13
1
1
12
1
1
8
0
0
1
0
6
0
0
1
0
1
1
11
0
0
2
9
0
1
12
2
2
1
1
7
0
3
16
0
1
0
9
1
0
0
1
3
0
7
1
1
0
0
4
0
8
4
3
0
10
1
3
0
0
0
2
12
0
8
53
0
0
1
1
1
2
3
0
3
0
1
10
3
0
5
0
0
0
1
0
1
0
0
1
0
1
1
0
92
0
0
2
0
0
0
13
0
0
0
0
0
0
1
4
2
0
1
0
2
0
0
1
1
0
0
0
0
1
1
0
1
2
1
3
1
2
17
8
0
1
0
0
2
1
0
13
17
3
0
1
0
6
0
3
1
0
196
0
2
2
1
0
1
11
3
0
2
10
0
15
8
61
4
1
2
28
2
0
0
7
0
0
5
0
0
2
0
0
0
0
1
0
3
2
0
0
0
1
1
2
2
4
0
0
7
1
2
0
1
1
1
2
3
0
12
1
1
2
3
2
0
0
0
1
0
0
12
0
0
9
0
1
18
1
8
6
0
1
0
0
340
1
0
1
0
9
0
1
22
10
2
0
1
1
1
0
2
0
0
0
0
1
3
1
0
1
0
0
0
6
1
0
4
1
27
0
3
0
0
0
1
0
0
0
1
46
0
0
1
0
0
27
3
0
0
0
0
0
0
0
1
0
3
1
0
1
59
0
1
1
2
2
1
0
1
0
4
26
2
1
1
19
0
0
171
1
0
3
0
19
89
0
2
1
0
0
1
0
5
18
6
1
3
2
4
0
1
21
2
0
3
0
2
0
0
3
3
0
0
0
1
2
0
2
1
1
0
0
0
8
1
0
0
0
21
0
27
11
1
0
211
0
0
5
137
0
1
0
1
3
4
0
0
1
2
2
0
16
0
0
9
1
0
1
1
0
0
0
1
2
1
0
1
0
1
0
1
1
4
1
0
0
33
1
1
0
0
0
3
15
2
6
2
0
77
5
0
0
2
0
0
1
3
8
2
4
1
4
6
0
1
1
1
5
0
2
0
16
0
0
0
15
2
0
1
1
0
36
4
23
0
0
0
12
4
1
2
0
0
0
0
19
1
2
4
1
0
8
1
0
0
3
1
0
0
0
0
0
131
0
1
0
0
5
0
0
0
1
0
0
3
1
4
0
15
0
10
0
1
1
0
0
10
1
0
0
2
3
0
2
1
0
0
4
5
10
0
1
0
2
0
0
0
4
0
0
0
0
0
15
0
1
0
58
0
0
3
0
0
0
0
0
0
0
55
1
0
1
0
4
0
3
1
2
0
7
0
0
2
0
0
0
0
0
0
0
4
0
1
0
0
0
0
0
0
0
0
0
1
7
1
0
0
0
0
0
1
4
0
5
1
117
1
1
0
1
1
3
11
0
2
5
0
0
1
2
2
0
0
0
1
12
0
7
0
7
4
0
1
3
1
0
0
2
0
5
0
0
0
1
0
0
0
0
0
7
0
0
0
0
1
3
6
0
0
1
3
0
4
1
0
1
4
19
252
0
10
1
1
1
8
2
4
4
2
93
0
17
0
21
0
1
0
0
0
4
0
19
0
1
4
0
0
1
12
20
0
2
5
2
2
5
0
0
11
1
1
1
0
2
0
0
1
1
1
0
0
2
1
0
7
3
10
7
8
0
0
3
1
0
26
0
3
0
2
1
0
0
2
4
0
0
2
0
1
1
2
0
2
2
13
5
1
5
5
0
3
6
2
0
38
0
5
6
8
0
1
0
0
12
0
8
10
1
0
0
4
2
0
7
2
2
0
4
4
0
33
7
0
0
9
1
0
1
17
0
1
0
17
14
0
16
1
4
1
0
0
0
1
2
0
0
4
357
1
2
1
0
0
7
0
0
0
4
0
2
0
0
0
0
0
1
0
0
63
1
0
3
0
4
1
0
2
0
16
0
0
3
0
0
0
3
1
0
8
3
1
3
1
41
0
1
0
2
1
0
0
0
12
0
6
0
5
4
0
4
0
0
1
3
10
0
0
0
1
7
0
2
43
5
1
0
0
1
14
0
9
11
2
4
0
0
0
0
0
4
1
4803
0
1
33
1
2
1
7
0
0
0
1
0
0
3
0
2
0
0
114
1
4
0
1
0
0
2
9
3
3
0
1
0
0
6
1
0
1
2
1
0
2
168
1
1
0
0
1
0
4
3
2
1
0
0
8
3
12
0
4
0
0
6
229
1
51
1
0
0
4
1
1
0
0
13
0
1
1
1
4
0
1
3
0
0
22
32
2
1
1
0
1
10
7
1
1
0
1
0
0
2
6
0
1
32
6
0
8
1
1
0
0
0
0
1
3
0
1
8
0
1
15
4
3
11
1
0
0
4
0
1
261
4
1
7
6
0
13
94
1
0
16
0
0
5
0
0
2
0
2
2
0
0
0
1
3
0
0
1
0
1
0
3
0
4
13
15
0
1
0
0
1
0
1
1
0
1
1
0
1
24
1
0
0
1
1
0
0
4
5
13
0
1
1
0
4
3
1
0
1
0
0
12
0
2
1
9
3
0
1
2
7
0
20
10
0
0
2
0
6
0
2
0
0
1
0
1
2
0
0
3
1
28
15
0
1
1
2
0
1
0
0
0
1
0
13
0
2
1
55
1
2
0
4
1
1
0
0
8
4
0
1
0
0
8
0
0
2
