2
4
5
1
13
0
1
1
5
6
1
5
0
0
20
1
0
0
2
6
7
14
1
1
2
6
3
9
5
4
3
6
39
383
3
20
2
2
10
14
6
5
10
5
141
5
34
0
38
1
5
0
6
9
6
3
38
2
2
7
0
3
2
30
37
1
4
7
6
3
21
4
2
26
9
3
3
0
3
1
0
5
1
4
1
3
3
1
3
11
8
33
15
24
1
0
8
3
0
39
13
11
0
1
4
1
10
1
3
2
3
45
22
11
45
12
7
17
29
8
5
3
1
13
1
11
0
2
1
5
25
21
26
30
4
3
2
3
1
8
9
6
11
1
2
29
4
0
4
11
3
0
15
1
82
4
1
57
10
3
8
2
3
2
1
2
16
6
8
0
15
9
0
5
0
4
4
2
12
2
5
3
0
4
24
1
8
2
9
4
3
10
13
3
2
1
11
1
2
1291
1
1
13
1
2
8
4
2
10
3
14
4
1
7
11
8
1
2
3
0
1
23
9
48
4
3
41
3
2
13
3
6
11
4
4
9
2
8
2
7
2
18
2
1
11
13
3
2
2
1
1
0
30
2
2
18
2
13
72
1
4
2
4
6
2
5
3
2
1
6
49
1
0
2
6
3
2
2
0
6
9
3
12
1
1
10
9
3
32
8
100
2
1
1
2
4
1
4
3
5
7
6
1
1
1
3
11
2
2
5
1
25
2
3
3
8
1
1
3
0
0
14
2
6
1
0
24
41
2
20
1
3
5
17
2
2
5
4
5
19
5
8
7
20
0
0
0
2
6
1
5
44
1
2
49
0
9
1
22
4
0
104
3
0
31
21
3
0
10
2
4
13
0
1
3
1
10
5
0
3
0
7
0
8
3
3
3
6
3
41
4
4
0
3
0
0
4
0
5
12
0
35
7
6
15
0
2
1
2
0
15
2
1
0
7
2
4
71
3
2
0
3
0
15
2
14
1
3
147
2
1
1
3
8
5
46
16
3
2
31
6
9
1
23
0
2
7
77
16
13
1
13
1
12
7
0
8
1
129
0
1
6
6
0
68
15
4
1
1
9
34
2
76
1
1
0
19
0
1
0
375
1
263
0
12
0
2
6
4
1
5
5
1
12
3
3
4
2
16
2
2
4
5
1
13
0
1
1
5
6
1
5
0
0
20
1
0
0
2
6
7
14
1
1
2
6
3
9
5
4
3
6
39
383
3
20
2
2
10
14
6
5
10
5
141
5
34
0
38
1
5
0
6
9
6
3
38
2
2
7
0
3
2
30
37
1
4
7
6
3
21
4
2
26
9
3
3
0
3
1
0
5
1
4
1
3
3
1
3
11
8
33
15
24
1
0
8
3
0
39
13
11
0
1
4
1
10
1
3
2
3
45
22
11
45
12
7
17
29
8
5
3
1
13
1
11
0
2
1
5
25
21
26
30
4
3
2
3
1
8
9
6
11
1
2
29
4
0
4
11
3
0
15
1
82
4
1
57
10
3
8
2
3
2
1
2
16
6
8
0
15
9
0
5
0
4
4
2
12
2
5
3
0
4
24
1
8
2
9
4
3
10
13
3
2
1
11
1
2
1291
1
1
13
1
2
8
4
2
10
3
14
4
1
7
11
8
1
2
3
0
1
23
9
48
4
3
41
3
2
13
3
6
11
4
4
9
2
8
2
7
2
18
2
1
11
13
3
2
2
1
1
0
30
2
2
18
2
13
72
1
4
2
4
6
2
5
3
2
1
6
49
1
0
2
6
3
2
2
0
6
9
3
12
1
1
10
9
3
32
8
100
2
1
1
2
4
1
4
3
5
7
6
1
1
1
3
11
2
2
5
1
25
2
3
3
8
1
1
3
0
0
14
2
6
1
0
24
41
2
20
1
3
5
17
2
2
5
4
5
19
5
8
7
20
0
0
0
2
6
1
5
44
1
2
49
0
9
1
22
4
0
104
3
0
31
21
3
0
10
2
4
13
0
1
3
1
10
5
0
3
0
7
0
8
3
3
3
6
3
41
4
4
0
3
0
0
4
0
5
12
0
35
7
6
15
0
2
1
2
0
15
2
1
0
7
2
4
71
3
2
0
3
0
15
2
14
1
3
147
2
1
1
3
8
5
46
16
3
2
31
6
9
1
23
0
2
7
77
16
13
1
13
1
12
7
0
8
1
129
0
1
6
6
0
68
15
4
1
1
9
34
2
76
1
1
0
19
0
1
0
375
1
263
0
12
0
2
6
4
1
5
5
1
12
3
3
4
2
16
2
0
0
1
0
41
5
7
4
33
0
6
4
31
5
2
3
4
7
2
0
18
2
1
49
3
19
63
68
9
3
3
7
0
13
5
7
1
1
2
1
2
4
4
3
7
9
26
2
8
5
3
2
0
7
3
2
6
5
0
0
1
6
2
7
3
0
20
2
12
23
10
14
2
0
3
13
2
7
2
9
1
1
7
5
6
7
31
7
12
16
0
21
3
6
2
3
5
1
1
17
3
5
3
4
0
4
15
12
71
0
4
0
1
1
1
3
11
0
2
2
190
6
7
9
5
0
2
30
3
3
2
13
1
1
3
0
0
65
17
10
0
4
9
0
9
0
4
0
5
0
13
4
6
2
11
1
4
7
11
0
5
6
4
12
1
5
1
19
4
4
2
2
90
12
2
3
7
4
22
18
2
9
18
2
3
2
10
8
3
126
3
1
10
2
0
1
5
34
1
3
4
5
4
26
1
0
0
5
8
21
7
6
17
3
5
1
2
3
0
10
5
2
8
9
1
0
0
11
0
1
6
1
16
19
5
2
0
33
37
0
11
0
7
4
15
11
12
5
14
2
3
1
2
3
1
79
2
0
1
8
25
7
1
4
12
4
0
8
0
1
5
6
2
3
5
2
1
11
1
17
4
10
49
2
128
5
1
3
16
17
5
0
2
0
2
6
10
1
12
14
12
1
12
4
2
40
28
0
2
1
0
7
40
11
14
0
26
1
126
138
8
6
6
2
5
0
0
0
2
2
5
2
2
20
2
3
24
1
3
3
0
1
2
17
23
19
1
277
59
1
24
3
1
2
30
3
6
10
16
1
0
3
5
0
3
3
5
2
1
7
49
4
7
4
2
2
7
4
3
6
4
3
1
6
1
1
1
8
2
4
83
2
9
23
3
0
5
3
8
4
7
1
3
43
1
6
5
10
6
1
6
5
0
11
0
1
0
7
5
0
13
2
1
0
0
19
24
1
1
8
0
3
228
1
1
1
7
1
2
6
2
27
35
33
17
22
18
12
1
4
11
2
1
6
0
3
1
0
8
2
1
3
3
3
2
1
21
1
2
0
8
55
4
5
3
8
37
4
0
23
5
1
29
114
0
4
0
4
2
2
2
39
7
1
17
9
0
12
11
3
17
1
1
25
0
3
8
19
1
10
4
4
1
2
6
1
6
1
4
4
1
20
0
4
0
0
1
4
1
6
0
4
1
63
13
9
5
9
3
4
4
7
3
1
3
0
38
6
5
16
7
27
3
2
11
3
18
7
4
7
10
2
0
2
3
32
3
19
6
15
7
88
2
7444
3
4
2
0
1
3
47
0
2
4
4
3
4
5
9
4
2
7
5
8
1
7
23
0
0
1
10
5
3
2
5
0
2
2
3
16
5
5
10
1
7
163
764
5
1
1
10
27
19
5
1
1
8
3
8
2
5
25
5
4
2
0
7
9
95
7
5
10
4
0
0
1
0
1
15
3
2
24
2
6
2
0
8
1
2
3
3
9
67
9
1
2
6
2
3
3
5
1
1
2
8
3
11
9
3
2
13
3
3
7
23
9
3
2
10
13
1
1
0
7
3
2
0
7
138
1
7
61
15
3
5
24
2
1
1
1
10
6
53
65
2
1
1
2
22
8
9
23
5
3
3
1
1
6
0
6
58
18
4
9
1
0
2
1
2
7
2
5
1
4
8
2
0
0
14
0
5
1
1
89
2
3
1
1
7
2
4
0
3
17
40
1
3
37
19
2
0
2
740
3
12
1
5
1
1
1
1
2
5
2
39
3
8
3
1
62
3
1
96
4
0
2
29
20
4
4
2
3
2
1
2
3
0
7
0
3
2
8
4
1
10
0
17
8
0
0
9
8
3
22
1
3
5
6
3
10
3
0
0
6
6
35
6
0
15
6
26
4
2
1
1
19
5
5
2
12
5
0
1
1
1
14
12
4
6
5
0
0
0
2
8
7
3
14
2
6
2
10
10
2
1
3
8
0
3
11
0
5
3
3
1
0
7
1
3
0
6
9
1
3
8
10
6
7
1
23
19
28
2
4
1
0
0
0
2
5
0
9
10
764
19
19
4
10
0
5
5
4
0
0
4
3
1
2
57
4
3
1
4
0
1
226
1
0
0
18
7
2
1
3
13
0
8
2
3
1
26
12
30
2
2
8
4
2
5
1
1
1
0
5
13
0
0
1
11
3
5
9
2
3
1
2
6
1
4
1
1
0
0
0
11
4
2
3
7
2
4
1
41
6
3
0
0
6
0
2
3
1
3
0
85
9
2
19
19
3
1
5
9
11
80
52
1
4
7
3
7
38
0
25
15
0
1
37
3
8
25
4
1
3
4
1
3
3
81
15
2
1
7
0
10
6
4
2
22
5
5
1
5
2
12
20
0
2
3
3
6
9
0
1
7
9
3
5
9
3
3
2
4
1
6
0
0
1
0
5
0
1
0
11
0
11
16
5
12
17
10
0
3
20
11
7
3
4
0
1
3
3
14
3
4
0
4
1
1
8
8
5
0
0
0
68
2
1
4
9
24
1
6
31
5
6
3
4
46
0
5
8
2
14
4
0
3
0
0
5
115
2
783
3
5
3
0
6
6
13
8
5
6
5
4
1
6
7
3
1
0
0
0
8
19
26
2
21
4
3
2
3
2
8
4
17
3
25
1
11
4
10
42
7
4
2
10
51
1
0
2
3
2
2
1
1
5
0
7
0
13
1
0
0
3
2
0
2
6
1
14
4
2
6
0
1
0
4
0
20
2
5
6
9
2
1
3
0
20
2
5
19
1
3
10
0
4
14
1
2
8
1
8
0
2
1
4
12
2
0
5
10
70
2
0
24
3
0
7
3
5
5
4
7
7
1
2
2
2
33
61
2
1
5
4
3
3
16
8
20
0
0
19
5
3
7
1
3
11
4
1
3
0
8
2
2
14
6
0
2
0
6
2
185
20
2
3
338
0
8
1
5
5
2
21
1
74
17
6
28
0
0
1
0
3
1
3
0
50
4
1
3
2
17
2
1
3
2
5
33
2
11
0
3
3
3
0
9
3
9
8
0
81
0
2
1
1
10
3
2
8
8
2
3
1
54
10
0
3
11
3
18
1
0
2
1
0
4
83
1
29
0
4
69
1
3
14
2
0
2
2
5
0
1
1
1
0
5
24
1
6
2
85
1
0
0
6
4
18
0
10
34
3
5
31
4
3
12
5
35
2
24
104
29
16
1
1
0
8
0
29
17
2
6
0
3
1
2
4
5
7
5
10
4
1
1
24
12
4
2
10
2
1
0
2
2
3
1
5
8
1
0
0
4
3
7
5
0
2
1
4
0
5
2
2
3
9
4
5
5
24
5
2
3
1
4
0
7
10
0
3
0
0
179
3
2
1
22
6
2
47
4
1
7
4
7
3
9
1
10
13
3
8
5
3
1
7
3
1
2
0
0
1
1
7
6
1
1
8
5
4
2
8
10
4
22
2
2
2
5
16
3
2
5
0
1
1
2
1
2
7
0
0
1
35
3
0
0
1
170
14
38
1
14
4
4
3
0
1
1
5
2
1
6
10
6
9
0
22
6
3
2
8
2
16
0
0
1
4
2
0
41
4
2
6
3
3
2
58
18
4
0
4
1
5
4
3
9
74
15
0
5
0
1
5
2
5
5
5
3
5
0
5
1
1
2
38
8
1
1
6
18
5
16
3
1
1
11
0
4
6
9
7
5
12
0
16
1
0
0
1
0
20
1
28
2
4
45
0
13
0
4
4
31
6
5
1
5
4
6
2
6
2
2
50
2
2
4
3
1
4
7
7
8
3
3
1
12
3
9
2
0
4
12
3
6
48
1
1
10
0
2
5
2
0
2
4
125
4
1
17
9
4
18
7
0
1
3
108
1
108
5
1
0
8
7
4
5
9
6
2
22
10
6
4
0
159
6
11
0
3
40
1
2
4
8
0
2
4
0
2
0
1
4
2
1
2
1436
0
2
3
5
47
0
8
1
0
1
0
1
2
0
6
2
6
2
1
28
7
1
3
1
1
2
4
1604
26
143
3
19
5
73
0
0
2
2
11
1
3
1
3
8
25
4
26
10
6
1
16
0
0
4
5
2
4
4
3
2
1
3
7
3
12
2
17
1
6
44
0
6
3
6
3
5
121
6
0
2
1
1
3
2
0
4
24
1
5
1
0
1
15
78
18
1
3
0
1
12
2
1
11
2
12
3
23
4
11
0
0
4
1
4
0
0
5
0
8
2
3
0
3
4
4
3
1
31
16
1
4
4
26
1
8
0
5
13
3
1
23
14
8
2
15
4
2
5
16
1
2
9
0
262
2
1
2
3
2
1
0
233
6
6
3
0
3
5
3
2
2
4
1
0
2
20
0
1
4
12
2
1
0
3
2
1
0
2
7
3
79
23
4
6
15
16
32
1
27
0
26
6
15
3
4
5
75
1
0
0
1
0
2
4
10
5
3
7
15
2
283
11
19
0
2
7
4
32
10
1
3
2
5
19
160
1
7
0
0
1
10
5
10
9
13
2
7
65
2
59
0
1
10
1
14
13
2
1
2
4
5
13
3
1
4
3
2
2
13
8
8
6
112
2
16
24
34
8
7
83
10
3
14
938
14
28
5
2
3
1
17
4
0
0
0
7
0
3
32
2
10
12
1
0
1
1
6
0
0
1
5
3
50
10
10
0
1
21
11
5
39
1
36
49
9
4
7
30
3
1
20
9
8
1
1
3
9
2
43
0
1
3
4
9
69
5
62
6
36
0
0
10
2
1
4
6
49
60
0
3
1
1
3
1
3
10
2
17
35
0
2
6
32
2
2
0
17
41
12
0
1
0
3
0
7
1392
0
375
2
6
20
6
2
4
30
14
10
11
4
14
5
1
150
18
2
1
3
2
12
0
2
4
1
2
6
9
7
4
1
3
3
3
0
5
0
4
8
7
6
12
21
33
1
3
0
1
2
3
5
5
2
2
6
7
1
1
13
13
6
4
17
1
7
15
5
0
98
79
7
7
1
0
10
0
4
13
1
5
3
2
6
11
7
1
19
4
3
6
2
1
36
0
0
2
0
5
0
2
3
2
2
4
0
2
7
3
4
1
2
6
6
19
1
4
8
0
13
10
5
13
0
0
2
6
1
6
2
0
7
5
21
5
9
30
11
6
4
2
8
1
3
13
1
9
1
10
10
0
3
0
10
1
6
15
3
23
4
0
0
2
6
6
3
3
0
3
1
9
7
3
26
8
2
24
0
4
17
1
6
1
0
3
19
7
5
5
2
0
2
10
12
3
26
2
6
30
1
79
12
27
23
2
0
29
28
2
7
40
0
6
23
1
3
4
6
0
2
0
12
29
2
2
18
1
5
11
5
27
5
2
6
1
1
3
0
0
6
0
3
14
1
3
0
2
7
18
0
12
3
3
1
1
3
63
2
3
4
4
6
10
4
1
1
24
21
2
7
3
1
2
7
11
4
0
9
2
1
12
1
2
1
2
0
0
6
4
3
8
2
7
1
4
4
1
15
0
41
6
7
18
2
4
9
3
0
4
2
0
5
46
0
13
81
3
11
2
2
34
10
6
1
3
5
14
11
4
1
4
2
6
22
22
1
24
8
14
3
0
2
1
163
5
2
2
6
1
35
0
3
0
1
2
0
9
9
3
4
5
2
4
0
27
29
4
3
0
1
1
14
0
4
4
1
6
2
0
324
1
55
0
1
4
33
0
3
0
59
0
5
6
2
0
5
1
1
1
9
9
2
6
808
3
23
23
2
5
2
53
1
8
0
3
4
0
3
1
1
1
9
10
0
17
4
16
3
5
21
3
0
0
21
4
0
4
0
2
0
4
1
0
0
7
3
5
3
0
5
6
2
7
17
2
34
2
0
1
2
2
5
4
2
148
6
4
0
4
0
7
0
2
1
2
3
8
1
15
2
5
3
1
5
7
2
1
6
7
1
10
2
6
1
1
3
0
8
5
5
3
0
25
1
4
5
6
7
3
2
2
5
1
4
41
0
5
39
8
0
3
4
10
15
91
30
4
0
0
1
36
11
7
6
21
9
46
10
4
37
12
9
2
2
12
10
4
3
3
3
2
1
0
0
0
6
1
8
0
5
14
81
4
4
19
9
13
5
4
78
0
3
9
0
0
0
2
0
2
8
2
1
1
3
19
17
6
29
5
4
20
12
8
12
1
26
0
1
3
0
3
13
4
1
3
1
2
1
1
121
1
2
15
5
5
7
9
6
1
0
0
2
3
0
4
15
5
21
5
225
4
29
41
0
2
34
28
4
15
70
144
7
4
31
1
5
5
4
10
2
4
1
1
3
22
2
4
4
23
51
1
0
11
2
1
3
1
31
5
3
176
2
7
4
2
7
29
4
2
22
3
2
4
13
0
1
3
1
20
6
3
62
14
2
3
2
4
0
72
9
0
2
2
0
0
17
6
11
18
12
1
6
16
1
5
0
6
19
2
4
1
0
2
3
0
17
5
12
1
6
6
5
12
19
8
1
1
6
7
15
6
4
0
41
0
6
4
3
3
0
13
3
0
27
6
5
8
2
19
0
0
59
6
5
6
2
2
1
14
21
0
5
1
3
3
8
6
2
2
4
33
1
332
1
6
1
3
2
0
3
4
2
10
3
28
6
7
2
8
8
1
3
30
4
1
3
2
6
3
51
9
0
0
4
4
22
5
19
21
0
4
1
9
3
9
7
11
4
0
0
4
1
73
0
12
8
1
35
8
34
13
2
5
2
2
4
119
3
2
2
2
3
43
3
3
6
6
4
14
6
3
0
2
5
61
6
23
10
3
2
3
1
0
15
1
8
3
53
11
2
3
0
11
0
215
3
1
1
3
5
2
1
0
12
5
1
97
4
61
11
3
11
30
1
7
3
3
1
7
4
30
1
5
3
2
3
3
0
2
15
18
8
4
5
0
8
31
14
5
0
0
6
1
2
1
3
8
0
1
3
21
0
6
13
0
1
17
11
16
2
18
6
1
6
3
0
3
3
54
3
7
1139
0
2
3
7
6
4
2
1
9
9
0
1
2
46
3
2
0
26
2
5
5
2
13
0
8
26
3
5
1
16
1
9
2
0
1
7
1
0
2
3
1
1
5
38
0
25
3
12
6
39
0
0
9
19
3
10
4
3
3
0
2
0
3
7
0
5
8
2
0
2
19
0
2
1
1
1
2
9
0
0
20
16
3
6
2
10
13
2
3
0
153
36
9
17
6
12
10
8
8
1
3
4
3
1
14
3
13
0
8
8
1
64
2
2
8
3
16
2
3
3
3
6
9
1
16
3
4
2
0
1
1
0
47
2
1
5
1
1
8
1
0
21
5
124
0
35
1
2
23
14
43
7
3
2
1
2
7
11
11
1
32
1
1
24
12
2
20
4
2
7
5
67
0
0
0
16
2
29
10
6
10
2
0
1
10
1
9
10
0
5
0
0
4
10
6
4
15
0
2
4
5
3
3
17
48
4
0
4
1
1
4
9
17
4
24
27
2
92
1
3
13
2
6
57
6
2
716
3
7
5
5
3
63
3
3
0
16
0
6
2
2
1
11
2
0
11
5
13
15
2
5
2
1
1
8
1
0
4
26
3
4
0
3
2
2
7
0
3
19
4
14
18
22
0
7
32
5
10
8
1
7
0
2
3
2
4
3
0
2
10
0
0
7
0
6
1
3
6
1
16
10
6
2
2
4
2
6
4
4
4
2
4
0
1
1
154
4
16
184
6
4
3
2
18
2
4
30
68
0
3
2
1
6
43
4
87
9
4
1
26
0
18
21
2
1
2
71
0
5
8
4
5
19
14
0
4
2
6
29
2
20
7
14
0
3
3
13
2
4
2
5
180
25
1
0
3
0
10
2
13
7
5
0
10
7
1
1
3
5
4
1
5
20
35
2
1
8
7
3
4
3
17
0
2
4
1
2
5
4
7
0
3
13
3
1
1
10
0
11
7
2
22
13
3
22
1
19
0
0
5
1
2
1
3
0
3
5
5
1
6
41
8
2
7
7
20
1
5
2
3
8
1
8
0
3
0
2
8
7
33
0
0
0
6
9
10
1
3
11
6
15
15
1
3
7
18
0
0
9
44
34
5
3
140
6
22
6
2
11
1
8
11
2
3
0
8
67
2
7
3
0
21
0
1
0
4
3
6
27
3
6
1
0
1
2
5
28
8
10
1
1
6
2
17
78
16
3
11
3
29
4
26
0
13
4
2
1
86
5
2
6
9
1
13
1
32
5
1
0
2
4
34
1
3
2
1
5
2
3
1
0
2
39
2
5
24
2
1
3
28
1
1
3
1
14
14
5
4
2
3
12
2
6
6
0
11
0
2
5
3
1
4
1
1
1
2
4
4
6
2
0
0
6
2
13
17
3
7
6
4
162
1
4
1
7
7
1
6
0
3
0
1
0
15
2
2
4
1
5
16
6
1
63
9
0
3
26
7
4
15
5
2
5
0
5
13
6
2
2
20
5
10
5
13
4
4
2
0
0
17
12
6
0
9
9
3
3
0
2
25
20
6
4
8
9
10
22
10
9
26
4
3
3
2
2
8
364
1
3
22
2
4
189
60
2
9
4
29
32
1
77
17
0
1
2
12
8
6
9
3
7
2
6
4
1
0
2
4
5
4
10
8
8
3
11
0
0
5
6
2
13
12
0
2
2
2
27
0
1
3
5
3
6
1
3
0
14
5
3
3
2
4
7
18
5
309
1
0
0
4
0
70
0
2
3
2
0
13
0
2
1
1
3
209
5
6
77
1
4
5
2
2
13
2
12
7
14
3
1
39
1
10
11
61
2
23
0
0
6
4
2
6
2
4
9
1
8
2
6
7
0
5
0
4
2
0
1
0
4
29
12
21
6
11
1
89
2
9
0
14
3
5
3
5
2
6
9
0
15
3
0
4
2
2
3
13
35
5
11
3
5
1
0
3
3
3
2
1
4
9
2
1
2
3
28
10
2
9
3
4
9
7
77
0
7
9
22
12
3
18
3
9
13
3
95
16
13
0
1
3
9
6
9
3
2
2
945
2
1
11
11
3
1
3
6
2
0
3
3
1
6
3
1
0
28
3
4
8
1
4
9
141
0
3
14
4
3
6
24
4
2
3
9
7
7
3
2
1
3
17
0
1
73
3
1
5
4
5
18
103
4
1
1
14
1
6
2
0
2
15
3
67
0
24
1
4
1
58
7
0
5
2
2
2
0
6
2
8
5
5
2
3
9
5
1
0
1
2
0
15
8
19
4
1
4
18
21
4
2
346
0
3
5
7
5
3
15
2
0
1
3
2
0
4
0
3
3
2
19
2
7
29
5
1
4
1
2
5
7
60
24
7
26
3
1
11
1
17
3
0
19
5
31
3
5
5
1
1
8
0
0
27
0
1
7
121
6
4
2
2
12
2
1
22
31
2
3
6
23
1
9
1
7
1
7
6
1
7
2
4
21
0
3
12
23
1
8
13
0
2
3
6
0
1
7
3
2
1
9
17
8
4
2
0
47
8
2
6
2
1
25
4
0
3
3
2
1
56
3
2
6
5
45
0
67
4
7
3
1
4
9
27
3
1
0
0
1
2
5
5
9
4
3
2
2
46
6
1
10
13
1
4
1
10
2
9
1
15
8
3
14
1
24
28
2
12
3
3
3
6
5
11
5
5
6
2
2
3
1
4
0
3
1
1
0
1
2
1
9
1
1
18
6
4
3
14
4
6
16
9
3
91
3
1221
1
1
0
3
20
7
4
5
4
46
2
1
22
17
3
4
3
3
5
13
1
6
25
0
125
0
5
1
6
10
1
137
9
9
3
2
2
3
10
5
7
0
2
7
3
2
20
1
1
14
6
3
5
5
6
4
5
8
1
21
2
7
15
2
1
7
4
2
6
3
1
7
2
1
2
7
9
7
50
5
16
8
5
1
0
11
4
7
3
90
5
15
109
8
1
6
3
81
5
0
1
13
10
1
2
1
3
1
8
8
4
10
4
0
0
11
9
49
1
5
1
5
3
17
0
0
6
0
10
10
1
3
2
1
6
4
5
4
169
0
1
3
2
4
0
36
17
50
62
3
28
0
0
11
38
7
0
24
0
1
2
3
49
1
0
1
1
3
1
3
22
0
2
5
4
1
10
7
10
0
0
1
4
6
0
2
10
8
7
38
2
10
1
16
3
7
6
15
10
2
0
1
0
8
4
48
4
1
0
8
2
10
1
1
0
5
12
2
6
4
2
0
1
2
5
7
75
10
0
1
63
0
3
10
17
12
5
9
4
2
3
4
3
4
5
3
0
0
7
4
8
3
4
4
16
5
2
4
4
3
0
0
1
33
1
5
5
5
6
802
1
3
5
0
5
12
4
2
1
3
7
1
0
59
2
2
3
1
6
10
2
5
3
0
9
8
59
5
3
6
0
0
2
1
1
2
8
3
0
10
3
2
6
4
12
13
6
1
2
0
13
8
6
6
1
3
8
10
203
0
1
2615
14
9
3
11
1
17
7
3
1
1
2
40
6
3
8
2
2
0
10
2
0
3
1
9
8
5
2
42
0
0
272
0
2
10
0
102
4
0
3
2
3
5
5
126
1
26
4
228
4
17
5
9
3
4
3
78
1
1
2
3
0
30
5
10
6
10
9
0
0
4
0
3
19
2
0
2
3
2
5
11
2
2
6
4
0
908
7
43
0
2
13
4
18
8
3
3
9
6
1
7
3
3
0
12
15
10
1
1
7
0
13
1
0
19
0
4
2
2
8
0
2
74
55
9
6
4
4
2
4
1
0
10
2
5
1
19
2
22
6
2
1
0
0
0
1
6
1
1
0
0
1
5
47
7
4
8
4
0
11
11
227
1
0
0
11
0
20
5
0
9
1
2
11
2
0
3
6
3
5
37
5
29
4
2
19
11
105
0
1
16
0
2
1
4
5
20
7
1
4
0
3
3
433
6
13
274
1
7
47
0
4
2
2
4
14
7
4
0
0
29
10
7
7
1
40
2
1
1
4
1
5
30
6
6
15
5
4
1
0
7
7
15
10
6
54
12
4
1
1
5
4
3
2
9
1
3
1
36
12
19
13
1
15
7
2
6
3
4
10
7
6
6
16
4
26
28
3
6
0
22
1
1
5
12
5
0
3
150
2
8
0
0
0
0
3
1
4
10
20
2
40
3
2
12
5
0
16
20
2
2
0
1
0
1
7
1
17
0
4
3
7
4
1
2
0
8
5
10
0
15
74
7
4
5
14
3
4
4
4
9
0
8
4
0
6
5
33
1
10
3
2
1
6
4
7
1
8
2
2
76
4
11
3
0
253
11
4
4
4
2
3
1
9
2
1
1192
1
10
17
1
1
6
57
930
2
3
4
6
1
35
2
7
504
2
7
12
0
328
1
2
5
2
1
1
7
3
0
8
1
1
2
1
3
18
2
2
2
0
1
1
3
9
17
1
5
16
3
1
43
1
5
4
0
3
3
4
1
1
3
20
7
3
2
6
23
7
0
4
0
3
3
6
14
0
3
9
54
0
1
114
4
13
1
2
10
2
1
6
5
0
2
2
0
2
144
4
10
0
21
26
8
5
19
8
3
9
23
44
6
24
3
2
6
7
30
2
0
2
69
3
4
8
25
4
2
2
6
19
17
0
8
1
0
13
10
2
0
6
0
1
8
1
7
9
11
45
0
5
7
1
14
2
29
2
6
0
16
196
1
4
12
3
3
17
5
1
5
3
18
5
4
1
0
12
1
5
6
3
0
3
3
1
4
8
0
37
20
0
27
21
2
3
0
2
2
0
1
6
6
4
8
8
0
2
2
15
3
3
16
9
1
0
6
3
2
4
2
6
9
20
1
1
9
4
6
0
2
1
1
8
0
4
23
2
8
1
0
4
7
0
26
1
1
6
1
9
3
16
4
20
1
15
9
0
6
16
9
7
0
8
3
16
2
1
2
0
2
6
2
2
1
2
4
2
1
2
37
1
4
2
8
3
17
1
4
0
2
60
0
0
0
1
27
2
2
1
0
185
28
1
5
1
31
0
7
2
0
2
1
11
1
54
6
37
0
2
4
0
3
9
0
5
3
0
5
2
2
1
3
18
0
6
11
1
7
4
9
2
0
0
4
1
10
7
81
5
3
2
0
10
2
1
10
3
3
5
15
7
1
6
2
3
0
24
1
14
2
2
82
6
1
5
3
5
135
5
1
1
1
1
9
1
1
2
4
4
1
4
19
7
1
4
12
7
0
4
2
19
2
3
7
15
1
3
3
13
23
27
3
3
0
3
2
3
1
0
3
2
4
0
2
2
13
1
2
6
1
4
5
585
1
20
12
2
1
6
28
3
14
0
2
0
6
0
76
0
0
4
2
17
2
2689
3
0
2
70
8
3
236
22
11
3
3
7
2
9
1
0
19
604
2
6
9
8
15
6
1
3
12
1
3
5
1
2
4
1
1
0
1
7
7
1
2
0
74
2
4
3
10
0
4
1
0
0
1
1
2
5
7
4
1
3
4
8
3
6
143
2
3
2
4
5
0
3
2
9
19
1
0
3
5
1
9
3
2
1
3
6
10
6
103
9
1
420
0
1
3
4
5
29
4
9
6
1
3
8
2
3
3
2
0
16
13
1
7
3
0
1
2
2
2
3
13
2
0
1
4
7
2
19
7
2
6
12
7
23
6
3
3
6
1
0
0
7
1
4
0
2
3
0
5
10
3
20
11
1
4
1
6
2
12
6
3
1
20
3
2
21
1
7
2
0
92
11
0
44
7
2
64
0
22
2
16
1
6
2
0
5
2
17
0
2
4
0
6
2
0
1
106
1
0
10
14
0
3
3
0
8
3
2
0
0
6
1
23
2
6
2
91
1
5
5
11
8
2
10
5
6
18
4
29
8
3
25
2
0
1
19
4
3
0
11
5
1
7
1
1
1
3
5
5
5
2
1
1
3
7
2
20
3
7
316
6
3
15
8
13
2
10
0
4
0
12
1
1
1
5
5
38
1
5
1
15
3
12
7
3
5
7
3
4
3
1
9
1
3
2
21
4
61
2
0
77
160
39
1
11
84
0
6
4
21
0
0
3
0
3
12
9
5
5
2
3
13
100
0
6
2
4
9
3
0
2
0
7
0
1
6
2
3
3
21
0
16
9
2
0
2
21
33
3
3
1
5
1
9
3
17
24
10
3882
0
12
1
1
15
6
2
14
20
0
16
5
30
0
10
12
12
0
4
4
6
1
1
4
9
1
2
4
0
15
160
6
6
4
1
5
23
4
1
30
20
1
5
3
8
74
0
22
1
152
42
0
2
16
0
7
2
6
17
4
2
17
30
2
12
3
60
6
13
10
12
6
0
317
3
0
4
3
4
17
36
1290
0
5
4
8
35
0
5
0
3
0
0
22
43
0
1
12
1
4
3
5
3
0
6
4
31
10
13
2
0
24
39
1
4
1
9
1
71
5
2
2
15
26
0
9
147
3
31
0
4
21
1
4
4
0
4
0
2
1
0
3
5
2
0
0
9
0
28
1
13
9
40
5
0
0
35
1
1
9
1
3
2
5
0
5
10
6
0
0
26
1
3
3
3
0
8
4
7
3
7
1
5
7
14
25
12
0
11
1
2
2
16
3
23
0
3
0
6
6
5
29
2
4
13
0
24
21
7
1
0
2
4
0
2
0
4
34
1
1
0
6
12
21
178
5
0
0
2
5
13
83
6
3
1
1
53
1
0
8
2
7
20
1
1
3
9
1
11
0
7
18
20
20
61
2
0
0
2
6
5
1
14
4
1
7
16
7
2
3
8
0
9
9
3
1
2
1
6
0
279
3
1
2
21
1
3
1
41
152
35
0
7
2
11
1
3
2
8
3
10
4
266
4
3
11
2
0
5
6
2
2
4
5
126
13
8
5
0
0
30
6
93
10
10
2
0
20
6
1
5
1
1
2
5
1
5
11
4
1
6
0
1
0
6
2
1
0
0
0
0
0
0
1
13
14
50
20
1
6
1
11
6
2
1
10
0
135
2
198
3
1
3
36
3
0
2
3
63
0
1
1
1
4
2
1
7
0
3
11
0
4
26
17
8
9
1
1
4
5
6
1
6
0
2
4
2
2
1
1
1
0
10
7
2
3
2
2
5
0
6
11
2
0
11
11
5
0
0
6
3
6
4
11
0
20
1
3
26
1
2
52
67
1
3
5
0
4
0
5
24
6
0
2
5
12
12
0
2
31
8
7
4
2
74
6
0
15
309
0
12
0
4
9
5
11
1
5
6
28
5
14
9
2
1
3
2
2
2
260
11
2
1
54
1
3
11
27
5
1
4
7
19
4
1
17
15
0
12
7
9
5
4
2
9
1
6
9
1
1
1
9
2
12
19
2
6
15
6
1
372
41
3
12
19
5
1
5
2
4
1
6
5
2
2
4
6
1
91
6
2
4
2
3
10
7
7
10
7
0
0
10
9
35
836
3
22
5
0
11
0
2
4
1
4
1
2
4
1
1
0
6
10
0
26
5
2
38
3
3
8
0
6
13
1
4
2
1
2
11
3
11
1
3
0
0
5
1
0
5
17
12
5
2
3
5
2
1
216
6
27
9
2
0
0
18
3
18
8
14
23
5
10
1
5
51
5
191
1
5
1
3
5
49
37
1
2
7
20
3
2
61
15
0
0
10
1
2
6
0
3
2
3
7
4
5
43
1
0
0
2
0
17
0
2
4
10
4
19
1
0
7
11
3
3
0
4
44
1
416
18
2
49
0
6
2
8
1
5
1
0
5
1
0
7
18
4
8
2
8
3
2
1
2
7
3
2
16
1
10
5
6
4
5
3
0
22
5
9
10
7
24
1
34
9
4
13
12
1
2
5
4
0
12
95
3
3
1
4
6
1
4
2
13
0
0
1
12
1
0
6
9
10
1
15
12
22
20
3
0
9
5
5
9
28
1
4
5
50
7
2
3
8
7
2
2
0
1
1
5
9
9
1
1
13
0
1
4
1
33
3
4
19
2
1
21
2
4
4
3
18
3
1
3
2
7
4
23
0
0
6
18
1
4
21
11
16
6
4
10
0
12
31
1
1
2
25
2
1
0
3
5
3
18
4
1
1
6
9
5
16
10
8
3
20
3
5
0
0
1
5
21
2
17
92
2
4
3
3
2
4
11
1
14
2
4
19
6
2
6
1
1
1
4
2
2
4
1
5
2
3
3
0
132
0
2
11
1
0
0
28
0
1
0
2
0
1
2
5
6
1
7
0
6
0
3
6
6
0
0
0
1
6
2
1
2
3
5
5
3
4
36
18
1
1
3
0
8
1
2
25
22
11
0
3
0
9
0
7
1
0
292
1
5
3
5
0
3
13
6
0
7
27
2
27
16
122
8
2
6
56
6
3
0
14
1
2
7
2
0
5
3
0
0
1
2
0
4
6
0
2
3
2
6
4
7
11
1
4
15
1
3
2
5
2
5
5
4
3
28
3
2
3
9
3
0
4
3
7
1
1
27
1
8
26
2
4
37
4
13
13
5
7
2
0
507
4
7
4
2
19
2
6
34
23
6
2
3
6
7
5
4
2
0
1
0
1
4
5
5
3
0
2
4
11
6
1
16
6
43
1
8
1
1
1
1
1
0
1
5
57
2
3
6
2
1
43
5
6
0
1
0
2
0
1
3
1
6
3
2
2
110
1
6
3
4
4
7
1
1
1
19
40
9
6
4
33
0
1
254
2
1
6
3
37
148
2
12
4
4
1
3
3
11
30
9
3
11
6
6
0
2
39
5
0
7
0
9
1
1
15
9
4
3
6
2
7
2
5
3
5
4
2
1
13
2
2
0
3
47
0
29
22
1
2
356
1
1
12
222
2
4
0
6
11
8
1
1
3
5
4
6
25
3
0
26
2
2
10
3
0
2
0
9
6
1
0
7
1
2
0
9
5
9
4
1
2
77
4
3
0
0
2
7
30
5
18
4
0
111
10
2
3
6
1
2
6
8
15
6
9
6
8
10
5
2
5
1
7
1
7
1
21
5
0
0
29
7
2
6
2
1
67
9
41
0
3
0
19
9
4
3
3
0
2
0
57
4
4
12
1
3
27
7
0
6
9
5
6
5
1
1
3
217
1
1
0
4
8
0
8
0
2
0
0
5
2
7
3
34
0
15
4
3
3
3
0
22
6
2
3
3
4
0
5
5
2
0
5
11
18
2
4
2
3
0
0
0
7
1
3
5
0
1
29
1
3
5
97
3
0
12
0
0
0
1
3
4
7
81
3
0
5
6
10
0
9
7
7
2
14
1
0
7
1
0
0
0
0
1
1
17
2
8
0
7
2
2
2
3
0
0
0
1
12
6
1
0
1
2
2
2
6
3
9
4
152
8
9
0
1
10
11
23
5
5
8
2
3
5
6
8
0
1
3
2
29
2
12
1
26
11
1
4
6
3
2
4
5
1
13
0
1
1
5
6
1
5
0
0
20
1
0
0
2
6
7
14
1
1
2
6
3
9
5
4
3
6
39
383
3
20
2
2
10
14
6
5
10
5
141
5
34
0
38
1
5
0
6
9
6
3
38
2
2
7
0
3
2
30
37
1
4
7
6
3
21
4
2
26
9
3
3
0
3
1
0
5
1
4
1
3
3
1
3
11
8
33
15
24
1
0
8
3
0
39
1
9
0
6
3
1
0
6
7
0
2
7
3
3
1
4
0
5
7
29
11
2
8
12
3
8
12
6
2
64
1
17
13
12
1
11
2
2
20
0
11
23
7
0
2
15
4
0
24
6
5
1
8
7
1
58
15
1
1
20
3
1
6
31
2
7
3
35
29
0
26
5
9
3
4
1
1
4
3
0
0
9
539
4
7
2
1
9
10
1
2
1
10
0
8
0
1
2
3
0
2
0
1
121
8
0
5
0
15
2
4
5
2
30
4
1
6
1
0
3
6
3
2
22
8
2
11
3
58
0
2
0
8
3
0
1
5
21
2
23
0
7
11
4
5
0
2
2
11
29
0
2
2
1
17
1
2
74
14
4
0
1
2
25
1
21
23
7
8
1
6
2
1
0
6
5
6533
3
3
59
6
3
2
22
1
2
4
3
0
0
9
2
7
1
1
182
3
7
0
6
2
1
6
21
6
8
3
7
3
0
10
9
3
5
4
2
3
5
258
2
3
0
1
1
3
8
7
4
7
2
0
20
7
20
7
10
1
0
16
357
5
99
3
3
3
12
1
4
3
3
15
1
5
2
4
11
2
6
3
1
0
39
53
7
3
8
0
5
20
25
2
5
1
11
5
5
6
9
4
2
65
11
1
17
3
3
1
0
2
2
5
26
1
3
17
4
7
27
5
5
18
3
1
2
6
0
3
416
11
4
11
8
0
19
141
1
3
21
3
0
12
1
3
3
2
8
4
1
2
2
2
9
1
1
2
0
4
0
10
2
16
19
39
0
2
1
0
3
3
2
1
0
8
1
1
5
39
7
2
3
4
5
0
0
7
7
28
4
3
2
5
9
10
8
3
6
2
3
18
3
11
3
13
9
3
2
8
12
2
38
15
1
1
5
2
15
1
3
2
3
3
8
4
4
0
1
5
2
53
24
0
1
4
5
1
4
1
2
1
4
1
21
0
6
6
75
4
2
3
9
2
8
0
1
19
7
5
6
2
1
11
1
1
4
