18
49
23
26
55
25
28
21
34
36
26
31
12
27
69
29
24
21
15
29
36
50
31
35
30
32
31
35
39
45
28
45
112
623
32
82
27
27
44
63
40
49
49
25
268
26
109
21
74
30
41
29
46
48
40
33
108
26
36
40
25
28
43
79
80
19
31
33
39
24
79
34
17
73
47
49
36
25
30
17
30
35
26
33
24
25
22
18
32
37
38
104
46
84
34
18
48
31
28
92
54
52
18
25
40
20
49
30
40
33
37
94
74
42
114
44
51
63
79
56
41
51
25
48
19
67
23
37
27
29
62
77
105
79
27
32
26
31
23
55
40
56
51
27
42
86
39
26
30
41
21
23
71
24
171
30
24
168
39
22
43
38
43
47
28
45
64
33
38
19
50
47
20
37
24
28
32
37
53
34
42
38
25
25
82
21
50
34
73
38
28
30
49
38
22
18
40
29
39
1901
27
32
54
16
25
30
44
29
48
28
62
42
29
48
44
47
26
27
33
23
38
64
39
117
34
25
102
38
34
50
34
47
46
17
30
51
30
38
30
42
13
54
28
27
46
74
39
24
28
29
29
18
96
30
30
56
22
47
157
16
37
25
33
32
17
31
31
32
20
37
108
32
21
26
38
33
35
41
22
39
43
29
55
23
29
50
52
26
111
38
215
23
17
32
26
35
26
30
30
39
42
27
21
34
18
32
43
32
29
22
35
57
20
27
44
47
26
25
27
18
18
47
25
39
16
18
78
104
35
75
32
16
39
45
37
36
46
26
26
69
25
39
29
63
14
18
14
25
41
39
37
95
29
36
119
28
35
15
73
29
14
235
31
18
104
81
37
26
51
36
32
57
25
25
32
32
54
26
24
34
18
46
22
47
32
28
43
51
37
102
42
27
35
30
13
20
37
40
41
44
32
78
25
34
45
18
23
26
22
16
78
33
20
23
45
24
29
158
32
33
22
40
21
63
27
43
12
34
247
25
28
16
27
53
21
107
52
42
29
113
48
56
19
59
31
33
44
155
54
35
25
54
26
61
67
27
37
25
256
30
33
46
42
12
157
45
34
24
28
31
118
23
185
28
39
18
63
17
38
14
594
27
420
23
48
36
16
24
29
43
42
48
33
35
34
37
36
29
80
25
18
49
23
26
55
25
28
21
34
36
26
31
12
27
69
29
24
21
15
29
36
50
31
35
30
32
31
35
39
45
28
45
112
623
32
82
27
27
44
63
40
49
49
25
268
26
109
21
74
30
41
29
46
48
40
33
108
26
36
40
25
28
43
79
80
19
31
33
39
24
79
34
17
73
47
49
36
25
30
17
30
35
26
33
24
25
22
18
32
37
38
104
46
84
34
18
48
31
28
92
54
52
18
25
40
20
49
30
40
33
37
94
74
42
114
44
51
63
79
56
41
51
25
48
19
67
23
37
27
29
62
77
105
79
27
32
26
31
23
55
40
56
51
27
42
86
39
26
30
41
21
23
71
24
171
30
24
168
39
22
43
38
43
47
28
45
64
33
38
19
50
47
20
37
24
28
32
37
53
34
42
38
25
25
82
21
50
34
73
38
28
30
49
38
22
18
40
29
39
1901
27
32
54
16
25
30
44
29
48
28
62
42
29
48
44
47
26
27
33
23
38
64
39
117
34
25
102
38
34
50
34
47
46
17
30
51
30
38
30
42
13
54
28
27
46
74
39
24
28
29
29
18
96
30
30
56
22
47
157
16
37
25
33
32
17
31
31
32
20
37
108
32
21
26
38
33
35
41
22
39
43
29
55
23
29
50
52
26
111
38
215
23
17
32
26
35
26
30
30
39
42
27
21
34
18
32
43
32
29
22
35
57
20
27
44
47
26
25
27
18
18
47
25
39
16
18
78
104
35
75
32
16
39
45
37
36
46
26
26
69
25
39
29
63
14
18
14
25
41
39
37
95
29
36
119
28
35
15
73
29
14
235
31
18
104
81
37
26
51
36
32
57
25
25
32
32
54
26
24
34
18
46
22
47
32
28
43
51
37
102
42
27
35
30
13
20
37
40
41
44
32
78
25
34
45
18
23
26
22
16
78
33
20
23
45
24
29
158
32
33
22
40
21
63
27
43
12
34
247
25
28
16
27
53
21
107
52
42
29
113
48
56
19
59
31
33
44
155
54
35
25
54
26
61
67
27
37
25
256
30
33
46
42
12
157
45
34
24
28
31
118
23
185
28
39
18
63
17
38
14
594
27
420
23
48
36
16
24
29
43
42
48
33
35
34
37
36
29
80
25
18
39
26
22
117
42
41
45
99
32
36
41
120
45
35
25
19
28
31
13
77
36
23
107
35
66
157
156
36
25
43
47
20
49
33
45
22
39
19
41
31
42
23
27
49
57
89
53
45
30
33
46
17
36
25
21
36
36
31
32
26
32
30
39
32
16
83
27
50
71
38
36
22
21
45
73
31
55
34
38
37
28
37
26
29
46
87
25
50
66
14
83
32
34
15
36
34
34
34
58
33
48
41
34
20
48
45
38
152
23
41
15
28
19
25
22
51
26
30
34
360
40
48
39
46
15
17
73
32
36
34
42
22
26
21
24
23
184
47
35
26
22
52
23
41
22
39
22
21
13
47
29
35
27
44
35
28
42
62
24
36
25
46
55
21
35
21
77
24
33
34
34
185
43
24
23
27
40
68
55
19
44
41
43
38
40
37
28
46
267
27
25
51
25
31
27
27
86
35
23
41
41
46
99
21
16
17
44
38
77
31
28
57
19
49
32
27
46
31
59
33
27
51
45
42
21
28
58
8
33
38
29
53
65
35
12
27
89
97
20
37
17
25
28
54
50
37
33
45
27
32
25
28
44
25
188
28
21
19
32
74
32
39
30
59
27
39
48
20
25
41
37
20
29
33
33
27
44
39
57
41
37
134
28
211
27
19
30
69
65
39
16
19
26
21
41
47
21
55
69
48
28
55
33
43
99
76
11
20
36
34
29
113
48
67
35
69
26
251
296
40
42
40
36
49
17
16
18
25
28
21
37
42
66
27
24
79
14
31
27
15
17
19
61
69
52
24
462
113
12
69
24
24
11
111
35
29
58
67
26
23
27
39
21
33
24
31
35
23
37
120
30
47
30
33
31
50
42
37
31
31
18
27
39
23
33
15
46
36
41
177
33
41
55
20
22
31
39
47
34
31
19
38
91
20
38
41
57
47
20
34
39
14
50
26
20
23
35
20
33
64
32
14
30
24
58
89
39
16
43
29
34
404
25
15
27
28
16
31
47
18
77
99
69
56
82
48
35
20
41
52
32
21
30
30
27
27
22
49
30
27
41
37
23
32
21
74
22
25
17
41
146
41
31
24
44
111
36
23
69
27
41
88
213
16
48
27
33
21
23
24
141
35
22
71
41
25
30
48
25
54
30
15
69
24
35
54
66
30
54
44
37
28
22
27
18
53
22
27
32
30
73
27
31
20
28
34
28
22
34
25
36
11
152
55
44
38
40
38
40
32
40
33
26
32
25
79
32
17
69
33
85
19
24
49
36
72
41
31
39
41
25
28
31
33
84
25
65
41
54
40
191
22
10504
36
33
21
21
26
36
132
20
29
25
29
27
25
34
46
27
26
50
31
45
37
55
61
17
15
24
36
31
33
18
48
31
28
29
21
61
25
35
34
26
50
279
1094
34
32
44
44
82
64
46
29
32
32
34
51
27
39
74
44
38
19
27
62
42
178
30
27
47
25
13
22
35
31
31
56
25
32
65
29
39
31
31
58
27
37
27
26
47
179
56
32
23
39
25
35
30
43
28
18
24
33
22
39
47
30
27
47
30
35
30
70
42
33
34
58
48
34
20
22
41
41
26
25
39
238
24
25
126
51
38
34
68
23
30
12
13
39
37
137
156
32
38
18
23
61
38
38
92
43
29
30
21
27
24
25
27
145
49
48
44
18
19
26
28
23
44
28
35
18
29
32
28
15
36
59
28
31
22
30
189
25
16
30
34
31
25
34
31
27
46
82
22
27
114
66
25
19
26
1113
39
49
25
31
23
23
27
41
34
35
31
100
35
57
20
16
146
47
29
173
31
19
33
112
66
28
34
41
28
27
22
21
30
18
47
26
28
22
46
35
22
52
22
65
37
9
30
44
44
32
68
27
21
58
42
33
38
32
18
27
34
41
84
43
23
67
44
65
39
39
25
30
74
30
49
26
42
42
10
15
15
28
53
47
30
21
28
27
29
36
30
39
36
27
53
24
32
30
41
43
30
23
30
33
27
43
48
12
28
40
27
30
30
35
24
35
13
38
39
28
21
57
55
33
49
29
74
67
88
28
32
16
22
31
25
35
40
14
38
41
1316
65
73
32
43
21
35
22
31
31
24
35
30
28
38
121
34
47
36
42
25
29
377
28
36
20
55
60
22
26
30
60
22
21
23
31
32
75
37
59
35
24
55
21
39
53
20
28
21
15
31
45
13
22
38
47
33
34
51
30
23
18
31
48
27
37
32
26
17
16
24
42
35
39
26
38
22
32
23
97
38
35
18
24
36
25
25
19
28
36
24
180
34
26
51
58
22
39
30
50
39
159
106
25
32
35
35
40
96
15
61
71
30
19
110
30
46
62
47
24
34
34
20
28
35
199
53
29
24
33
27
52
38
23
35
71
50
41
30
39
27
39
60
22
30
35
34
63
42
21
24
32
43
22
29
62
31
35
19
29
23
42
28
26
18
19
26
31
20
22
33
17
45
51
37
45
44
51
21
38
46
46
50
48
30
23
21
26
45
43
22
28
12
26
30
20
58
43
39
24
21
19
132
43
26
32
30
80
23
40
97
32
63
28
23
96
19
18
35
31
67
24
17
34
30
28
39
214
39
1294
39
45
31
30
40
40
48
40
23
29
33
22
29
26
39
26
27
24
21
19
54
75
86
47
59
25
23
23
33
33
47
24
53
23
70
19
34
31
54
105
45
27
26
45
118
26
26
30
25
26
27
24
25
37
18
52
20
42
23
18
24
28
27
15
29
37
26
46
28
18
23
25
22
15
45
19
50
38
32
38
47
26
24
29
21
59
36
43
70
35
28
48
16
33
44
25
23
29
30
44
22
24
27
19
40
41
36
40
32
183
44
21
62
26
36
35
24
37
33
32
46
34
22
29
26
23
85
123
31
25
42
37
20
39
59
34
58
26
21
50
35
28
38
20
29
58
26
17
28
27
53
20
33
52
37
29
32
21
31
37
367
83
37
17
597
20
37
25
31
44
24
53
25
131
70
28
72
15
25
13
20
36
22
31
22
123
25
26
29
25
51
39
30
43
18
24
82
24
53
25
28
38
33
18
45
38
47
31
23
181
17
26
24
21
45
39
27
47
53
31
33
34
140
56
29
27
37
25
72
27
18
23
17
26
30
158
18
92
30
24
129
20
39
38
41
21
24
34
44
18
20
40
17
24
30
76
16
42
32
155
14
27
23
41
37
72
12
41
81
29
48
97
44
25
61
42
107
30
64
212
81
71
25
42
27
42
25
77
54
40
48
25
30
23
15
34
38
36
22
36
34
30
28
71
39
50
26
43
26
41
22
20
25
34
20
36
39
24
22
13
43
28
33
24
28
20
33
46
20
23
26
30
27
32
31
39
22
96
30
28
39
28
35
24
39
44
28
36
11
23
340
23
21
22
56
43
32
125
32
27
35
47
31
41
40
22
44
59
41
49
29
29
16
45
25
24
24
17
28
23
34
40
46
29
27
40
34
27
26
54
64
28
71
20
30
27
35
81
29
29
28
28
24
36
27
28
34
51
32
30
16
98
32
32
19
22
276
63
92
23
53
35
33
22
23
29
23
44
34
25
23
43
49
42
27
62
42
38
23
36
25
54
31
17
31
35
31
30
96
38
31
42
20
28
50
143
87
28
23
45
24
36
46
28
40
162
74
19
33
32
24
30
23
44
47
44
32
47
23
30
30
19
24
93
43
21
20
34
59
33
63
38
24
17
44
25
36
41
37
40
46
68
21
69
16
21
26
29
24
56
25
106
27
42
84
28
34
22
36
24
84
35
29
44
40
34
35
36
24
28
32
124
17
29
53
31
23
35
38
35
43
30
30
20
55
34
41
30
31
33
60
20
44
123
21
23
48
15
23
37
36
30
32
31
234
35
23
51
31
47
78
50
21
41
29
206
24
191
44
26
26
48
29
32
39
46
46
17
67
50
52
35
16
333
32
64
17
23
104
39
39
36
47
18
22
31
29
26
24
35
30
28
24
21
1936
11
33
30
24
110
28
50
19
19
29
16
18
24
22
28
30
31
29
28
110
38
31
34
30
25
39
37
2548
83
277
35
72
45
168
19
22
34
22
75
18
31
26
25
44
59
39
92
53
37
21
50
14
25
38
34
24
38
27
35
33
30
31
30
37
76
45
60
27
43
123
20
28
30
42
43
41
256
34
23
26
23
23
35
29
27
32
52
34
29
31
12
27
48
165
71
21
33
26
21
72
20
16
43
23
61
30
85
28
39
26
22
34
32
32
24
21
37
18
49
35
34
23
25
30
46
34
25
83
38
22
33
36
73
31
40
15
30
72
39
27
72
62
48
14
44
28
36
40
45
16
26
43
21
392
15
20
40
30
45
19
14
441
46
30
26
26
39
38
25
33
22
26
23
20
33
62
15
21
50
46
26
25
24
34
38
21
23
27
39
47
170
53
37
43
67
51
90
31
62
18
79
36
55
34
17
31
131
26
16
25
27
23
25
26
38
44
38
48
60
34
495
60
56
20
31
40
26
77
41
22
29
25
31
50
296
26
39
24
16
19
51
34
59
48
54
36
33
154
30
129
25
28
44
28
46
58
40
27
37
35
31
40
27
20
31
26
23
19
56
32
37
45
211
37
82
56
99
45
30
149
30
27
65
1403
66
81
39
21
27
42
59
27
22
18
29
37
27
27
71
27
68
58
32
26
39
34
30
28
28
25
32
40
111
39
52
18
23
92
37
53
94
19
100
129
43
40
43
91
28
39
48
52
41
19
24
38
46
26
99
10
20
28
42
51
187
39
132
51
92
14
12
42
29
26
23
35
126
150
26
38
27
17
46
13
20
51
20
62
110
22
25
48
93
35
16
22
60
91
62
21
28
22
23
22
40
1827
18
676
29
44
63
42
33
54
77
49
46
51
34
51
38
37
316
80
30
22
36
35
56
29
16
44
30
23
29
66
39
41
27
45
33
35
19
47
20
23
39
36
35
60
85
99
20
41
19
19
20
38
35
34
34
17
45
40
27
33
57
54
37
40
58
25
42
48
42
38
184
142
44
38
17
34
49
20
33
64
17
35
38
33
45
38
35
31
50
36
22
46
30
28
88
28
16
32
30
37
34
26
31
29
21
38
33
18
34
33
35
23
26
36
32
63
24
23
57
29
43
53
32
48
24
14
35
34
36
35
24
32
48
57
65
36
53
102
41
52
24
31
52
24
21
51
24
26
27
38
45
14
40
28
45
27
40
71
32
65
56
17
22
44
39
28
24
29
16
33
27
36
34
25
75
47
17
86
31
53
74
16
36
32
28
47
64
44
56
46
22
26
44
49
49
25
97
25
27
74
32
177
75
81
89
15
23
71
71
18
41
82
35
29
67
24
26
37
39
16
28
28
35
88
23
29
80
16
39
47
34
83
32
33
31
27
31
33
26
19
48
24
31
62
28
28
20
37
43
58
26
54
17
18
37
43
26
128
31
26
38
22
34
46
40
24
29
86
71
36
51
36
21
29
38
48
33
24
53
38
31
54
22
22
19
28
24
16
30
42
27
43
47
37
19
40
52
26
65
18
99
36
33
80
24
41
41
31
20
39
26
37
32
125
22
52
162
29
46
30
34
82
44
41
30
33
28
66
44
30
37
27
33
40
79
50
25
89
36
75
32
33
25
23
292
36
31
23
27
18
101
15
27
19
26
29
23
33
50
43
33
49
29
43
24
113
80
24
34
21
26
35
72
36
46
23
20
45
35
11
516
14
137
21
14
40
68
24
31
16
118
26
30
32
29
12
36
33
22
17
46
53
29
29
1246
26
81
68
43
29
53
156
17
41
18
40
40
16
31
33
13
23
38
43
10
66
25
54
38
32
63
27
28
18
100
28
28
29
17
35
22
26
37
20
16
32
23
36
22
15
39
46
26
41
78
35
80
24
24
33
28
32
41
38
24
282
38
35
21
40
38
45
19
27
29
41
19
25
15
56
27
24
28
24
41
37
29
27
49
35
16
49
36
51
39
22
37
25
54
24
37
27
26
88
30
34
36
46
40
24
25
45
47
24
44
118
21
39
101
34
25
40
32
55
42
144
76
26
24
25
27
80
40
42
34
65
30
114
52
31
131
52
40
30
33
48
58
41
31
21
34
31
14
26
33
24
35
21
44
19
27
41
163
33
35
69
46
52
32
31
190
18
25
43
20
24
25
24
14
36
40
36
39
34
33
66
40
41
85
41
19
77
53
64
50
27
64
21
20
27
23
28
74
37
21
26
18
19
36
39
197
24
23
66
34
33
48
40
49
26
45
27
27
33
20
28
58
29
61
31
442
40
79
75
18
30
106
103
16
50
146
242
45
28
75
28
48
34
40
32
20
32
30
30
23
64
19
32
43
70
107
33
36
45
21
27
36
28
86
39
33
277
41
34
29
22
44
87
30
19
61
41
24
34
46
10
22
15
17
55
35
31
149
46
22
31
21
32
28
166
53
16
41
30
15
28
61
26
45
61
52
26
28
60
17
22
19
52
64
43
24
15
15
20
28
14
63
37
46
31
44
39
33
51
70
34
20
29
34
49
44
28
44
14
99
24
32
29
37
32
34
50
31
24
74
38
36
44
28
63
34
27
134
45
35
43
27
22
32
74
75
22
32
23
27
25
30
37
16
43
31
92
27
503
24
31
31
25
29
30
34
26
24
25
35
82
34
60
28
36
42
26
19
78
47
24
26
23
54
32
110
36
16
15
34
33
64
32
92
70
29
23
23
53
21
35
39
49
47
25
20
24
26
129
20
68
64
31
98
39
103
53
27
28
29
15
39
220
42
43
22
33
29
111
46
40
37
32
35
60
35
27
19
26
37
125
56
71
50
29
24
35
38
20
54
20
30
32
102
36
32
28
15
41
14
406
21
17
35
38
22
26
21
25
44
31
30
220
30
133
53
52
49
71
20
41
32
27
40
32
40
81
15
37
46
16
27
24
30
26
56
67
47
34
36
19
65
91
56
40
19
16
38
24
26
28
23
27
17
29
37
81
21
45
42
22
22
49
43
72
33
82
28
25
49
29
17
30
30
98
46
45
1641
21
32
26
39
45
23
27
26
42
39
17
36
25
108
34
35
24
86
18
29
38
16
52
30
42
80
51
32
33
61
27
42
28
30
18
48
31
12
33
33
25
35
34
76
18
115
32
46
33
118
26
26
59
72
28
66
40
43
38
23
25
23
29
33
30
37
45
25
34
46
64
26
30
24
17
30
32
51
19
21
69
63
35
28
20
52
47
32
36
18
244
98
37
65
39
66
46
49
36
25
45
36
33
25
42
36
39
26
28
43
30
133
32
36
34
24
55
27
31
30
24
32
52
24
55
43
52
31
20
29
26
31
81
32
15
43
27
28
31
24
16
88
33
253
31
70
18
25
61
68
122
60
26
36
23
26
37
35
49
24
95
17
20
68
69
19
62
39
30
38
29
147
16
29
24
54
32
111
44
40
41
23
18
20
46
22
45
35
19
46
16
25
36
55
35
45
64
24
27
29
33
27
27
63
108
28
22
29
48
14
44
59
59
40
76
85
26
193
26
27
54
27
36
130
29
25
1208
26
60
42
31
25
135
35
26
8
54
13
44
37
38
24
61
21
21
54
39
53
55
26
24
31
27
25
52
21
19
30
78
31
31
14
26
33
37
41
17
29
46
33
62
64
79
23
45
85
30
34
54
38
47
18
25
29
36
26
31
23
29
42
21
19
36
15
27
20
36
43
13
53
64
32
30
40
41
38
31
21
33
26
28
31
15
27
23
323
34
68
335
41
40
39
18
54
21
26
84
138
19
38
23
23
52
104
36
192
49
34
17
105
31
54
69
28
28
30
126
17
31
45
35
36
83
73
24
39
25
40
57
27
57
47
48
28
27
24
53
25
27
28
44
357
82
35
18
24
16
49
25
67
39
37
24
56
38
29
38
29
33
35
16
34
54
82
34
21
42
40
23
45
48
71
27
24
35
19
34
36
39
31
32
39
57
24
35
28
44
23
53
31
20
60
62
29
57
25
60
50
12
39
20
16
26
38
25
27
31
36
39
30
86
44
32
46
57
56
19
30
32
39
34
23
49
27
29
30
33
37
48
77
17
24
29
39
48
43
18
23
47
39
54
46
26
33
39
54
21
20
36
91
90
41
37
281
30
78
46
23
31
28
41
69
19
33
26
52
129
38
30
17
26
69
16
30
16
27
43
43
97
29
35
30
16
34
22
29
72
41
59
15
21
45
30
55
187
56
23
45
32
79
36
74
32
61
32
28
21
160
42
34
44
39
13
56
32
93
31
32
24
30
22
88
28
38
21
30
37
31
27
26
12
33
111
22
21
57
32
24
32
99
33
38
27
32
60
55
31
43
31
37
48
28
42
50
22
57
13
31
40
40
35
38
25
26
30
28
24
30
27
27
25
26
38
24
50
63
25
46
43
22
276
15
55
23
39
28
37
27
22
18
22
41
25
56
40
30
30
16
32
45
38
24
112
40
19
34
74
38
38
64
31
31
33
31
42
49
42
37
27
56
24
56
26
62
28
36
31
20
25
60
56
54
16
58
51
19
28
10
19
75
62
37
35
68
33
48
86
39
36
93
37
21
44
30
26
38
632
19
42
61
25
43
342
108
30
33
34
136
99
30
168
59
28
16
22
59
42
42
50
24
31
29
46
47
22
27
36
35
32
36
39
46
39
30
49
29
19
38
31
25
42
47
14
30
29
31
76
15
25
25
30
44
35
20
19
32
43
27
20
27
23
34
41
57
24
496
24
24
32
38
34
184
15
26
30
24
21
56
27
18
28
19
31
369
32
45
171
39
31
35
31
22
52
35
60
43
68
25
34
94
25
45
53
109
32
74
17
28
39
41
24
35
28
48
45
36
48
31
34
29
17
34
22
51
32
23
16
23
34
83
50
57
41
48
26
207
29
38
22
41
35
43
33
37
24
31
40
35
63
39
26
37
31
24
18
41
71
19
46
23
42
31
18
28
32
44
35
25
34
59
27
21
51
33
76
46
26
52
39
31
43
47
156
25
51
41
75
55
29
65
14
45
58
37
190
43
49
29
32
24
45
31
58
45
20
42
1318
26
27
63
45
33
17
23
40
27
12
33
18
34
43
36
25
19
75
29
39
44
16
39
50
321
18
31
49
37
24
41
102
37
21
26
45
37
41
25
33
35
28
52
30
31
187
28
21
24
35
52
42
199
30
13
22
59
24
37
30
26
30
47
31
180
26
69
8
38
24
125
44
16
39
28
31
31
21
41
29
27
26
39
20
40
52
35
32
19
27
30
15
66
34
60
27
38
32
60
68
30
17
537
22
50
38
29
39
34
57
31
23
32
33
28
27
35
30
30
30
29
73
33
46
86
33
22
39
27
36
48
43
126
69
44
72
25
26
54
42
62
39
25
53
38
86
42
22
37
37
31
48
24
26
64
15
20
41
202
47
41
23
27
58
32
35
84
92
27
27
45
78
23
42
45
35
19
41
40
12
38
24
35
57
18
41
60
63
24
34
79
16
35
17
42
33
38
44
33
26
23
49
77
55
36
25
17
121
38
32
41
16
15
83
24
29
43
30
24
24
141
34
42
42
34
97
25
144
23
31
48
23
43
47
80
31
25
24
22
15
27
21
45
43
33
21
20
22
100
65
25
35
61
25
38
17
31
29
60
22
54
50
36
57
39
81
94
36
43
42
23
43
38
43
59
44
33
55
29
24
23
17
49
28
31
32
27
24
26
35
25
38
16
23
56
31
32
31
62
26
25
63
44
23
190
26
1995
18
16
17
22
54
53
29
30
37
106
23
26
70
52
38
29
38
33
46
48
28
26
83
22
261
18
38
26
32
41
25
267
35
40
43
32
24
26
53
31
49
17
19
39
23
38
49
25
30
48
43
23
32
44
39
29
48
48
23
48
23
28
56
40
23
46
41
35
37
26
25
41
32
23
12
46
45
45
118
40
80
42
32
32
23
60
49
43
38
208
34
36
207
40
32
31
27
225
39
30
25
28
30
25
24
26
19
27
47
46
31
61
36
34
28
56
55
123
23
45
22
28
32
65
17
27
33
34
57
46
21
26
21
25
49
30
42
37
284
18
23
24
35
34
23
94
46
106
150
35
72
19
17
48
96
40
19
94
22
20
34
18
135
22
26
30
15
36
20
28
58
25
17
39
40
28
29
35
31
22
25
23
36
50
25
38
55
31
47
104
34
53
14
52
27
42
35
65
60
29
17
21
31
38
37
116
46
19
27
43
34
52
14
22
24
34
64
26
43
39
22
21
28
35
35
35
204
55
24
21
158
15
34
42
61
50
19
36
44
21
21
38
36
35
40
34
17
28
42
42
45
33
22
35
56
43
31
41
32
28
15
23
13
74
25
47
37
34
37
1129
17
35
22
36
36
32
31
34
28
32
44
18
12
131
37
36
30
26
37
32
30
45
44
10
46
34
108
40
35
44
25
20
36
17
31
28
30
45
33
55
38
26
28
30
56
52
36
18
20
22
69
47
46
38
20
26
37
48
345
14
25
3615
63
42
34
45
32
71
46
23
32
25
30
106
38
36
57
28
30
17
44
29
21
36
23
61
40
39
39
106
26
18
542
16
25
43
19
186
41
14
26
34
21
31
47
243
24
90
28
350
42
84
36
50
37
24
19
142
21
31
41
28
28
78
45
38
46
31
52
25
25
26
26
33
70
27
29
29
28
26
50
44
33
37
37
31
14
1571
37
107
17
22
53
30
76
22
29
22
47
31
24
34
24
36
29
46
42
44
21
14
32
16
48
17
29
43
14
26
23
32
46
20
37
154
163
51
30
32
27
20
31
25
27
70
28
27
26
53
39
91
32
26
25
20
34
20
26
45
28
25
19
30
30
23
102
50
45
34
39
28
50
60
409
25
18
20
44
26
72
35
23
35
42
26
44
32
21
22
28
24
37
80
36
105
26
24
69
50
210
15
34
58
19
23
16
42
42
60
53
24
20
21
44
25
711
47
57
428
25
21
94
32
25
30
30
38
59
37
37
38
22
80
55
42
48
23
73
19
14
21
45
15
21
93
31
47
56
28
29
33
22
28
50
46
45
41
142
58
35
21
23
41
33
23
26
42
27
30
33
81
57
67
43
31
57
59
20
42
33
44
46
46
29
38
52
42
87
71
30
32
23
90
22
21
46
45
29
28
34
231
40
51
21
16
15
14
29
25
35
43
74
27
103
36
28
50
45
16
84
60
23
18
29
22
18
22
42
23
58
9
35
32
41
39
30
35
23
51
39
45
25
46
185
47
32
38
88
30
29
38
27
64
21
42
44
29
30
40
90
19
30
24
31
20
35
39
63
16
41
29
22
159
33
47
29
17
401
80
52
34
36
36
30
26
42
34
29
1679
13
55
54
41
43
31
122
1663
18
36
30
29
26
78
39
42
781
30
53
63
16
496
26
24
28
53
27
25
43
29
28
34
28
17
42
31
39
63
29
34
25
38
31
23
32
59
68
31
49
44
41
18
106
19
37
23
12
32
35
25
28
22
22
56
53
34
37
36
65
36
22
29
13
27
34
23
46
15
31
33
120
22
22
313
32
64
15
28
50
43
33
29
45
18
26
28
21
44
273
37
50
20
69
84
43
33
75
29
18
42
65
117
25
56
25
31
52
36
91
19
17
26
136
27
31
35
83
55
36
27
37
63
81
25
39
31
15
77
44
54
19
32
17
19
37
38
45
37
41
121
32
51
34
24
44
26
79
22
44
26
69
395
20
41
45
30
23
69
27
30
19
29
47
27
35
30
32
46
18
43
38
34
23
29
49
22
38
54
22
107
68
18
64
64
26
34
12
19
37
26
21
38
32
21
40
40
20
27
28
74
26
28
57
51
34
14
26
28
28
43
43
43
35
64
31
22
45
30
37
26
19
18
14
41
30
30
68
23
45
35
18
25
30
27
72
20
26
46
29
40
34
58
45
59
22
58
55
20
34
70
60
36
26
53
37
52
24
16
26
33
30
32
27
31
17
35
32
38
21
30
105
26
32
25
43
34
65
20
57
29
31
171
33
23
18
23
97
25
15
30
28
324
78
22
28
21
88
18
41
37
24
26
24
60
36
114
42
98
18
27
33
22
37
39
20
37
24
28
38
24
29
29
31
56
24
32
33
30
39
37
31
44
8
17
31
27
54
44
171
38
26
31
33
52
24
32
53
36
36
47
62
38
52
31
30
31
21
60
25
49
32
30
187
38
26
31
36
29
235
21
28
34
23
28
31
34
34
27
30
28
25
29
57
48
18
35
33
42
11
34
33
89
23
27
36
37
16
16
34
63
70
80
28
27
12
26
20
24
38
19
40
31
39
25
23
24
80
18
26
34
28
49
47
1058
23
65
52
28
25
49
88
20
69
18
18
20
37
34
191
21
21
29
42
61
28
3886
33
15
42
153
44
24
399
51
47
20
17
38
16
34
44
33
63
909
36
38
49
36
59
44
20
33
47
23
44
29
45
48
34
25
26
25
23
31
35
32
40
22
139
29
30
40
60
14
31
29
21
28
17
29
30
42
30
39
28
22
24
50
27
40
263
29
41
23
45
29
23
41
40
52
72
21
30
24
45
23
40
43
16
28
25
38
53
37
208
42
24
612
18
20
28
34
31
79
24
65
32
24
26
43
26
29
23
26
10
35
70
18
43
30
26
28
27
18
24
33
58
22
21
29
33
44
26
64
46
26
36
51
42
59
47
30
29
28
18
18
27
34
26
41
18
26
23
37
27
54
35
74
50
20
26
33
48
22
67
26
46
22
67
20
24
62
13
34
26
19
215
48
31
124
30
24
145
31
54
25
51
26
50
23
14
29
38
74
29
28
27
11
34
27
27
26
216
32
18
42
68
23
19
27
22
28
30
29
10
22
22
31
89
20
41
26
162
20
52
41
40
31
34
58
35
37
73
38
107
38
29
44
28
20
30
57
31
40
11
57
33
23
34
21
23
30
33
30
29
29
29
45
24
32
47
44
78
25
46
565
31
29
61
42
54
27
43
16
32
26
48
20
26
23
31
37
84
29
41
30
57
34
60
44
27
31
51
29
34
20
8
51
18
32
26
61
26
136
27
15
127
246
105
24
76
161
21
38
30
67
27
22
30
23
35
58
35
43
33
25
32
64
262
20
37
32
28
49
36
21
26
20
46
24
33
40
33
31
27
84
22
71
62
36
21
28
90
78
29
45
34
49
22
62
30
78
59
54
5310
20
51
25
25
66
41
16
44
63
22
56
36
82
28
55
37
53
17
43
25
35
35
24
39
50
32
34
26
16
69
307
38
42
32
28
34
71
36
32
71
69
26
31
33
35
159
28
75
19
245
117
16
30
61
15
48
22
32
67
41
34
71
82
30
47
28
151
44
59
45
55
52
23
498
30
7
44
32
24
46
111
1774
24
34
35
31
104
25
32
18
37
26
28
58
120
13
27
29
20
28
29
41
19
14
35
29
87
42
51
19
23
87
97
26
30
21
32
15
144
27
36
23
38
78
20
48
275
33
119
28
44
63
17
25
24
5
31
29
43
23
11
29
43
53
17
15
36
26
71
18
48
53
98
38
23
19
76
26
27
39
27
34
13
30
23
36
43
59
31
15
81
30
38
25
37
15
29
52
33
34
52
15
49
51
44
57
49
27
48
32
32
31
55
21
60
26
35
17
40
49
37
78
24
32
67
19
74
64
48
25
15
28
35
18
33
25
55
85
28
32
18
26
66
48
331
27
19
15
24
36
74
213
50
22
33
21
107
14
20
47
33
31
98
18
28
44
50
16
60
27
42
83
66
60
150
28
12
27
38
36
29
17
58
24
38
44
47
39
31
37
36
33
49
43
36
32
35
28
27
16
499
33
17
46
70
22
33
21
89
282
131
37
49
27
58
40
40
30
57
39
42
34
423
57
32
54
27
18
53
24
26
21
30
41
289
54
50
27
25
28
116
33
156
49
67
30
29
82
36
24
26
26
26
28
41
28
53
40
23
28
36
33
30
20
23
32
32
19
26
36
18
32
27
26
77
43
145
89
24
37
18
40
29
34
29
33
14
266
29
356
29
21
45
95
28
28
32
46
156
27
22
29
26
52
35
23
43
20
38
42
25
31
65
42
45
34
26
29
29
24
38
17
37
28
34
34
27
27
24
29
27
23
42
38
25
28
24
25
30
12
36
39
22
24
49
36
39
18
24
48
27
36
23
39
18
63
29
38
66
21
18
108
171
22
32
39
13
41
30
45
71
43
24
35
37
46
43
26
14
95
47
19
38
32
134
40
16
55
569
35
79
22
38
50
37
37
16
28
38
80
43
63
51
27
25
43
22
25
24
455
55
17
33
151
16
30
62
80
30
17
38
46
87
32
23
49
73
20
44
26
44
24
29
28
31
58
42
48
25
27
24
47
27
59
60
28
33
41
34
27
544
96
28
52
69
37
24
24
25
37
36
41
42
27
33
25
42
36
191
39
39
36
24
34
34
52
37
47
41
24
17
57
35
87
1387
29
65
35
19
46
21
26
34
15
33
22
24
40
22
25
16
45
45
22
63
36
32
89
39
22
55
33
35
59
33
36
26
29
27
50
37
69
23
34
16
18
36
20
28
31
47
41
46
25
20
45
27
29
387
39
84
48
28
14
31
63
28
67
48
53
67
35
63
32
34
116
34
333
27
40
17
47
27
123
96
25
31
54
67
41
26
113
62
20
23
32
31
23
28
30
41
21
26
44
42
35
98
24
25
31
28
24
64
34
25
31
59
46
66
27
32
41
55
26
33
22
25
100
25
678
55
24
118
24
33
25
59
22
27
30
33
37
24
26
41
52
43
24
28
44
29
35
19
20
26
32
35
49
30
43
29
36
31
24
27
13
65
35
44
49
38
88
25
82
39
37
70
42
19
31
39
27
30
64
170
37
30
24
29
38
20
33
37
51
12
29
30
50
20
24
48
45
56
21
66
35
96
57
23
24
61
40
38
42
57
25
26
26
128
50
26
33
34
47
31
29
17
25
30
46
40
58
21
22
50
27
29
30
13
97
34
23
48
28
29
92
18
35
31
29
70
30
21
37
26
35
42
72
18
17
28
45
23
22
60
50
57
25
52
43
16
59
73
18
25
25
92
35
32
36
34
37
25
68
24
29
24
35
53
40
60
50
45
30
62
31
37
15
32
24
28
80
25
60
169
36
35
38
38
21
33
54
28
70
28
27
84
44
24
31
31
19
31
27
34
29
25
23
31
19
23
29
22
203
16
29
46
21
25
28
86
16
32
16
23
10
17
46
32
33
18
37
24
26
18
24
43
40
26
24
29
26
40
34
33
25
33
27
50
34
22
94
72
45
17
33
24
45
26
22
73
79
26
14
28
22
48
20
39
34
18
491
20
39
27
37
23
29
60
28
14
37
91
30
95
59
291
28
36
61
134
44
37
17
75
24
29
31
27
24
31
22
32
12
30
29
12
30
45
23
39
36
33
33
33
41
65
17
31
62
54
28
44
26
22
36
52
31
51
87
26
24
29
55
46
18
36
24
57
21
30
74
26
47
90
21
28
123
23
49
46
38
47
22
15
814
31
35
35
35
55
36
32
90
81
37
26
33
37
45
49
46
33
23
34
18
30
31
28
23
33
29
27
26
57
41
22
89
41
114
25
48
19
14
31
24
31
35
21
23
103
26
24
33
25
21
104
31
40
25
36
25
38
17
21
32
27
43
35
27
29
210
33
40
30
36
40
45
17
18
49
79
100
46
42
25
86
29
21
375
25
29
21
28
115
320
36
51
33
45
22
36
33
39
93
54
19
49
34
35
31
28
83
31
30
32
20
60
31
26
64
55
26
38
47
40
47
24
39
36
38
27
16
28
31
28
23
17
39
117
36
63
60
32
23
683
35
19
54
398
29
26
27
45
57
45
16
33
22
40
54
42
52
18
24
64
24
24
39
35
15
26
27
55
38
31
25
56
17
38
20
54
41
50
23
28
32
183
33
47
28
23
17
41
89
31
67
40
24
198
43
25
33
38
24
41
34
51
45
37
56
50
32
36
20
53
35
29
37
26
38
26
85
40
19
19
68
30
37
46
24
17
167
59
94
21
31
26
43
48
32
27
53
15
34
24
146
54
40
49
25
26
96
24
20
37
39
47
33
51
23
19
13
377
26
20
23
34
37
22
33
21
23
20
25
34
43
41
30
95
23
72
35
35
20
29
19
60
28
22
30
17
25
29
39
41
43
17
32
47
65
30
29
21
35
20
23
33
43
25
21
39
19
28
93
35
33
47
182
23
27
45
22
12
20
25
23
23
32
161
23
27
38
29
43
21
37
42
44
36
54
29
22
49
33
34
11
28
20
30
27
67
38
47
22
42
31
24
18
20
30
29
30
22
47
27
25
17
26
38
26
25
29
23
50
40
225
45
37
23
22
37
51
58
43
36
44
31
33
38
31
33
37
21
33
33
84
41
49
23
88
53
20
28
34
28
18
49
23
26
55
25
28
21
34
36
26
31
12
27
69
29
24
21
15
29
36
50
31
35
30
32
31
35
39
45
28
45
112
623
32
82
27
27
44
63
40
49
49
25
268
26
109
21
74
30
41
29
46
48
40
33
108
26
36
40
25
28
43
79
80
19
31
33
39
24
79
34
17
73
47
49
36
25
30
17
30
35
26
33
24
25
22
18
32
37
38
104
46
84
34
18
48
31
28
92
11
44
25
35
32
21
24
32
36
15
25
42
31
23
19
33
19
40
27
84
50
48
44
46
28
34
53
34
33
112
16
86
60
47
21
50
25
32
71
25
53
67
34
34
15
57
47
20
87
34
43
27
32
31
17
115
74
32
32
52
37
32
27
76
21
62
36
122
93
28
63
37
37
15
36
26
33
36
27
22
23
38
889
52
29
26
22
35
39
17
26
29
54
22
46
25
31
27
30
14
24
23
24
229
48
43
43
18
47
32
34
36
31
88
41
19
36
32
19
24
35
26
22
78
37
25
52
26
124
24
33
14
40
36
24
22
42
87
27
67
23
50
51
35
41
22
38
32
53
97
23
15
32
27
59
20
32
192
51
32
11
19
31
87
45
66
90
34
35
45
31
36
26
35
37
34
9625
29
41
136
41
28
36
56
18
29
35
26
30
28
42
31
30
25
27
317
33
29
18
29
19
32
43
59
31
49
30
46
40
15
41
46
27
64
38
30
38
21
418
26
37
21
20
28
31
39
29
46
42
30
40
78
50
78
30
44
30
19
69
656
30
224
44
26
36
43
36
34
26
40
39
20
30
34
40
52
33
35
30
37
13
86
114
39
21
38
11
32
77
65
29
33
23
50
27
41
48
63
33
46
177
48
21
55
25
26
22
14
44
24
38
114
23
21
68
40
42
92
33
44
71
32
25
30
34
24
29
758
48
31
63
49
16
75
242
31
40
50
34
20
44
22
38
23
22
37
34
33
24
22
27
44
26
20
25
18
27
17
35
26
69
56
131
24
31
23
20
36
29
29
23
15
48
18
40
38
90
48
28
27
27
29
22
20
39
46
89
34
32
36
42
38
61
43
32
51
23
27
50
21
54
26
49
37
39
35
40
46
23
88
55
21
31
28
35
64
33
23
26
30
26
41
28
39
29
38
34
18
131
91
29
23
22
30
36
28
21
25
21
40
32
77
12
32
40
162
39
21
43
53
39
40
22
24
65
57
23
28
27
29
41
21
34
35
