1
61
0
1
2
1
0
1
1
12
4
5
1
2
9
22
9
4
4
0
0
7
141
1
8
7
0
4
0
2
9
4
7
6
0
14
1
5
2
2
2
10122
0
27
26
0
2
10
3
3
2
1
5
5
2
4
5
65
16
5
13
3
3
3
0
1
3
12
6
5
0
3
1
45
4
6
3
2
1
2
2
0
3
13
5
3
1
4
14
4
3
22
5
2
84
2
8
1
1
3
2
16
1
1
0
4
2
1
1
8
1
10
7
7
6
4
7
2
8
3
3
1
2
7
3
1
2
3
9
10
0
2
1
7
2
2
5
29
2
2
7
4
9
4
0
0
5
9
7
5
10
2
1
1611
1
1
8
0
7
2
1
1
4
5
4
3
8
1
3
8
8
4
0
5
2
0
0
1
4
3
1
7
8
0
0
11
11
11
0
4
4
6
0
4
4
8
3
0
7
3
2
2
2
16
2
2
10
0
20
7
3
18
10
2
12
7
92
2
0
1
8
0
4
3
5
14
2
1
5
0
1
7
125
1
11
18
12
3
1
1
4
2
3
2
5
6
0
4
8
1
5
18
2
1
13
8
5
21
44
2
2
2
7
6
11
34
4
10
4
96
9
3
19
0
2
22
0
3
8
1
5
7
8
4
1
7
7
6
95
0
4
1
24
1
7
7
18
13
1
0
4
1
0
22
1
4
13
31
6
4
1
6
4
2
2
12
1
6
3
0
2
1
12
0
1
4
3
3
23
0
0
1
4
7
6
0
7
10
16
5
9
5
18
4
3
2
1
0
7
1
0
2
9
7
13
8
0
6
0
1
4
4
2
0
2
1
3
3
83
1
7
10
4
3
6
3
1
7
1
0
43
4
1
0
4
6
204
3
1
0
10
4
24
3
2
0
2
4
8
11
1
3
0
1
3
0
6
4
2
16
1
3
3
15
3
0
5
1
1
3
8
0
1
0
2
1
3
9
18
7
8
3
2
7
15
4
1
12
4
36
7
1
5
1
0
2
3
1
1
1
88
1
9
0
1
2
12
59
36
18
2
48
1
6
22
2
4
4
35
4
5
5
3
13
0
2
11
6
4
4
64
0
0
5
7
0
7
0
1
3
1
25
3
5
9
2
6
4
16
2
1
61
0
1
2
1
0
1
1
12
4
5
1
2
9
22
9
4
4
0
0
7
141
1
8
7
0
4
0
2
9
4
7
6
0
14
1
5
2
2
2
10122
0
27
26
0
2
10
3
3
2
1
5
5
2
4
5
65
16
5
13
3
3
3
0
1
3
12
6
5
0
3
1
45
4
6
3
2
1
2
2
0
3
13
5
3
1
4
14
4
3
22
5
2
84
2
8
1
1
3
2
16
1
1
0
4
2
1
1
8
1
10
7
7
6
4
7
2
8
3
3
1
2
7
3
1
2
3
9
10
0
2
1
7
2
2
5
29
2
2
7
4
9
4
0
0
5
9
7
5
10
2
1
1611
1
1
8
0
7
2
1
1
4
5
4
3
8
1
3
8
8
4
0
5
2
0
0
1
4
3
1
7
8
0
0
11
11
11
0
4
4
6
0
4
4
8
3
0
7
3
2
2
2
16
2
2
10
0
20
7
3
18
10
2
12
7
92
2
0
1
8
0
4
3
5
14
2
1
5
0
1
7
125
1
11
18
12
3
1
1
4
2
3
2
5
6
0
4
8
1
5
18
2
1
13
8
5
21
44
2
2
2
7
6
11
34
4
10
4
96
9
3
19
0
2
22
0
3
8
1
5
7
8
4
1
7
7
6
95
0
4
1
24
1
7
7
18
13
1
0
4
1
0
22
1
4
13
31
6
4
1
6
4
2
2
12
1
6
3
0
2
1
12
0
1
4
3
3
23
0
0
1
4
7
6
0
7
10
16
5
9
5
18
4
3
2
1
0
7
1
0
2
9
7
13
8
0
6
0
1
4
4
2
0
2
1
3
3
83
1
7
10
4
3
6
3
1
7
1
0
43
4
1
0
4
6
204
3
1
0
10
4
24
3
2
0
2
4
8
11
1
3
0
1
3
0
6
4
2
16
1
3
3
15
3
0
5
1
1
3
8
0
1
0
2
1
3
9
18
7
8
3
2
7
15
4
1
12
4
36
7
1
5
1
0
2
3
1
1
1
88
1
9
0
1
2
12
59
36
18
2
48
1
6
22
2
4
4
35
4
5
5
3
13
0
2
11
6
4
4
64
0
0
5
7
0
7
0
1
3
1
25
3
5
9
2
6
4
16
2
0
5
0
11
7
6
4
2
11
4
4
7
3
43
12
5
1
9
7
1
9
70
2
2
5
0
2
3
3
0
4
4
6
3
32
22
728
1
23
4
0
3
4
24
5
3
1
0
1
0
21
2
1
7
1
3
3
0
8
3
1
7
1
6
32
15
2
6
7
4
2
47
5
8
9
11
9
2
3
3
3
3
1
0
19
8
15
3
0
2
11
1
12
0
43
1
5
0
14
4
25
1
1
24
21
1
26
3
6
4
6
1
0
18
1
16
10
0
5
9
3
72
0
1
3
2
2
3
9
1
7
6
2
27
10
6
0
3
1
13
6
38
5
1
4
3
5
3
4
1
6
10
0
14
29
3
0
0
1
0
6
19
7
2
65
4
5
2
0
9
4
2
9
6
2
1
21
3
5
0
1
1
2
2
2
0
0
20
3
4
8
4
1
3
66
4
3
1
11
8
17
1
6
8
0
3
2
0
5
4
0
2
8
1
5
18
8
4
1
0
3
0
24
3
2
67
1
0
2
2
0
12
1
8
51
0
9
23
2
2
0
14
48
8
8
1
3
9
3
10
2
2
2
8
2
7
5
18
5
22
3
15
5
1
7
7
2
310
69
0
6
0
15
2
3
6
0
2
5
4
6
10
12
6
3
20
0
11
2
13
4
1
0
7
4
10
6
4
14
2
6
11
2
0
0
2
6
1
5
0
9
1
8
5
4
1
0
0
35
12
0
2
0
4
6
2
3
0
3
5
0
5
5
2
9
2
4
2
4
6
1
5
3
4
3
1
6
2
2
2
0
1
4
10
0
0
1
6
4
12
1
4
8
1
7
1
4
3
0
2
0
4
0
3
0
2
0
2
3
3
0
11
0
11
2
1
1
0
2
1
16
2
1
0
5
14
8
1
1
7
4
11
8
0
8
2
4
9
19
1
6
2
1
4
2
2
9
9
1
7
1
6
5
3
1
0
6
1
2
4
2
6
8
13
12
2
5
1
3
1
15
94
5
1
3
5
1
0
1
1
4
139
1
1
1
0
11
4
6
5
0
7
12
2
1
6
4
5
25
29
99
18
4
1
3
1
3
36
4
8
36
0
3
7
2
2
2
1
0
0
1
6
2
5
7
0
0
7
51
2
4
28
6
3
0
4
0
2
9
1
9
2
0
3
0
16
4
1
1
1
12
1
1
2
3
2
6
3
4
10
3
0
9
6
2
5
0
1
2
4
0
5
0
0
5
7
4
12
4
2
5
2
1
6
32
1
1
4
6
1
1
10
8
3
1167
1
2
4
2
5
0
6
217
0
0
18
8
2
48
0
0
1
6
3
2
41
0
2
5
0
0
2
4
13
3
6
8
2
0
4
6
3
10
3
0
5
2
14
5
2
0
2
7
1
8
3
9
2
2
3
5
1
0
0
0
21
4
3
8
10
2
2
36
1
4
1
5
1
0
3
2
0
3
369
6
3
28
19
6
0
3
3
21
2
1
0
3
0
10
2
8
8
1
0
1
10
16
1
5
2
4
19
4
16
11
7
3
6
3
0
1
1
3
6
4
7
18
1
20
5
1
0
0
0
4
1
26
1
3
4
2
23
32
1
0
51
3
4
0
3
0
5
10
17
14
4
5
0
10
2
18
1
2
1
3
8
15
3
38
1
7
10
5
5
11
15
4
3
29
0
5
1
18
0
4
2
1
11
2
3
1
11
0
4
4
13
9
3
4
2
1
3
2
21
5
4
0
3
16
0
2
3
3
11
137
1
28
1
2
4
0
5
2
9
3
5
5
3
1
1
2
1
10
4
1
7
14
15
6
20
12
5
0
1
7
2
5
7
7
3
1
2
3
1
6
1
9
16
6
1
1
2
0
13
5
7
13
1
2
7
5
5
155
1
6
0
3
6
1
17
11
3
17
0
3
0
8
1
6
9
2
4
13
5
4
4
2
0
8
2
1
2
0
3
1
0
3
5
0
68
8
2
2
3
1
7
2
2
3
3
0
8
5
2
3
7
7
7
2
8
1
7
10
2
1
2
4
2
10
8
1
6
9
1
2
11
6
6
0
2
1
5
1
4
5
1
1
105
0
1
1
1
2
3
0
1
11
3
7
1
0
237
0
1
2
3
15
2
4
0
32
5
10
2
8
3
10
7
1
6
2
7
1
2
4
6
6
8
1
74
1
2
6
3
1
1
6
2
1
2
1
0
1
74
5
13
1
26
22
3
2
3
5
0
2
13
3
175
4
1
5
1
0
6
6
5
7
0
8
3
2
17
3
7
16
2
6
2
2
1
3
4
4
10
0
5
4
6
22
8
5
3
2
0
5
2
0
0
2
14
37
2
2
1
0
0
3
3
2
3
6
1
10
20
5
1
23
1
4
1
3
1
2
2
0
1
77
3
1
45
6
4
1
1
1
1
0
2
5
40
9
2
3
0
2
26
1
1
2
1
4
13
2
0
5
1
3
6
2
2
3
2
1
13
2
30
1
0
1
162
16
4
4
3
10
8
36
6
15
19
0
1
6
1
1
9
0
17
5
1
5
0
7
4
2
2
0
10
9
4
21
1
1
0
5
0
7
2
1
4
0
8
3
0
1
3
95
27
1
3
1
1
0
0
0
7
8
18
10
6
13
11
7
2
2
2
10
7
2
10
0
0
9
13
0
1
0
5
6
14
18
3
1
1
1
2
15
2
0
7
13
0
1
67
61
16
10
4
16
4
5
0
2
9
6
8
32
185
0
5
1
10
6
5
3
3
3
5
4
3
2
14
0
4
0
0
9
3
4
1
1
2
13
6
2
2
1
7
2
5
140
1
7
6
40
11
0
0
0
8
5
6
8
1
7
2
0
1
1
29
6
3
5
2
3
0
17
5
7
16
4
0
6
1
0
97
6
5
7
10
23
28
2
1
1
112
4
7
26
1
2
5
1
8
0
3
1
4
4
2
1
4
0
11
15
0
0
1
88
0
0
1
2
5
3
29
1
9
24
8
0
3
4
2
6
4
0
0
2
3
0
0
2
4
2
4
1
22
4
23
2
45
4
3
11
2
3
3
0
1
3
1
6
1
7
5
4
2
8
2
2
10
3
2
0
2
1
0
12
15
43
3
2
17
3
1
18
50
1
8
10
4
2
4
7
13
6
7
5
1
11
3
3
2
0
3
2
1
2
27
15
4
8
2
54
5
2
3
3
1
4
19
5
10
2
2
4
27
1
5
0
10
2
50
0
5
24
2
5
10
0
12
3
0
4
2
7
10
4
16
0
5
2
0
21
2
0
31
2
12
4
0
0
12
7
25
16
1
0
6
0
3
1
3
554
2
0
11
2
5
4
3
7
7
1
5
2
5
262
3
6
4
5
4
1
2
2
1
2
16
13
1
1
4
1
0
2
5
3
1
5
2
11
1
1
2
9
1
0
2
0
9
1
0
5
72
1
5
2
1
6
1
1
1
2
1
81
2
8
6
2
34
10
2
11
6
3
2
0
1
0
7
4
7
17
7
0
2
14
3
33
19
1
3
1
0
7
0
4
7
9
0
2
3
1
10
4
3
4
13
1
2
0
8
6
6
21
4
4
1
3
0
6
7
6
3
6
4
1
3
3
7
3
1
16
49
3
2
8
10
1
21
44
15
0
1
3
2
2
3
3
0
1
3
3
0
5
3
0
6
2
2
2
2
6
7
1
3
3
2
5
7
5
10
18
0
1
7
4
2
236
2
6
3
5
12
8
0
3
1
6
3
0
1
5
2
4
1
2
9
3
3
1
6
0
26
4
1
0
3
32
15
1
3
4
1
44
2
2
2
1
10
8
6
2
0
0
3
3
6
8
0
1
24
1
57
4
34
6
10
1
2
0
10
6
3
10
9
0
7
7
2
0
1
68
3238
1
1
1
4
4
0
3
6
7
5
1
0
2
6
12
1
7
15
0
133
1
0
2
3
19
3
0
10
7
2
31
1
4
0
0
9
0
0
86
9
3
29
1
0
1
4
1
13
3
5
0
5
5
5
2
2
8
3
6
1
4
0
16
3
17
4
2
4
2
2
20
6
3
1
1
35
6
0
5
2
1
7
1
2
1
17
1
2
2
2
2
6
5
4
37
4
2
2
0
5
23
8
0
10
6
107
6
7
0
1
1
2
22
203
0
5
3
0
6
0
1
5
4
2
5
5
1
2
0
50
1
4
4
102
0
9
3
2
8
13
2
6
10
10
5
2
1
0
1
0
3
1
3
11
3
0
1
1
109
3
7
1
0
0
8
1
6
2
0
62
19
1
3
7
0
2
2
0
4
3
3
34
3
0
7
8
14
10
3
36
6
0
18
3
1
5
4
4
4
3
28
3
4
9
10
12
3
3
1
11
2
4
2
89
3
14
5
0
3
3
3
2
4
16
1
2
5
9
1
1
29
6
22
9
1
3
3
0
12
9
0
14
3
9
1
6
1
0
15
2
0
6
49
1
2
4
1
15
5
25
1
6
1
1
3
0
1
23
5
8
9
15
21
4
4
1
6
2
8
3
16
4
2
59
4
1
3
2
61
3
12
3
1
2
5
5
8
1
2
10
1
4
1
6
0
9
7
3
1
51
3
19
4
0
3
5
10
0
5
5
0
3
2
51
0
0
4
3
8
2
53
2
4
1
4
4
51
1
1
11
8
3
0
0
0
0
10
4
8
2
4
17
2
0
38
1
28
3
0
11
9
2
2
6
5
10
5
4
21
0
4
20
2
19
25
0
3
6
1
3
5
10
3
0
3
17
13
3
3
1
1
5
6
1
9
4
9
0
2
3
4
2
1
7
3
11
0
6
12
4
73
63
10
2
0
1
1
1
0
4
2
4
314
3
64
14
6
28
2
10
4
7
20
6
7
10
1
2
6
1
22
3
1
2
19
2
215
4
0
8
0
7
21
825
5
7
7
0
12
1
6
4
58
53
2
14
2
3
9
110
4
10
7
50
7
12
11
2
4
64
5
8
55
2
13
0
2
9
2
15
10
5
0
4
3
0
2
7
2
1
8
2
6
0
1
12
0
3
1
7
155
10
7
3
39
4
2
0
2
42
4
7
1
3
0
9
2
2
1
10
52
2
2
1
0
0
3
0
5
1
1
4
0
5
0
24
13
30
5
19
9
2
1
4
9
4
3
1
0
12
10
20
0
69
3
1
1
3
0
1
1
12
7
4
6
6
1
0
12
5
4
3
3
1
31
0
10
22
8
0
5
3
4
0
1
10
15
2
0
0
5
2
2
1
4
2
7
24
1
3
5
0
2
2
4
3
1
4
2
1
2
18
7
8
3
0
7
4
15
5
23
6
11
13
0
5
6
3
1
6
4
1
0
0
11
4
1
4
138
12
44
0
2
3
34
4
2
5
3
4
9
3
4
4
1
3
23
5
5
4
3
3
3
8
52
8
15
2
7
4
3
6
12
5
6
0
5
15
0
1
1
11
3
2
15
1
1
27
1
20
0
2
1
4
0
2
6
7
1
1
4
24
1
2
0
622
2
0
11
2
7
3
6
8
4
3
7
1
10
9
2
1
3
6
32
10
2
55
26
11
5
3
2
6
3
1
84
5
1
3
2
1
5
9
3
7
3
1
18
27
1
4
4
4
2
1
3
4
0
0
3
1
0
34
10
0
31
2
9
8
12
1
3
5
84
2
15
2
1
6
0
1
2
4
4
45
1
2
3
2
3
4
4
0
4
2
2
0
8
4
10
4
38
72
6
25
2
3
4
1
9
4
1
4
0
2
1
4
1
6
2
5
22
22
2
2
3
1
147
1
35
43
2
4
3
5
0
2
5
7
68
31
0
11
2
3
16
3
3
2
2
0
0
19
1
1
0
26
9
5
5
14
6
11
24
0
0
6
18
20
5
3
1
9
41
6
2
3
2
2
9
10
3
1
3
6
5
2
9
3
0
4
4
15
3
7
4
62
1
3
2
19
4
4
10
3
2
0
1
8
4
10
3
0
2
4
0
12
9
1
0
1
6
2
2
0
1
9
5
20
4
0
0
6
4
5
1
3
1
19
1
9
515
3
1
5
8
3
4
7
0
22
6
9
19
19
7
8
20
6
22
4
23
4
10
13
15
3
4
2
1
0
17
7
1
0
3
0
0
2
5
3
7
2
0
3
1
5
3
2
14
0
5
5
5
1
2
3
1
2
4
1
2
5
1
2
4
3
7
5
41
16
2
1
3
9
11
5
1
1
6
4
19
15
11
5
8
0
4
2
2
4
4
2
3
2
3
5
2
10
1
4
0
2
8
2
3
1
1
0
5
9
3
6
3
0
0
3
15
7
2
8
1
2
3
2
3
22
36
6
5
3
2
5
16
19
1
1
20
23
2
1
7
1
0
3
6
0
5
8
5
11
6
3
14
12
20
6
7
2
8
3
0
2
0
5
2
4
9
18
8
5
2
1
2
0
20
11
9
20
1
2
4
1
2
6
27
24
2
4
3
5
6
4
1
11
1
3
53
0
6
2
7
17
2
7
5
0
18
11
7
4
0
1
4
11
6
6
4
5
4
2
19
0
1
1
0
4
0
1
5
3
5
9
13
1
1
0
0
13
5046
8
3
3
3
6
16
2
1
2
5
3
2
49
10
6
2
1
2
5
4
2
11
10
17
7
1
2
6
1
13
3
7
2
4
7
1
29
2
1
7
2
2
2
2
2
11
18
4
2
2
2
3
0
3
13
2
16
0
10
0
0
12
3
1
10
24
0
2
1
4
1
0
3
4
4
2
0
1
6
8
7
7
2
1
30
8
2
4
5
20
2
2
6
0
12
5
0
19
5
6
4
1
5
10
2
5
1
5
4
5
3
7
2
5
2
4
16
5
0
9
7
33
6
1
8
7
2
1
0
5
2
9
2
1
3
0
1
2
18
6
6
24
30
10
0
3
1
5
6
2
21
0
2
26
8
6
46
4
7
25
7
0
0
2
1
10
6
2
3
5
6
2
18
1
6
1
5
4
3
10
0
5
13
2
3
28
7
2
2
7
10
36
0
2
0
13
2
3
1
4
0
2
0
47
32
1
2
0
24
3
4
11
4
6
8
2
3
3
12
9
3
10
2
3
57
22
2
6
2
56
0
4
16
7
2
2
1
7
0
228
4
2
7
1
3
2
0
3
48
2
20
1
0
6
0
3
16
17
60
1
2
1
7
1
19
2
12
2
1
9
595
3
26
4
3
2
1
1
2
0
7
1
15
7
1
3
0
18
2
7
6
12
13
27
5
0
2
6
0
1
73
0
3
1
2
9
1
5
1
17
7
4
3
0
12
4
2
0
2
1
39
1
3
3
10
5
2
5
1
69
4
6
19
4
1
0
0
3
0
2
1
5
8
2
0
3
167
7
19
2
2
3
2
24
7
8
1
6
5
36
1
3
2
8
0
3
3
22
3
4
5
3
6
0
16
41
8
2
0
3
0
4
25
0
0
1
0
0
1
4
20
4
1
2
2
4
0
12
0
1
25
1
6
1
3
1
1
0
0
3
9
1
9
6
19
3
1
0
0
6
14
1
2
39
7
8
2
1
11
14
24
13
4
3
1
4
4
2
0
0
1
4
16
11
1
0
5
2
2
4
3
0
72
1
12
3
17
10
2
2
1
18
1
3
3
6
7
1
23
23
0
1
16
2
10
36
13
0
3
0
2
2
2
1
0
4
3
1
0
3
3
35
1
2
27
4
2
2
0
0
0
0
1
7
2
4
14
1
7
1
1
1
2
9
1
4
1
1
2
4
10
5
60
5
2
0
8
10
7
1
1
6
1
11
1
4
20
1
2
61
34
2
1
6
0
2
2
6
0
3
4
8
10
4
17
1
2
0
1
2
13
14
6
10
0
6
8
0
4
8
42
0
5
0
18
10
9
3
18
7
3
59
3
4
3
9
3
4
4
3
3
3
1
6
6
8
0
4
10
7
2
2
29
9
1
2
0
2
9
0
3
222
4
2
4
1
1
1
2
3
12
3
7
17
0
2
4
7
4
10
3
27
2
2
3
8
7
3
9
0
1
4
10
3
4
4
4
2
16
40
10
3
0
3
5
3
1
6
2
1
80
1
3
10
9
9
41
10
2
3
4
3
5
2
1
18
36
5
3
12
1
65
0
2
6
0
12
6
6
5
3
17
3
18
3
8
1
3
15
0
0
1
24
4
6
3
1
1
2
0
7
2
30
0
0
1
767
4
2
1
5
2
7
16
2
4
6
2
1
6
5
3
0
10
9
2
6
4
2
5
3
8
12
2
1
8
8
0
5
0
1
10
1
1
3
4
28
0
1
5
1
0
24
10
1
7
157
4
0
0
11
11
2
1
3
4
1
6
3
3
0
6
5
1
13
2
11
72
3
6
36
1
5
3
19
8
26
14
13
0
0
1
6
0
3
1
7
2
2
5
57
2
5
3
9
1
0
2
2
1
8
11
1
22
4
3
1
3
14
0
1
9
7
7
0
5
715
4
0
1
4
2
3
7
12
36
21
1
22
23
1
2
2
2
3
0
9
5
10
2
4
7
30
21
0
2
0
1
6
2
56
0
6
0
1
2
82
7
1
11
5
2
25
91
0
20
1
6
1
3
8
11
31
1
1
20
1
1
3
2
2
2
1
16
6
0
2
3
32
7
6
2
7
0
1
3
5
8
3
0
0
2
0
24
0
1
2
1
2
7
12
3
4
4
2
2
1
1
11
3
1
0
9
8
3
12
4
1
9
2
7
24
1
0
2
0
1
47
4
4
1
8
0
1
1
39
8
10
0
27
1
5
10
1
3
1
0
18
6
1
2
3
1
8
4
0
1
5
0
3
20
1
2
1
1
4
9
26
3
3
7
2
0
3
2
28
7
8
1
7
1
4
5
2
7
5
16
14
0
6
2
2
4
14
13
1
58
22
0
12
5
6
2
10
3
1
3
9
4
19
0
1
26
5
1
4
8
3
13
0
18
2
5
144
0
0
1
11
7
8
1
6
4
1
3
2
1
2
94
5
6
8
1
14
0
6
2
4
5
44
6
2
13
21
36
1
3
2
1
16
6
2
3
4
0
3
2
4
1
0
34
8
13
5
1
6
1
7
1
1
28
11
2
1
1
21
4
3
8
2
2
30
9
1
3
0
0
0
0
4
5
5
31
1
3
4
3
1
4
2
21
2
0
2
1
0
0
2
3
35
9
3
2
1
1
10
5
5
0
4
4
3
13
0
2
6
7
3
117
34
4
0
4
4
24
3
1
0
9
6
3
19
2
3
9
6
8
26
58
14
6
0
4
206
0
1
2
298
1
5
1
2
0
2
2
5
1
16
4
19
1
10
3
12
23
0
14
168
0
14
2
1
0
3
3
200
3
0
1
0
5
6
2
6
0
5
1
148
6
10
2
9
10
43
9
0
11
1
2
8
4
7
4
1
3
14
59
5
9
7
10
0
671
3
14
47
97
2
5
5
14
15
9
7
6
19
26
1
0
2
10
31
1
3
5
1
26
3
1
12
2
33
4
1
0
3
3
10
6
2
1
0
4
4
3
15
0
4
1
5
1
3
3
1
23
2
3
0
1
3
1
1
0
6
4
5
0
0
12
4
1
0
0
1
6
19
12
1
0
6
33
3
2
36
10
6
0
5
11
4
4
4
5
7
2
11
5
2
2
14
0
1
27
7
1
5
13
0
7
5
10
23
23
11
1
27
5
0
34
6
5
1
2
4
2
2
4
7
2
1
2
5
2
14
0
4
2
3
279
9
0
2
3
9
0
7
2
13
0
0
54
2
5
4
5
0
0
7
2
5
3
2
2
17
1
5
12
45
3
31
0
3
12
3
1
1
1
4
1
127
0
6
2
1
0
11
2
2
3
6
0
4
15
1
1
0
2
0
3
1
1
19
2
11
16
3
1
2
32
4
0
28
13
1
32
1
17
138
14
3
0
1
5
3
32
33
1
1
3
2
7
9
0
2
8
0
0
13
0
2
1
0
290
1
4
3
4
9
6
3
2
13
5
25
2
25
3
62
1
9
2
4
2
0
1
3
7
27
1
2
3
0
6
7
5
5
0
4
7
3
1
4
3
7
13
8
1
1
32
13
1
2
4
23
5
2
6
4
0
0
0
3
3
5
3
1
5
0
4
0
3
2
0
13
3
10
3
1
1
7
13
2
1
1
18
0
3
0
2
5
8
3
3
3
61
10
1
12
38
4
2
0
4
4
2
0
1
8
3
12
3
1
7
7
0
10
2
0
1
145
1
1
0
3
6
4
5
8
8
194
2
4
1
18
3
6
7
1
13
31
0
11
8
1
2
1
22
4
0
22
18
3
10
5
19
1
4
11
3
8
17
2
1
11
29
2
1
1
5
3
0
12
0
50
25
2
13
4
4
1
1
16
4
25
0
34
4
2
8
0
13
3
4
1
5
7
3
3
6
1
5
4
0
1
1
3
7
31
0
4
2
4
8
0
5
7
1
1
49
0
12
515
14
2
0
2
4
10
16
0
1
2
22
7
2
1
0
1
9
2
2
17
466
8
81
500
2
4
3
1
2
9
7
0
0
1
5
10
2
3
3
4
1
1
2
3
4
5
0
2
8
12
6
1
2
1
2
3
4
2
6
3
8
0
5
0
3
7
1
3
2
4
1
3
0
0
2
8
14
5
1
5
4
6
53
3
3
0
21
7
1
46
7
3
4
12
3
2
19
13
1
4
4
9
5
2
2
21
2
2
2
2
0
2
21
322
41
3
1
2
13
11
1
8
1
1
21
0
1
0
4
25
2
3
44
7
0
2
7
9
32
1
2
0
8
1
7
4
0
0
2
0
6
14
0
2
8
13
114
3
2
0
2
32
24
15
23
11
3
3
9
5
4
3
22
0
1
0
3
4
148
18
2
4
0
11
10
1
1
11
1
2
1
1
2
2
0
1
5
18
3
2
3
0
4
8
2
0
1
17
4
3
6
0
0
0
22
2
1
1
5
1
13
1
6
1
0
14
1
1
1
4
4
13
0
6
1
4
5
12
22
13
2
0
1
49
0
18
6
16
1
0
1
13
4
5
25
1
8
3
4
1
7
1
3
0
2
5
4
1
5
1
9
6
10
13
0
1
5
4
3
5
21
16
9
5
17
7
4
3
490
0
6
1
0
0
8
1
2
4
2
1
3
7
2
0
1
1
4
2
7
1
11
2
5
0
6
2
0
2
14
2
27
1
4
2
1
5
3
1
1
3
12
1
5
2
7
4
5
3
7
32
2
3
2
4
20
1
5
0
4
10
21
2
0
9
2
0
2
12
73
1
1
0
21
34
6
2
3
4
3
1
2
0
7
6
0
8
21
1
16
4
1
1
3
14
3
4
13
3
4
0
0
7
100
12
0
0
1
7
0
11
0
3
11
10
1
1
1
5
0
1
3
2
16
7
2
13
10
7
11
1
0
7
3
2
72
6
6
5
4
6
1
8
1
3
15
1
2
3
6
5
1
6
2
3
1
1
0
10
10
4
1
23
8
0
1
1
2
1
6
12
2
28
1
1
3
6
5
0
73
0
4
2
3
2
12
0
3
1
2
6
2
11
1
16
51
4
2
4
6
12
2
3
13
7
1
1
4
5
3
2
3
7
10
2
0
22
1
1
81
4
11
1
5
0
4
2
8
3
3
61
0
164
2
11
1
2
1
7
0
0
4
0
8
2
5
20
5
1
1
6
18
4
0
1
1
8
5
3
2
6
5
74
1
4
46
1
14
5
1
1
10
4
14
3687
6
3
7
2
0
6
3
0
0
0
2
0
0
14
3
0
5
2
8
8
18
4
1
9
1
18
3
0
9
2
1
12
3
0
0
1
1
3
2
4
1
16
6
3
4
8
11
5
7
2
3
3
4
1
129
0
4
23
6
1
9
4
1
3
0
0
11
6
4
22
20
10
1
3
8
5
0
1
2
0
0
0
3
2
9
0
4
2
2
0
10
22
7
3
6
4
49
0
7
7
4
2
3
0
11
9
12
2
4
27
2
2
1
0
3
3
55
0
1
1
5
3
4
0
11
0
0
4
1
0
1
8
1
1
2
20
10
49
11
3
526
29
5
0
1
3
11
54
1
3
9
6
26
3
371
2
1
4
0
2
0
1
225
8
7
7
4
4
3
4
7
2
4
25
15
6
5
50
4
6
1
1
8
1
4
1
0
9
2
38
4
3
2
0
1
3
1
4
5
4
20
6
1
9
0
1
1
15
106
0
1
7
0
3
25
9
1
0
11
17
6
3
6
5
1
3
2
5
1
6
2
3
45
3
3
20
7
0
0
14
8
1
0
4
5
0
4
0
7
64
1
2
3
14
15
6
5
21
2
2
46
8
3
5
0
1
7
8
5
2
11
1
3
55
5
1
0
112
1
3
5
3
5
3
6
8
0
16
3
3
0
4
5
3
0
14
13
9
1
2
3
6
1
7
7
2
2
38
0
5
8
2
0
1
9
2
1
5
0
3
3
8
1
2
12
7
6
0
0
2
1
7
1
10
10
0
1
5
28
0
9
0
7
7
56
6
274
3
2
4
0
1
1
21
2
8
2
8
7
3
0
4
1
0
4
4
4
1
4
5
21
2
1
3
16
0
1
26
2
1
0
5
9
5
2
1
4
4
5
9
4
43
0
4
4
4
6
8
5
7
4
1
16
3
0
323
6
4
33
0
0
18
3
11
6
16
0
0
8
4
23
2
8
5
25
1
10
10
6
1
7
0
2
0
12
4
812
7
5
3
3
8
3
2
1
4
24
7
7
0
2
5
7
2
29
3
8
0
6
2
0
15
13
6
5
1
4
10
3
1
0
13
19
9
33
9
1
0
4
14
1
3
6
6
1
9
0
2
4
1
5
2
0
65
0
12
1
1
10
1
9
4
2
0
1
11
21
2
1
0
3
17
2
2
2
0
5
103
22
8
2
6
1
46
3
31
4
3
0
6
0
2
0
190
0
1
0
17
0
5
8
4
1
17
2
1
9
4
12
4
12
4
5
29
49
1
0
7
1
1
6
1
6
4
0
0
9
0
0
2
69
1
6
11
1
20
1
6
0
13
5
3
2
4
25
6
12
4
5
29
5
0
1
5
4
2
1
6
4
0
0
76
1
2
7
16
9
0
1
59
5
1
3
13
8
7
5
27
3
19
7
2
2
2
2
0
11
7
3
2
4
9
1
4
2
10
5
5
2
2
3
19
117
8
3
6
4
2
16
6
4
5
1
11
8
5
1
5
4
10
0
11
6
1
2
2
6
6
5
3
4
8
0
5
2
4
5
19
4
2
15
41
3
0
11
3
14
3
17
1
3
3
0
3
0
7
13
10
2
24
2
11
0
4
2
3
0
10
3
5
69
2
0
5
4
1
9
0
9
3
348
22
0
4
0
24
2
5
5
0
2
3
82
35
7
0
5
1
0
0
34
3
5
1
3
2
0
5
6
1
0
0
1
6
9
0
2
3
14
4
10
0
15
4
10
0
3
21
1
3
1
0
0
2
2
2
4
5
3
1
9
20
0
3
3
8
8
1
0
5
2
1
8
6
0
0
12
0
1
12
4
4
3
19
2
2
8
0
8
6
8
3
2
5
0
1
7
1
2
3
2
8
166
21
0
3
3
48
5
3
3
2
7
0
3
2
129
1
7
2
37
4
11
3
3
3
42
2
33
5
3
3
5
3
3
17
5
44
2
21
17
3
5
0
2
7
4
4
1
6
8
5
4
16
3
8
0
1
0
3
1
1
2
7
5
15
3
8
14
3
3
2
9
1
11
2
0
9
6
2
5
11
21
1
2
4
0
2
0
2
4
3
15
10
1
50
4
2
7
2
3
5
17
58
6
0
1
5
2
4
1
147
10
9
6
2
0
0
0
4
4
4
0
4
7
1
5
2
9
3
1
6
7
3
2
5
22
3
1
7
3
7
1
28
0
20
10
5
1
1
14
67
37
2
6
5
14
1
2
1
1
3
3
11
0
5
14
7
56
24
3
3
2
0
6
0
5
1
0
6
5
1
4
1
2
2
2
2
4
5
4
5
1
15
5
1
13
13
2
3
3
4
0
0
1
1
2
9
10
1
2
18
6
8
14
1
1
9
9
140
7
1
2
16
1
5
6
13
1
2
0
3
3
1
4
5
9
1
0
2
0
1
6
5
3
2
2
9
16
4
1
7
6
2
1
1
4
15
8
1
7
1
11
41
1
2
3
25
0
0
8
1
9
4
7
30
6
0
0
3
5
11
3
31
0
4
13
2
4
0
0
28
5
4
0
6
1
6
7
5
6
1
9
3
1
3
1
1
3
10
45
8
1
2
20
24
0
2
94
2
43
61
0
0
0
1
10
0
2
13
0
2
2
4
14
6
2
3
0
1
1
2
19
2
1
4
0
0
0
8
3
9
0
0
19
8
3
5
3
3
0
14
6
0
9
2
27
7
6
35
0
1
11
1
42
89
1
3
3
3
4
3
18
21
0
1
4
17
3
7
4
3
12
2
5
3
1
24
8
0
49
1
1
32
1
3
5
0
14
6
1
2
5
0
1
21
3
2
40
2
8
10
4
0
12
2
21
5
48
0
6
2
8
12
7
57
16
1
1
1
0
0
0
5
1
9
17
2
1
7
1
0
0
4
3
0
10
4
15
4
2
2
2
5
3
4
0
5
45
6
12
3
2
3
3
4
1
6
1
20
3
16
13
22
1
4
4
2
7
6
1
8
0
2
13
11
7
11
5
0
7
2
4
5
0
5
7
2
3
9
1
2
3
1
11
2
0
12
3
2
52
3
4
9
13
0
36
2
4
0
6
3
1
201
8
3
6
6
1
40
15
3
10
22
9
21
1
1
1
9
2
13
16
1
1
9
1
2
8
0
3
3
3
3
4
8
7
18
2
5
8
7
46
2
0
2
2
0
3
5
1
0
11
13
19
4
8
0
3
44
0
0
2
13
3
1
1
11
2
12
11
1
2
0
2
1
11
10
3
8
49
7
12
31
7
0
38
5
3
4
9
69
0
7
4
3
4
171
0
0
0
4
2
1
0
2
13
3
3
9
1
11
2
4
4
0
20
3
1
7
1
15
6
4
1
1
20
1
18
8
3
4
12
0
31
18
0
5
19
5
2
2
31
1
10
2
0
1
1
4
50
2
5
0
4
11
9
3
4
6
1
4
0
0
2
7
4
20
8
13
0
0
3
13
4
0
39
4
4
827
19
1
2
0
3
2
3
2
3
2
0
38
0
8
2
0
14
38
5
1
7
48
11
6
5
14
0
0
7
9
1
7
0
8
2
1
1
50
7
3
15
65
0
3
4
3
0
6
9
2
1
39
1
0
14
76
12
26
46
1
1
4
5
3
3
0
2
0
13
4
4
2
3
4
3
1
2
6
11
5
17
3
0
6
4
7
1
6
1
0
5
1
7
7
0
0
3
4
4
2
72
13
3
1
11
2
7
1
5
470
2
0
2
2
3
7
6
5
4
2
2
5
0
4
6
2
7
0
10
0
2
1
0
0
8
1
0
4
1
3
3
5
8
0
5
2
46
4
0
11
3
7
5
1
6
3
0
4
10
124
1
2
1
1
14
6
10
5
343
0
1
12
1
0
3
8
1
41
3
4
5
15
4
2
4
0
1
2
1
3
2
1
0
1
8
1
0
0
20
7
3
4
3
24
4
3
0
3
3
5
0
2
24
2
15
2
1
2
0
1
7
1
0
20
32
18
39
8
3
25
2
8
2
20
3
11
7
11
13
5
3
8
3
1
4
3
0
2
0
2
7
30
10
3
2
2
3
1
6
1
7
59
4
3
0
178
5
2
0
1
3
0
26
10
7
23
0
2
3
3
4
6
2
3
0
25
1
4
20
4
3
316
1
6
1
1
3
2
41
4
0
1
1
11
1
0
1
7
0
3
1
2
3
0
1
13
3
4
1
1
61
0
1
2
1
0
1
1
12
4
5
1
2
9
22
9
4
4
0
0
7
141
1
8
7
0
4
0
2
9
4
7
6
0
14
1
5
2
2
2
0
8
6
3
2
2
4
1
9
4
3
8
2
0
259
33
1
0
11
3
4
2
2
6
0
5
4
35
3
6
3
18
8
0
3
1
7
0
0
47
8
14
0
8
0
5
6
1
9
4
5
5
7
19
0
1
5
17
10
36
1
0
7
6
3
5
9
6
1
2
1
7
2
1
2
0
1
5
0
2
2
0
0
3
5
6
13
4
3
3
3
68
0
2
2
0
1
13
0
6
0
6
11
10
12
7
2
2
1
4
0
2
3
20
51
3
3
7
40
6
2
12
3
0
2
11
1
1
5
30
3
28
0
0
0
0
3
4
56
1
3
5
3
7
1
1
7
5
2
1
4
17
1
2
0
2
0
2
4
27
9
2
35
5
6
15
5
0
4
0
0
15
0
12
3
34
6
5
4
3
26
5
4
0
33
8
7
2
9
7
1
30
2
3
9
3
4
10
1
53
9
4
2
0
0
1
0
0
4
12
7
11
0
4
17
4
6
0
9
8
0
3
2
10
6
2
5
3
9
16
2
3
29
3
0
1
2
39
0
1
4
6
1
1
16
6
12
2
5
2
12
2
1
11
8
7
13
27
4
5
2
1
7
14
5
8
12
5
1
1
2
2
0
6
3
4
7
1
0
10
2
2
6
15
12
0
4
5
0
6
1
2
4
2
3
4
2
2
5
1
1
0
10
5
7
0
1
2
0
3
4
5
1
0
2
7
36
6
9
1
2
3
6
5
17
3
4
5
5
11
4
5
3
3
0
12
8
13
3
1
1
2
1
4
28
2
7
1
2
29
2
2
1
6
0
142
1
3
0
1
2
2
0
0
1
17
2
33
5
10
1
18
27
0
3
6
9
3
4
0
0
2
15
2
5
2
5
2
17
147
0
4
4
2
13
1
5
1
2
6
0
7
4
3
2
2
4
1
99
7
2
0
0
2
0
4
6
3
1
2
4
16
5
11
0
5
4
1
1
15
1
18
0
5
4
5
0
1
1
7
0
1
6
8
14
0
0
0
3
2
3
0
2
4
3
5
0
17
3
