7
9
9
2
99
7
3
11
2
11
0
5
8
5
21
3
8
6
1
10
3
24
2
1
4
11
1
24
2
5
1
4
1
1
28
12
3
4
15
1
15
25
3
1
4
2
5
3
13
4
23
47
6
8
1
2
8
4
92
1
3
5
9
7
3
13
4
7
0
7
7
5
0
3
22
1
5
3
13
0
2
7
2
8
22
8
8
10
29
39
3
4
8
5
5
1
6
4
14
2
3
3
3
21
22
4
3
6
2
4
0
22
1
3
1
0
5
4
3
20
16
5
15
7
1
13
5
12
15
3
0
2
12
2
5
2
1
3
6
3
39
13
10
1
6
2
2
8
12
14
1
2
3
13
5
36
3
16
2
4
5
8
18
2
2
2
1
10
4
5
9
2
1
3
9
4
29
1
0
2
2
10
4
27
15
2
25
37
3
1
7
10
6
1
4
20
16
15
5
2
2
10
2
0
5
3
72
54
3
2
5
2
119
3
9
3
2
2
8
8
3
15
5
13
13
4
3
4
2
5
2
4
8
57
6
2
7
5
11
3
0
6
6
39
2
5
1
8
9
6
5
18
7
5
0
3
0
13
85
30
1
0
3
18
0
2
19
1
27
23
4
30
30
54
44
40
4
8
15
10
10
20
16
12
7
2
1
1
51
10
3
13
2
2
3
8
5
3
2
5
92
15
3
25
1
21
16
3
11
11
2
11
1
2
5
1
17
75
18
1
8
9
3
0
1
0
5
3
10
6
5
2
6
11
3
13
3
7
0
13
6
12
1
0
1
1
2
6
11
1
0
0
6
16
2
4
6
2
31
11
9
0
6
3
4
6
24
13
0
1
1
5
5
1
2
4
1
10
3
13
8
2
8
24
5
140
2
5
3
3
6
2
6
1
1
1
8
4
5
25
2
2
7
8
7
3
4
342
0
2
2
12
1
6
2
26
2
7
5
2
5
4
5
8
2
11
4
25
0
2
10
23
0
2
3
28
11
4
15
0
5
7
2
79
6
3
2
7
10
10
8
2
2
2
4
4
3
6
2
3
3
11
4
58
15
9
3
0
0
38
1
4
10
2
13
3
18
8
5
5
4
7
6
2
7
6
1
4
10
560
70
7
2
3
12
7
10
13
5
3
7
9
9
2
99
7
3
11
2
11
0
5
8
5
21
3
8
6
1
10
3
24
2
1
4
11
1
24
2
5
1
4
1
1
28
12
3
4
15
1
15
25
3
1
4
2
5
3
13
4
23
47
6
8
1
2
8
4
92
1
3
5
9
7
3
13
4
7
0
7
7
5
0
3
22
1
5
3
13
0
2
7
2
8
22
8
8
10
29
39
3
4
8
5
5
1
6
4
14
2
3
3
3
21
22
4
3
6
2
4
0
22
1
3
1
0
5
4
3
20
16
5
15
7
1
13
5
12
15
3
0
2
12
2
5
2
1
3
6
3
39
13
10
1
6
2
2
8
12
14
1
2
3
13
5
36
3
16
2
4
5
8
18
2
2
2
1
10
4
5
9
2
1
3
9
4
29
1
0
2
2
10
4
27
15
2
25
37
3
1
7
10
6
1
4
20
16
15
5
2
2
10
2
0
5
3
72
54
3
2
5
2
119
3
9
3
2
2
8
8
3
15
5
13
13
4
3
4
2
5
2
4
8
57
6
2
7
5
11
3
0
6
6
39
2
5
1
8
9
6
5
18
7
5
0
3
0
13
85
30
1
0
3
18
0
2
19
1
27
23
4
30
30
54
44
40
4
8
15
10
10
20
16
12
7
2
1
1
51
10
3
13
2
2
3
8
5
3
2
5
92
15
3
25
1
21
16
3
11
11
2
11
1
2
5
1
17
75
18
1
8
9
3
0
1
0
5
3
10
6
5
2
6
11
3
13
3
7
0
13
6
12
1
0
1
1
2
6
11
1
0
0
6
16
2
4
6
2
31
11
9
0
6
3
4
6
24
13
0
1
1
5
5
1
2
4
1
10
3
13
8
2
8
24
5
140
2
5
3
3
6
2
6
1
1
1
8
4
5
25
2
2
7
8
7
3
4
342
0
2
2
12
1
6
2
26
2
7
5
2
5
4
5
8
2
11
4
25
0
2
10
23
0
2
3
28
11
4
15
0
5
7
2
79
6
3
2
7
10
10
8
2
2
2
4
4
3
6
2
3
3
11
4
58
15
9
3
0
0
38
1
4
10
2
13
3
18
8
5
5
4
7
6
2
7
6
1
4
10
560
70
7
2
3
12
7
10
13
5
3
3
3
3
6
2
2
71
2
18
0
4
6
11
1
21
5
2
99
2
1
7
9
2
7
13
0
5
3
8
7
30
11
15
2
7
65
0
9
7
60
2
8
3
12
8
8
3
10
21
2
5
4
4
0
13
2
8
5
2
2
21
14
3
2
13
3
9
1
4
31
14
3
5
3
1
30
3
1
9
3
0
7
3
29
29
5
2
6
3
4
4
1
3
5
4
4
6
2
4
3
1
3
5
1
6
2
5
4
5
0
10
6
2
2
3
9
9
6
6
1
6
5
2
9
1
6
39
7
11
2
4
4
20
4
3
5
2
10
6
0
17
2
1
104
4
7
6
6
32
4
4
4
5
16
9
3
0
25
11
7
11
2
12
8
7
5
35
1
4
5
1
13
3
6
318
1
4
3
11
69
6
4
4
2
4
12
2
2
11
12
7
2
5
98
9
5
3
4
11
4
1
10
2
7
3
2
30
7
4
344
0
15
2
4
3
2
7
1
5
18
6
3
2
17
26
26
127
7
7
3
5
9
9
13
6
3
4
13
9
4
24
14
1
3
43
5
6
3
3
1
9
4
6
4
4
1
0
6
11
7
4
0
11
2
19
4
3
1
2
7
14
4
6
15
4
1
2
2
5
1
6
2
0
12
15
8
3
7
2
3
5
10
6
1
5
1
2
3
33
18
9
6
4
2
6
5
2
8
3
2
3
1
17
2
9
0
7
142
4
2
13
197
0
4
4
12
1
0
1
9
3
0
4
2
2
5
4
1
0
0
9
6
2
7
2
6
3
5
11
7
16
37
6
2
14
3
13
0
0
6
0
6
1
6
2
3
11
13
5
2
0
2
2
6
125
1
3
2
16
5
11
10
69
3
3
8
3
27
4
16
4
1
3
3
7
7
0
4
3
9
1
3
8
1
19
2
49
19
6
0
5
3
4
5
2
4
5
3
1
17
6
1
5
7
0
38
5
4
13
6
15
3
19
5
7
16
9
4
4
26
4
2
1
3
40
7
7
2
11
7
3
9
2
1
3
3
1
1
7
1
910
6
2
4
1
10
4
1
12
15
3
1
7
1
1
3
2
19
3
80
5
4
13
7
2
5
1
0
14
6
4
0
3
3
3
0
2
8
26
43
0
5
11
7
3
0
21
5
2
3
2
6
1
8
1
3
5
1
2
4
34
12
11
0
8
1
96
16
24
15
3
3
5
6
47
1
3
1
2
1
22
1
3
5
4
6
43
45
10
16
13
8
0
0
6
141
9
9
11
1
2
4
0
14
1
7
9
22
5
10
5
4
2
2
10
1
4
1
4
4
10
4
5
42
4
0
6
5
29
8
2
13
3
18
7
6
3
5
4
10
6
5
12
6
3
28
1
61
5
11
2
8
2
3
1
13
2
3
7
8
5
4
9
1
5
23
0
13
4
6
4
8
136
9
1
0
4
2
3
0
11
2
4
2
5
3
15
7
11
2
5
8
4
18
372
30
2
4
2
18
25
4
7
2
12
9
7
1
4
4
2
6
18
184
4
0
45
5
2
3
4
11
4
11
24
16
21
2
9
6
5
14
107
1
41
25
1
5
0
8
3
5
2
0
7
2
6
3
1
6
3
15
1
1
7
3
1
4
2
12
3
5
9
5
22
3
0
2
2
13
17
3
3
7
1
8
36
4
8
6
6
9
23
8
0
1
3
4
1
5
13
2
3
7
3
20
1
9
0
9
2
0
3
22
13
4
0
13
1
0
19
4
4
15
9
1
12
11
3
0
84
0
15
4
1
2
3
1
4
1
2
8
23
10
3
12
5
11
2
3
11
1
6
1
5
6
2
6
16
1
17
3
7
0
42
15
7
7
18
6
1
5
7
18
26
36
13
60
17
1
27
4
2
4
8
9
8
6
15
0
2
5
15
13
10
9
4
4
17
6
9
3
11
11
1
4
12
88
9
2
2
1
0
4
10
273
0
12
5
41
2
8
1
8
1
5
2
3
7
3
2
66
12
4
0
2
2
15
1
28
1
13
1
1
2172
7
7
7
1
1
1
3
11
0
4
1
1
10
55
1
2
5
1
6
8
5
3
0
11
16
13
1
31
7
3
13
4
9
13
70
5
15
1
8
2
5
2
26
3
2
3
3
0
0
2
2
3
1
4
40
1
1
10
5
27
15
4
15
19
5
11
8
1
3
1
9
9
8
4
13
0
5
17
5
5
3
3
0
6
2
3
336
2
13
5
9
0
6
7
2
1
5
64
2
8
0
5
12
0
20
3
7
211
1
12
0
4
8
1
2
4
2
11
73
4
3
5
0
3
3
3
3
12
1
8
0
1
10
32
7
1
4
4
3
2
10
4
1
3
9
7
11
3
1
2
0
2
1
0
4
9
3
2
11
6
12
4
5
4
4
5
17
12
15
6
1
4
1
5
1
7
10
0
6
10
13
4
6
1
2
3
108
5
2
7
4
3
3
4
27
9
0
2
2
238
2
5
9
6
7
7
4
3
8
6
1
0
2
2
0
2
8
8
4
17
7
0
6
302
11
2
10
4
22
4
5
0
16
7
3
16
7
4
3
6
3
7
5
6
10
2
9
2
3
6
4
59
3
0
14
6
4
21
1
0
8
4
4
1
3
4
3
4
3
0
2
2
13
10
3
1
4
7
4
5
7
4
0
5
2
5
1
5
4
8
1
76
13
1
13
5
9
9
5
1
2
9
14
9
5
9
3
13
1
11
1
14
0
6
4
1
6
15
32
15
0
6
5
9
0
3
87
7
4
2
2
17
26
0
6
1
21
3
9
5
6
43
1
22
6
1
6
2
13
4
4
2
5
8
173
0
4
11
3
14
3
5
3
12
1
80
5
6
2
3
1
6
6
4
0
9
34
2
4
3
6
6
14
11
0
81
10
6
3
5
2
3
37
8
3
0
2
2
6
10
2
4
5
0
1
8
10
2
4
6
10
23
10
6
2
7
5
7
10
3
4
3
2
4
6
4
1
3
1
24
3
2
15
4
2
9
7
1
4
7
7
10
10
4
3
18
2
6
9
3
1
22
9
19
1
11
1
5
2
3
1
2
3
4
6
4
12
5
3
2
6
18
6
10
1
2
0
3
1
3
3
3
6
8
3
1
72
9
3
5
3
20
14
2
51
4
34
3
7
4
4
1
5
5
1
1
1
4
3
10
10
1
3
1
377
2
4
9
2
12
10
4
6
4
3
0
5
5
17
7
29
2
6
0
3
1
6
41
6
7
7
8
1
53
2
3
8
1
5
7
5
304
10
45
3
6
1
0
2
4
3
5
3
3
17
3
4
1
5
0
11
11
6
1
15
8
21
1
7
26
0
4
12
12
4
10
1
2
14
2
3
15
3
2
3
2
0
3
3
6
0
3
7
5
17
9
4
2
4
27
19
1
1
14
3
4
1
2
4
2
2
4
7
2
15
6
3
2
4
2
7
7
5
16
4
2
8
13
3
2
10
1
132
2
3
1
192
5
12
3
0
9
10
1
2
6
0
21
1
1
3
20
1
3
15
3
11
1
42
5
9
2
0
3
3
4
6
4
4
8
8
11
5
5
2
41
10
2
6
3
1
17
43
9
5
6
1
10
2
17
5
7
5
7
5
3
6
2
14
7
18
10
12
51
8
1
1
3
6
3
15
3
4
2
1
1
4
81
8
7
1
1
1
2
4
11
3
8
1
10
4
9
3
4
7
4
2
5
3
5
10
0
2
2
7
1
1
3
25
5
7
1
9
10
2
2
9
9
23
3
1
4
4
31
13
8
5
4
4
6
2
5
6
4
3
4
2
16
1
4
20
14
2
4
3
4
3
1
5
17
1
2
3
28
6
3
8
8
13
49
5
12
618
1
2
1
2
6
33
0
2
5
3
9
8
10
10
45
4
3
6
10
15
5
1
2
16
0
12
8
9
5
0
6
7
0
17
7
13
3
2
15
2
68
6
10
0
7
18
1
6
2
4
4
0
9
9
6
37
1
1
3
14
4
8
4
2
8
5
6
5
3
4
0
3
5
23
12
2
46
4
0
0
3
2
64
8
8
8
25
1
10
5
3
5
414
5
7
18
13
6
4
14
14
48
6
1
7
7
2
31
8
8
8
3
12
4
2
5
2
7
1
10
1
2
184
10
75
11
13
5
1
4
11
3
21
3
1
8
12
3
2
3
9
9
5
4
2
2
8
6
5
83
16
12
3
3
5
2
1
2
13
22
4
1
1
0
0
4
2
3
10
7
6
1
5
1
42
3
2
3
3
7
2
4
4
8
6
2
12
2
9
0
47
4
2
10
80
6
7
6
18
3
97
2
242
5
6
54
3
16
7
4
2
1
13
0
2
1
4
2
3
0
17
1
6
6
3
4
10
25
2
1
14
0
4
4
5
3
6
1
4
2
3
9
34
7
6
5
1
13
4
13
2
6
3
30
3
4
19
3
7
1
1
10
25
2
2
6
2
3
3
36
2
5
6
5
6
3
5
2
15
2
9
2
1
3
15
0
1
2
23
0
10
16
6
142
8
15
6
3
1
0
4
0
1
1
6
4
4
0
2
4
2
6
7
2
7
1
2
2
0
4
18
2
12
14
4
4
3
5
40
0
5
3
7
0
6
0
3
4
123
13
32
5
3
0
13
5
9
4
0
8
4
3
11
3
3
5
1
13
0
10
14
5
7
12
2
5
11
1
5
8
7
4
6
4
6
17
4
1
5
1
4
2
2
4
2
8
12
4
4
5
12
5
3
12
11
12
369
3
10
1
13
3
4
3
8
18
8
4
8
4
4
4
1
4
3
3
7
8
26
6
0
7
5
9
33
9
4
13
10
11
2
5
1
3
8
4
0
4
1
4
4
1
3
3
0
6
3
1
0
2
1
5
0
5
2
13
7
60
2
3
4
4
1
5
0
3
4
1
9
3
24
1
0
12
7
6
0
3
35
18
3
0
9
4
4
3
1
11
43
27
4
3
2
19
0
60
4
4
10
11
33
9
6
17
3
5
6
5
6
4
4
7
75
2
2
4
3
10
3
0
3
9
2
1
65
3
1
5
9
3
9
2
18
3
4
10
3
7
3
8
5
4
2
8
11
0
6
4
44
4
5
7
12
4
9
2
2
3
2
2
10
3
7
19
10
5
3
15
6
4
21
13
7
16
3
3
6
17
0
8
2
2
10
18
3
10
4
6
0
3
5
6
5
2
11
4
11
4
1
1
7
1
8
5
25
0
9
8
0
9
2
34
3
4
86
7
4
10
5
1
9
2
4
1
6
5
6
5
5
3
1
2
6
2
7
2
14
2
0
3
41
2
7
5
3
8
13
0
6
3
35
0
8
0
1
2
3
1
2
4
18
1
1
5
6
0
60
23
1
12
6
5
48
3
2
1
5
55
3
3
11
1
4
2
4
33
2
8
2
1
1
5
21
5
20
4
19
2
1
1
2
1
9
2
8
15
2
0
4
2
118
3
13
13
6
32
14
5
3
5
947
2
41
1
3
2
3
20
7
6
5
3
2
38
4
24
2
2
5
24
3
0
0
2
6
4
2
4
8
1
2
4
4
8
1
19
65
5
5
6
5
22
8
1
7
0
6
19
3
13
4
7
57
6
6
5
2
10
0
10
0
7
7
4
2
3
12
11
2
1
7
9
5
4
4
3
1
34
2
4
10
4
4
3
23
1
1
1
32
8
6
3
6
1
1
2
1
9
13
6
0
3
27
2
5
4
6
5
1
7
9
0
4
3
1
2
0
5
11
4
3
3
11
5
6
9
12
14
56
44
0
3
5
4
1
3
5
5
4
12
1
1
2
0
3
29
5
0
10
10
1
12
9
5
5
2
5
3
5
6
0
6
7
0
8
24
6
14
4
0
14
8
4
3
11
9
9
3
3
1
4
4
1
6
1
6
7
3
10
0
18
12
2
11
4
26
4
1
5
3
0
2
16
2
11
4
10
2
7
2
32
0
4
17
10
15
68
18
4
4
22
6
4
11
233
3
10
4
29
5
12
1
11
6
0
9
32
9
0
9
14
1
34
1
9
2
4
19
29
5
5
1
39
2
8
1
19
17
5
1
3
12
0
1
1
12
7
6
0
2
2
11
5
9
2
8
2
3
4
6
1
2
4
13
9
12
8
1
0
1
54
3
4
1
1
3
15
18
9
2
1
4
11
5
30
5
3
6
1
4
1
0
1
9
6
6
4
11
4
8
7
2
13
10
12
0
5
22
12
0
11
7
11
12
0
0
1
6
18
9
1
5
1
8
8
0
1
2
3
2
21
2
0
17
5
3
0
13
4
24
9
5
4
6
2
4
6
9
0
6
10
0
9
24
5
9
6
9
0
5
13
1
12
1
1
4
5
4
4
13
2
69
9
9
4
10
5
15
1
2
8
3
2
5
5
3
5
10
26
13
1
5
1
1
7
4
1
2
6
4
1
7
2
1
16
0
3
9
6
4
1
1
1
1
8
3
3
1
3
6
1
4
7
1
2
60
3
6
24
73
0
5
47
6
1
5
3
2
2
20
39
2
12
65
3
2
19
1
3
7
6
16
1
8
12
3
11
2
16
12
7
3
5
8
2
2
6
16
5
8
4
3
17
14
5
81
16
1
5
11
8
7
502
2
2
5
1414
3
5
24
37
2
0
112
11
4
5
8
22
1
47
3
3
48
10
10
0
3
2
2
23
5
15
7
4
7
35
2
4
4
3
12
137
6
1
0
8
17
1
5
1
1
20
2
11
7
6
5
16
3
12
9
13
2
2
3
5
1
1
12
2
12
4
5
6
37
7
5
3
11
14
6
1
0
6
3
272
3
8
3
46
7
3
9
8
13
0
4
1
13
4
4
51
4
18
9
10
1
17
5
2
16
1
14
1
11
7
19
1
0
4
18
0
7
9
6
2
2
6
8
5
2
5
28
5
4
0
0
3
11
3
58
13
4
3
7
3
4
4
9
3
0
4
2
2
11
4
2
7
2
3
6
8
6
25
13
4
63
12
25
29
33
8
37
15
3
15
1
3
5
0
2
10
9
23
10
2
9
8
2
2
8
17
9
9
3
25
3
8
7
6
59
18
2
4
1
8
4
15
2
3
10
2
8
3
3
4
12
27
4
3
4
10
1
0
6
0
2
1
2
2
14
19
2
7
5
1
26
3
0
10
15
13
7
3
11
2
9
3
150
11
4
24
3
5
15
0
2
1
5
1
1
2
4
3
5
5
2
7
1
3
12
1
9
10
2
10
2
3
6
4
9
10
5
9
2
3
6
3
0
6
5
7
7
2
3
5
1
7
2
2
5
12
3
4
5
11
4
7
1
3
2
1
39
6
4
1
0
4
3
1
8
6
2
5
1
2
0
3
3
3
124
41
7
9
1
17
5
2
8
4
5
2
1
0
12
10
9
13
1
3
15
0
1
0
19
0
0
9
2
6
5
1
9
7
18
4
6
1
2
0
7
1
4
14
4
2
0
3
3
4
1
0
7
30
2
3
4
3
6
8
15
6
12
1
5
13
10
19
1
25
0
3
8
4
0
7
3
7
109
11
6
9
10
1
1
10
2
3
16
4
8
18
0
2
3
12
0
10
24
1
3
0
1
14
23
3
1
29
1
8
2
7
0
0
3
0
8
13
2
16
29
3
1
10
2
6
6
2
50
7
16
153
1
9
4
6
24
5
2
5
1
0
2
4
1
18
13
1
4
4
1
1
5
4
32
49
11
11
1
5
4
1
1
1
3
1
7
2
1
3
3
3
7
2
1
6
8
74
4
33
2
7
4
3
3
3
2
8
2
2
3
1
2
2
5
9
1
3
5
14
12
4
6
8
3
2
0
4
4
15
6
1
3
6
12
1
3
2
5
3
1
28
0
4
5
9
5
4
5
2
15
35
13
21
53
3
11
5
4
7
4
4
0
18
3
4
6
2
1
15
1
15
26
5
1
5
30
9
2
3
8
10
7
23
39
22
2
57
67
4
7
2
2
3
2
1
2
4
3
3
16
7
11
5
12
2
1
10
4
17
11
0
5
2
0
8
99
30
7
2
2
13
7
27
3
17
8
3
1
0
1
11
69
1
2
7
11
20
4
31
1116
1
58
7
34
2
9
26
0
0
1
295
3
6
194
29
1
8
1
3
3
0
12
1
6
5
8
15
5
25
13
2
2
7
6
2
3
5
5
1
3
91
4
8
53
12
9
386
14
29
5
2
5
14
1
9
5
4
6
20
21
3
3
7
1
4
7
10
9
0
0
4
34
2
10
2
1
18
19
5
3
0
3
0
18
5
13
4
7
8
1
21
18
8
2
4
7
11
1
3
21
1
6
1
8
1
5
537
0
20
3
1
0
12
2
5
15
1
2
2
0
1
7
11
4
19
3
8
35
5
5
35
3
6
104
11
1
14
5
6
1
45
1
5
28
0
13
8
3
7
3
8
8
10
19
2
4
4
14
12
1
7
25
1
14
5
35
5
11
2
1
1
3
12
10
9
0
28
1
13
12
1
9
8
7
4
3
9
1
9
2
6
2
11
5
2
7
2
4
42
6
10
18
2
8
4
6
3
106
11
10
2
1
3
4
3
5
3
0
15
8
11
3
6
2
7
16
23
2
3
43
6
6
5
3
2
2
14
16
15
4
2
7
3
4
3
0
12
7
15
7
536
1
5
3
71
1
14
23
5
2
17
3
6
0
3
7
7
14
3
4
7
0
2
1
0
8
1
4
2
8
5
3
2
0
3
8
2
7
0
9
1
6
2
2
0
0
2
7
4
5
3
5
11
2
2
5
116
3
2
9
8
12
9
92
3
5
2
2
0
3
4
7
88
21
279
57
1
10
1
7
2
3
4
5
11
1
1
3
2
46
5
1
2
1
4
0
2
2
0
2
7
7
98
4
448
1
6
0
5
8
0
9
7
20
2
6
1
11
2
9
7
7
1
2
10
33
3
9
1
2
3
7
1
71
23
7
0
5
18
4
3
14
0
21
7
33
1
5
3
20
23
6
2
1
7
3
1
7
2
7
0
5
5
0
1
4
6
12
0
15
2
6
1
14
5
12
5
7
2
1
4
18
8
2
13
5
7
7
109
3
2
3
5
31
36
11
3
2
1
3
4
4
7
4
11
4
6
3
3
11
1
8
6
8
31
18
18
2
3
10
9
3
10
6
0
0
16
2
11
8
19
14
5
0
209
10
21
23
15
7
8
31
6
17
1
5
7
2
27
19
4
2
5
0
4
0
2
1
13
1
3
2
3
6
2
1
3
6
3
2
10
5
10
4
1
2
1
0
5
74
10
4
2
7
2
9
12
5
1
3
2
5
3
4
20
1
0
6
5
5
1
130
6
4
10
8
17
2
37
11
4
7
1
2
4
6
6
2
2
0
0
9
6
2
3
4
2
11
3
4
2
3
11
9
2
7
4
4
31
3
3
2
6
3
3
3
16
2
2
3
1
7
7
5
7
11
31
3
7
2
3
10
1
1
3
4
3
4
3
2
4
3
2
2
15
5
1
5
13
20
3
2
5
15
7
12
1528
3
1
4
3
0
4
27
1
0
11
2
2
10
1
15
1
8
6
3
6
1
8
2
3
6
5
1
8
3
2
3
4
8
21
2
10
16
2
3
11
3
2
1
67
6
4
40
4
6
4
1
7
1
5
1
3
3
1
3
21
1
5
5
1
19
10
2
4
2
4
26
5
8
1
4
3
1
2
5
4
6
6
3
1
12
2
7
3
2
6
4
2
4
1
2
11
6
5
3
4
11
1
9
6
6
0
2
23
4
158
15
5
14
6
7
1
24
7
5
5
2
10
8
1
4
4
3
13
6
4
11
1
7
4
6
10
10
1
3
3
18
6
6
3
11
7
0
16
38
0
12
14
4
18
10
34
4
5
8
5
7
10
6
5
5
10
4
2
4
26
8
13
1
2
3
23
2
3
4
3
4
9
8
4
8
16
0
19
2
20
2
7
3
4
4
3
1
2
6
78
1
3
13
32
57
5
5
10
2
1
10
0
1
4
3
3
4
14
1
3
3
2
0
3
9
4
7
59
8
8
1
2
16
31
0
4
15
2
7
4
1
41
15
3
3
2
2
6
1
8
6
17
0
12
2
11
12
3
7
0
10
13
2
4
4
11
6
8
2
2
4
1
5
5
3
3
7
1
3
6
4
0
2
9
15
6
5
8
12
4
3
6
5
5
4
7
9
6
5
10
24
6
4
3
1
27
2
0
1
9
10
6
2
3
3
2
4
2
0
3
3
8
0
0
4
6
2
5
4
2
9
8
3
125
3
2
10
3
18
3
9
6
5
1
0
8
7
3
8
47
3
1
11
22
19
1
44
4
1
9
1
1
5
4
12
4
19
1
0
7
12
2
5
21
11
0
0
1
3
1
8
5
5
146
7
2
15
4
10
1
6
2
5
10
0
2
1
2
10
4
8
14
4
20
7
11
0
12
9
2
1
1
5
0
6
3
3
4
1
1
5
3
53
4
6
2
4
1
3
3
35
5548
1
31
0
2
6
3
11
4
12
2
9
0
40
8
3
1
5
2
3
5
8
2
13
2
3
5
1
3
0
4
7
3
5
2
5
6
3
8
6
0
3
7
2
60
4
5
2
0
4
5
30
9
6
0
0
0
10
4
50
0
4
6
12
4
9978
2
4
8
23
20
21
2
3
4
6
2
5
7
5
6
1
5
0
64
3
4
4
2
2
6
3
26
5
5
6
132
7
3
17
13
1
2
2
1
2
0
0
3
11
27
3
2
1
3
3
3
9
5
8
19
3
7
2
3
12
1
117
6
3
3
12
16
1
43
2
6
1
4
5
4
51
11
2
33
9
8
1
3
3
6
20
6
3
5
1
53
16
2
3
17
3
3
2
4
3
0
4
10
1
3
0
9
13
1
1
90
2
6
12
39
31
11
3
7
1
10
1
2
13
13
5
6
3
0
11
3
13
1
5
3
6
2
4
2
6
3
6
1
5
4
2
5
1
3
23
4
3
9
11
26
2
3
5
0
1
3
3
32
6
16
4
14
2
2
15
5
2
3
11
0
7
5
6
7
11
12
13
0
12
6
15
10
20
9
2
7
2
3
11
0
3
1
17
3
5
1
3
0
3
9
2
2
10
4
0
3
10
1
0
0
4
26
3
0
0
9
25
18
7
3
1
5
10
1
14
6
1
24
0
7
8
1
54
40
1
10
21
6
10
2
2
11
0
4
1
11
3
19
1
3
6
1
2
1
7
4
25
5
4
0
3
7
8
1
12
2
0
9
5
19
2
57
11
4
11
12
2
9
4
1
14
17
11
1
7
0
9
1
2
3
31
7
6
6
3
2
2
6
8
6
2
4
3
5
15
9
9
2
6
4
3
3
1
4
5
13
2
1
11
11
1
20
0
1
7
5
3
3
10
5
3
2
1
10
1
1
0
12
13
3
1
1
9
9
6
186
2
6
3
9
36
18
8
9
5
0
5
4
0
3
1
1
7
4
6
1
1
5
199
2
33
10
4
4
1
2
3
11
11
3
1
6
11
6
24
3
0
536
2
12
5
4
0
14
3
2
5
2
12
5
7
18
11
2
1
3
0
5
2
6
8
0
2
5
22
15
4
4
2
11
7
165
6
9
1
8
0
2
13
19
4
8
5
2
3
2
5
3
7
3
12
5
8
20
36
26
1
4
17
7
6
10
0
1
9
13
8
2
9
4
0
83
3
27
1
2
9
63
8
2
3
5
15
6
29
8
36
1
5
8
2
8
10
9
2
3
9
4
14
5
2
6
24
18
3
18
1
3
2
11
7
16
7
14
4
2
28
4
3
7
5
3
0
25
6
6
12
3
2
0
2
17
10
11
5
3
1
189
14
3
7
35
1
13
8
3
2
2
5
7
1
1
6
2
2
5
1
3
8
3
0
2
5
5
0
4
1
5
11
7
1
2
2
29
5
4
2
10
9
4
9
1
0
4
0
1
12
9
15
4
1
210
3
19
14
2
25
4
0
1
4
12
24
11
5
1
7
6
2
17
5
6
5
2
0
25
2
9
5
7
4
2
14
3
19
7
7
14
10
11
1
3
2
1
1
3
5
1
5
1
21
8
9
18
5
0
18
2
5
9
11
12
3
20
11
24
3
5
1
2
5
2
29
3
3
15
1
1
9
8
1
2
3
21
4
0
1
5
8
4
25
12
13
0
3
16
2
8
9
1
16
4
9
10
9
2
36
14
1
4
28
7
1
1
8
4
4
1
0
7
0
1
3
8
55
5
5
4
0
2
9
4
0
18
0
1
0
21
6
7
9
17
11
6
345
6
7
7
22
34
2
4
62
11
8
1
10
5
11
3
12
7
3
6
7
9
38
1
2
8
7
2
2
2
3
529
5
2
1
3
4
2
2
4
10
4
4
7
2
4
9
4
2
1
2
8
2
24
5
2
9
3
23
3
5
2
6
2
17
3
1
2
5
6
4
14
3
9
5
35
1
5
4
1
4
7
2
3
0
10
8
3
17
3
2
2
4
1
6
16
6
4
2
4
4
1
4
8
1
30
30
1
14
3
6
4
0
14
5
7
4
8
8
4
12
15
35
0
0
23
5
1
10
1
2
4
10
2
22
5
4
17
2
4
51
2
19
2
11
2
11
5
1
3
1
14
20
4
6
10
13
2
4
6
7
15
3
1
3
8
12
1
5
3
1
6
6
0
3
7
11
0
9
4
14
8
5
8
6
2
4
10
2
13
64
8
2
1
3
3
10
4
7
208
5
5
6
3
4
3
1
21
1
0
218
3
2
5
5
5
1
21
37
3
17
8
10
95
12
25
4
11
1
1
31
0
6
71
5
3
7
5
17
2
3
0
36
3
2
6
2
4
5
4
22
0
6
2
7
0
1
12
6
5
4
8
0
2
22
15
4
2
5
7
7
19
6
4
2
3
2
0
6
14
27
30
4
0
1
7
1
3
7
4
2
26
1
2
2
17
5
10
16
2
2
1
18
1
7
9
4
0
5
5
5
9
1
5
4
1
1
1
11
2
29
7
2
13
30
4
2
4
5
8
11
2
19
9
0
28
17
16
3
6
1
12
10
3
8
1
12
3
12
3
3
5
1
7
39
44
3
23
9
3
1
4
0
9
7
1
3
3
4
1
8
2
1
3
5
1
16
6
15
2
5
2
4
8
74
5
1
19
10
8
47
2
3
2
7
2
3
2
6
1
34
47
3
10
1
11
8
7
0
1
31
3
5
2
7
2
4
11
0
1
2
4
1
4
6
5
10
1
0
15
12
0
9
3
10
4
17
13
44
3
11
3
7
33
10
2
5
1
13
44
3
2
1
3
5
6
4
5
2
0
5
3
8
3
5
153
4
15
0
3
20
9
3
4
3
1
0
11
5
7
6
6
6
13
3
3
8
4
5
6
4
2
8
12
7
5
5
8
6
69
1
3
3
7
7
1
7
4
5
0
1
7
7
8
4
4
4
15
13
5
9
1
1
4
10
2
2
9
2
3
17
7
3
3
3
2
2
42
5
3
2
3
12
9
6
140
1
1
9
4
113
16
11
3
7
2
16
4
23
1
5
19
3
13
126
12
4
5
6
2
5
6
3
1
3
9
4
1
5
8
6
12
1
14
17
24
5
2
79
12
7
9
12
7
6
0
2
52
1
11
0
5
4
14
3
15
103
3
4
3
1
4
41
2
1
5
4
10
3
5
29
3
2
9
1
28
2
29
21
2
2
3
6
6
3
5
5
20
18
4
0
7
6
8
6
14
15
14
2
1
1
4
1
1
2
0
4
50
22
0
34
11
21
3
3
2558
6
0
40
27
11
16
1
10
7
2
24
3
12
2
7
7
10
4
4
9
4
10
19
3
1
0
3
9
3
5
6
7
4
6
9
1
0
16
17
5
32
8
3
5
8
2
0
15
4
2
3
2
0
4
446
1
4
4
2
12
8
3
19
9
23
19
9
12
7
3
34
18
7
3
2
0
0
250
9
5
4
5
8
5
3
3
12
9
5
2
5
11
1
2
4
3
13
34
5
10
7
11
7
301
16
10
3
7
3
4
6
4
10
104
9
6
2
3
1
12
2
4
1
20
1
62
1
19
11
0
9
7
4
2
0
2
5
18
2
0
1
1
16
1
3
6
21
5
22
2
8
31
1
1
6
9
12
12
14
3
3
19
3
1
3
5
5
3
21
1
8
1
1
12
71
21
7
10
3
5
2
4
3
7
4
4
2
4
0
7
4
5
3
4
3
15
2
1
8
1
4
19
7
3
8
11
7
0
2
12
23
2
28
3
8
6
6
12
0
1
8
7
9
3
6
1
4
2
2
1
30
7
2
5
15
6
1
4
3
21
5
17
4
12
4
3
2
12
37
4
1
6
43
2
7
1
4
1
5
2
161
0
7
3
11
5
43
4
4
7
10
2
5
0
6
2
2
8
18
5
1
4
3
23
18
2
0
2
4
11
3
2
1
51
1
1
28
1
1
21
2
3
7
11
3
2
3
5
56
26
1
8
5
8
5
2
5
7
2
5
4
3
8
3
3
11
10
7
21
2
2
0
1
3
3
8
42
1
4
13
25
4
2
13
3
2
2
7
3
1
2
0
6
0
2
2
4
3
21
2
6
7
86
0
4
0
3
1
7
4
9
11
4
3
12
4
17
10
3
2
10
19
16
1
1
7
7
7
5
3
0
5
55
0
3
1
89
0
24
5
3
9
282
1
27
2
13
41
2
5
2
18
6
5
6
5
4
1
3
13
3
1
13
2
3
8
12
9
17
3
12
7
2
21
15
10
7
2
2
2
2
4
3
4
33
5
3
6
1
12
5
9
4
6
5
13
59
1
15
3
35
0
2
2
5
2
5
2
11
5
4
5
5
2
10
2
43
4
10
4
1
4
12
3
11
3
5
2
8
2
8
2
2
11
15
12
10
30
7
2
2
3
6
9
0
1
10
4
3
11
11
6
7
7
8
4
3
5
2
2
5
3
3
5
5
1
1
39
2
8
5
7
7
0
17
1
1
2
1
0
4
1
1
1
2
5
5
3
11
1
10
5
2
14
14
5
3
15
5
5
4
9
6
0
7
1
4
0
6
11
10
0
6
5
23
2
0
16
2
107
4
1
6
0
10
4
2
5
2
1
5
6
4
3
11
2
3
4
3
1
2
3
8
3
3
13
3
3
2
8
0
3
5
2
2
16
1
11
26
2
0
7
8
11
1
13
0
5
8
4
6
15
13
6
3
10
2
9
3
11
2
6
1
3
42
4
57
2
7
3
4
5
1
3
3
3
7
0
8
1
1
4
7
6
19
4
3
2
6
1
2
1
2
4
10
3
4
0
4
5
2
30
5
4
92
28
4
10
4
3
7
7
21
6
5
2
1
22
5
2
12
1
1
5
1
12
7
6
2
11
4
16
0
6
5
1
4
6
2
8
7
43
2
1
10
23
10
7
22
1
2
3
2
6
3
2
3
3
1
2
1
9
4
0
45
0
8
6
49
2
4
10
42
0
5
17
9
12
14
5
4
4
4
6
4
5
20
2
8
13
18
51
5
19
8
0
9
8
2
4
2
14
2
7
28
4
17
1
10
745
0
9
7
2
0
4
1
6
4
8
4
11
4
9
5
15
2
3
0
2
5
17
16
14
11
1
8
2
2
1
10
11
16
39
3
1
15
1
5
4
2
6
5
5
2
5
5
4
1
70
3
6
6
3
4
29
8
30
1
1
5
6
4
3
0
2
1
1
2
2
11
5
14
0
4
3
4
1
4
1
4
2
5
3
4
35
5
12
3
7
18
1
2
4
9
3
1
2
30
0
4
3
5
15
0
4
4
127
5
6
1
6
8
1
1
594
12
2
13
8
6
3
13
1
13
6
63
2
14
11
0
5
1
1
1
3
13
5
86
2
2
3
7
4
6
3
163
2
18
23
3
3
2
6
16
4
6
2
5
0
3
6
1
3
36
4
2
6
10
4
6
3
2
6
15
3
9
7
4
7
99
1
4
5
3
9
7
4
8
26
11
3
9
1
1
12
3
12
4
2
6
2
23
7
10
163
1
3
1
11
3
9
1
0
2
3
21
11
10
4
7
2
49
26
9
6
3
13
1
1
1
16
9
3
20
1
1
2
9
8
2
44
3
3
20
2
17
4
10
2
4
3
3
7
1
5
2
10
14
5
1
1
13
11
6
4
1
16
8
6
5
0
97
12
16
10
7
0
5
949
2
7
4
7
38
9
7
0
4
8
9
6
8
2
3
13
4
2
13
0
7
3
3
0
7
13
1
19
6
2
3
4
19
8
11
1
14
65
34
2
0
7
6
3
11
5
2
7
8
6
1
0
2
6
5
6
3
6
1
10
3
5
7
21
14
0
7
4
13
8
6
7
2
6
2
0
1
4
22
8
14
5
12
81
3
2
1
1
10
1
5
10
7
13
4
3
14
26
2
5
2
1
1
2
19
7
8
4
14
6
0
4
11
4
3
14
8
3
5
9
15
4
11
0
15
1
7
38
5
5
31
4
25
2
4
3
1
3
2
12
8
3
0
1
1
9
2
3
47
6
29
60
9
3
7
2
5
17
2
5
7
2
10
4
5
18
4
20
32
1
5
7
3
7
9
5
1
0
6
3
8
5
7
5
1
12
10
8
9
5
5
18
10
16
0
13
4
0
73
8
0
1
2
4
1
3
304
113
8
12
1
3
2
13
9
3
21
7
9
4
2
7
9
9
2
99
7
3
11
2
11
0
5
8
5
21
3
8
6
1
10
3
24
2
1
4
11
1
24
2
5
1
4
1
1
28
12
3
4
15
1
15
25
3
1
4
2
5
3
13
4
23
47
6
8
1
2
8
4
92
1
3
5
9
7
3
13
4
7
0
7
7
5
0
3
22
1
5
3
13
0
2
7
2
8
22
8
8
10
29
39
3
4
8
5
5
1
6
4
14
2
0
2
16
2
0
4
31
12
6
0
4
21
15
2
2
7
3
7
35
6
1
1
3
12
6
14
4
3
5
1
2
5
2
11
2
22
0
20
2
17
0
38
11
3
2
4
3
5
43
1
2
18
8
7
0
7
6
3
7
10
3
2
2
7
4
34
13
6
0
14
32
4
2
21
5
7
71
156
0
15
9
3
1
22
1
14
9
2
1
0
2
3
3
2
5
9
265
1
3
3
6
37
48
4
3
8
6
34
3
7
5
0
3
1
0
6
2
16
27
0
693
9
3
3
5
5
26
3
10
2
5
6
2
5
2
1
1
10
27
3
5
8
4
2
2
5
59
6
336
10
24
7
2
0
0
12
213
1
7
1
1
22
8
2
10
2
1
3
7
21
4
13
8
34
7
2
1
2
1
2
8
0
5
5
13
0
1
7
12
3
8
6
10
1
15
1
8
9
1
8
11
9
2
12
7
9
11
3
5
7
5
6
7
4
39
7
11
1
3
3
8
5
29
4
3
2
2
12
1
3
8
6
7
6
22
2
3
3
5
3
3
5
7
11
24
1
2
9
8
2
1
8
2
3
2
154
5
2
10
4
11
2
1
1
77
2
9
8
23
4
14
4
7
8
7
1
10
4
7
3
4
15
2
3
19
14
15
15
5
6
1
3
1
14
2
51
4
1
4
4
