10
9
10
2
101
7
5
13
3
13
1
7
9
8
22
3
10
8
1
12
5
24
3
2
4
14
3
26
4
8
3
5
2
1
31
14
3
5
17
3
17
25
3
2
4
2
6
5
14
5
24
51
6
9
1
2
8
6
103
2
3
7
9
7
3
14
5
10
1
8
8
7
1
3
25
2
6
3
13
1
2
10
3
8
30
13
8
12
30
41
4
4
10
9
5
1
6
5
16
3
3
5
4
22
26
4
6
7
2
5
1
24
1
5
1
1
6
4
3
20
21
5
16
8
1
17
6
14
16
4
0
5
13
3
5
2
1
6
6
4
43
14
14
1
9
3
3
9
12
16
2
3
3
13
6
40
4
19
3
5
5
8
22
2
4
2
1
10
7
6
12
2
2
3
10
6
29
1
0
3
2
11
4
29
16
4
26
39
4
2
11
10
9
1
5
20
17
17
6
2
2
12
3
0
5
4
79
59
4
2
6
3
122
3
9
4
3
2
8
8
3
16
6
14
16
5
3
4
2
6
6
5
9
65
6
4
8
5
12
3
1
7
6
47
2
6
2
8
13
9
5
22
7
7
0
3
1
14
89
34
2
1
4
20
0
3
22
3
29
29
4
36
31
58
57
45
4
9
16
10
10
22
16
15
7
3
1
4
54
11
3
14
3
2
4
10
7
3
4
7
97
17
3
26
2
25
16
4
11
13
2
12
2
6
5
3
23
81
21
1
8
11
3
2
2
0
8
4
11
6
6
2
6
12
3
17
3
8
1
13
6
13
2
0
3
1
3
6
14
2
1
0
7
17
2
4
9
3
37
11
9
0
7
4
4
7
26
16
0
1
1
5
5
1
2
4
2
12
4
14
8
2
10
25
7
141
3
5
4
3
6
2
8
1
1
3
10
4
6
26
3
3
7
8
9
5
4
352
1
2
3
12
1
7
3
28
2
7
5
5
5
5
7
10
4
12
6
28
2
3
11
25
0
4
4
28
11
4
16
0
5
8
2
89
7
4
2
7
10
11
10
2
2
3
4
4
4
8
3
4
4
11
4
62
15
9
4
1
0
39
2
5
11
2
14
5
19
9
5
5
5
8
8
2
8
7
3
5
10
596
72
10
2
4
12
8
11
16
7
3
10
9
10
2
101
7
5
13
3
13
1
7
9
8
22
3
10
8
1
12
5
24
3
2
4
14
3
26
4
8
3
5
2
1
31
14
3
5
17
3
17
25
3
2
4
2
6
5
14
5
24
51
6
9
1
2
8
6
103
2
3
7
9
7
3
14
5
10
1
8
8
7
1
3
25
2
6
3
13
1
2
10
3
8
30
13
8
12
30
41
4
4
10
9
5
1
6
5
16
3
3
5
4
22
26
4
6
7
2
5
1
24
1
5
1
1
6
4
3
20
21
5
16
8
1
17
6
14
16
4
0
5
13
3
5
2
1
6
6
4
43
14
14
1
9
3
3
9
12
16
2
3
3
13
6
40
4
19
3
5
5
8
22
2
4
2
1
10
7
6
12
2
2
3
10
6
29
1
0
3
2
11
4
29
16
4
26
39
4
2
11
10
9
1
5
20
17
17
6
2
2
12
3
0
5
4
79
59
4
2
6
3
122
3
9
4
3
2
8
8
3
16
6
14
16
5
3
4
2
6
6
5
9
65
6
4
8
5
12
3
1
7
6
47
2
6
2
8
13
9
5
22
7
7
0
3
1
14
89
34
2
1
4
20
0
3
22
3
29
29
4
36
31
58
57
45
4
9
16
10
10
22
16
15
7
3
1
4
54
11
3
14
3
2
4
10
7
3
4
7
97
17
3
26
2
25
16
4
11
13
2
12
2
6
5
3
23
81
21
1
8
11
3
2
2
0
8
4
11
6
6
2
6
12
3
17
3
8
1
13
6
13
2
0
3
1
3
6
14
2
1
0
7
17
2
4
9
3
37
11
9
0
7
4
4
7
26
16
0
1
1
5
5
1
2
4
2
12
4
14
8
2
10
25
7
141
3
5
4
3
6
2
8
1
1
3
10
4
6
26
3
3
7
8
9
5
4
352
1
2
3
12
1
7
3
28
2
7
5
5
5
5
7
10
4
12
6
28
2
3
11
25
0
4
4
28
11
4
16
0
5
8
2
89
7
4
2
7
10
11
10
2
2
3
4
4
4
8
3
4
4
11
4
62
15
9
4
1
0
39
2
5
11
2
14
5
19
9
5
5
5
8
8
2
8
7
3
5
10
596
72
10
2
4
12
8
11
16
7
3
4
3
4
7
2
2
76
2
20
0
4
6
12
1
24
5
2
103
2
1
10
9
2
8
14
0
5
4
9
7
32
13
16
2
8
68
0
9
10
66
2
9
4
13
8
8
5
11
22
2
6
5
4
2
14
3
9
7
3
3
21
16
4
3
15
3
10
2
5
32
16
4
5
3
2
30
5
1
10
3
0
9
4
31
34
6
3
7
4
4
6
3
3
6
4
5
8
4
6
4
3
3
7
1
7
3
6
4
5
0
11
7
2
3
4
11
9
8
6
2
6
5
2
13
1
6
40
7
11
3
4
4
22
5
3
5
2
12
8
0
18
4
1
105
5
9
7
9
33
4
4
4
7
17
10
5
0
26
12
7
11
2
15
9
11
6
39
1
4
6
1
14
4
6
327
1
5
4
11
72
8
5
4
2
4
13
2
3
15
13
8
2
7
105
9
6
3
5
11
5
2
11
5
8
3
3
33
10
4
360
0
16
3
4
4
3
7
2
5
21
9
4
3
19
27
27
132
9
7
3
6
11
9
15
6
3
6
16
10
4
27
19
2
4
46
5
7
3
4
1
9
4
6
4
4
3
0
6
13
8
5
0
11
3
22
4
6
2
3
7
14
5
6
16
4
2
2
3
7
1
7
3
1
15
16
8
4
12
6
3
5
10
7
2
6
1
3
4
36
22
9
7
4
2
8
5
2
8
4
2
3
3
19
2
9
2
9
145
6
2
15
208
0
5
5
12
1
0
3
10
3
0
7
3
2
6
5
1
0
2
10
6
2
12
2
7
4
7
12
9
17
39
10
2
14
3
13
0
0
7
1
6
3
7
5
4
15
15
6
4
0
2
2
7
131
1
5
2
16
6
13
12
73
4
3
10
3
28
6
19
4
1
5
3
8
8
0
5
5
9
1
5
9
1
21
3
52
21
7
0
6
3
5
5
4
6
5
4
3
17
7
1
7
8
1
39
5
7
14
7
19
4
23
7
9
19
9
5
4
28
5
3
1
4
43
9
8
2
14
8
3
10
3
2
4
3
3
1
10
2
950
6
3
4
2
10
5
1
14
17
5
2
7
1
1
4
2
23
3
87
6
6
14
10
2
8
1
0
17
8
4
1
3
3
4
0
2
9
28
47
1
6
11
7
3
0
24
5
2
4
2
7
2
11
2
4
6
1
2
4
35
13
12
0
8
1
102
18
26
15
4
3
5
6
50
2
3
2
2
1
25
2
4
8
5
8
43
46
13
17
17
9
1
2
7
144
9
11
13
1
2
6
0
15
2
8
10
24
5
10
5
4
3
2
12
1
5
2
5
4
10
4
6
44
7
0
8
6
30
10
4
13
4
21
8
6
4
5
4
11
7
5
15
6
3
30
1
69
5
12
2
9
4
3
1
14
2
4
9
11
6
4
10
1
5
24
1
14
4
6
6
9
143
9
1
0
6
3
6
0
12
2
4
3
6
4
17
9
13
4
7
8
4
18
396
30
3
6
3
21
25
5
9
3
15
11
7
2
5
4
2
7
19
188
5
0
48
6
3
4
7
12
6
13
27
17
24
2
12
7
8
14
112
1
48
26
1
10
0
10
4
8
2
2
8
3
8
4
1
7
3
16
1
1
8
4
1
5
2
13
3
5
11
7
24
6
0
3
3
15
19
4
3
8
2
8
36
5
9
7
7
10
27
8
0
2
4
5
2
5
13
3
4
9
4
21
2
10
0
10
3
3
3
28
15
6
0
13
1
1
24
4
4
17
11
2
16
12
5
2
87
1
15
5
2
2
4
2
5
1
4
11
25
10
3
14
5
13
3
5
13
4
8
2
6
7
4
8
16
1
18
5
7
1
45
15
7
8
20
7
2
5
8
20
27
41
16
66
17
1
30
4
2
4
8
11
8
8
15
1
4
5
18
14
11
10
5
7
21
7
11
4
12
11
2
5
13
91
10
4
2
1
1
4
10
286
1
15
6
41
2
10
1
10
1
6
5
4
8
4
2
70
14
4
1
3
2
18
1
29
1
14
2
3
2230
9
7
7
1
3
3
4
14
0
6
1
1
12
63
1
3
7
2
6
9
5
4
0
14
20
17
1
32
8
6
15
4
9
14
79
6
17
1
10
3
6
2
27
3
2
6
4
0
0
3
2
3
1
5
41
3
3
12
5
31
18
5
15
19
6
11
11
2
3
2
10
9
8
5
14
1
6
19
5
10
3
4
0
6
3
3
350
4
13
6
9
1
7
9
3
1
8
69
3
10
0
6
12
0
21
3
8
222
2
12
0
4
9
1
3
4
2
12
81
6
3
6
1
5
3
4
4
16
3
9
0
2
10
35
7
1
5
5
3
3
13
5
2
3
10
9
13
3
1
2
0
3
1
0
4
9
3
3
11
6
16
4
7
5
5
6
18
13
17
7
1
5
2
5
1
8
14
0
9
10
15
4
7
3
2
3
110
7
2
9
4
4
3
5
28
9
0
4
3
249
2
7
9
9
7
8
5
3
9
7
1
0
3
5
1
2
8
10
4
18
7
0
7
315
11
2
11
4
22
8
5
1
18
8
5
18
11
4
3
6
4
7
5
7
13
2
10
3
4
6
7
60
5
1
16
7
4
23
1
0
9
5
5
2
4
6
4
5
4
1
5
2
14
11
3
2
8
7
6
5
7
4
2
7
2
6
1
7
5
9
1
81
14
2
13
7
12
12
5
3
2
10
15
9
7
11
4
16
1
11
1
14
0
6
4
1
6
17
33
16
0
7
5
9
0
3
91
9
5
4
4
22
29
0
8
1
24
3
9
7
6
43
1
24
9
1
7
2
13
4
5
3
8
8
184
0
4
12
4
17
3
6
4
14
2
83
5
6
3
4
4
7
8
5
1
10
40
3
4
4
7
6
18
11
1
86
10
7
5
6
2
3
43
9
5
1
3
3
7
11
2
4
6
0
2
10
10
2
5
6
10
27
11
6
4
7
5
8
13
5
5
3
3
5
7
4
1
3
1
26
3
3
17
4
3
10
7
2
4
8
9
11
11
5
3
21
2
10
9
4
1
26
10
20
1
12
3
5
2
3
2
5
3
5
6
8
18
7
3
5
7
20
6
10
1
3
1
4
2
3
4
3
9
9
5
1
74
11
3
6
6
22
15
3
56
5
41
4
9
7
6
1
5
5
3
1
3
4
3
12
12
1
3
2
392
3
4
10
3
13
11
5
8
4
4
0
6
6
19
7
33
3
7
0
4
2
7
42
6
7
10
8
1
57
2
4
8
1
6
11
5
313
12
48
3
7
3
0
2
4
3
5
4
4
19
3
7
1
6
1
13
12
7
1
15
9
23
2
7
26
1
7
13
12
4
11
2
2
14
2
3
16
5
3
5
3
1
3
4
6
0
4
7
6
18
13
4
3
6
28
22
2
1
14
4
4
2
4
6
4
5
4
11
2
17
7
4
2
4
3
9
8
6
19
6
2
9
13
3
4
12
2
136
3
3
2
209
5
12
3
0
9
12
1
3
8
1
21
1
1
4
21
2
5
16
4
12
3
44
6
10
2
2
3
4
5
8
6
4
9
8
12
7
6
2
45
10
4
6
3
1
19
43
10
6
8
1
13
3
18
5
7
6
8
5
4
7
3
17
10
18
10
12
56
8
3
3
3
7
4
15
3
4
3
2
1
4
87
10
8
2
2
2
2
7
11
3
9
1
10
5
9
3
4
9
6
3
5
3
8
11
0
2
3
8
1
4
3
25
6
8
1
11
13
3
4
10
10
24
4
1
4
4
35
13
12
8
5
4
6
3
6
7
5
3
5
3
17
2
7
23
14
3
6
4
4
3
1
8
20
1
2
3
29
8
4
8
10
16
52
6
13
639
1
3
2
6
7
36
1
5
5
4
9
10
13
10
49
5
5
6
10
15
6
2
2
18
0
13
9
10
5
0
7
8
2
19
9
14
4
4
17
3
74
6
12
1
9
20
1
9
2
5
6
1
9
9
7
39
2
2
3
15
4
11
5
6
9
6
6
6
4
4
0
5
5
26
12
2
48
4
0
0
4
2
66
9
8
9
27
2
10
7
4
10
427
5
9
19
16
6
4
15
15
50
8
1
8
7
2
33
9
9
9
4
16
4
2
6
3
8
1
14
1
2
189
12
77
12
17
5
1
4
12
3
26
4
1
11
13
5
3
6
10
9
5
4
2
3
8
8
7
90
17
13
4
4
5
2
1
3
16
25
4
1
2
3
1
5
2
3
14
8
7
1
7
1
46
4
4
4
4
8
4
5
4
9
7
3
14
2
10
0
50
6
2
12
85
6
8
8
21
3
100
2
253
6
6
59
4
18
8
6
3
2
13
0
2
4
4
2
3
0
18
1
6
6
6
5
11
26
2
2
15
0
5
6
5
3
6
1
6
2
3
11
35
9
7
7
2
14
5
15
3
8
4
34
3
4
20
3
7
3
2
11
29
2
2
8
2
4
4
38
3
8
6
8
8
3
6
3
16
5
10
2
1
4
19
2
1
2
26
0
13
18
7
147
8
16
8
3
5
0
5
0
2
1
8
4
6
2
4
4
2
6
8
2
8
1
3
2
1
4
22
5
12
14
4
4
4
6
45
1
7
3
8
0
6
0
4
4
127
14
36
6
3
1
14
5
9
5
2
11
5
3
11
3
4
5
2
14
2
12
16
6
8
15
2
5
11
1
6
8
7
4
6
5
6
18
5
2
6
3
5
2
2
5
2
9
13
4
4
6
14
8
5
13
13
12
383
3
11
1
16
4
5
4
8
18
9
4
11
7
6
4
1
7
3
4
8
10
28
6
1
7
7
12
35
10
6
13
12
13
2
7
1
5
9
6
0
4
2
5
6
3
4
4
2
8
3
2
1
3
1
8
2
5
2
13
9
66
3
3
5
4
1
5
0
3
5
2
9
4
25
1
2
16
9
7
0
4
39
20
3
0
11
4
5
3
2
11
46
29
8
4
3
19
0
63
5
5
12
13
35
11
8
18
3
5
7
6
7
6
4
9
80
2
2
7
3
11
3
0
4
9
3
1
70
4
3
6
12
4
12
3
20
4
6
12
3
7
3
8
5
6
2
9
15
2
10
5
49
5
8
9
12
4
10
2
5
4
4
2
11
3
8
19
14
7
4
19
7
4
21
14
7
20
3
3
9
18
0
8
2
2
11
20
3
11
5
6
1
4
6
9
6
3
11
5
12
5
1
2
7
3
8
6
27
0
9
9
0
9
2
37
4
5
91
8
6
11
5
2
12
5
5
2
6
5
7
6
5
5
2
2
10
3
11
2
18
2
0
3
45
3
8
5
3
9
14
2
6
4
38
3
8
2
2
2
3
2
4
7
20
1
1
6
11
0
69
27
1
13
6
5
53
4
3
1
8
59
4
3
13
4
6
2
4
35
3
11
2
2
1
5
23
6
27
4
19
4
1
1
3
1
10
4
10
17
3
0
5
2
122
4
16
16
7
36
15
6
4
5
975
2
44
2
3
2
5
23
7
6
6
3
3
40
4
29
2
3
6
27
3
2
1
3
8
4
3
5
9
2
5
5
5
9
1
20
71
7
8
7
6
23
10
1
8
1
7
20
3
13
5
9
58
7
9
5
3
12
2
11
0
8
9
5
3
6
17
14
3
3
9
12
5
5
6
4
2
36
2
4
11
4
4
3
25
3
2
1
37
8
6
3
8
3
3
3
1
9
13
7
0
4
29
2
8
5
7
8
1
9
10
0
4
4
2
2
0
6
12
5
4
3
12
6
6
10
13
16
65
45
0
4
9
5
1
3
6
6
6
14
3
1
2
0
5
29
6
1
11
12
1
13
10
5
5
3
6
3
5
6
0
7
9
0
9
28
6
15
4
1
16
8
4
4
11
10
11
3
3
2
6
4
2
7
1
7
10
5
10
0
19
12
3
15
4
27
4
1
5
3
2
2
19
3
11
4
10
2
7
2
34
0
5
19
10
17
71
22
6
5
22
7
4
14
241
3
11
4
31
6
13
1
12
7
0
11
35
10
0
12
18
2
35
4
11
2
6
21
31
5
8
1
41
5
8
2
20
22
5
1
3
14
0
1
1
14
8
7
1
3
3
13
6
11
2
9
3
3
4
8
1
2
4
13
12
15
9
1
1
1
57
3
5
1
1
4
18
21
11
3
2
4
13
6
34
7
5
7
1
4
2
1
2
11
9
7
7
13
4
10
8
3
16
13
16
1
5
23
14
0
13
7
12
13
1
0
1
7
19
13
2
6
1
8
8
1
1
4
4
4
22
2
0
19
6
4
0
13
6
27
10
6
7
6
3
6
7
10
1
6
10
0
11
24
6
11
7
10
0
7
15
2
12
1
1
5
6
6
4
13
2
71
10
9
6
10
6
17
2
2
10
4
6
7
7
3
6
11
29
17
3
6
2
3
10
4
3
2
7
4
3
8
2
1
23
0
3
11
7
5
1
2
3
1
8
3
4
1
3
8
2
4
10
3
2
62
4
6
25
77
1
6
49
7
1
7
5
4
2
21
44
3
14
72
4
5
25
1
5
9
7
16
2
9
19
4
13
3
18
13
7
4
5
8
3
2
6
17
7
10
4
4
19
14
7
86
20
2
7
11
9
9
516
4
2
6
1447
4
7
26
44
2
1
128
17
4
6
9
30
2
51
4
3
51
13
11
3
3
3
4
26
5
15
7
6
7
38
6
4
4
3
12
143
6
1
1
11
21
2
5
1
4
22
3
14
8
6
5
17
4
12
13
14
5
3
4
6
2
1
13
3
13
7
6
7
38
7
6
3
13
17
6
2
0
6
5
289
3
12
3
51
7
4
9
10
16
0
4
1
15
4
4
55
6
25
10
13
2
19
5
2
19
1
14
2
14
7
20
1
0
7
19
1
8
10
8
3
3
7
10
8
3
6
29
5
4
0
0
4
11
3
62
13
4
3
7
4
4
4
10
3
1
4
2
3
11
5
3
7
2
3
8
9
6
27
14
5
69
14
26
29
33
9
42
16
3
16
4
4
5
2
4
10
10
27
11
2
10
10
2
2
8
21
10
10
4
26
5
9
9
6
62
18
2
5
1
10
5
15
3
6
12
3
8
6
5
6
15
29
5
4
5
12
2
0
8
2
3
2
3
2
15
22
2
7
7
1
28
4
0
11
16
17
7
4
13
2
11
3
154
14
4
33
4
7
18
0
3
2
7
2
1
2
4
3
7
6
3
7
1
4
15
1
10
10
3
10
2
4
6
5
9
11
5
12
3
4
7
4
1
7
7
7
10
5
5
5
2
8
4
3
5
16
4
4
5
16
5
7
1
3
2
1
41
7
6
1
1
4
6
2
8
7
2
5
1
2
0
3
4
3
131
44
9
11
3
18
6
2
8
6
7
4
1
1
12
11
10
14
4
3
20
1
2
0
21
1
1
9
2
7
5
1
9
7
21
4
8
1
2
1
7
2
6
16
4
3
0
4
4
7
1
1
9
31
2
3
6
3
10
10
18
7
12
1
5
13
12
20
1
29
0
3
9
4
0
7
3
9
112
12
10
10
10
2
1
12
4
4
18
4
12
21
1
2
4
14
0
12
28
1
4
0
1
16
24
4
2
30
1
9
3
9
0
1
3
0
8
16
3
19
30
4
1
10
3
7
9
3
55
9
17
157
2
9
4
7
26
5
3
6
1
0
2
6
1
22
14
2
4
5
2
2
7
6
33
52
13
11
3
9
4
2
3
2
4
3
10
5
2
4
3
4
8
2
2
7
8
78
6
37
3
7
5
3
4
4
3
9
2
3
4
2
2
3
5
10
2
5
6
15
14
7
7
11
3
3
1
5
4
16
7
1
3
7
13
2
3
3
7
4
3
33
0
6
5
11
5
4
5
2
16
39
13
24
56
3
14
5
6
10
4
4
1
21
4
5
7
2
2
15
2
17
27
5
1
5
32
12
3
3
10
13
7
24
42
27
2
64
74
5
7
2
2
3
2
1
2
6
5
5
17
10
16
6
13
3
4
11
6
20
16
1
6
2
1
10
109
33
9
2
2
16
8
28
4
19
8
6
3
0
1
14
75
2
3
8
13
22
4
32
1154
2
61
8
34
4
11
28
0
0
1
313
4
9
204
31
3
10
1
5
3
0
15
3
6
5
9
15
7
29
14
3
2
9
7
3
4
5
8
1
5
97
6
8
58
13
11
399
18
29
6
4
5
17
2
12
6
6
9
20
22
4
4
9
2
6
8
11
10
0
0
4
40
2
13
2
2
20
21
5
3
2
3
0
18
6
14
4
8
8
1
23
19
9
3
5
8
11
1
3
22
1
7
1
11
2
6
555
1
22
3
1
1
14
4
5
15
1
3
2
0
1
8
13
7
21
3
10
38
5
9
38
6
6
110
11
2
18
5
6
2
51
1
7
29
2
16
8
4
8
3
13
8
10
19
3
7
4
14
13
3
7
30
1
15
5
38
9
13
2
1
1
3
15
13
11
2
28
3
15
12
1
9
9
8
5
4
9
4
10
2
7
2
13
6
2
10
3
4
45
6
10
18
2
8
5
7
6
112
11
12
4
2
4
4
4
6
4
0
15
8
12
5
7
3
7
18
25
4
4
48
6
6
7
4
2
4
14
16
17
4
3
10
3
4
3
0
13
10
17
8
542
2
6
3
76
2
15
23
6
3
19
4
7
1
3
8
11
15
5
4
8
1
2
2
0
10
1
5
2
9
6
3
2
1
4
9
2
7
0
11
1
8
4
3
0
3
4
9
6
10
4
5
11
2
3
5
121
5
2
9
10
13
11
99
3
5
3
3
0
6
5
8
97
21
285
62
3
10
1
7
2
3
4
6
13
1
3
4
3
51
5
2
2
3
4
0
2
3
0
2
11
9
105
4
467
2
7
0
6
9
0
9
8
22
2
7
1
12
2
11
8
10
1
2
11
34
4
11
2
3
3
7
3
80
25
7
0
6
20
4
3
16
0
22
12
35
2
5
3
23
28
7
3
2
9
3
1
9
3
8
1
6
5
2
1
5
7
14
1
17
3
8
3
17
7
12
6
8
3
2
5
19
11
2
17
5
7
8
115
4
3
4
7
32
40
12
3
5
2
3
5
4
8
6
13
5
7
4
5
12
2
9
6
9
33
22
20
2
3
11
10
4
10
9
1
0
18
2
15
8
21
17
6
0
219
12
22
26
17
8
9
33
8
17
2
6
8
3
31
19
6
4
5
0
6
0
4
3
14
2
3
4
4
9
3
1
3
7
4
3
12
6
11
6
1
2
1
1
6
80
10
4
2
8
3
11
16
6
1
3
2
5
3
5
23
2
2
7
6
6
1
138
6
4
13
9
18
2
42
11
4
7
1
2
5
7
6
3
2
1
1
10
6
2
3
4
3
13
3
5
2
3
12
11
6
7
4
5
34
4
6
4
8
5
4
4
16
2
3
5
1
8
7
6
7
12
33
4
8
4
4
12
1
1
4
4
3
4
4
3
4
3
4
3
16
6
1
5
14
22
3
3
5
18
9
12
1583
4
1
4
4
0
4
27
1
2
11
4
2
12
2
19
1
8
6
3
8
2
10
3
4
7
6
1
8
5
3
4
4
10
22
3
10
17
2
4
12
3
4
2
72
9
4
45
5
6
4
1
8
1
7
2
3
5
2
5
23
2
6
6
2
22
11
4
4
2
5
28
8
9
1
5
3
2
2
6
4
7
6
4
2
13
2
7
4
2
8
4
4
4
1
3
11
8
5
3
4
16
1
10
8
8
0
2
27
6
166
18
7
14
9
8
1
25
9
5
6
2
13
9
1
5
7
3
15
8
7
12
1
9
5
8
10
11
2
3
4
22
6
7
3
13
7
0
18
42
0
16
19
4
19
10
36
5
7
9
6
8
10
7
5
8
11
5
2
5
27
11
13
1
2
4
26
2
4
4
5
6
13
9
5
9
17
1
21
2
20
3
9
3
6
4
3
2
3
9
85
1
3
13
37
61
6
6
11
6
1
12
2
1
4
4
3
5
18
1
3
4
2
1
3
12
4
7
60
13
8
1
3
18
37
0
4
15
2
8
6
2
41
15
4
5
4
3
6
2
9
9
20
0
13
3
11
14
3
7
0
10
15
3
4
4
12
6
9
3
4
5
1
5
5
4
4
8
1
5
6
4
0
2
11
15
6
5
8
13
5
5
6
5
6
6
7
10
8
7
10
26
7
4
3
2
30
3
2
2
11
10
9
2
5
4
2
6
3
0
3
4
10
0
1
5
6
6
7
5
3
9
8
4
130
4
5
10
3
19
3
11
7
6
2
0
8
10
3
9
52
3
1
15
26
22
1
50
5
3
9
2
2
7
5
12
6
20
1
3
9
13
2
5
26
12
1
0
2
3
2
9
5
6
151
8
5
17
4
10
2
7
2
6
11
0
3
2
2
11
5
9
16
6
20
9
11
0
12
10
2
2
1
7
0
7
4
4
5
1
1
5
3
56
5
8
3
4
1
4
5
37
5722
2
34
1
2
7
4
11
4
14
2
10
0
44
10
5
2
5
6
4
5
10
3
15
2
4
7
2
5
1
5
8
5
5
3
6
6
6
10
6
0
3
8
2
62
6
5
2
2
4
6
31
10
6
0
0
1
11
5
55
0
5
6
12
5
10235
2
5
9
24
21
23
2
3
4
6
5
5
8
8
7
1
5
0
65
3
4
4
2
2
6
4
31
5
7
8
141
9
4
19
14
2
2
2
1
2
0
0
3
11
29
4
4
3
4
3
3
10
6
8
20
5
7
2
4
13
1
125
6
4
4
14
17
1
47
3
8
2
4
7
7
57
13
3
37
13
8
2
3
3
6
21
7
3
5
3
57
19
4
6
18
3
3
3
4
4
2
5
12
2
4
2
10
13
1
4
93
2
7
12
40
32
13
4
7
2
13
2
2
13
15
6
7
3
1
13
4
14
4
5
4
7
2
5
2
7
4
6
1
6
8
2
8
1
6
23
5
4
10
11
29
2
5
5
0
1
3
5
33
8
18
5
17
3
2
18
7
3
4
13
0
7
5
7
10
12
12
14
0
14
8
15
10
23
11
2
7
3
5
12
0
3
3
20
3
7
2
4
1
6
9
2
2
12
4
1
4
10
1
1
0
5
27
5
0
0
9
26
18
10
5
3
5
13
1
15
6
1
27
0
9
9
2
62
42
2
12
23
7
10
2
2
12
1
5
2
12
3
19
2
3
8
2
2
1
7
5
25
8
4
1
4
8
9
1
15
6
0
11
5
22
3
59
12
5
13
17
3
11
7
2
16
19
12
1
7
1
9
1
2
3
33
8
6
6
5
3
3
7
12
7
3
5
3
6
16
12
9
2
6
4
6
3
1
8
6
15
2
3
12
13
1
23
0
1
8
6
4
3
10
7
4
3
2
11
1
1
0
15
13
3
1
4
10
9
6
199
2
6
3
11
38
21
8
10
7
1
6
4
0
3
2
2
8
4
8
2
2
5
215
3
33
11
8
5
1
2
4
15
13
4
3
7
13
6
27
3
0
568
4
12
6
6
0
16
3
3
6
2
12
7
8
19
13
2
1
3
1
7
3
7
9
1
2
7
24
17
4
6
4
11
8
175
6
11
1
11
0
2
14
19
4
10
5
3
5
3
5
4
8
5
12
8
10
22
42
28
2
4
19
7
8
12
0
3
9
16
10
3
12
4
0
89
4
29
2
4
9
69
9
2
4
6
16
6
32
9
38
1
5
8
3
8
12
12
2
5
12
6
14
6
3
7
25
19
4
19
1
4
2
12
10
18
7
14
6
4
30
4
4
7
5
3
0
29
6
8
14
3
2
2
2
18
11
12
5
4
2
199
14
3
8
37
1
13
9
6
2
2
5
8
2
2
7
4
2
6
3
4
9
3
1
2
6
5
1
4
1
7
12
7
2
3
3
31
7
4
3
11
12
5
9
1
0
4
1
5
13
9
16
5
2
220
3
20
14
2
28
4
0
1
5
14
26
11
7
2
10
8
3
19
7
6
5
2
1
29
2
11
6
8
4
2
14
3
19
7
7
16
10
14
4
3
3
2
2
4
5
1
5
1
25
10
11
22
5
1
21
4
6
11
12
14
3
20
12
27
4
7
1
3
7
3
29
4
4
16
1
1
11
10
4
2
3
21
4
1
1
7
10
7
29
12
15
0
4
16
4
9
11
1
19
5
9
10
11
3
36
14
2
6
30
14
3
2
9
5
4
3
0
7
0
1
4
9
58
9
7
4
0
4
12
5
0
19
1
1
0
24
7
8
10
20
11
6
368
7
7
7
22
39
3
5
64
12
9
1
11
7
15
6
12
7
6
7
8
9
38
1
3
8
9
3
3
3
6
559
8
4
3
3
5
2
3
5
10
5
5
9
3
4
9
6
2
2
2
8
2
26
6
2
10
3
26
4
5
2
6
2
18
4
1
2
7
7
4
16
3
9
6
39
1
6
6
1
6
8
5
4
0
10
9
4
20
4
2
4
5
3
6
17
8
4
2
4
5
4
5
9
2
31
32
1
17
3
6
5
0
17
5
8
5
9
8
6
12
15
36
1
0
26
6
1
12
1
2
4
11
3
25
5
5
17
2
5
51
4
20
2
12
4
13
5
1
5
1
17
21
7
7
11
13
5
4
6
8
16
4
3
4
8
14
3
6
3
2
7
6
0
4
8
15
1
11
4
19
9
5
8
8
3
4
12
2
14
66
9
2
2
3
4
12
5
10
217
5
8
8
3
6
3
1
24
1
1
236
4
2
7
6
8
1
22
39
5
20
9
11
100
14
26
4
11
1
2
33
1
6
76
5
4
9
5
17
2
3
1
39
5
2
7
3
5
5
4
22
1
9
3
7
1
2
13
6
5
5
10
0
2
25
16
5
4
5
7
8
19
7
5
2
3
4
2
8
18
28
34
4
1
2
8
1
3
7
4
2
28
4
5
3
22
6
11
18
2
2
1
18
1
8
10
4
0
7
6
5
12
2
6
5
1
2
1
13
2
30
7
2
17
30
5
2
4
7
9
14
3
21
12
0
31
21
17
3
8
1
13
11
3
9
1
14
3
14
5
5
5
1
7
44
48
4
24
11
4
1
4
1
11
8
1
3
4
6
1
8
2
1
4
5
2
17
7
16
2
5
2
5
9
78
6
2
24
11
8
52
2
3
2
8
2
4
2
6
1
39
51
3
11
1
13
11
10
0
1
35
3
6
2
9
3
5
13
1
1
3
5
3
6
6
7
11
1
1
17
12
0
9
5
12
4
19
14
48
5
14
3
9
33
11
6
5
1
13
46
3
2
1
5
5
8
6
6
2
1
5
3
8
3
7
160
4
16
2
4
23
10
8
6
5
2
0
16
6
11
8
6
6
15
3
4
9
5
5
8
4
4
9
13
8
5
6
11
7
73
1
3
4
9
9
2
7
4
5
0
1
8
10
9
5
4
5
15
15
7
12
1
2
6
12
3
2
9
2
4
20
7
3
4
5
3
2
43
5
3
3
4
13
9
7
150
1
1
11
5
121
18
13
3
9
3
16
5
28
1
7
25
4
13
129
13
5
6
6
4
6
9
3
1
4
9
8
3
6
8
7
14
1
15
21
28
5
4
80
19
7
11
15
8
6
1
3
57
1
11
1
6
7
18
4
16
110
3
5
5
2
5
44
2
2
8
4
12
5
7
32
3
2
10
2
30
2
35
23
3
2
3
6
7
4
5
5
23
20
5
0
8
7
9
7
17
18
14
2
2
1
6
1
1
2
1
4
53
25
0
36
13
21
6
3
2626
7
0
42
29
12
19
1
10
10
2
26
3
12
3
8
9
11
7
4
11
4
12
20
3
1
0
4
13
3
7
7
8
4
7
9
4
0
18
18
5
36
10
6
7
11
2
0
16
4
3
5
2
0
6
456
1
6
4
2
13
8
5
20
9
24
22
10
13
7
3
37
18
9
3
3
1
0
252
14
5
5
7
9
8
4
5
16
11
5
2
7
12
1
3
5
4
14
35
7
11
7
13
8
311
19
13
3
8
3
6
8
7
11
108
10
7
2
3
1
12
3
7
1
22
2
67
1
20
13
1
9
7
4
3
0
3
6
21
4
1
2
3
16
1
3
7
22
5
26
2
9
33
2
2
7
11
14
13
14
3
4
19
4
1
4
5
5
4
21
1
10
2
1
13
81
22
10
11
3
5
3
11
3
7
4
4
2
7
0
8
4
5
4
6
4
15
4
3
8
1
5
22
7
5
8
12
7
0
2
14
27
2
29
3
9
9
10
13
0
2
10
7
9
4
9
5
4
3
2
4
32
8
5
8
17
6
2
4
3
24
6
18
5
12
4
4
2
12
39
5
2
6
49
6
7
1
5
2
6
3
165
0
10
4
11
6
46
5
4
7
10
3
8
0
7
3
3
10
19
7
1
4
3
25
20
3
1
2
4
12
3
2
1
54
2
2
29
2
1
21
2
5
8
13
4
3
3
6
63
31
2
8
8
8
7
2
6
8
2
5
7
3
8
4
3
14
10
10
23
3
4
1
1
3
4
8
46
2
5
13
26
4
3
16
4
5
2
9
5
1
3
0
8
0
3
2
5
4
26
3
10
9
96
1
4
1
3
1
8
6
9
13
6
3
12
6
19
12
4
3
10
20
20
1
3
8
7
7
5
3
1
6
58
0
3
1
100
2
26
6
4
11
297
1
30
4
14
43
3
8
2
19
7
6
7
7
6
2
4
17
3
2
18
2
4
8
14
10
18
3
12
8
3
23
15
11
7
2
5
3
4
4
3
5
35
6
4
9
4
15
5
9
4
8
5
15
64
1
16
4
37
1
3
2
6
3
5
2
11
7
4
6
5
2
11
3
48
4
12
4
2
5
13
3
11
3
5
5
9
2
8
2
3
13
15
13
12
30
7
2
3
3
7
9
0
1
10
6
3
11
12
7
8
7
9
4
3
7
3
2
6
5
3
5
6
2
1
42
2
9
7
7
8
0
17
3
2
3
1
1
5
2
2
2
3
6
6
4
11
3
11
5
2
16
15
6
4
18
6
6
4
12
7
0
9
1
5
2
7
13
10
0
8
6
25
2
0
19
3
113
4
2
9
1
13
4
2
6
2
1
5
8
4
4
12
3
4
5
6
2
2
5
9
4
5
15
6
3
3
11
0
3
6
2
4
20
1
12
28
2
1
8
9
11
1
14
1
5
9
4
6
16
15
6
5
11
2
13
3
14
2
6
3
4
43
4
62
3
9
3
6
8
1
5
5
4
7
1
8
1
1
5
8
8
19
6
4
2
8
1
4
1
2
6
12
4
5
0
5
6
3
34
6
4
94
29
5
13
4
3
9
8
21
7
5
4
1
22
6
4
13
2
1
5
1
12
8
8
2
13
4
16
0
9
5
1
5
6
4
8
8
45
2
1
13
23
10
7
23
1
2
4
2
7
4
3
3
3
3
3
1
9
6
0
46
0
8
6
51
2
4
11
44
1
7
18
10
14
15
5
5
4
5
8
6
5
23
3
8
16
19
54
6
21
9
0
9
9
2
4
2
15
2
10
30
5
18
2
12
783
0
10
10
2
1
4
1
7
6
9
4
12
4
11
6
16
3
3
0
2
6
17
19
16
11
1
8
3
3
2
12
11
17
40
5
1
16
4
7
5
2
7
5
6
2
5
5
7
3
73
4
6
6
4
4
36
10
34
1
1
6
9
6
4
1
4
3
1
2
2
15
6
14
0
5
3
7
1
4
1
4
2
6
3
4
37
6
15
3
8
19
3
2
5
10
5
1
2
30
2
5
3
6
16
0
4
6
134
5
8
2
6
9
1
2
610
16
3
15
12
6
3
13
1
14
9
64
2
15
12
1
6
4
3
3
3
17
7
90
2
4
3
10
4
6
5
177
2
22
24
4
4
2
7
19
4
6
2
5
0
4
7
5
5
38
4
2
7
11
6
7
3
3
8
17
4
10
8
4
9
103
1
5
6
4
11
7
5
9
28
12
4
10
1
2
13
4
12
4
2
6
3
24
7
10
169
1
3
1
13
4
9
1
0
3
4
24
13
10
4
7
2
51
28
11
7
4
13
1
1
1
20
12
5
21
2
1
4
12
8
2
49
5
3
22
3
17
7
13
3
4
3
4
7
2
6
2
11
16
5
2
1
16
11
6
5
1
17
8
6
5
2
101
14
17
13
7
1
5
995
3
8
4
7
41
11
8
0
4
8
10
6
10
3
3
13
4
2
15
0
8
3
3
1
8
14
1
20
9
2
3
4
20
10
11
1
17
66
34
4
0
7
6
6
14
6
2
8
10
6
1
0
2
6
7
8
4
7
1
10
3
6
7
21
19
1
8
5
13
9
6
8
2
7
3
1
2
4
24
10
15
6
16
84
3
3
3
2
10
1
5
10
7
14
4
3
15
30
2
5
2
1
2
2
20
11
9
4
15
7
0
4
11
6
3
14
8
4
6
13
18
4
11
0
16
2
9
41
6
7
31
5
26
3
4
4
2
3
3
12
9
3
0
1
1
11
2
7
50
7
35
63
9
3
9
2
7
19
3
5
7
2
13
4
6
20
5
22
35
3
6
7
4
9
11
6
2
0
8
4
9
6
7
5
1
13
13
8
9
7
5
21
11
20
0
15
7
1
76
8
0
2
2
4
3
3
315
117
8
13
1
4
2
13
11
3
21
7
10
6
2
10
9
10
2
101
7
5
13
3
13
1
7
9
8
22
3
10
8
1
12
5
24
3
2
4
14
3
26
4
8
3
5
2
1
31
14
3
5
17
3
17
25
3
2
4
2
6
5
14
5
24
51
6
9
1
2
8
6
103
2
3
7
9
7
3
14
5
10
1
8
8
7
1
3
25
2
6
3
13
1
2
10
3
8
30
13
8
12
30
41
4
4
10
9
5
1
6
5
16
3
0
2
18
4
1
9
34
13
7
0
5
23
15
3
2
8
3
7
39
7
1
1
6
13
8
20
4
3
5
2
3
6
3
12
2
23
0
22
2
19
0
43
13
5
4
5
3
5
47
1
4
20
10
7
0
11
7
4
9
13
3
2
3
7
5
36
15
6
0
14
37
5
3
21
6
9
73
161
0
16
10
5
1
25
2
15
10
2
1
0
2
4
4
2
5
9
271
1
4
3
6
37
51
4
3
10
7
39
3
8
6
1
4
2
0
7
3
16
30
0
715
9
4
3
6
5
27
6
14
2
6
6
2
6
3
2
1
16
31
4
5
9
4
2
2
7
59
8
345
11
26
9
3
0
2
12
226
1
7
1
1
26
9
3
11
3
3
5
7
22
6
14
8
38
8
4
2
2
2
3
8
2
5
6
13
0
1
8
15
4
10
6
10
1
21
2
10
10
1
9
14
10
3
13
7
12
13
3
7
8
7
6
7
5
41
9
14
3
4
5
8
6
32
4
4
2
3
12
1
3
10
7
8
9
24
4
4
3
5
3
4
6
7
14
27
2
3
9
10
4
3
10
3
4
2
159
7
3
10
4
12
2
1
3
83
2
11
8
23
5
17
4
7
10
8
2
10
5
7
3
5
17
4
3
20
17
16
20
5
7
1
3
1
15
2
54
4
1
5
4
