0
2
4
0
6
0
1
0
3
0
0
0
0
0
15
0
0
0
0
3
4
8
0
0
1
6
0
5
2
2
2
5
23
308
0
12
1
2
4
11
3
4
6
4
111
2
23
0
28
1
3
0
1
2
4
0
22
0
2
4
0
1
1
17
23
0
2
5
3
3
8
0
0
19
5
2
3
0
2
0
0
4
1
2
0
0
2
1
1
9
3
15
11
8
0
0
7
1
0
34
6
6
0
0
3
0
6
1
1
0
3
29
13
5
32
8
5
11
18
3
2
1
0
8
0
5
0
0
0
3
23
13
11
20
1
0
0
1
1
3
6
4
7
0
1
18
1
0
2
8
0
0
8
1
64
0
0
39
5
1
4
1
2
0
1
1
11
3
2
0
13
4
0
2
0
0
0
0
8
1
1
3
0
1
17
0
6
1
8
3
1
4
7
1
1
1
8
1
1
1075
1
1
10
1
0
5
3
0
6
2
11
2
0
4
8
4
1
0
3
0
0
11
4
34
3
0
33
0
0
11
0
3
9
3
3
3
0
5
0
5
2
11
0
1
7
8
0
0
2
0
0
0
18
1
2
11
0
9
55
1
1
1
2
5
2
1
0
0
1
3
37
1
0
1
1
2
0
1
0
1
4
2
6
1
1
4
1
1
17
5
65
1
0
0
1
1
1
1
2
4
5
2
0
0
1
2
7
1
0
1
0
17
0
0
2
4
1
0
2
0
0
8
2
2
1
0
19
29
1
14
0
2
3
11
0
1
3
3
2
7
0
5
4
14
0
0
0
1
4
0
3
28
1
1
38
0
8
0
14
2
0
76
1
0
21
16
2
0
4
0
2
7
0
0
2
0
6
3
0
1
0
2
0
6
1
0
1
3
0
28
2
0
0
2
0
0
0
0
2
6
0
20
5
4
11
0
1
0
0
0
6
2
1
0
5
1
2
49
1
2
0
0
0
7
1
10
1
1
117
2
0
1
2
8
3
30
11
2
1
25
2
2
1
15
0
1
1
59
9
7
0
7
0
12
3
0
7
0
97
0
0
3
1
0
49
12
2
0
0
6
18
1
55
1
0
0
8
0
0
0
286
0
207
0
9
0
0
1
2
1
4
1
0
7
1
2
1
1
8
0
0
2
4
0
6
0
1
0
3
0
0
0
0
0
15
0
0
0
0
3
4
8
0
0
1
6
0
5
2
2
2
5
23
308
0
12
1
2
4
11
3
4
6
4
111
2
23
0
28
1
3
0
1
2
4
0
22
0
2
4
0
1
1
17
23
0
2
5
3
3
8
0
0
19
5
2
3
0
2
0
0
4
1
2
0
0
2
1
1
9
3
15
11
8
0
0
7
1
0
34
6
6
0
0
3
0
6
1
1
0
3
29
13
5
32
8
5
11
18
3
2
1
0
8
0
5
0
0
0
3
23
13
11
20
1
0
0
1
1
3
6
4
7
0
1
18
1
0
2
8
0
0
8
1
64
0
0
39
5
1
4
1
2
0
1
1
11
3
2
0
13
4
0
2
0
0
0
0
8
1
1
3
0
1
17
0
6
1
8
3
1
4
7
1
1
1
8
1
1
1075
1
1
10
1
0
5
3
0
6
2
11
2
0
4
8
4
1
0
3
0
0
11
4
34
3
0
33
0
0
11
0
3
9
3
3
3
0
5
0
5
2
11
0
1
7
8
0
0
2
0
0
0
18
1
2
11
0
9
55
1
1
1
2
5
2
1
0
0
1
3
37
1
0
1
1
2
0
1
0
1
4
2
6
1
1
4
1
1
17
5
65
1
0
0
1
1
1
1
2
4
5
2
0
0
1
2
7
1
0
1
0
17
0
0
2
4
1
0
2
0
0
8
2
2
1
0
19
29
1
14
0
2
3
11
0
1
3
3
2
7
0
5
4
14
0
0
0
1
4
0
3
28
1
1
38
0
8
0
14
2
0
76
1
0
21
16
2
0
4
0
2
7
0
0
2
0
6
3
0
1
0
2
0
6
1
0
1
3
0
28
2
0
0
2
0
0
0
0
2
6
0
20
5
4
11
0
1
0
0
0
6
2
1
0
5
1
2
49
1
2
0
0
0
7
1
10
1
1
117
2
0
1
2
8
3
30
11
2
1
25
2
2
1
15
0
1
1
59
9
7
0
7
0
12
3
0
7
0
97
0
0
3
1
0
49
12
2
0
0
6
18
1
55
1
0
0
8
0
0
0
286
0
207
0
9
0
0
1
2
1
4
1
0
7
1
2
1
1
8
0
0
0
0
0
32
1
2
2
18
0
2
0
12
2
0
2
1
2
0
0
15
1
0
38
1
13
42
53
6
2
2
4
0
8
2
2
1
0
1
0
0
2
4
2
5
4
16
1
6
2
1
2
0
2
0
1
4
3
0
0
0
2
1
2
1
0
13
0
9
13
7
8
1
0
2
8
1
5
1
5
0
0
3
2
2
1
23
2
9
8
0
13
2
4
0
2
3
0
0
11
0
3
1
2
0
4
10
7
51
0
1
0
1
0
0
1
6
0
1
0
148
2
5
9
1
0
1
23
2
2
1
8
0
0
1
0
0
46
14
7
0
2
3
0
5
0
2
0
1
0
6
1
4
2
6
0
2
5
9
0
3
3
2
9
0
1
1
12
2
1
1
0
63
9
1
1
4
2
10
12
1
5
16
1
0
1
7
1
1
103
2
0
6
0
0
1
1
22
0
1
2
2
2
13
0
0
0
0
6
12
3
3
12
2
3
1
1
2
0
8
1
0
5
4
1
0
0
6
0
0
3
0
13
15
4
0
0
20
29
0
8
0
5
1
9
4
11
3
10
0
2
1
1
2
0
56
1
0
0
6
18
1
0
1
8
1
0
2
0
0
4
2
0
3
3
2
0
8
1
11
2
8
35
1
101
1
0
2
9
11
1
0
0
0
0
2
7
1
4
8
6
1
10
1
1
25
21
0
2
0
0
4
27
6
7
0
14
0
95
88
5
2
1
0
5
0
0
0
0
0
1
0
1
11
1
1
9
1
2
3
0
1
0
8
11
15
0
213
51
1
14
3
0
1
17
1
4
3
10
1
0
0
1
0
0
2
2
1
0
5
37
3
3
3
2
0
2
3
1
4
0
0
0
3
0
1
1
2
0
0
59
1
3
18
2
0
1
3
4
3
5
1
2
35
0
3
0
6
2
1
3
1
0
7
0
0
0
4
1
0
9
1
0
0
0
12
16
0
0
4
0
3
167
1
1
0
7
1
1
5
1
15
17
26
10
15
12
6
1
1
9
0
0
2
0
0
0
0
4
1
1
1
3
0
0
1
12
0
1
0
3
31
1
2
1
6
23
2
0
17
3
0
23
83
0
2
0
3
1
1
0
19
5
0
12
7
0
11
5
2
11
1
0
18
0
1
4
13
1
4
3
2
1
1
2
0
2
0
2
1
1
9
0
1
0
0
1
2
0
4
0
2
0
40
6
4
2
8
1
2
4
2
2
1
3
0
23
3
1
11
3
17
1
1
6
2
13
4
2
4
7
2
0
1
0
22
1
16
5
9
5
64
0
6272
3
0
1
0
1
0
36
0
0
1
3
3
2
3
5
2
1
4
3
6
0
1
14
0
0
1
7
3
1
2
4
0
2
1
1
9
3
0
6
0
1
125
636
2
1
0
8
16
13
0
0
0
6
1
3
2
3
18
4
1
1
0
4
4
70
5
1
6
3
0
0
0
0
1
7
2
2
16
1
1
0
0
6
1
0
2
2
3
55
6
0
0
5
0
2
0
2
1
0
1
6
0
6
2
3
1
8
1
0
5
18
6
0
1
4
7
0
0
0
5
2
1
0
2
113
1
5
46
9
3
1
15
0
0
0
0
6
3
32
39
0
0
0
1
17
1
5
16
3
1
2
1
0
3
0
5
36
13
1
7
1
0
1
1
1
5
1
2
0
1
4
0
0
0
5
0
3
1
1
69
1
1
0
0
4
0
4
0
1
8
36
0
0
22
10
2
0
1
627
2
8
1
0
0
0
0
0
1
2
1
27
0
4
0
1
40
0
0
76
3
0
2
21
13
2
1
1
2
0
0
1
1
0
7
0
1
0
1
3
1
4
0
11
3
0
0
4
4
2
15
0
1
3
3
1
3
0
0
0
1
3
22
2
0
5
2
20
2
1
0
1
10
1
3
0
7
2
0
0
0
0
8
9
3
5
3
0
0
0
0
3
2
1
13
1
4
1
7
5
1
0
0
3
0
2
7
0
4
3
3
1
0
4
0
1
0
0
4
1
0
5
7
5
2
0
19
14
16
1
4
0
0
0
0
0
2
0
4
6
603
11
12
1
5
0
2
3
1
0
0
3
2
0
2
36
3
1
0
2
0
0
180
0
0
0
7
6
1
1
1
10
0
5
0
1
0
15
11
24
0
0
5
2
2
2
1
0
0
0
3
8
0
0
0
7
1
0
8
1
0
0
1
1
0
4
0
0
0
0
0
6
1
1
3
4
2
2
1
27
2
1
0
0
3
0
1
0
1
1
0
67
4
1
15
10
2
0
3
5
8
63
40
0
1
3
2
1
27
0
19
9
0
0
28
1
5
16
1
1
1
1
0
0
1
54
10
0
0
4
0
5
4
0
2
12
3
4
0
2
1
8
15
0
1
1
2
5
6
0
0
2
4
1
2
5
0
1
1
2
1
3
0
0
0
0
2
0
1
0
7
0
8
10
1
8
11
4
0
2
17
8
4
1
1
0
0
0
2
8
2
2
0
0
0
0
2
7
2
0
0
0
54
1
0
2
3
18
0
1
17
1
3
0
1
32
0
4
5
1
7
4
0
1
0
0
2
91
2
625
3
4
1
0
2
4
6
4
1
1
4
0
0
4
5
2
0
0
0
0
4
9
19
2
15
2
3
1
1
1
1
1
14
3
15
0
7
1
5
33
4
3
1
9
37
0
0
0
2
1
0
1
0
3
0
5
0
8
1
0
0
2
0
0
0
2
0
7
0
2
3
0
1
0
1
0
15
0
3
3
6
0
0
3
0
13
0
5
14
0
1
8
0
3
11
0
0
5
0
4
0
1
0
1
5
0
0
4
6
37
1
0
16
2
0
6
1
2
3
1
4
5
1
2
1
1
22
44
1
0
1
1
1
2
14
4
18
0
0
13
1
1
2
1
1
5
2
1
2
0
4
1
0
9
2
0
0
0
3
1
142
16
1
1
271
0
3
1
1
2
2
16
0
59
7
5
21
0
0
0
0
0
0
2
0
32
1
1
1
1
14
2
0
1
0
4
23
1
5
0
0
1
1
0
6
1
5
3
0
59
0
2
1
1
6
1
1
2
4
0
2
0
34
7
0
2
7
2
12
0
0
0
0
0
2
55
1
22
0
2
56
0
1
9
1
0
1
1
1
0
0
0
0
0
3
11
0
2
1
67
0
0
0
3
2
10
0
6
23
0
4
26
1
1
9
2
22
2
15
74
23
11
0
1
0
3
0
22
10
1
2
0
3
1
1
2
1
5
4
5
3
0
1
17
8
2
0
4
1
1
0
2
1
2
0
0
6
0
0
0
1
3
5
2
0
1
0
2
0
0
1
0
1
4
1
4
4
16
1
0
2
0
1
0
4
5
0
1
0
0
130
2
0
0
13
4
0
31
1
0
3
2
4
0
2
1
3
5
1
3
3
1
1
5
1
0
1
0
0
0
1
6
3
0
1
4
4
1
1
7
5
0
12
0
0
0
3
4
2
1
3
0
0
1
1
0
1
6
0
0
1
18
1
0
0
0
121
5
21
1
10
2
1
2
0
1
0
1
1
0
3
4
4
4
0
14
2
1
0
4
1
9
0
0
0
3
2
0
29
3
1
4
2
1
1
41
12
1
0
2
0
2
0
3
6
51
8
0
5
0
0
1
0
3
1
0
1
2
0
4
1
1
2
29
4
0
0
5
12
3
8
0
0
0
9
0
2
1
7
3
0
7
0
6
0
0
0
1
0
16
1
18
0
2
35
0
9
0
3
1
17
5
0
1
5
2
3
1
3
0
0
34
0
1
2
2
0
0
3
2
5
1
0
0
3
3
5
0
0
1
6
0
2
31
0
0
5
0
2
3
2
0
1
1
101
1
0
15
3
1
9
2
0
0
2
77
0
92
3
1
0
4
5
2
3
6
3
1
13
5
3
0
0
113
2
5
0
1
35
1
2
2
7
0
1
2
0
0
0
0
3
2
1
0
1231
0
1
1
3
38
0
8
0
0
0
0
1
1
0
4
0
2
0
1
18
5
1
2
0
0
0
1
1258
20
101
1
13
2
59
0
0
0
1
4
1
0
0
1
2
20
2
13
6
3
1
9
0
0
0
3
1
1
1
1
1
0
1
5
1
4
1
12
0
5
34
0
5
0
4
1
3
80
2
0
0
0
0
1
0
0
2
21
1
2
1
0
0
10
51
12
1
0
0
0
6
2
1
4
0
7
2
11
1
3
0
0
2
0
1
0
0
3
0
6
0
0
0
3
2
2
1
1
18
11
0
2
2
20
0
4
0
3
7
1
0
12
8
5
1
10
2
1
2
11
0
1
6
0
227
1
1
1
1
0
0
0
173
4
3
1
0
2
3
0
0
0
4
0
0
0
13
0
1
1
6
1
1
0
1
0
0
0
2
5
2
53
17
2
3
10
11
18
1
17
0
18
4
10
1
3
1
68
1
0
0
1
0
1
2
6
2
1
5
8
0
235
9
9
0
0
3
2
25
4
0
3
1
1
13
129
0
3
0
0
0
4
3
7
5
10
0
4
47
0
40
0
0
6
0
9
7
1
0
1
3
2
7
2
0
1
2
0
0
6
4
2
2
82
1
9
17
23
4
4
60
9
1
9
772
9
12
3
0
0
0
11
0
0
0
0
1
0
3
22
0
6
7
0
0
0
0
4
0
0
0
0
1
41
6
9
0
0
15
6
2
25
1
23
31
7
2
4
17
0
0
17
1
4
1
1
1
3
0
26
0
0
1
3
3
50
1
44
1
26
0
0
5
2
0
4
2
30
39
0
2
0
0
2
0
3
4
1
12
18
0
1
5
25
0
0
0
10
29
7
0
0
0
1
0
4
1227
0
262
1
3
10
0
1
4
16
7
8
5
3
8
2
0
105
14
1
0
2
1
6
0
1
0
0
0
6
5
4
3
1
0
1
0
0
4
0
2
2
2
2
8
9
23
0
2
0
0
2
3
2
3
1
1
0
6
0
0
9
6
5
0
11
0
4
9
3
0
73
59
3
5
1
0
7
0
2
6
0
2
1
0
4
8
7
1
14
1
1
3
0
0
27
0
0
0
0
4
0
1
1
1
0
0
0
0
3
1
2
0
1
4
4
12
1
4
4
0
8
9
1
9
0
0
1
3
0
4
1
0
2
4
13
2
6
14
9
1
0
1
3
0
2
10
0
3
1
6
8
0
1
0
3
0
5
9
0
13
3
0
0
1
3
2
2
1
0
1
0
5
2
1
16
6
1
20
0
3
11
0
4
0
0
2
8
5
3
4
0
0
1
5
9
2
16
2
5
24
0
53
5
15
14
0
0
20
21
1
3
27
0
3
12
0
2
2
4
0
1
0
6
17
0
2
12
0
2
7
1
17
0
1
2
0
1
1
0
0
4
0
1
9
1
0
0
1
4
13
0
7
2
0
0
0
1
48
1
0
2
2
1
1
1
0
1
17
12
1
5
1
0
1
1
9
3
0
4
2
0
4
0
1
0
1
0
0
3
3
2
4
1
4
0
3
1
0
8
0
27
1
3
8
0
1
5
0
0
1
1
0
1
32
0
10
64
2
6
1
0
20
4
2
0
2
4
12
7
1
1
2
1
2
15
16
0
14
4
9
1
0
0
1
128
4
0
0
1
0
28
0
1
0
0
1
0
6
2
1
4
4
2
0
0
15
17
3
1
0
0
0
5
0
1
2
1
2
1
0
243
0
44
0
1
2
24
0
1
0
46
0
4
1
1
0
4
0
1
1
6
5
1
5
645
1
11
13
0
2
1
34
0
6
0
2
2
0
0
1
0
0
5
5
0
11
1
9
0
1
14
1
0
0
14
1
0
0
0
1
0
1
0
0
0
3
0
1
2
0
2
2
0
3
10
2
25
1
0
0
0
1
5
3
0
116
1
2
0
1
0
2
0
2
1
1
0
6
0
6
1
2
2
0
3
4
0
1
5
3
1
5
1
4
0
0
2
0
3
3
3
0
0
15
0
3
2
4
3
0
1
2
2
0
0
34
0
3
31
4
0
2
4
4
6
79
26
2
0
0
0
21
3
3
4
12
9
32
5
1
24
7
6
0
0
10
6
0
1
1
2
2
1
0
0
0
3
0
6
0
4
8
63
3
1
10
6
8
3
1
59
0
2
5
0
0
0
0
0
0
3
2
0
0
1
8
14
6
16
2
2
11
9
4
9
1
19
0
0
1
0
0
6
3
0
2
1
0
1
0
94
0
2
7
3
5
1
5
5
1
0
0
0
2
0
4
7
2
10
0
167
1
19
32
0
0
25
17
2
8
49
112
4
2
17
1
0
1
4
6
1
1
0
0
2
15
0
0
1
11
40
0
0
8
0
1
0
0
23
3
1
139
1
4
0
1
3
18
1
0
19
1
1
1
8
0
1
2
1
10
5
0
49
10
1
0
0
3
0
47
7
0
2
2
0
0
9
3
3
7
5
0
4
12
1
4
0
1
8
1
1
1
0
1
2
0
11
3
3
1
2
2
2
8
9
5
0
1
1
5
11
2
2
0
30
0
6
2
1
1
0
5
1
0
17
3
3
4
1
15
0
0
36
5
1
3
0
0
1
10
16
0
2
0
1
2
4
5
0
0
3
23
1
269
1
3
0
2
1
0
1
3
0
6
1
18
2
5
0
5
5
0
0
17
1
1
1
1
2
1
35
4
0
0
2
3
13
4
7
14
0
2
1
5
1
7
6
6
1
0
0
1
0
58
0
5
5
1
21
3
21
4
0
4
0
2
2
98
1
1
0
0
0
29
1
3
6
3
3
9
3
3
0
1
3
48
3
16
7
1
0
2
1
0
7
0
3
2
38
5
0
1
0
4
0
157
0
0
1
2
2
1
1
0
5
3
0
76
3
38
8
2
5
17
0
6
2
0
1
5
3
24
0
3
1
0
3
1
0
0
7
10
1
1
2
0
3
25
9
1
0
0
1
1
1
1
3
4
0
0
1
11
0
5
9
0
0
8
4
12
2
9
1
1
3
2
0
0
1
41
0
2
947
0
1
2
3
2
2
1
1
4
7
0
0
2
26
2
2
0
19
1
1
2
0
6
0
6
21
0
2
0
9
0
4
1
0
0
1
0
0
0
1
0
0
3
26
0
12
1
8
3
24
0
0
3
12
1
7
0
2
0
0
0
0
1
2
0
1
7
1
0
2
6
0
1
0
0
1
1
8
0
0
10
6
1
3
0
6
10
1
1
0
134
23
8
11
3
6
5
4
5
0
0
2
1
0
10
1
9
0
5
3
0
46
0
0
5
3
12
1
0
1
0
1
2
0
9
2
1
0
0
0
0
0
37
1
0
3
0
1
2
1
0
11
0
88
0
27
0
1
15
7
29
3
1
2
0
0
4
8
5
0
20
0
1
15
4
0
14
0
2
3
2
41
0
0
0
13
2
21
6
4
6
0
0
1
5
0
3
6
0
1
0
0
3
6
5
1
7
0
0
1
4
1
1
9
37
0
0
1
0
1
1
4
13
0
16
19
0
74
0
1
9
1
4
45
2
0
551
1
6
0
0
3
43
1
1
0
10
0
2
1
1
1
7
1
0
6
1
8
9
0
1
0
0
1
1
0
0
1
19
1
4
0
1
0
2
4
0
0
14
1
12
10
10
0
4
22
1
7
4
1
3
0
0
0
1
4
1
0
1
7
0
0
4
0
2
0
1
4
0
14
7
4
1
0
2
2
3
3
2
2
2
1
0
1
0
100
1
6
135
1
2
1
0
11
2
2
16
49
0
1
1
0
3
29
4
61
5
3
0
16
0
9
14
1
0
0
56
0
1
4
0
2
11
12
0
3
0
2
25
1
10
1
5
0
3
1
8
2
1
0
4
117
20
0
0
1
0
6
1
9
4
3
0
3
4
0
1
2
3
3
0
1
16
26
0
0
7
4
3
2
2
6
0
1
2
1
0
2
2
1
0
2
9
2
1
1
8
0
7
5
1
15
8
1
14
0
11
0
0
3
0
1
0
1
0
2
3
4
0
4
26
5
1
5
5
11
1
3
2
0
3
0
3
0
0
0
1
3
5
28
0
0
0
3
4
3
0
1
6
5
9
9
1
0
5
13
0
0
5
34
21
2
3
94
2
14
4
0
7
0
4
2
1
0
0
4
50
1
3
2
0
13
0
1
0
1
1
3
13
0
3
0
0
0
0
2
22
3
8
0
0
1
2
15
50
9
3
7
2
23
0
17
0
9
3
1
0
65
3
2
3
8
0
8
0
21
1
0
0
1
2
20
1
1
1
0
4
1
1
0
0
1
22
0
0
18
0
0
2
14
0
1
2
0
6
10
4
3
0
1
6
1
4
3
0
7
0
0
4
1
0
2
0
0
0
0
2
2
4
0
0
0
1
1
10
9
0
6
1
1
130
0
1
0
4
3
0
0
0
3
0
1
0
9
0
1
2
1
2
13
5
0
50
3
0
2
17
4
3
10
5
1
1
0
2
6
4
0
0
12
3
3
5
9
2
3
1
0
0
9
9
0
0
4
4
1
2
0
1
20
14
4
1
4
3
6
9
7
4
17
2
1
1
2
1
4
284
0
1
12
1
0
155
51
0
4
1
16
26
1
55
7
0
0
1
5
5
5
5
0
5
1
4
1
0
0
0
1
3
1
2
3
7
2
10
0
0
1
3
1
8
8
0
2
0
2
15
0
0
1
2
2
5
0
2
0
9
4
2
1
1
1
4
13
3
273
1
0
0
1
0
47
0
2
2
2
0
9
0
0
0
1
1
160
3
1
63
0
2
2
0
1
6
1
8
3
9
2
1
32
0
6
6
55
1
19
0
0
3
4
1
3
1
2
3
0
5
2
4
1
0
3
0
1
0
0
0
0
3
15
5
16
5
5
0
60
0
8
0
7
1
1
2
4
1
2
4
0
6
2
0
1
1
0
1
8
29
2
5
2
0
0
0
0
2
1
0
1
1
5
0
0
0
0
18
9
0
7
3
0
5
3
64
0
1
7
7
8
1
7
1
7
7
0
65
10
7
0
1
1
4
4
9
1
1
1
805
1
0
5
5
1
0
1
2
2
0
1
0
1
3
2
1
0
17
2
0
4
0
1
4
102
0
1
7
0
0
3
9
3
1
2
5
4
5
1
1
1
1
10
0
0
53
1
1
2
2
2
12
82
2
1
1
7
1
2
0
0
1
8
2
40
0
11
1
1
0
37
4
0
0
2
0
1
0
4
1
7
4
1
0
0
6
1
1
0
0
1
0
9
6
12
2
0
1
14
10
2
2
293
0
0
1
1
1
1
8
1
0
0
1
1
0
4
0
2
2
0
8
1
4
20
0
0
2
1
1
3
5
45
19
5
19
0
1
7
0
10
0
0
13
5
18
0
4
4
0
1
5
0
0
24
0
1
3
104
3
4
0
0
7
1
0
15
26
1
1
4
14
0
6
0
3
0
4
2
0
5
2
0
12
0
1
5
13
1
3
9
0
1
1
3
0
0
6
2
0
1
6
10
5
3
0
0
34
5
0
1
1
0
17
2
0
0
2
0
0
36
3
1
2
3
35
0
46
2
6
1
0
1
4
15
2
1
0
0
0
0
3
3
4
1
1
1
0
25
2
0
8
4
1
1
1
6
0
4
0
11
2
2
8
1
19
13
1
11
1
2
0
1
3
4
1
4
4
2
1
1
0
3
0
0
0
1
0
1
2
1
6
0
1
11
5
2
0
10
2
4
10
4
1
69
2
935
0
0
0
0
13
4
2
1
1
39
0
0
14
13
1
2
1
1
1
8
0
5
18
0
100
0
0
0
4
6
0
103
6
4
1
1
0
1
4
2
5
0
1
5
2
2
12
0
0
5
3
1
2
1
5
1
2
5
1
15
1
6
9
1
0
5
2
0
4
2
1
3
0
0
1
2
4
3
34
2
10
5
1
1
0
7
3
5
1
72
2
8
88
4
0
5
2
50
3
0
0
7
6
0
0
0
0
0
3
2
2
5
1
0
0
8
6
36
0
4
0
4
2
6
0
0
3
0
3
6
0
2
0
1
6
1
2
1
126
0
1
2
2
1
0
19
13
41
43
0
19
0
0
7
32
4
0
11
0
0
0
1
32
0
0
0
0
2
0
1
14
0
1
5
1
0
7
2
7
0
0
0
2
1
0
0
3
4
3
23
1
8
0
11
2
3
5
13
4
1
0
0
0
3
4
37
2
0
0
4
1
4
0
0
0
3
3
0
1
0
0
0
1
0
1
1
49
4
0
1
40
0
2
5
15
6
3
7
3
0
2
3
2
1
2
1
0
0
3
0
5
3
1
2
11
3
2
3
4
3
0
0
0
25
1
1
3
2
3
700
0
1
2
0
2
5
3
1
0
2
4
0
0
39
1
0
0
0
5
9
0
1
0
0
3
2
39
2
1
2
0
0
0
0
0
0
2
1
0
5
2
1
3
2
4
9
3
1
0
0
8
3
3
3
1
3
2
10
164
0
0
2274
12
5
1
6
0
11
2
2
0
0
1
31
6
3
4
0
1
0
5
1
0
1
0
6
4
2
0
32
0
0
205
0
0
4
0
73
2
0
2
0
1
4
2
98
1
18
2
174
3
9
3
6
1
1
2
65
1
0
0
1
0
20
3
5
2
6
8
0
0
2
0
1
15
0
0
0
2
2
1
4
0
1
2
3
0
683
4
28
0
1
10
1
7
4
1
1
5
3
0
2
1
0
0
7
10
7
0
1
6
0
7
0
0
12
0
3
0
1
2
0
2
59
37
6
2
1
1
2
1
0
0
5
0
0
0
10
2
18
5
0
1
0
0
0
0
2
1
0
0
0
0
3
39
5
2
3
4
0
6
5
189
0
0
0
6
0
9
2
0
7
1
0
4
0
0
1
4
1
3
23
3
15
1
0
10
7
73
0
1
4
0
2
0
0
4
12
5
0
3
0
2
0
353
1
10
223
1
6
32
0
2
1
1
2
4
3
2
0
0
23
5
4
0
1
32
2
1
0
2
0
4
12
4
3
10
1
2
1
0
3
5
13
8
4
38
5
3
0
1
2
2
2
2
5
1
2
0
22
6
13
7
0
9
5
0
4
0
2
8
5
4
3
9
1
15
17
2
1
0
13
0
0
2
5
1
0
2
115
0
6
0
0
0
0
0
0
0
8
12
2
29
2
0
6
4
0
8
9
0
1
0
0
0
1
4
1
7
0
2
3
1
2
0
1
0
2
4
3
0
10
47
5
2
2
9
0
2
1
1
4
0
4
2
0
1
2
22
0
6
1
1
1
5
1
2
1
6
1
2
53
3
3
0
0
203
4
3
1
0
1
0
0
6
0
0
1002
1
7
11
1
1
2
49
704
1
2
2
3
0
23
0
4
404
1
2
4
0
260
0
0
1
1
0
0
3
2
0
4
0
0
0
0
1
12
1
1
2
0
1
0
2
5
11
0
1
8
2
0
29
0
3
2
0
1
1
1
0
1
2
14
3
1
1
4
12
5
0
1
0
3
1
5
8
0
1
7
39
0
1
72
1
8
0
1
4
1
0
4
2
0
1
1
0
1
102
2
7
0
12
17
3
3
13
5
3
8
14
33
4
19
1
0
4
2
16
2
0
1
57
2
2
6
19
2
0
1
2
14
11
0
5
0
0
6
6
0
0
4
0
0
7
1
4
7
6
29
0
2
3
0
4
0
22
0
2
0
8
137
0
0
9
0
3
9
2
1
4
2
13
3
3
0
0
6
1
4
3
0
0
2
0
0
1
4
0
26
12
0
17
15
2
0
0
1
0
0
0
6
2
1
2
3
0
0
2
10
0
2
10
4
0
0
4
2
0
2
1
4
5
14
0
1
6
1
3
0
0
0
0
7
0
1
15
1
3
1
0
3
6
0
11
1
0
4
0
6
1
10
2
12
0
10
5
0
1
6
2
2
0
0
1
9
0
0
2
0
2
1
0
1
0
1
2
1
0
1
24
0
1
1
4
2
13
0
1
0
2
42
0
0
0
0
17
1
1
1
0
145
16
0
3
0
25
0
3
2
0
1
0
6
1
35
1
27
0
2
2
0
1
6
0
4
1
0
3
1
2
0
1
9
0
4
5
0
4
4
4
1
0
0
1
1
6
1
50
3
1
1
0
5
0
1
6
2
1
4
7
5
0
3
1
2
0
18
1
9
2
0
57
5
1
1
2
3
121
2
0
0
1
0
4
0
1
0
1
0
0
2
11
5
0
4
9
2
0
0
0
10
0
1
4
11
0
1
0
9
15
21
0
1
0
3
2
2
0
0
1
1
1
0
0
0
9
1
0
3
0
1
1
445
0
17
9
1
0
1
21
0
7
0
0
0
3
0
49
0
0
0
2
10
1
2235
0
0
0
48
6
0
196
18
6
2
1
5
0
8
0
0
13
514
1
4
7
5
9
5
0
0
9
1
2
0
1
0
0
1
0
0
1
3
2
0
0
0
50
0
1
1
4
0
1
0
0
0
1
0
0
3
2
2
1
2
2
4
2
5
116
1
1
1
1
3
0
1
1
3
11
0
0
2
2
1
7
1
0
0
0
3
5
2
76
4
0
338
0
1
1
0
1
24
4
3
3
1
0
5
1
2
1
0
0
10
7
0
2
0
0
0
0
0
0
3
3
1
0
1
1
2
0
14
4
1
1
10
3
11
3
2
0
4
0
0
0
3
1
2
0
0
0
0
1
8
0
9
7
1
1
0
2
0
5
1
1
1
13
1
0
17
0
4
1
0
62
6
0
25
2
1
54
0
12
1
8
1
5
2
0
1
1
11
0
1
2
0
3
0
0
0
74
0
0
7
10
0
2
2
0
5
2
0
0
0
2
0
14
2
4
1
71
0
3
2
3
6
1
7
1
4
10
1
20
5
3
18
1
0
0
16
3
2
0
7
1
1
2
0
1
0
0
2
1
2
1
0
1
1
4
0
9
1
4
251
4
1
8
3
8
0
4
0
3
0
5
0
0
0
1
5
24
0
1
0
12
1
10
3
1
3
3
1
1
0
0
6
0
0
0
10
3
47
1
0
52
122
26
0
7
60
0
3
1
12
0
0
1
0
2
7
3
1
2
0
3
5
70
0
2
1
1
8
2
0
0
0
4
0
0
4
0
1
3
15
0
11
1
1
0
1
10
23
2
0
0
3
1
6
2
8
20
6
3283
0
4
1
1
10
4
1
8
11
0
11
1
22
0
5
10
6
0
2
2
1
0
1
1
7
0
1
1
0
13
117
3
5
1
0
3
14
0
0
21
15
0
1
1
6
60
0
14
1
124
28
0
1
11
0
3
1
4
5
2
1
8
16
0
7
2
41
0
4
6
6
3
0
266
2
0
3
1
1
10
28
1112
0
2
2
3
27
0
1
0
0
0
0
13
31
0
0
7
1
3
1
3
2
0
1
2
26
4
7
0
0
13
24
0
0
1
3
0
62
3
1
1
13
22
0
5
105
0
22
0
2
14
1
1
1
0
2
0
1
1
0
0
1
1
0
0
1
0
18
0
11
3
26
3
0
0
32
1
1
7
0
3
1
0
0
3
8
4
0
0
19
1
1
2
1
0
5
2
3
1
6
0
3
4
9
20
8
0
6
0
0
1
8
2
13
0
1
0
3
6
2
17
0
1
11
0
13
15
5
1
0
1
2
0
1
0
1
25
0
1
0
1
5
15
125
4
0
0
0
2
8
63
3
2
0
0
38
0
0
4
1
5
14
0
0
0
4
0
6
0
0
16
14
13
42
0
0
0
1
3
3
0
7
4
0
6
9
2
1
1
6
0
6
4
1
1
1
0
1
0
212
0
0
2
12
0
2
0
31
121
23
0
3
2
4
0
3
1
4
3
4
2
204
1
2
7
0
0
2
5
1
1
2
1
91
6
7
1
0
0
21
4
82
9
4
0
0
12
4
0
2
0
1
1
0
0
2
8
1
0
3
0
1
0
4
0
0
0
0
0
0
0
0
1
8
9
35
12
0
5
0
7
4
1
1
5
0
100
1
154
1
0
1
27
1
0
1
3
44
0
1
1
1
0
0
0
3
0
3
6
0
0
20
15
5
3
0
0
2
2
3
1
4
0
1
1
0
1
0
0
1
0
5
4
1
1
0
0
1
0
2
6
1
0
6
8
1
0
0
2
1
3
1
5
0
17
1
1
15
1
2
42
49
0
1
2
0
1
0
5
16
3
0
0
3
9
5
0
2
17
6
4
0
2
57
5
0
11
232
0
8
0
1
6
3
5
0
4
2
16
4
9
4
0
0
2
0
1
1
192
8
2
0
37
0
3
7
22
5
0
2
5
11
0
0
10
8
0
8
4
8
4
1
0
8
1
2
6
0
1
0
4
1
9
12
0
4
10
3
0
307
32
1
6
13
4
0
3
0
1
0
3
5
0
1
4
2
0
75
2
2
1
1
2
5
3
4
7
2
0
0
6
5
21
641
2
13
1
0
8
0
2
2
0
1
0
1
0
0
0
0
5
2
0
18
2
1
27
1
1
4
0
2
8
0
2
2
0
0
7
1
5
0
1
0
0
0
0
0
0
13
11
1
0
0
2
2
0
161
2
19
7
1
0
0
6
1
7
1
7
20
2
5
1
4
33
3
153
0
2
0
1
1
42
22
0
0
6
12
2
0
48
9
0
0
5
1
2
2
0
0
1
1
2
3
3
32
0
0
0
0
0
11
0
1
3
6
2
9
1
0
3
9
3
2
0
2
28
0
331
7
0
27
0
3
1
3
0
2
0
0
1
0
0
3
10
1
8
1
4
1
1
0
0
2
1
1
12
0
6
1
2
1
3
1
0
13
0
2
4
3
13
0
24
5
2
7
8
1
1
3
1
0
6
69
1
2
0
4
2
1
1
1
6
0
0
1
8
1
0
4
2
1
0
7
9
12
13
2
0
6
0
3
7
23
1
2
3
35
2
0
0
4
2
1
0
0
1
1
2
4
4
0
0
7
0
0
1
0
18
1
2
12
1
1
9
1
0
1
0
12
0
0
1
0
4
2
15
0
0
2
11
1
1
15
5
6
3
2
9
0
10
20
0
1
0
11
1
1
0
2
3
0
10
1
1
0
1
8
0
9
6
4
0
11
1
3
0
0
0
3
15
0
12
76
1
0
1
2
1
2
4
0
5
1
1
12
3
0
5
0
0
1
2
1
1
1
1
2
0
1
1
0
109
0
0
3
0
0
0
18
0
0
0
0
0
0
2
5
2
0
3
0
4
0
1
2
2
0
0
0
0
1
1
0
1
2
2
5
1
2
24
8
1
1
2
0
2
1
2
14
17
4
0
3
0
8
0
4
1
0
233
0
3
2
1
0
2
12
5
0
3
13
2
20
12
84
4
1
3
34
4
0
0
8
0
1
7
0
0
3
0
0
0
0
1
0
3
2
0
1
1
2
3
2
3
6
0
0
9
1
3
1
1
2
1
3
3
1
17
2
1
2
6
2
0
2
2
2
0
0
18
1
0
14
1
2
26
2
9
8
2
1
0
0
391
2
0
2
0
13
0
2
27
16
3
0
2
1
4
2
3
0
0
0
0
1
3
3
0
1
0
1
2
8
1
0
10
1
34
0
5
0
0
0
1
0
0
0
1
51
0
0
3
0
1
31
3
2
0
1
0
2
0
1
1
1
4
1
0
1
73
0
2
2
4
2
4
0
1
0
12
28
5
4
2
23
0
0
210
1
0
4
2
25
106
0
3
2
1
1
1
0
6
22
8
3
5
4
5
0
1
24
5
0
4
0
2
0
0
6
5
2
1
0
1
3
0
3
2
4
1
1
1
9
1
0
0
0
30
0
29
16
1
0
269
0
0
5
171
0
2
0
3
6
4
1
0
1
3
2
0
19
0
0
15
1
1
2
2
0
0
0
4
3
1
0
2
0
2
0
4
2
6
3
0
1
47
1
2
0
0
1
5
20
3
10
3
0
95
8
0
1
3
0
0
2
5
8
2
4
3
6
8
2
1
1
1
5
0
4
1
17
1
0
0
18
5
0
3
2
0
46
5
29
0
0
0
12
5
3
2
1
0
0
0
27
3
2
5
1
1
12
2
0
1
6
2
0
3
0
0
1
170
0
1
0
2
6
0
2
0
1
0
0
3
1
7
1
22
0
12
2
1
2
0
0
12
1
1
1
2
4
0
2
1
0
0
5
6
13
1
2
0
2
0
0
0
5
0
0
0
0
0
20
0
1
0
73
1
0
5
0
0
0
0
0
1
0
65
1
0
2
2
5
0
5
2
4
0
8
0
0
2
0
0
0
0
0
0
1
7
2
2
0
2
0
1
0
0
0
0
0
1
7
2
1
0
0
0
0
1
5
0
7
2
130
4
3
0
1
2
8
14
2
4
6
1
2
2
3
4
0
0
1
1
18
0
9
0
13
5
0
1
3
1
0
2
4
0
6
0
1
0
3
0
0
0
0
0
15
0
0
0
0
3
4
8
0
0
1
6
0
5
2
2
2
5
23
308
0
12
1
2
4
11
3
4
6
4
111
2
23
0
28
1
3
0
1
2
4
0
22
0
2
4
0
1
1
17
23
0
2
5
3
3
8
0
0
19
5
2
3
0
2
0
0
4
1
2
0
0
2
1
1
9
3
15
11
8
0
0
7
1
0
34
1
5
0
4
2
0
0
2
5
0
0
2
3
1
1
3
0
2
4
17
5
2
6
6
0
5
10
4
0
46
0
10
9
9
0
1
1
0
16
0
9
16
3
0
1
8
2
0
9
2
2
0
4
4
0
39
12
0
0
11
1
0
3
20
1
3
0
19
15
0
19
1
4
1
0
0
0
1
3
0
0
7
427
2
3
1
1
2
7
0
1
0
5
0
4
0
0
0
0
0
1
0
0
80
2
0
4
0
9
1
0
3
0
23
0
0
3
1
0
1
3
3
0
13
3
1
7
1
47
0
1
0
4
1
0
0
1
15
1
11
0
5
7
1
4
0
1
1
6
18
0
1
1
1
9
0
2
57
8
2
0
1
1
19
0
12
18
4
6
1
2
0
0
0
4
1
5465
0
2
41
1
2
1
12
0
0
2
1
0
0
4
0
3
0
0
132
1
5
0
2
1
1
2
13
3
4
0
1
2
0
7
2
0
1
3
1
1
4
195
1
2
0
1
1
3
5
5
2
2
1
0
11
3
17
2
5
0
0
9
273
1
66
2
1
0
5
1
2
0
0
13
1
1
1
2
7
1
3
3
0
0
27
41
4
2
2
0
2
16
14
1
2
0
3
3
2
3
7
2
1
39
8
1
11
1
1
0
0
0
1
1
13
0
2
12
1
2
20
4
3
12
2
1
0
5
0
2
305
7
1
8
7
0
14
113
1
1
17
2
0
7
0
0
2
1
2
2
1
0
1
1
4
0
0
2
0
2
0
3
0
9
13
22
0
1
1
0
1
0
1
1
0
3
1
0
2
29
2
0
0
2
1
0
0
4
5
15
0
1
2
1
6
6
2
1
3
0
1
17
0
4
3
10
5
0
1
4
9
1
23
10
0
0
2
0
9
0
2
0
1
1
2
1
2
0
1
4
1
37
19
0
1
1
3
0
2
0
0
0
1
1
14
0
4
1
61
1
2
1
6
2
4
0
0
13
6
1
2
0
0
10
0
1
3
