7
90
3
9
4
5
0
5
6
21
8
8
1
5
18
31
11
6
8
9
0
14
171
4
16
9
0
14
1
2
14
9
9
9
2
22
1
9
4
3
3
11505
3
37
46
1
8
14
4
6
5
4
13
6
5
10
10
76
21
10
21
8
3
4
3
2
15
18
7
8
1
5
2
63
8
11
4
6
3
5
3
2
7
18
8
6
2
7
22
10
7
36
7
3
103
6
17
3
3
7
4
23
5
2
0
9
3
2
3
14
1
16
11
13
11
7
9
6
10
8
9
2
6
11
6
4
6
7
16
19
1
5
5
12
2
7
9
38
5
4
11
8
16
11
2
4
10
15
11
6
13
4
6
1819
7
4
10
0
10
5
4
3
8
7
7
4
14
8
7
11
13
8
0
7
4
3
2
3
6
6
1
11
16
3
0
16
19
14
1
5
11
13
2
8
6
17
10
1
13
8
2
3
3
21
3
7
11
2
30
11
10
26
17
7
16
13
119
6
4
5
18
1
10
3
7
23
7
2
13
1
3
13
160
3
20
26
21
10
3
7
7
6
4
5
10
11
0
7
11
1
8
28
2
8
22
10
7
31
54
5
5
3
12
9
22
48
9
12
6
114
19
5
32
0
4
38
0
3
10
2
11
15
13
8
8
11
8
10
122
2
9
1
35
2
11
14
24
20
4
0
6
6
1
32
3
5
18
40
10
7
4
12
12
2
3
15
1
15
6
2
6
3
19
1
2
4
4
6
32
4
3
3
5
10
12
0
10
17
20
12
11
7
22
8
8
5
2
1
10
1
1
6
14
10
22
22
2
11
1
3
7
5
6
5
3
2
7
8
101
2
16
20
6
5
9
7
3
10
4
1
64
8
1
4
10
16
239
10
3
2
15
7
29
4
4
2
6
9
11
14
2
7
2
3
8
2
9
8
7
25
3
5
5
22
9
3
9
3
4
5
12
2
2
0
3
1
12
18
27
10
13
4
7
15
28
7
7
14
7
50
16
3
7
4
3
3
3
3
3
2
120
5
10
0
4
4
16
92
55
32
5
61
3
9
33
2
6
10
51
6
12
7
4
21
0
5
14
11
7
4
76
0
3
10
9
1
12
0
1
6
2
40
9
11
13
11
8
5
22
5
7
90
3
9
4
5
0
5
6
21
8
8
1
5
18
31
11
6
8
9
0
14
171
4
16
9
0
14
1
2
14
9
9
9
2
22
1
9
4
3
3
11505
3
37
46
1
8
14
4
6
5
4
13
6
5
10
10
76
21
10
21
8
3
4
3
2
15
18
7
8
1
5
2
63
8
11
4
6
3
5
3
2
7
18
8
6
2
7
22
10
7
36
7
3
103
6
17
3
3
7
4
23
5
2
0
9
3
2
3
14
1
16
11
13
11
7
9
6
10
8
9
2
6
11
6
4
6
7
16
19
1
5
5
12
2
7
9
38
5
4
11
8
16
11
2
4
10
15
11
6
13
4
6
1819
7
4
10
0
10
5
4
3
8
7
7
4
14
8
7
11
13
8
0
7
4
3
2
3
6
6
1
11
16
3
0
16
19
14
1
5
11
13
2
8
6
17
10
1
13
8
2
3
3
21
3
7
11
2
30
11
10
26
17
7
16
13
119
6
4
5
18
1
10
3
7
23
7
2
13
1
3
13
160
3
20
26
21
10
3
7
7
6
4
5
10
11
0
7
11
1
8
28
2
8
22
10
7
31
54
5
5
3
12
9
22
48
9
12
6
114
19
5
32
0
4
38
0
3
10
2
11
15
13
8
8
11
8
10
122
2
9
1
35
2
11
14
24
20
4
0
6
6
1
32
3
5
18
40
10
7
4
12
12
2
3
15
1
15
6
2
6
3
19
1
2
4
4
6
32
4
3
3
5
10
12
0
10
17
20
12
11
7
22
8
8
5
2
1
10
1
1
6
14
10
22
22
2
11
1
3
7
5
6
5
3
2
7
8
101
2
16
20
6
5
9
7
3
10
4
1
64
8
1
4
10
16
239
10
3
2
15
7
29
4
4
2
6
9
11
14
2
7
2
3
8
2
9
8
7
25
3
5
5
22
9
3
9
3
4
5
12
2
2
0
3
1
12
18
27
10
13
4
7
15
28
7
7
14
7
50
16
3
7
4
3
3
3
3
3
2
120
5
10
0
4
4
16
92
55
32
5
61
3
9
33
2
6
10
51
6
12
7
4
21
0
5
14
11
7
4
76
0
3
10
9
1
12
0
1
6
2
40
9
11
13
11
8
5
22
5
2
12
1
17
18
10
9
5
14
6
4
12
5
53
18
8
3
21
14
2
18
91
2
2
7
3
4
5
5
1
8
7
11
9
45
33
887
4
33
7
1
7
5
34
7
12
3
0
3
0
26
6
4
17
2
9
9
3
12
5
4
8
7
16
40
20
4
11
12
11
3
71
7
17
11
20
13
3
5
10
7
11
4
2
31
14
18
7
3
8
22
1
20
1
62
1
10
0
20
7
34
5
5
34
34
2
35
5
10
7
10
4
4
22
2
20
14
0
6
18
7
97
1
4
5
3
7
6
15
6
7
9
3
39
18
11
1
9
9
17
7
53
12
1
8
10
10
3
8
5
10
23
2
25
40
4
3
1
1
3
7
26
13
2
90
6
14
3
0
18
12
7
9
10
4
7
25
6
10
1
4
3
6
6
4
2
1
28
7
6
15
12
3
8
89
8
6
5
13
13
26
2
13
12
3
5
5
4
10
8
3
5
12
6
9
26
11
10
3
1
3
2
32
9
3
87
4
2
7
5
3
16
4
17
84
3
13
37
3
4
2
17
66
11
13
3
7
14
7
16
3
5
4
13
4
9
6
25
6
42
4
27
9
2
10
8
7
396
88
1
11
2
21
5
5
12
3
5
10
8
10
16
17
9
9
33
1
14
5
18
14
4
3
16
6
20
6
7
20
9
18
15
8
2
1
5
10
2
9
3
15
1
14
7
8
1
2
0
40
23
1
6
0
11
11
5
5
5
7
7
2
12
8
5
19
5
9
3
7
8
2
9
6
11
8
5
18
6
4
4
0
4
7
15
0
2
3
17
6
14
2
5
10
5
8
3
6
6
1
4
3
5
0
9
0
3
0
6
5
6
2
20
3
15
8
3
2
5
6
3
25
6
1
4
12
15
14
3
3
9
4
16
15
1
14
8
6
11
33
2
11
8
3
6
3
5
14
13
3
15
4
15
17
6
3
0
10
3
3
5
2
10
13
16
28
5
13
9
5
6
17
122
7
4
6
15
6
7
6
7
7
164
2
1
3
1
18
7
12
9
5
10
17
6
2
12
6
9
35
37
127
29
9
2
5
2
6
42
10
9
56
6
3
11
3
3
4
4
4
0
6
10
4
11
8
0
2
12
65
4
9
39
12
4
3
10
1
2
15
4
12
3
0
5
0
22
5
2
2
2
16
1
3
4
10
4
11
8
5
13
7
0
10
9
5
10
3
3
2
10
1
5
2
3
9
10
6
17
6
6
12
7
5
11
46
1
2
5
10
6
4
14
13
7
1369
2
4
6
6
8
2
10
266
3
3
23
10
3
60
3
3
3
9
4
6
55
3
3
6
1
3
8
6
20
7
9
11
4
3
9
7
7
16
8
2
8
4
23
10
2
4
4
13
3
12
5
13
3
4
6
8
4
2
1
3
29
11
7
12
17
8
7
45
1
6
2
7
2
7
3
4
0
3
430
10
6
45
28
9
1
7
6
32
3
2
0
8
2
17
4
16
17
2
2
7
18
21
2
7
4
11
29
9
20
14
12
10
18
4
2
3
3
4
11
5
11
25
5
29
10
3
1
1
1
8
2
37
2
5
4
4
30
43
2
1
66
4
5
0
3
0
8
16
29
26
9
10
2
16
10
27
4
4
3
4
9
21
10
51
5
17
15
8
10
13
22
8
5
36
3
7
2
25
2
8
2
8
15
2
5
3
17
1
9
8
20
16
7
11
3
1
5
5
35
5
7
0
11
20
1
5
6
6
19
167
3
40
6
3
7
1
9
2
15
7
6
7
7
2
4
6
4
21
11
1
12
16
23
7
30
21
7
0
3
13
4
6
12
11
11
2
6
5
4
9
3
16
23
10
4
2
8
4
19
8
13
19
5
4
10
9
7
203
4
8
1
7
10
4
23
14
4
26
6
6
2
10
2
7
15
6
7
14
9
10
9
3
2
13
9
2
6
2
8
3
4
5
8
1
86
15
6
7
4
3
18
4
9
4
9
1
17
16
8
5
9
10
15
10
12
3
12
12
7
5
3
7
4
17
9
5
8
19
2
3
13
9
11
2
6
2
6
1
7
7
2
6
149
1
1
3
3
3
7
0
4
15
7
12
3
3
269
0
4
6
6
21
8
9
0
47
12
13
5
11
5
18
11
5
11
4
11
3
2
5
13
8
11
3
90
3
4
8
5
3
5
8
6
3
6
6
6
1
90
7
20
3
44
29
9
3
9
7
4
4
22
4
208
8
3
13
3
1
8
11
10
12
0
12
8
3
22
7
12
25
3
14
7
4
7
8
9
11
17
0
6
9
10
30
14
8
4
4
1
8
7
1
1
3
21
52
4
13
11
1
1
8
5
5
6
9
5
16
25
11
1
33
3
9
1
4
2
4
3
2
6
98
6
1
58
12
9
4
1
5
2
3
2
12
48
12
2
4
0
3
37
2
3
5
4
8
17
6
0
9
3
6
13
5
3
7
4
2
18
3
46
3
0
2
193
21
6
7
5
19
10
44
8
22
25
1
3
10
5
3
13
4
21
10
1
10
0
11
6
4
2
0
13
17
7
24
4
2
4
6
1
9
3
3
7
2
18
6
3
2
10
110
37
1
3
7
6
0
3
6
11
12
26
12
10
17
16
16
4
9
5
14
10
4
18
2
4
14
19
0
4
1
8
8
25
29
5
1
1
4
9
21
6
2
14
23
2
5
80
70
23
19
7
19
13
8
1
2
16
10
13
45
222
0
7
4
11
9
9
11
4
4
12
8
7
3
21
1
6
5
1
22
3
6
4
2
4
19
9
3
3
3
15
5
8
172
4
10
9
55
18
3
3
0
18
12
10
15
4
13
7
0
1
3
42
8
3
8
2
6
1
21
6
8
25
6
1
8
5
1
123
9
7
13
17
31
41
7
2
2
140
6
9
37
6
6
8
4
16
2
9
3
6
10
3
4
5
3
18
22
7
2
2
116
0
3
3
5
10
7
36
4
10
37
13
4
7
10
3
8
8
1
5
3
7
7
2
3
5
2
7
4
29
7
32
6
59
8
3
14
5
6
5
1
3
5
4
10
1
13
6
11
4
18
5
8
17
5
5
1
4
4
2
21
24
48
5
6
25
5
6
21
57
3
13
17
7
4
6
12
16
7
14
9
2
20
6
5
5
3
4
4
5
5
34
24
7
10
3
79
5
5
5
6
4
5
25
15
19
2
5
10
38
4
7
2
15
3
60
1
6
36
2
8
20
2
24
4
0
15
2
8
15
11
19
3
7
6
4
31
3
2
47
6
17
7
0
0
17
9
36
22
3
0
11
2
5
4
11
622
3
5
14
8
8
9
8
17
11
6
9
3
9
329
4
13
7
11
7
6
5
9
3
4
33
20
1
4
4
2
1
3
9
6
5
10
7
15
4
3
5
15
3
5
2
3
12
5
6
13
94
2
6
4
2
8
4
5
2
5
4
103
6
13
13
7
44
15
2
17
9
8
7
1
6
0
8
6
8
20
12
5
3
27
5
48
28
1
8
3
0
14
4
6
11
13
2
4
7
5
11
13
5
7
16
3
7
0
8
16
8
30
7
8
3
6
1
10
10
14
7
12
7
3
6
5
10
5
3
22
68
9
4
13
14
4
26
58
23
4
6
6
3
5
8
5
5
5
7
4
4
6
10
1
14
6
4
3
4
11
11
3
7
8
9
8
8
11
18
20
3
7
13
11
4
298
8
17
4
7
19
13
2
10
2
10
8
0
7
9
4
9
3
6
19
4
4
1
13
3
31
8
2
0
6
49
25
1
5
8
5
64
7
4
5
4
16
12
9
4
0
1
4
5
10
9
2
3
26
5
71
8
43
9
16
2
9
1
23
8
6
15
10
3
11
11
5
3
1
103
3613
2
5
1
7
5
2
8
8
12
9
2
2
8
9
18
1
10
27
1
169
2
0
4
6
29
7
3
14
10
4
47
3
11
1
2
14
4
0
110
15
8
46
3
1
3
9
5
19
6
5
0
11
9
11
6
9
18
8
10
4
6
0
18
6
38
8
2
8
5
6
33
12
7
2
5
44
11
8
5
6
4
10
6
5
2
27
6
7
4
6
8
10
8
7
43
8
5
3
1
9
34
18
1
16
12
146
11
12
4
2
2
4
39
261
0
10
4
0
16
2
3
9
7
4
7
9
3
6
2
62
2
12
6
134
1
12
3
4
16
24
5
10
15
12
11
3
3
2
4
1
5
2
10
22
6
4
2
7
143
7
15
8
0
1
10
2
8
2
0
76
29
4
8
11
0
9
5
3
6
4
4
47
6
2
12
13
24
15
7
49
14
1
23
5
4
8
5
5
5
5
37
7
10
14
20
17
8
6
8
14
9
9
3
107
3
19
6
2
8
4
6
6
10
31
1
3
9
13
1
3
39
8
33
14
3
7
5
2
22
17
2
22
9
19
1
7
6
2
21
3
3
7
70
2
6
8
3
20
11
36
1
10
2
6
8
0
1
30
10
11
19
21
31
6
6
3
10
4
16
6
31
5
5
75
8
2
5
5
75
7
17
5
2
5
9
9
12
4
2
15
2
9
5
9
3
11
9
6
2
70
3
24
9
3
6
5
13
1
6
6
3
5
2
72
1
0
9
4
11
7
66
4
8
4
5
9
59
4
1
23
12
7
1
4
0
4
11
6
14
6
5
22
2
5
50
5
43
15
0
17
10
3
12
9
6
17
6
11
28
1
17
25
5
23
40
4
7
13
4
7
10
18
8
1
5
26
20
5
4
1
1
8
7
1
16
4
11
1
3
7
5
4
4
13
6
16
1
12
17
7
83
77
17
7
1
3
3
2
6
11
8
8
379
5
83
23
10
34
3
18
12
10
26
8
10
11
4
2
9
6
28
4
3
4
22
4
282
6
0
9
1
16
31
952
9
10
15
0
19
4
8
11
84
68
4
19
5
6
11
137
10
15
9
68
9
18
13
3
4
84
15
9
74
5
18
0
3
15
5
27
17
9
1
4
5
0
4
10
3
3
16
6
9
1
4
20
6
3
4
13
190
16
9
6
59
9
4
1
5
61
5
12
5
7
2
15
3
5
6
20
65
3
3
3
2
0
7
2
8
5
3
10
0
10
6
38
22
48
6
22
13
9
4
6
17
4
7
1
1
20
15
33
9
96
9
6
2
5
1
1
1
19
13
7
11
17
2
1
19
7
7
6
8
4
40
4
12
30
14
3
9
8
9
1
1
14
20
4
0
2
9
3
5
2
8
5
17
33
2
6
8
3
5
2
8
7
2
6
5
1
5
21
13
17
6
1
8
8
21
9
33
6
13
19
9
7
10
3
6
9
5
4
4
1
17
7
2
12
167
19
71
3
3
8
42
8
4
6
7
7
16
4
5
6
2
5
32
11
10
6
7
6
5
13
62
17
23
4
13
8
5
9
19
7
9
1
7
22
5
2
2
16
7
3
22
2
5
40
4
29
2
5
3
7
1
4
10
11
5
3
5
33
5
4
4
742
4
2
15
3
12
10
9
14
7
7
10
3
13
16
4
1
10
13
44
18
5
71
35
15
8
4
4
9
6
9
107
10
2
5
5
2
7
12
8
15
4
2
25
35
6
9
5
9
3
4
7
6
1
0
7
4
0
50
11
0
41
3
10
13
13
3
4
8
118
5
32
2
3
11
1
3
6
8
6
64
2
3
6
7
7
7
10
0
9
6
2
2
11
11
14
7
56
90
9
39
8
11
7
4
12
12
5
7
1
6
1
6
5
13
5
9
30
28
13
3
5
4
188
2
42
66
5
6
11
6
1
3
10
10
96
45
2
13
9
10
24
9
5
4
3
1
3
23
1
6
5
33
12
11
13
18
10
14
34
3
1
7
24
28
10
6
3
18
55
13
3
6
5
4
13
16
3
2
6
14
11
7
16
8
1
9
4
18
6
9
8
91
2
4
5
25
7
8
17
6
4
1
3
13
8
13
13
3
5
6
3
15
16
2
0
5
8
5
5
0
5
16
16
32
8
0
0
9
6
10
2
4
6
26
4
11
603
6
4
12
12
6
6
12
4
30
10
15
23
28
13
11
28
9
25
7
30
14
15
24
26
6
8
2
2
0
29
13
3
2
4
0
4
5
10
3
14
7
3
6
4
10
6
8
21
2
9
8
6
2
5
6
1
3
8
2
7
8
3
3
6
7
14
11
62
20
5
2
3
12
16
7
4
3
7
8
32
24
16
9
14
1
9
4
6
5
8
6
8
3
5
7
6
16
5
7
3
7
15
6
6
2
4
4
8
13
5
15
3
2
1
5
22
14
4
16
7
6
5
3
7
28
43
12
7
5
3
13
19
29
6
2
25
30
3
2
9
3
3
6
7
1
8
14
8
16
9
6
22
21
23
13
12
7
12
5
0
4
2
8
3
7
15
30
9
5
4
1
6
1
29
19
19
33
3
4
7
4
7
11
44
39
4
8
5
9
8
10
6
24
2
9
68
1
10
5
10
23
4
12
9
3
25
15
9
8
1
2
8
16
10
9
5
11
5
10
33
5
5
6
1
5
2
4
10
5
8
12
21
5
5
1
0
22
5716
12
7
3
3
7
30
2
3
9
14
3
6
66
15
15
6
4
3
6
8
4
20
17
21
10
4
5
13
2
20
6
10
4
5
11
5
36
8
2
9
5
6
4
6
3
14
25
7
3
4
5
6
3
4
23
4
18
0
15
2
2
23
6
2
14
39
4
6
7
7
2
5
13
4
11
6
6
3
9
15
12
8
3
2
39
16
4
5
7
32
4
3
10
1
20
10
2
27
9
9
5
2
7
14
4
9
2
9
9
7
3
9
3
9
3
7
22
7
4
11
10
44
9
2
13
8
8
3
2
7
2
14
6
1
5
0
2
7
28
7
11
37
43
15
4
8
1
11
12
4
28
2
6
41
11
10
55
7
12
35
15
1
1
4
3
20
10
5
6
8
7
7
25
1
8
1
13
10
4
19
1
6
20
5
7
43
9
4
8
12
14
41
1
5
4
16
4
6
4
7
1
4
0
65
42
2
4
1
33
12
7
14
5
8
17
5
3
5
20
13
4
18
4
5
75
30
7
12
3
81
2
6
23
10
3
4
4
12
5
270
7
4
12
2
5
5
2
8
66
5
25
2
3
8
0
7
20
18
86
2
6
3
9
5
28
2
16
8
4
14
685
5
42
7
4
4
5
5
8
1
15
5
22
11
1
10
0
28
6
14
13
20
18
40
8
2
3
11
1
7
95
2
8
3
7
11
5
12
2
25
10
7
5
2
23
7
7
1
2
1
46
5
6
8
13
7
4
12
3
88
7
16
26
5
4
3
1
7
0
4
5
10
10
4
1
6
203
11
28
4
3
9
5
29
15
11
1
13
6
47
2
6
6
12
0
3
4
37
5
5
7
3
13
0
22
56
12
4
2
4
0
8
37
0
1
3
4
2
1
4
29
8
3
7
5
9
4
18
1
2
29
1
12
5
6
3
4
0
2
6
13
3
15
8
31
5
4
2
4
9
19
1
3
53
15
13
5
3
20
20
32
22
9
4
5
7
6
7
1
0
2
7
22
22
1
0
7
6
2
13
4
1
95
3
16
5
26
11
4
4
3
28
3
3
8
9
16
3
28
34
3
3
27
7
16
48
22
5
3
6
3
4
4
6
0
6
8
3
2
7
5
45
5
5
41
8
3
2
1
0
1
1
3
13
4
7
20
8
12
6
3
3
12
18
4
7
2
5
3
8
14
8
75
9
10
2
14
15
13
4
2
11
1
15
3
6
30
3
4
74
46
4
4
11
0
3
6
8
2
5
7
12
18
5
22
4
4
4
2
5
20
20
11
13
3
11
18
3
8
13
60
1
7
0
27
12
16
6
24
10
4
79
5
8
8
14
4
5
6
12
9
4
5
6
13
14
3
5
19
12
4
5
36
12
4
5
2
6
12
2
6
278
7
5
11
1
3
2
4
6
17
11
10
23
4
5
15
13
4
20
6
29
3
5
4
14
15
3
12
1
2
5
13
7
9
6
12
7
20
49
11
6
1
5
11
7
4
8
3
2
129
4
9
14
12
10
62
14
8
6
6
4
15
3
4
29
42
11
8
23
1
84
5
8
14
2
17
12
9
11
5
27
7
31
6
12
1
7
20
2
1
3
33
7
7
10
8
4
6
3
14
2
47
4
4
4
843
7
3
4
9
6
10
29
6
14
12
6
4
7
14
6
0
19
17
5
11
6
3
9
3
11
19
2
2
11
14
3
6
3
1
15
5
4
7
7
38
3
6
6
3
4
31
14
1
12
195
8
3
1
17
18
2
4
4
5
3
11
7
5
3
14
8
2
19
5
18
109
14
11
48
3
7
8
24
11
32
16
27
1
0
2
13
3
6
2
9
2
7
7
73
2
10
4
13
2
2
4
5
1
11
13
3
29
12
7
2
5
19
0
5
15
13
8
5
6
845
8
2
3
10
13
3
21
20
45
31
2
32
35
3
5
4
5
5
0
13
9
12
4
7
15
35
28
1
8
0
4
14
5
80
4
9
1
5
3
109
8
2
16
9
5
34
104
0
26
3
10
3
10
12
13
35
5
5
34
2
1
9
6
9
7
4
19
10
1
3
5
53
11
7
4
8
3
1
5
10
13
8
2
1
3
3
31
1
2
4
2
5
10
18
5
8
8
5
3
1
6
19
7
4
2
11
14
7
22
5
5
14
4
11
40
3
3
7
1
4
59
7
10
1
14
0
4
3
58
11
16
2
39
2
6
14
1
8
4
0
24
16
5
4
6
3
12
7
2
2
8
2
5
26
1
5
1
3
4
14
37
4
5
10
3
4
10
3
36
13
12
2
9
4
6
12
4
12
11
25
17
4
7
6
6
5
22
23
4
73
32
1
22
12
10
4
14
5
2
7
14
9
30
2
3
37
18
9
6
14
5
18
0
26
3
9
181
0
5
2
14
15
12
2
12
9
3
5
5
1
3
121
10
13
11
5
29
0
8
4
9
8
57
13
2
25
35
51
1
6
4
4
22
9
5
6
9
0
5
8
10
2
0
44
12
17
12
2
11
2
11
2
5
42
17
4
3
4
28
4
5
15
4
5
48
12
1
10
1
2
5
3
6
7
7
44
6
7
5
5
2
7
8
33
6
2
8
1
2
1
5
5
43
13
5
8
4
8
20
9
13
0
12
8
6
23
2
9
9
13
5
149
46
8
0
9
7
31
4
7
1
13
10
6
29
5
5
16
10
11
38
79
18
11
1
6
259
4
6
4
365
2
9
3
3
1
2
3
10
4
30
5
23
3
13
5
18
33
0
21
212
2
18
2
2
0
4
8
256
11
0
3
4
8
11
5
7
2
9
2
176
10
13
4
15
20
49
13
2
20
2
3
14
5
17
5
5
5
20
79
7
13
9
17
1
767
7
23
68
124
3
10
10
16
25
17
12
14
31
42
2
3
4
15
38
3
8
9
3
36
7
1
18
7
51
9
3
1
5
6
22
11
7
5
1
8
6
6
25
3
7
3
7
1
7
4
2
31
2
3
0
3
4
4
3
0
13
6
7
0
1
23
5
1
3
1
4
10
30
14
10
4
9
42
5
6
51
19
7
2
6
19
7
7
4
8
13
7
18
10
5
3
21
2
3
43
17
3
6
21
3
15
7
17
29
34
19
3
44
9
3
44
14
12
5
2
8
2
5
9
11
5
3
5
6
6
21
2
4
6
3
367
17
2
5
4
21
2
18
4
19
0
0
63
5
10
5
7
2
3
9
7
12
7
3
3
21
2
7
16
60
8
42
2
13
16
6
4
2
3
5
1
161
4
13
3
2
0
17
5
7
5
11
2
5
31
5
6
2
4
2
3
2
2
30
4
16
23
7
3
6
40
8
1
34
17
3
52
2
26
179
28
6
4
5
15
6
47
42
4
3
9
3
12
15
3
6
13
4
0
17
3
10
3
2
338
1
8
9
5
20
15
9
4
19
9
30
4
36
8
77
4
19
8
9
4
1
4
4
14
35
7
6
5
2
7
12
8
8
2
7
14
5
4
6
5
12
20
10
4
3
34
17
1
8
9
34
9
5
8
7
2
4
3
6
12
8
4
2
12
1
9
4
10
4
3
17
7
16
7
2
2
12
17
9
2
3
22
1
4
2
4
8
13
7
5
7
81
15
4
26
51
14
2
1
5
12
8
2
5
19
6
17
7
3
12
12
1
13
7
4
6
175
8
2
1
6
10
12
11
16
15
232
9
6
5
32
7
10
13
6
25
38
2
16
11
5
6
8
28
12
1
27
25
7
13
7
22
2
8
22
11
11
25
4
6
12
37
13
3
4
14
5
2
15
1
67
34
7
17
5
7
6
4
26
12
31
2
53
7
3
16
2
20
4
6
3
6
14
9
3
12
2
10
4
2
3
4
7
8
46
1
10
6
6
12
1
10
7
5
1
60
1
18
617
25
9
3
6
9
19
26
1
2
8
30
16
5
2
3
3
20
7
6
24
560
23
99
534
4
12
5
2
3
11
15
4
2
5
14
13
7
7
10
7
2
2
4
8
8
7
3
7
10
17
6
3
4
3
4
5
5
6
9
3
15
0
10
2
10
10
3
7
5
8
4
6
2
2
5
13
21
7
3
11
4
13
72
11
7
2
32
13
1
62
11
4
5
19
4
4
24
18
1
13
7
12
12
5
5
32
6
4
5
5
1
4
27
395
61
7
2
6
25
15
1
10
4
6
38
3
2
0
8
38
3
4
50
11
2
4
12
15
54
3
10
1
8
6
10
7
4
1
5
1
9
25
1
3
12
18
135
10
5
5
5
40
31
25
37
16
8
4
12
10
7
8
24
0
2
0
7
6
174
31
5
5
1
15
12
2
4
15
3
3
2
4
4
3
3
3
11
26
6
3
10
1
10
17
7
1
7
29
6
4
10
2
0
3
27
6
1
2
8
2
18
3
13
5
0
26
3
1
4
7
5
18
3
8
6
7
10
15
24
16
5
0
9
67
4
28
8
23
2
1
1
19
5
10
44
4
23
5
7
1
14
6
5
3
7
7
8
6
13
1
10
8
18
22
1
4
9
11
7
8
29
26
12
9
22
12
8
8
591
1
6
2
0
0
11
2
5
8
5
1
8
13
4
2
4
4
7
3
9
1
19
4
10
1
7
4
4
5
15
6
43
4
6
4
1
7
5
3
2
10
18
2
8
3
10
6
13
7
11
42
11
5
6
6
32
4
9
3
4
15
29
6
4
16
4
1
4
22
98
1
4
2
33
45
9
5
7
8
7
3
2
2
8
8
0
17
35
5
25
5
4
6
6
21
4
8
17
6
7
0
1
13
120
22
1
2
5
16
0
21
0
5
18
11
3
3
4
12
3
2
7
8
25
9
8
19
16
11
19
1
1
10
6
6
90
7
12
7
6
7
4
13
1
8
26
4
7
4
7
10
1
11
4
8
5
6
1
18
15
5
3
34
10
3
3
2
3
2
11
18
2
42
4
3
6
11
12
0
83
0
5
3
9
5
17
2
8
2
6
12
4
19
4
22
66
8
8
7
7
19
8
3
20
15
4
2
5
16
4
3
6
10
12
4
4
30
3
2
105
9
16
5
9
3
5
4
13
5
11
77
2
207
5
25
3
4
4
10
1
0
5
3
10
3
8
30
7
2
3
10
26
7
2
2
2
19
11
8
7
10
8
91
2
8
58
2
17
11
7
4
16
10
22
4237
9
6
13
6
2
11
4
3
4
4
3
2
4
24
8
2
10
3
13
17
24
7
4
11
5
23
4
3
15
3
4
20
8
0
2
6
2
7
5
7
2
24
13
7
11
12
23
8
13
3
6
6
7
3
177
0
7
27
9
3
15
5
2
4
1
1
17
12
10
36
27
12
2
7
12
7
1
3
4
2
1
1
5
6
16
6
5
4
3
3
14
23
11
5
13
7
67
4
11
14
7
3
4
2
15
14
19
7
8
34
6
5
4
2
5
8
71
0
6
1
8
5
7
4
23
1
4
7
5
0
5
14
3
3
4
26
18
65
19
9
669
37
12
7
2
5
17
68
2
5
13
8
37
5
454
6
2
7
2
2
1
3
281
11
13
14
10
6
6
5
14
4
7
32
27
8
8
65
7
8
2
1
12
4
7
2
5
12
7
48
6
6
3
3
4
5
3
9
13
7
23
12
2
14
2
3
2
19
146
0
3
19
2
6
33
15
4
1
12
24
8
5
7
11
4
6
4
9
2
8
8
5
49
5
7
30
11
6
2
19
10
3
3
10
7
2
7
0
10
80
3
5
5
20
18
11
9
28
2
6
56
15
4
7
0
5
17
12
12
3
15
1
5
73
13
4
2
140
7
4
12
3
6
4
10
19
0
22
4
8
2
10
9
6
2
15
16
20
7
7
5
10
2
11
10
4
5
66
2
9
15
6
3
3
19
3
4
10
0
7
7
19
2
2
18
15
13
3
1
4
3
13
3
15
14
4
5
10
47
4
15
0
11
12
74
12
334
6
4
6
0
7
3
30
6
11
8
14
14
4
3
6
3
1
8
5
11
1
5
13
29
6
4
4
22
0
2
41
6
3
3
9
13
8
4
2
9
11
6
15
5
71
1
6
8
8
9
11
7
9
8
5
27
10
0
395
8
8
51
3
4
24
4
22
10
19
5
10
13
10
33
5
11
9
35
6
14
14
11
3
14
1
3
3
20
9
933
13
8
4
5
12
7
3
2
8
37
13
17
2
5
6
13
5
41
6
11
4
12
5
1
19
23
9
10
5
11
14
4
7
2
17
25
18
45
11
6
0
11
27
5
9
8
6
5
13
4
4
9
4
6
3
1
80
1
20
4
2
18
3
16
7
3
3
3
16
30
4
4
3
6
23
6
2
8
1
7
140
28
10
3
13
6
63
6
35
6
6
2
13
1
5
1
239
1
2
3
26
4
11
12
13
5
31
5
3
13
9
16
8
19
8
7
36
63
5
3
13
2
4
12
2
9
9
0
0
13
1
2
8
93
5
13
16
3
34
2
8
4
22
7
5
10
8
44
13
21
9
15
38
10
2
2
9
9
8
1
8
10
0
1
93
4
5
14
23
10
1
4
70
11
2
8
18
11
9
7
43
5
32
11
7
7
2
4
1
13
11
4
3
8
15
3
6
4
15
8
9
7
2
3
27
135
12
5
10
6
7
25
15
6
10
1
20
18
10
4
8
8
13
2
15
13
2
4
8
7
13
8
8
6
14
1
10
5
8
6
29
7
3
23
51
5
5
18
8
22
5
22
3
7
4
4
7
1
13
18
15
8
35
4
15
2
5
5
7
2
17
5
11
83
3
5
6
14
1
16
3
12
6
444
27
2
6
0
27
2
14
9
4
4
9
107
40
10
1
11
3
5
2
38
4
5
3
7
2
6
9
10
4
2
5
7
8
17
0
6
7
24
9
15
2
23
5
12
4
6
25
2
7
2
2
1
10
5
4
13
9
8
2
14
31
1
4
6
18
12
3
3
12
7
3
9
9
3
2
18
3
3
20
8
5
5
24
4
3
10
0
17
10
12
5
5
10
1
3
9
6
4
4
11
18
215
33
2
4
6
67
8
7
7
5
12
2
7
5
164
1
10
3
56
4
14
9
9
7
50
4
53
9
9
5
7
7
4
25
8
60
3
31
30
3
8
0
2
14
8
6
3
12
17
10
6
22
6
11
0
2
1
4
7
3
8
10
8
20
3
14
23
13
3
2
13
2
17
6
2
15
10
3
8
20
25
4
7
8
1
4
2
4
6
7
22
12
5
67
7
7
10
3
4
8
25
77
9
0
1
7
4
9
1
194
13
12
12
10
2
5
1
7
6
6
2
9
13
7
9
6
19
9
1
11
9
8
3
10
28
6
4
8
9
12
2
38
3
32
16
10
2
3
19
83
49
5
10
5
18
3
4
2
1
5
5
12
6
13
36
16
75
37
9
6
3
1
8
2
10
1
2
12
7
3
7
7
3
14
3
8
10
8
10
10
1
18
8
3
17
22
3
6
7
6
1
2
2
9
3
18
19
3
4
26
15
11
18
5
3
17
23
181
14
5
5
23
4
6
8
18
3
3
3
7
4
3
8
10
16
2
3
5
1
4
11
6
3
4
4
16
26
10
7
11
11
6
5
3
11
22
16
7
10
4
21
58
3
5
7
36
2
2
12
1
12
7
9
39
15
0
2
3
7
19
5
40
0
7
21
7
6
4
2
34
9
5
1
10
2
9
8
10
11
3
22
10
5
7
4
4
7
15
68
13
5
9
28
29
2
7
117
5
53
84
2
3
1
3
17
2
6
16
1
6
6
8
17
7
5
9
1
2
2
8
26
4
5
7
1
4
1
10
8
13
4
0
25
14
9
8
8
6
0
19
10
2
14
7
32
10
12
39
1
2
16
5
44
123
1
7
5
6
8
9
35
26
3
4
4
26
7
9
11
4
14
3
6
5
2
30
14
1
56
4
5
43
2
6
10
1
23
10
3
3
7
0
2
27
8
6
52
5
13
15
7
3
19
4
26
12
62
1
8
7
18
21
11
78
20
3
2
5
0
1
6
7
6
16
21
9
7
19
4
1
4
8
7
1
12
7
20
10
6
6
5
10
4
8
6
10
60
10
18
4
3
10
5
6
6
10
2
26
9
26
18
27
3
9
7
4
9
9
1
18
2
4
26
12
17
15
12
0
15
4
6
5
0
13
10
9
8
13
3
8
7
1
17
5
4
19
5
9
77
4
11
15
16
2
48
5
8
0
15
3
7
236
15
6
12
7
5
45
30
9
18
30
12
30
1
3
4
12
5
17
19
2
3
13
8
2
13
1
12
7
5
5
7
13
11
33
4
11
14
15
66
4
3
3
6
3
3
8
1
6
20
20
23
9
12
2
4
52
0
4
5
20
7
3
4
15
3
25
16
4
6
2
2
4
20
17
4
15
65
9
17
40
13
0
47
12
3
4
16
97
2
9
6
6
8
219
1
1
6
11
8
3
4
5
17
14
6
16
4
14
3
8
6
1
31
3
4
10
7
21
11
10
4
5
27
1
29
12
14
9
17
5
46
29
4
8
25
7
5
3
45
5
15
6
3
3
3
9
66
5
10
1
13
18
12
9
4
12
1
9
2
0
2
12
7
34
11
21
2
3
6
21
13
2
45
8
10
990
25
3
4
2
7
3
4
3
6
7
3
54
1
15
3
1
20
61
8
3
9
65
19
10
8
21
4
2
16
17
2
13
1
14
3
2
1
64
9
5
27
83
2
4
7
6
2
12
13
4
4
57
1
5
20
90
15
35
56
2
4
10
9
4
5
0
5
6
19
8
5
2
10
8
5
2
5
8
20
9
24
9
0
7
11
13
3
14
5
4
10
5
10
19
5
3
4
11
10
5
84
22
8
3
16
3
10
6
12
583
4
3
6
8
6
11
9
8
10
3
3
10
1
6
10
4
13
2
16
3
2
4
0
3
19
3
5
7
4
5
6
12
9
3
6
10
62
6
0
14
5
14
6
4
14
7
1
8
18
142
3
3
2
2
20
8
15
8
419
1
4
17
2
2
4
11
1
58
11
6
11
18
5
2
6
4
1
3
2
3
3
1
1
6
11
1
1
0
37
7
9
8
6
46
7
6
4
3
4
13
0
2
35
7
26
11
2
2
1
1
9
2
0
28
46
24
54
11
6
44
5
10
5
26
7
12
15
16
20
11
7
20
4
1
12
6
2
7
2
3
8
40
25
7
6
6
10
4
9
4
15
72
10
3
1
219
10
5
3
9
7
4
33
16
10
34
0
11
10
7
9
10
4
5
2
33
3
6
25
6
7
380
1
11
6
2
7
7
49
9
0
3
5
15
4
0
4
13
2
6
2
4
8
1
6
21
7
6
5
7
90
3
9
4
5
0
5
6
21
8
8
1
5
18
31
11
6
8
9
0
14
171
4
16
9
0
14
1
2
14
9
9
9
2
22
1
9
4
3
3
0
14
10
5
6
2
9
1
17
6
4
11
6
7
315
47
4
5
18
6
10
4
3
6
2
7
8
51
5
9
5
41
10
0
4
4
11
2
1
52
11
20
0
12
0
9
10
7
10
7
6
9
12
25
0
1
8
28
18
45
2
3
9
8
4
9
13
18
1
5
3
7
6
7
8
0
3
6
1
3
4
0
2
8
9
9
19
5
3
7
4
86
4
7
4
2
4
18
5
10
2
8
13
13
19
14
3
3
2
8
3
8
6
33
66
8
7
11
51
9
7
16
7
5
3
17
2
5
12
46
7
49
1
1
0
2
4
9
69
2
6
11
4
18
5
2
15
8
4
2
5
26
5
3
2
6
4
3
9
35
13
5
50
11
9
15
6
2
5
5
0
19
2
16
7
51
11
8
6
5
42
8
7
0
48
15
13
2
12
12
4
44
3
9
15
4
7
17
5
65
12
7
8
3
5
3
4
1
10
13
10
14
1
9
26
10
9
1
13
13
0
6
5
15
9
4
5
10
13
20
4
7
43
7
0
4
5
61
0
3
6
7
6
1
21
9
19
8
7
2
16
5
5
20
11
12
20
38
7
9
6
4
13
26
9
17
14
12
2
3
3
4
2
11
5
7
10
5
5
14
2
8
12
22
16
0
8
9
1
14
6
3
7
7
7
10
2
3
8
3
5
4
13
6
12
3
3
6
0
4
5
11
8
2
6
15
47
11
25
7
2
5
12
8
29
3
8
6
9
19
6
5
4
5
4
15
11
27
8
3
2
2
3
10
33
8
11
2
8
41
2
5
2
8
0
173
3
8
5
2
5
6
5
4
2
23
6
46
8
14
1
27
30
0
5
14
15
5
6
0
4
3
18
4
7
10
7
3
24
185
3
9
8
3
20
4
11
2
5
13
4
12
11
7
2
5
7
4
119
10
5
5
2
7
3
7
14
4
2
4
11
23
11
14
4
10
9
2
3
24
3
26
3
8
7
13
3
3
1
10
2
5
17
10
22
3
3
1
4
8
5
1
3
7
5
6
5
25
4
