0
49
0
1
2
0
0
0
0
10
4
3
0
2
7
19
8
4
2
0
0
4
125
1
5
5
0
3
0
1
7
3
5
4
0
10
1
2
0
1
1
9368
0
22
20
0
2
9
2
1
1
1
5
3
1
1
4
52
15
4
9
3
2
2
0
1
3
10
6
3
0
2
0
41
2
5
1
2
0
2
1
0
2
11
4
3
1
4
13
1
3
19
2
1
72
1
7
0
1
3
1
13
1
1
0
2
2
1
1
6
0
4
5
7
2
2
6
2
6
2
2
1
2
6
2
1
2
3
5
7
0
1
1
4
1
0
3
23
1
2
5
3
7
3
0
0
4
5
5
1
6
1
1
1519
0
1
5
0
4
1
0
1
2
4
3
3
5
0
2
5
5
3
0
4
2
0
0
0
3
1
1
5
5
0
0
5
10
11
0
4
4
5
0
4
2
7
1
0
6
3
1
0
2
14
0
2
9
0
15
7
3
13
6
2
11
3
78
1
0
0
7
0
2
1
3
11
0
1
4
0
0
7
103
1
8
17
9
2
1
0
1
1
0
1
3
3
0
3
6
1
3
14
2
1
9
5
5
15
39
2
0
1
7
2
7
31
3
7
2
86
8
1
13
0
1
17
0
3
6
1
5
5
7
3
0
4
6
4
83
0
4
1
19
0
7
3
17
10
0
0
3
1
0
16
0
4
12
24
5
3
0
4
4
2
1
10
0
4
0
0
2
0
6
0
0
3
2
1
19
0
0
1
3
4
4
0
5
7
14
2
5
2
14
4
2
1
1
0
4
0
0
0
7
6
11
6
0
5
0
0
3
2
1
0
1
1
2
1
75
1
7
6
2
3
4
2
1
6
1
0
33
3
1
0
2
5
172
2
1
0
9
3
20
2
2
0
0
4
6
9
1
3
0
1
1
0
5
3
2
14
0
2
3
14
2
0
3
0
0
2
6
0
1
0
1
0
2
8
17
7
5
2
2
5
12
1
1
7
3
31
6
1
4
1
0
1
3
1
1
0
77
1
6
0
1
2
11
55
27
16
0
41
1
3
15
0
2
4
27
3
4
3
2
8
0
1
6
5
3
3
62
0
0
4
6
0
6
0
1
1
1
22
2
3
7
2
4
2
13
2
0
49
0
1
2
0
0
0
0
10
4
3
0
2
7
19
8
4
2
0
0
4
125
1
5
5
0
3
0
1
7
3
5
4
0
10
1
2
0
1
1
9368
0
22
20
0
2
9
2
1
1
1
5
3
1
1
4
52
15
4
9
3
2
2
0
1
3
10
6
3
0
2
0
41
2
5
1
2
0
2
1
0
2
11
4
3
1
4
13
1
3
19
2
1
72
1
7
0
1
3
1
13
1
1
0
2
2
1
1
6
0
4
5
7
2
2
6
2
6
2
2
1
2
6
2
1
2
3
5
7
0
1
1
4
1
0
3
23
1
2
5
3
7
3
0
0
4
5
5
1
6
1
1
1519
0
1
5
0
4
1
0
1
2
4
3
3
5
0
2
5
5
3
0
4
2
0
0
0
3
1
1
5
5
0
0
5
10
11
0
4
4
5
0
4
2
7
1
0
6
3
1
0
2
14
0
2
9
0
15
7
3
13
6
2
11
3
78
1
0
0
7
0
2
1
3
11
0
1
4
0
0
7
103
1
8
17
9
2
1
0
1
1
0
1
3
3
0
3
6
1
3
14
2
1
9
5
5
15
39
2
0
1
7
2
7
31
3
7
2
86
8
1
13
0
1
17
0
3
6
1
5
5
7
3
0
4
6
4
83
0
4
1
19
0
7
3
17
10
0
0
3
1
0
16
0
4
12
24
5
3
0
4
4
2
1
10
0
4
0
0
2
0
6
0
0
3
2
1
19
0
0
1
3
4
4
0
5
7
14
2
5
2
14
4
2
1
1
0
4
0
0
0
7
6
11
6
0
5
0
0
3
2
1
0
1
1
2
1
75
1
7
6
2
3
4
2
1
6
1
0
33
3
1
0
2
5
172
2
1
0
9
3
20
2
2
0
0
4
6
9
1
3
0
1
1
0
5
3
2
14
0
2
3
14
2
0
3
0
0
2
6
0
1
0
1
0
2
8
17
7
5
2
2
5
12
1
1
7
3
31
6
1
4
1
0
1
3
1
1
0
77
1
6
0
1
2
11
55
27
16
0
41
1
3
15
0
2
4
27
3
4
3
2
8
0
1
6
5
3
3
62
0
0
4
6
0
6
0
1
1
1
22
2
3
7
2
4
2
13
2
0
4
0
9
7
4
3
0
8
2
2
5
2
39
11
5
0
5
5
1
8
60
1
0
2
0
2
3
0
0
1
4
5
2
31
16
650
1
18
2
0
1
2
21
2
2
1
0
1
0
16
1
1
7
0
3
3
0
7
3
0
2
1
6
23
13
1
5
6
4
1
41
2
5
6
11
8
2
1
0
3
3
1
0
14
7
13
3
0
2
7
1
10
0
40
0
3
0
9
3
22
0
0
21
17
0
19
3
6
2
6
0
0
14
1
16
9
0
4
8
3
61
0
0
2
2
2
2
7
1
6
6
0
21
9
6
0
3
1
9
6
35
3
1
3
3
3
2
4
0
6
9
0
12
21
2
0
0
0
0
6
14
4
1
55
3
3
2
0
4
2
0
8
5
0
0
17
2
3
0
1
1
2
2
1
0
0
19
1
1
5
4
1
3
61
4
3
0
8
4
11
0
3
5
0
3
0
0
4
3
0
1
6
1
3
12
7
2
0
0
2
0
19
2
1
60
1
0
2
2
0
10
1
6
39
0
4
16
1
1
0
14
39
5
5
1
2
7
3
9
1
1
0
5
1
5
2
14
2
17
2
13
1
1
4
5
2
259
55
0
5
0
14
2
2
5
0
2
4
3
2
8
9
4
2
14
0
9
0
12
1
1
0
5
3
4
4
2
9
2
5
8
2
0
0
0
5
0
2
0
8
1
5
3
4
0
0
0
33
11
0
2
0
4
5
2
3
0
2
3
0
3
4
2
7
0
4
2
4
5
1
2
2
2
2
0
5
1
0
0
0
0
3
6
0
0
0
4
3
10
1
4
6
1
6
1
3
1
0
2
0
2
0
3
0
2
0
0
2
3
0
9
0
8
1
1
0
0
2
1
14
0
1
0
2
12
7
1
0
6
3
10
5
0
7
1
3
7
16
1
4
0
0
3
1
2
8
5
1
5
0
4
4
1
1
0
6
1
1
3
1
4
8
11
9
0
3
0
1
1
13
84
5
1
3
3
0
0
1
1
3
132
0
1
1
0
9
1
5
2
0
2
10
1
1
5
3
4
21
26
88
17
3
1
1
1
2
30
4
7
29
0
3
5
1
1
1
1
0
0
1
6
1
3
5
0
0
1
46
0
2
25
4
3
0
1
0
1
9
0
4
2
0
1
0
12
3
0
1
1
10
1
1
1
2
1
6
1
2
6
2
0
6
4
2
4
0
0
0
4
0
3
0
0
4
6
3
8
4
1
4
1
1
4
24
0
0
2
5
1
0
8
5
2
1062
1
0
2
2
4
0
6
198
0
0
13
4
1
39
0
0
0
5
3
0
31
0
1
3
0
0
1
4
12
2
5
6
0
0
2
4
3
7
3
0
2
2
10
2
1
0
1
5
1
7
2
9
2
1
1
2
0
0
0
0
16
3
2
6
6
2
1
32
0
3
0
4
1
0
2
0
0
2
331
3
2
27
12
5
0
2
3
18
0
1
0
1
0
8
2
8
6
1
0
1
9
16
1
3
1
3
16
3
14
8
7
3
4
3
0
1
1
2
4
1
5
13
1
17
5
0
0
0
0
4
1
20
0
1
3
1
21
28
1
0
42
3
2
0
3
0
5
8
11
13
4
4
0
8
2
15
0
0
0
1
7
13
0
31
0
5
9
4
3
8
13
3
3
25
0
2
0
15
0
3
1
1
8
1
2
0
8
0
2
1
10
8
2
4
1
1
1
1
17
3
4
0
1
12
0
2
3
2
8
118
0
23
1
2
4
0
4
1
8
3
3
5
3
1
0
1
0
7
3
1
5
13
12
3
18
12
4
0
0
6
0
3
7
5
2
1
1
2
1
5
1
7
14
5
1
1
1
0
7
4
3
9
0
1
5
3
5
136
1
5
0
1
5
1
15
10
2
15
0
2
0
6
0
3
8
2
4
10
4
3
2
2
0
5
1
0
2
0
2
1
0
3
4
0
61
8
1
1
2
1
7
2
2
2
1
0
7
2
0
3
4
5
6
0
6
0
5
8
2
1
1
3
1
8
8
1
5
5
0
2
7
5
4
0
1
0
3
0
3
3
1
0
87
0
0
1
0
2
3
0
0
8
3
6
0
0
218
0
0
1
2
10
2
3
0
27
4
3
1
8
3
8
5
0
4
0
7
1
2
4
4
6
6
0
64
1
2
5
3
0
1
4
2
0
2
1
0
0
67
5
10
1
20
20
2
2
1
5
0
1
7
2
161
3
1
4
1
0
6
4
4
4
0
4
2
1
13
2
6
13
0
4
1
1
0
2
3
3
8
0
2
1
5
17
7
3
1
2
0
3
1
0
0
1
12
32
1
1
0
0
0
3
1
1
0
3
0
8
16
4
0
19
1
3
1
1
1
2
2
0
1
69
3
1
38
4
3
1
1
1
0
0
2
3
35
6
1
2
0
2
24
1
1
0
1
2
12
1
0
3
1
1
6
2
2
2
1
1
12
2
22
1
0
0
151
13
3
2
0
6
6
33
5
13
18
0
1
5
1
0
5
0
14
4
0
3
0
6
3
1
1
0
7
6
4
20
1
0
0
3
0
4
2
0
4
0
6
3
0
1
2
83
22
0
3
0
0
0
0
0
6
6
18
8
2
10
10
6
2
1
1
6
3
1
7
0
0
8
8
0
1
0
4
4
7
12
2
1
1
1
2
11
1
0
4
11
0
1
60
58
13
7
2
14
3
4
0
0
5
3
4
27
173
0
3
1
7
6
4
1
3
2
3
3
2
2
12
0
3
0
0
5
3
4
1
0
1
11
5
2
1
1
5
1
5
126
1
5
6
30
9
0
0
0
4
5
6
6
0
6
1
0
0
0
27
3
3
3
1
1
0
16
3
4
16
4
0
6
1
0
85
5
5
6
7
15
22
1
1
1
100
3
6
23
0
2
3
0
5
0
1
1
4
2
1
0
3
0
10
13
0
0
1
78
0
0
1
1
5
3
25
1
8
18
5
0
0
2
0
4
3
0
0
1
2
0
0
1
3
2
4
1
16
4
17
1
37
3
1
7
0
3
1
0
1
2
0
4
1
6
3
4
1
7
0
1
7
2
2
0
2
0
0
7
14
40
3
2
13
1
1
15
42
1
7
6
3
2
3
6
9
3
6
5
1
5
2
2
1
0
1
1
1
1
22
12
4
6
2
44
3
2
3
2
1
2
14
5
10
2
2
2
22
1
3
0
9
1
37
0
3
20
2
4
8
0
6
3
0
3
0
4
6
3
13
0
4
1
0
19
0
0
26
2
12
3
0
0
9
3
23
12
1
0
4
0
3
1
3
522
1
0
10
2
4
2
3
5
5
1
4
2
5
234
1
4
4
3
3
1
2
1
1
1
10
11
0
1
1
0
0
1
4
2
1
5
2
7
1
1
2
4
1
0
1
0
6
0
0
4
63
1
4
2
0
3
1
1
1
0
0
73
2
6
5
2
27
8
1
6
5
3
1
0
1
0
6
4
7
13
5
0
2
10
2
27
16
1
3
1
0
6
0
3
6
7
0
1
3
1
6
3
1
2
11
0
1
0
8
4
5
18
2
4
1
1
0
5
6
4
1
3
3
0
3
2
5
3
1
12
37
2
2
6
7
1
17
37
13
0
0
2
2
2
2
2
0
1
3
3
0
4
1
0
6
1
1
1
1
6
5
1
2
1
2
4
6
3
6
15
0
0
5
1
0
210
2
4
3
2
11
7
0
1
0
4
1
0
1
4
1
3
0
1
5
2
3
0
4
0
25
3
1
0
3
27
12
1
2
4
0
34
2
2
1
1
8
8
6
1
0
0
2
2
6
7
0
0
20
1
48
3
28
4
8
1
2
0
8
6
3
8
8
0
4
5
1
0
0
55
3047
1
1
0
2
3
0
1
5
5
4
0
0
1
5
11
0
7
7
0
116
1
0
2
3
14
1
0
7
5
2
28
0
3
0
0
7
0
0
67
7
2
26
1
0
0
0
1
8
3
4
0
4
5
5
1
1
4
3
5
1
4
0
10
2
12
2
1
3
1
2
19
5
1
0
1
30
3
0
4
0
0
7
1
0
1
10
1
1
1
2
1
5
4
2
35
3
1
1
0
2
17
6
0
6
3
95
5
4
0
0
1
0
18
177
0
2
2
0
3
0
1
4
1
1
3
5
0
2
0
42
0
4
3
93
0
7
2
2
5
9
1
5
8
5
4
2
0
0
1
0
3
0
2
8
2
0
1
1
87
2
4
1
0
0
6
1
4
2
0
52
17
0
1
7
0
2
0
0
2
2
1
29
1
0
6
6
13
7
3
31
4
0
14
1
1
2
3
4
4
2
24
2
2
7
7
11
1
0
1
8
2
4
0
80
3
12
2
0
2
1
1
2
1
13
0
1
5
7
1
0
20
6
19
8
0
3
3
0
9
7
0
9
1
7
1
4
0
0
13
1
0
4
39
0
2
3
1
12
5
22
0
4
1
1
3
0
1
21
5
6
9
11
20
3
3
0
4
1
5
2
14
2
2
56
2
0
2
1
55
2
9
2
0
2
5
5
6
1
1
9
0
3
1
3
0
8
5
1
0
44
1
17
3
0
3
2
6
0
3
5
0
1
1
42
0
0
4
1
6
0
47
1
3
1
1
2
36
0
1
9
7
2
0
0
0
0
9
2
6
1
2
16
1
0
32
1
24
1
0
10
7
2
0
5
3
8
5
3
17
0
4
16
0
17
20
0
2
4
1
2
2
6
3
0
2
12
10
3
1
0
0
3
5
1
7
4
8
0
2
2
3
2
0
3
2
8
0
4
8
4
64
55
9
2
0
1
1
0
0
3
2
3
287
1
59
13
4
18
2
5
3
5
18
4
5
7
1
1
6
1
18
1
1
1
18
1
189
3
0
6
0
5
19
746
5
4
5
0
9
1
5
4
49
52
1
13
2
1
8
94
3
8
6
40
5
8
11
2
2
57
4
6
48
1
9
0
2
8
1
13
8
5
0
4
3
0
0
5
2
0
6
1
4
0
1
8
0
3
1
5
136
10
6
2
30
2
2
0
2
35
3
5
1
3
0
8
1
1
1
7
45
0
1
0
0
0
0
0
4
1
0
2
0
2
0
22
8
25
4
18
7
2
1
4
8
4
2
1
0
8
6
17
0
55
2
0
0
1
0
1
1
9
5
4
4
4
1
0
9
3
4
3
2
1
26
0
10
18
5
0
2
2
4
0
0
8
14
1
0
0
3
1
2
1
3
2
6
24
1
2
3
0
2
2
1
3
0
3
2
0
2
12
6
5
2
0
7
3
11
4
14
3
9
11
0
2
5
1
0
4
2
1
0
0
9
1
0
3
124
9
38
0
2
0
27
1
2
3
1
3
5
3
2
3
1
3
19
5
5
4
1
2
1
6
50
8
11
1
6
2
2
6
10
4
5
0
4
15
0
1
0
8
3
0
11
1
1
21
1
15
0
2
1
2
0
1
3
6
1
1
4
18
0
1
0
570
0
0
9
1
5
3
4
7
3
3
6
0
9
6
1
1
1
3
28
7
2
51
23
7
5
3
2
5
2
0
72
4
0
2
1
0
1
6
2
5
3
1
15
24
1
2
2
3
2
1
3
2
0
0
3
1
0
30
9
0
26
1
9
6
7
1
3
4
72
1
10
1
0
4
0
1
1
2
2
37
1
1
3
1
2
3
4
0
4
1
2
0
7
2
8
3
30
64
4
23
0
2
2
0
7
2
1
2
0
0
0
3
1
5
2
5
21
17
0
0
2
0
129
1
30
36
2
4
3
4
0
1
4
4
56
25
0
8
2
2
11
1
3
2
1
0
0
14
0
1
0
24
7
3
4
13
6
7
21
0
0
6
14
15
2
2
1
8
37
5
1
1
2
1
6
7
3
1
2
6
4
2
6
2
0
2
3
15
2
5
4
51
1
3
2
15
4
4
8
2
1
0
1
3
4
10
0
0
1
3
0
11
6
0
0
1
4
1
1
0
0
9
5
14
2
0
0
4
2
3
1
2
1
17
0
5
474
2
1
5
6
3
3
4
0
16
4
5
17
12
6
3
15
5
16
3
21
4
6
12
11
2
4
2
1
0
14
6
1
0
2
0
0
2
5
2
6
1
0
3
0
3
2
1
14
0
5
2
3
0
1
3
1
1
4
1
2
4
0
2
3
2
6
2
33
14
2
0
2
8
11
3
0
0
2
3
14
14
7
4
5
0
3
1
2
4
2
2
2
1
2
2
0
9
0
3
0
2
5
1
2
1
1
0
5
6
3
6
3
0
0
2
13
5
2
6
1
1
2
0
1
18
32
3
2
3
2
3
13
17
1
1
14
20
1
1
5
1
0
2
6
0
0
7
3
8
4
3
8
8
17
4
5
0
7
2
0
1
0
4
0
2
8
15
1
1
2
1
1
0
18
7
7
14
0
1
3
1
1
4
21
22
1
4
1
2
5
2
0
8
1
2
49
0
6
1
4
16
2
5
3
0
16
9
4
3
0
1
2
9
5
6
4
3
1
2
16
0
0
0
0
3
0
1
0
2
2
9
9
0
1
0
0
11
4694
8
2
2
2
5
12
2
0
2
5
3
2
47
8
6
2
1
2
3
4
1
11
9
14
6
1
1
3
0
10
2
7
0
1
6
1
27
1
1
6
1
2
1
2
2
9
16
4
2
1
2
2
0
2
6
2
11
0
9
0
0
10
3
1
8
21
0
2
0
3
1
0
3
3
4
1
0
1
3
6
6
3
1
0
24
4
2
4
5
17
1
1
4
0
10
4
0
18
5
4
4
0
4
9
2
4
1
3
1
5
3
6
2
5
1
4
12
5
0
5
4
30
4
0
5
5
2
0
0
5
1
5
1
1
3
0
1
2
17
3
5
18
26
5
0
2
1
5
4
1
19
0
2
20
6
3
41
3
7
20
5
0
0
0
1
7
5
1
2
5
3
1
15
1
4
1
5
1
2
9
0
4
11
2
3
27
4
2
1
5
7
31
0
2
0
10
1
0
0
3
0
1
0
38
27
0
2
0
23
2
3
11
2
4
8
1
1
1
7
7
1
10
2
2
51
20
2
6
1
40
0
3
13
6
2
1
0
5
0
216
4
1
5
0
1
1
0
3
37
1
16
0
0
4
0
2
9
12
54
1
2
0
6
0
16
2
12
1
1
9
544
1
23
3
1
2
0
1
1
0
5
0
10
5
1
3
0
14
1
7
5
9
11
22
5
0
1
2
0
1
65
0
3
1
2
6
1
4
1
15
7
4
1
0
12
2
2
0
2
1
32
0
0
2
9
3
1
4
1
60
3
3
17
1
1
0
0
2
0
2
1
4
6
1
0
1
154
5
14
2
2
3
0
18
5
7
0
4
4
27
0
2
2
5
0
1
3
20
0
4
3
1
4
0
14
34
8
2
0
2
0
3
20
0
0
0
0
0
0
3
18
2
1
2
2
3
0
9
0
1
24
0
3
0
2
0
1
0
0
3
5
0
6
5
17
0
1
0
0
5
12
0
0
29
7
5
1
0
7
10
22
13
2
2
1
4
3
2
0
0
1
3
11
9
1
0
5
2
1
3
2
0
60
1
9
2
14
9
2
1
1
15
1
2
3
4
5
1
22
20
0
1
11
0
9
27
9
0
2
0
1
2
1
1
0
3
2
1
0
2
1
31
1
2
24
3
2
2
0
0
0
0
0
4
1
2
11
1
5
0
1
1
2
6
0
4
0
1
2
3
9
4
51
3
2
0
6
9
4
1
0
4
0
6
1
3
19
1
1
56
27
2
1
6
0
2
0
5
0
1
4
6
7
4
14
0
0
0
0
1
11
11
4
5
0
3
5
0
3
7
33
0
3
0
17
9
6
2
16
3
2
52
1
4
2
4
2
1
2
1
3
2
1
6
5
5
0
2
7
5
1
0
25
6
0
2
0
2
7
0
1
195
3
1
4
0
1
1
2
3
9
2
6
11
0
1
3
6
2
9
1
20
2
1
2
6
6
3
6
0
0
2
8
1
3
2
3
0
14
35
8
3
0
3
3
2
1
5
1
0
67
1
3
6
5
6
32
9
2
0
3
1
5
1
0
13
33
4
3
7
0
55
0
2
3
0
9
3
1
5
1
12
2
13
2
6
0
3
13
0
0
0
14
1
5
1
1
0
1
0
3
2
22
0
0
1
724
3
1
1
3
1
7
12
1
3
5
1
1
4
4
1
0
8
5
1
5
4
2
4
3
6
9
1
1
7
6
0
5
0
1
8
0
0
2
3
22
0
0
1
1
0
19
9
1
6
132
2
0
0
8
9
2
1
1
3
1
3
1
2
0
5
5
1
10
2
5
63
3
2
26
1
3
3
18
7
23
9
12
0
0
0
3
0
3
1
4
1
2
4
47
2
4
2
9
0
0
0
2
0
7
5
1
18
3
2
0
3
9
0
0
7
5
6
0
4
641
3
0
1
3
2
1
6
6
33
19
0
18
17
1
1
1
2
2
0
8
4
8
2
3
6
25
19
0
1
0
0
4
1
48
0
5
0
1
1
67
3
0
8
4
2
21
80
0
20
1
5
1
3
6
9
24
0
0
19
1
0
2
0
2
2
1
15
5
0
1
3
29
6
3
2
6
0
1
3
2
7
2
0
0
1
0
18
0
1
0
1
2
4
10
2
1
3
1
2
0
1
9
3
1
0
7
5
1
10
3
1
9
2
4
19
1
0
1
0
1
40
4
1
1
5
0
1
0
32
6
9
0
24
1
2
10
1
2
0
0
17
6
0
0
2
1
5
2
0
1
4
0
3
13
0
1
0
1
2
7
19
1
3
5
2
0
1
1
15
4
6
1
4
1
4
4
2
5
4
11
12
0
4
2
2
2
12
9
0
50
19
0
10
4
5
1
9
2
1
2
9
4
12
0
0
20
4
0
4
4
2
11
0
16
0
3
118
0
0
0
10
5
4
0
2
3
1
1
1
1
1
81
2
3
6
0
7
0
5
1
2
5
35
4
1
10
15
28
1
2
2
1
11
4
1
1
2
0
0
2
2
0
0
30
6
12
4
1
4
1
6
0
0
25
8
1
1
1
18
4
2
5
1
0
27
8
1
1
0
0
0
0
4
5
4
27
1
2
3
2
1
3
1
18
2
0
2
1
0
0
2
2
25
7
3
2
0
0
9
4
5
0
1
2
1
11
0
2
3
5
3
101
32
3
0
2
3
19
2
1
0
7
3
2
14
2
2
7
5
6
22
49
7
3
0
2
188
0
1
2
265
1
5
0
2
0
2
1
3
0
14
3
18
1
6
2
11
19
0
13
155
0
12
1
0
0
3
2
176
3
0
1
0
4
5
2
2
0
4
1
135
3
8
1
7
7
40
6
0
8
1
1
6
3
5
1
0
3
11
50
3
7
6
8
0
606
3
11
37
88
2
0
5
11
11
6
4
5
18
23
0
0
2
6
28
0
3
2
0
21
2
0
10
0
27
3
1
0
2
1
8
4
1
1
0
3
3
1
11
0
4
1
5
0
2
2
1
14
2
3
0
0
3
1
1
0
6
4
1
0
0
7
3
1
0
0
1
5
15
11
0
0
3
28
1
2
28
7
6
0
4
9
3
3
3
5
4
0
10
3
0
1
12
0
0
21
6
0
3
10
0
5
3
8
19
17
6
0
24
4
0
30
5
4
0
1
1
2
2
3
3
0
1
1
4
2
12
0
3
1
2
238
6
0
2
2
6
0
5
1
11
0
0
48
2
4
2
4
0
0
4
1
3
3
1
1
14
1
4
7
35
2
26
0
1
9
3
0
1
1
4
1
111
0
5
1
0
0
10
2
2
1
3
0
1
13
1
1
0
2
0
2
1
1
13
1
11
13
2
1
2
29
3
0
23
9
1
29
1
11
122
12
1
0
1
3
2
25
31
0
0
2
0
6
8
0
0
6
0
0
9
0
1
1
0
264
0
3
2
4
7
5
0
1
8
3
22
2
22
2
51
1
6
1
1
2
0
1
3
3
22
0
1
2
0
4
4
3
4
0
3
6
2
1
4
3
5
12
3
1
1
31
9
0
2
1
18
3
2
5
1
0
0
0
2
2
3
3
0
3
0
3
0
2
1
0
12
1
8
3
0
1
4
9
2
1
1
16
0
1
0
0
4
8
2
2
2
51
7
0
11
34
2
2
0
2
4
1
0
1
6
3
12
2
0
5
5
0
8
0
0
0
135
0
0
0
2
5
2
3
7
7
180
2
2
1
15
3
5
5
1
10
23
0
7
6
1
1
1
18
3
0
22
15
2
8
3
18
0
3
9
2
7
11
1
1
9
29
1
1
0
2
3
0
7
0
48
23
0
10
2
4
1
1
12
3
22
0
28
2
2
5
0
11
1
3
1
4
5
2
2
5
1
3
2
0
1
1
2
6
26
0
3
2
2
7
0
5
6
0
0
43
0
9
456
11
2
0
2
3
8
11
0
1
2
18
5
2
1
0
0
8
2
1
15
412
6
74
474
1
4
2
1
1
8
5
0
0
1
5
6
2
2
2
4
1
1
1
2
3
5
0
2
7
11
4
1
0
1
0
2
3
2
4
2
5
0
4
0
2
4
1
2
1
4
0
1
0
0
2
6
11
3
1
3
3
6
47
3
2
0
14
6
0
38
3
3
3
10
3
2
14
10
0
3
3
8
2
2
1
17
1
1
2
0
0
0
17
295
37
3
0
2
10
6
1
5
0
1
15
0
0
0
1
22
1
1
40
6
0
2
5
6
28
0
2
0
6
0
6
3
0
0
2
0
3
11
0
1
3
11
104
2
0
0
2
28
21
10
17
9
3
2
5
4
2
2
21
0
0
0
3
3
131
16
2
2
0
9
9
0
1
6
1
0
0
1
2
2
0
0
3
12
2
2
2
0
3
7
2
0
0
14
1
2
4
0
0
0
21
2
1
1
3
1
10
1
5
0
0
9
1
1
1
3
4
10
0
2
0
1
3
10
17
9
1
0
1
39
0
16
6
11
0
0
0
11
4
4
21
0
7
2
4
1
4
1
2
0
2
3
2
1
3
1
9
5
7
8
0
1
2
2
1
2
19
13
8
1
15
4
4
3
433
0
6
0
0
0
4
1
1
1
2
0
1
6
1
0
1
0
4
1
5
1
6
2
3
0
4
1
0
1
10
2
25
0
2
2
1
2
2
0
1
3
11
1
4
0
3
2
3
3
7
26
0
3
1
4
14
0
3
0
1
7
19
1
0
7
2
0
2
10
68
1
0
0
18
29
3
2
3
3
2
1
1
0
7
4
0
7
20
0
15
2
1
1
2
8
1
3
11
2
3
0
0
6
90
8
0
0
0
4
0
9
0
2
5
8
1
0
1
2
0
1
3
1
12
6
0
6
8
6
10
1
0
5
1
1
61
5
4
4
3
3
1
8
1
2
12
0
1
3
3
4
1
4
1
2
1
1
0
7
7
4
0
19
7
0
0
0
1
0
6
10
2
24
1
0
3
4
3
0
71
0
1
2
1
1
11
0
1
1
1
5
1
9
0
14
44
4
1
4
3
10
2
2
12
4
0
1
4
5
3
2
2
6
8
1
0
20
1
1
70
3
9
1
3
0
3
2
6
2
3
53
0
148
1
10
1
1
1
6
0
0
4
0
6
0
4
17
5
1
0
3
16
3
0
0
0
6
5
2
2
4
4
66
0
3
42
0
10
5
1
1
7
4
9
3372
5
2
6
2
0
2
0
0
0
0
1
0
0
9
1
0
4
2
8
4
17
3
0
6
1
15
0
0
7
2
1
12
2
0
0
0
1
2
2
1
1
12
5
2
3
5
10
4
7
2
1
3
2
1
110
0
2
19
4
0
7
3
1
2
0
0
9
6
4
17
18
5
1
1
8
5
0
1
1
0
0
0
3
1
6
0
2
1
1
0
9
22
5
2
4
2
38
0
6
4
2
2
3
0
9
8
11
0
2
27
2
2
1
0
2
1
41
0
1
1
3
3
3
0
9
0
0
3
0
0
0
7
1
1
1
16
6
41
10
2
470
26
5
0
1
2
8
44
1
1
8
4
22
1
326
2
1
3
0
1
0
1
200
7
6
7
1
2
2
1
7
0
2
22
13
5
4
43
3
6
1
0
7
0
2
1
0
7
1
30
3
1
0
0
0
3
0
4
3
3
18
6
0
5
0
1
0
11
87
0
1
6
0
1
20
5
1
0
9
15
2
1
5
4
0
3
2
2
0
5
2
1
44
2
3
15
4
0
0
12
6
1
0
1
4
0
4
0
6
56
0
2
2
10
11
5
2
19
2
1
41
7
1
3
0
0
4
7
4
0
9
0
1
44
4
1
0
108
1
2
4
2
4
2
5
8
0
14
3
3
0
2
1
3
0
12
8
5
0
0
2
5
1
7
6
1
1
31
0
4
5
1
0
1
6
0
1
4
0
3
3
6
1
2
8
3
5
0
0
2
0
6
1
6
8
0
1
3
22
0
4
0
6
5
50
4
246
1
2
3
0
0
1
18
1
8
2
6
6
3
0
2
1
0
2
2
4
0
3
5
13
2
1
1
15
0
1
23
1
1
0
2
8
4
1
1
3
2
3
9
4
33
0
2
4
3
4
8
5
4
4
1
14
2
0
298
2
0
21
0
0
14
2
8
5
14
0
0
5
4
20
2
6
4
25
1
9
9
6
0
6
0
1
0
8
2
732
5
4
2
3
3
3
0
0
2
22
3
5
0
1
3
6
2
22
0
5
0
6
2
0
11
12
4
3
1
2
7
3
1
0
12
15
8
26
6
1
0
3
12
0
1
4
4
1
8
0
2
3
1
4
0
0
58
0
9
0
0
9
1
7
3
2
0
1
9
19
2
0
0
1
13
1
2
0
0
3
84
20
8
2
4
0
38
3
30
3
3
0
4
0
1
0
174
0
1
0
15
0
4
3
3
0
16
0
1
7
2
6
4
10
0
3
26
41
1
0
5
0
1
6
0
5
3
0
0
6
0
0
1
60
0
5
10
1
18
0
4
0
10
4
1
1
3
20
4
8
4
4
24
4
0
0
4
3
1
0
5
3
0
0
64
0
2
5
10
8
0
0
56
5
1
2
13
7
4
4
21
1
16
6
1
0
2
2
0
9
3
3
2
2
5
0
3
1
10
4
3
2
1
2
15
111
8
0
4
2
0
14
4
2
4
1
10
3
4
0
4
3
9
0
8
3
1
2
2
3
3
2
3
3
5
0
4
1
2
5
13
2
2
10
33
1
0
10
3
14
3
14
1
3
3
0
3
0
5
11
9
2
17
1
9
0
1
0
2
0
6
3
3
64
1
0
3
2
1
6
0
7
2
312
18
0
4
0
22
0
2
4
0
2
3
67
31
6
0
4
1
0
0
32
1
4
0
2
1
0
2
6
0
0
0
0
4
8
0
0
1
11
3
9
0
11
4
7
0
1
14
0
2
0
0
0
2
0
2
3
3
3
1
6
16
0
2
3
6
5
1
0
3
1
1
4
2
0
0
10
0
0
8
3
3
0
14
2
2
4
0
6
6
7
1
2
4
0
1
7
0
2
3
2
8
144
20
0
2
1
40
3
2
3
1
5
0
2
2
110
0
4
1
31
1
8
2
3
3
32
2
27
5
3
1
5
2
2
15
4
38
1
14
11
1
5
0
1
3
3
3
0
6
6
3
3
14
1
7
0
1
0
3
1
1
1
4
3
12
3
3
9
1
2
0
9
0
8
1
0
9
4
1
5
7
17
1
2
1
0
2
0
1
4
1
12
9
1
47
3
1
4
1
2
5
11
53
6
0
1
3
2
3
1
128
7
6
6
2
0
0
0
1
4
3
0
0
5
1
5
1
6
1
1
3
5
3
2
4
20
2
1
4
2
5
1
27
0
18
8
4
1
0
12
65
33
0
5
5
10
1
1
1
0
3
1
9
0
2
10
6
55
17
1
1
0
0
5
0
3
1
0
5
2
0
2
0
1
2
2
2
4
1
3
3
1
13
4
1
11
10
2
3
3
4
0
0
0
0
1
8
8
1
2
15
5
4
9
1
0
7
6
123
7
1
2
15
0
3
3
9
1
2
0
2
3
0
4
4
5
1
0
0
0
0
4
4
1
0
2
7
11
4
1
6
5
1
1
1
3
10
5
0
5
1
8
35
1
2
2
21
0
0
6
1
6
2
5
25
3
0
0
3
3
8
2
30
0
2
10
1
3
0
0
22
3
1
0
5
0
5
7
4
4
0
5
2
0
3
1
0
1
6
37
5
1
2
20
20
0
1
82
0
40
50
0
0
0
1
6
0
1
9
0
2
2
3
11
3
0
2
0
1
0
1
15
2
1
4
0
0
0
7
2
6
0
0
16
5
1
4
2
1
0
13
3
0
7
2
25
5
2
29
0
1
8
0
38
74
1
3
2
1
3
1
15
18
0
0
3
13
2
5
3
2
10
1
5
2
1
17
6
0
45
1
1
29
0
2
3
0
11
4
1
2
4
0
1
19
2
1
37
1
6
6
2
0
8
2
19
3
40
0
5
2
3
7
4
46
12
0
1
0
0
0
0
4
1
5
14
1
1
6
0
0
0
4
0
0
9
3
12
4
1
2
2
3
3
2
0
5
36
4
10
2
2
3
2
3
1
4
1
18
1
12
12
19
0
4
4
2
4
6
0
6
0
0
10
9
2
11
3
0
4
1
0
4
0
2
2
1
1
7
0
1
3
1
7
1
0
8
2
2
42
1
2
7
12
0
29
1
3
0
5
3
1
177
8
3
2
5
1
37
15
2
9
19
9
20
1
1
1
7
1
11
9
0
1
6
0
0
7
0
3
3
2
3
1
3
6
16
2
3
4
5
36
2
0
1
1
0
3
5
0
0
8
8
18
4
6
0
2
36
0
0
2
10
2
0
1
9
1
9
8
0
2
0
2
0
8
7
1
5
41
6
10
26
6
0
34
3
1
1
8
60
0
3
4
3
3
153
0
0
0
3
1
0
0
0
10
3
3
6
0
8
0
3
2
0
17
2
1
4
0
14
3
4
0
0
15
0
16
4
3
4
7
0
23
15
0
3
18
4
2
1
24
1
8
1
0
1
1
1
42
1
4
0
2
7
7
2
1
4
1
3
0
0
2
2
2
14
7
8
0
0
3
9
3
0
32
3
4
759
16
1
2
0
3
1
1
0
3
2
0
34
0
7
2
0
10
29
4
1
6
42
8
5
5
11
0
0
5
8
1
7
0
7
0
0
0
44
3
2
13
58
0
0
3
2
0
4
7
2
1
33
0
0
13
64
9
22
42
0
1
3
5
3
2
0
1
0
11
3
2
1
2
4
2
1
2
3
11
4
16
2
0
5
2
6
0
5
1
0
2
1
5
5
0
0
2
2
4
2
68
11
3
0
8
2
5
1
5
421
1
0
2
2
3
4
5
3
2
1
2
4
0
3
5
2
3
0
6
0
1
1
0
0
7
0
0
2
1
3
1
4
6
0
4
1
39
3
0
8
1
5
4
0
3
3
0
4
7
115
0
2
1
0
12
5
6
4
304
0
1
10
0
0
1
4
0
33
2
4
2
11
4
2
4
0
1
2
0
1
2
0
0
1
8
1
0
0
16
5
1
2
2
18
3
2
0
3
1
2
0
1
18
2
10
2
1
2
0
0
5
1
0
15
23
11
34
7
2
18
1
5
0
17
2
11
6
9
10
3
2
7
2
1
4
3
0
1
0
0
5
27
8
2
1
2
2
1
6
1
2
44
2
3
0
164
3
1
0
0
2
0
23
9
4
20
0
1
3
3
4
6
1
2
0
23
1
4
14
3
2
274
1
4
1
1
2
1
37
2
0
0
1
9
1
0
1
4
0
3
1
1
2
0
1
12
0
3
1
0
49
0
1
2
0
0
0
0
10
4
3
0
2
7
19
8
4
2
0
0
4
125
1
5
5
0
3
0
1
7
3
5
4
0
10
1
2
0
1
1
0
6
3
1
1
2
4
1
7
3
2
7
2
0
237
30
1
0
11
1
3
2
1
4
0
2
3
29
2
6
2
11
8
0
2
1
6
0
0
42
6
13
0
4
0
2
5
1
8
2
5
3
6
14
0
0
3
11
8
30
1
0
6
3
2
4
6
6
0
2
1
6
2
1
1
0
1
4
0
2
1
0
0
0
3
5
11
3
1
2
1
62
0
1
1
0
1
12
0
4
0
5
8
8
10
6
0
2
0
4
0
0
2
18
43
3
1
5
36
6
1
10
0
0
2
7
0
0
3
23
2
22
0
0
0
0
3
2
49
0
2
4
2
5
1
1
4
3
0
0
4
14
0
2
0
1
0
1
4
22
7
2
32
2
4
11
5
0
3
0
0
13
0
7
3
29
4
4
1
2
23
3
2
0
29
4
4
2
9
4
1
28
1
2
6
1
3
6
0
45
8
3
2
0
0
1
0
0
2
7
6
7
0
2
17
3
5
0
8
6
0
0
2
9
5
2
4
0
7
14
1
2
25
2
0
1
2
32
0
0
2
4
0
0
15
4
7
0
4
2
10
1
1
8
4
6
11
24
3
2
1
1
6
9
3
6
9
3
0
0
2
1
0
5
3
2
7
0
0
7
1
1
5
14
9
0
2
3
0
6
1
1
1
0
3
3
2
0
4
0
1
0
7
5
6
0
0
1
0
3
2
3
1
0
1
6
32
3
8
1
1
2
3
5
15
1
2
4
3
9
3
3
1
2
0
11
5
8
2
0
0
2
0
4
26
2
4
0
1
23
1
2
0
4
0
132
0
2
0
0
1
1
0
0
0
15
1
29
4
9
1
14
25
0
3
6
5
2
3
0
0
0
9
1
3
0
3
0
13
128
0
1
2
1
10
0
2
1
1
5
0
4
3
3
1
1
4
1
85
6
0
0
0
2
0
4
4
3
1
2
3
13
3
10
0
4
3
1
1
5
0
15
0
4
3
5
0
0
1
3
0
0
4
7
9
0
0
0
3
1
2
0
1
2
3
4
0
15
3
