44
159
36
43
35
34
28
28
32
63
32
38
28
32
72
72
38
41
37
29
29
42
271
32
64
37
26
53
16
31
52
43
39
39
35
68
33
52
32
25
40
14343
43
87
123
24
40
43
48
31
43
37
59
30
29
36
59
142
64
51
71
46
29
35
28
38
47
61
39
43
18
37
33
108
48
57
33
48
37
31
26
33
34
56
41
33
37
36
55
58
50
78
38
45
184
44
51
35
40
40
44
75
36
33
27
52
32
27
23
50
32
55
39
53
56
42
36
33
45
43
46
33
36
47
47
35
48
30
52
62
15
40
37
50
34
51
56
94
40
33
47
57
54
51
34
42
42
52
54
35
46
35
43
2320
40
37
49
34
56
41
32
34
36
38
41
35
55
42
39
30
60
48
32
36
33
32
34
36
50
39
30
47
68
38
28
57
74
51
27
36
51
44
31
37
51
53
49
21
41
49
30
28
32
50
26
46
45
35
85
59
45
71
55
36
54
39
220
25
39
39
50
23
44
29
34
76
34
34
62
30
34
53
259
25
68
65
52
35
36
53
34
39
34
43
49
51
27
59
42
22
38
84
29
36
70
49
25
61
96
39
45
26
55
44
58
92
61
43
39
180
50
38
92
21
34
101
23
25
38
29
41
49
60
41
44
60
45
44
206
24
38
15
82
23
40
47
64
64
37
19
45
47
50
98
23
49
46
95
47
42
34
44
47
26
32
48
28
48
32
24
36
31
59
27
26
40
35
50
78
34
40
33
43
46
47
23
46
55
40
44
29
40
57
58
32
38
30
19
44
26
42
35
46
50
73
52
18
66
29
27
45
31
44
44
37
29
52
52
177
25
48
73
29
40
34
33
31
44
30
38
127
42
22
47
49
71
347
50
32
29
56
49
70
23
42
31
41
41
44
45
29
36
38
36
49
31
42
42
36
65
38
34
33
74
52
25
37
45
39
38
50
51
39
19
22
26
56
61
68
37
61
37
38
44
79
44
37
53
29
100
72
35
42
38
37
39
39
23
25
30
226
45
47
28
36
33
45
158
107
85
28
122
13
51
84
34
41
54
113
46
48
33
25
72
29
36
43
37
38
27
109
15
28
46
36
28
39
19
29
35
26
81
40
33
39
40
44
34
56
34
44
159
36
43
35
34
28
28
32
63
32
38
28
32
72
72
38
41
37
29
29
42
271
32
64
37
26
53
16
31
52
43
39
39
35
68
33
52
32
25
40
14343
43
87
123
24
40
43
48
31
43
37
59
30
29
36
59
142
64
51
71
46
29
35
28
38
47
61
39
43
18
37
33
108
48
57
33
48
37
31
26
33
34
56
41
33
37
36
55
58
50
78
38
45
184
44
51
35
40
40
44
75
36
33
27
52
32
27
23
50
32
55
39
53
56
42
36
33
45
43
46
33
36
47
47
35
48
30
52
62
15
40
37
50
34
51
56
94
40
33
47
57
54
51
34
42
42
52
54
35
46
35
43
2320
40
37
49
34
56
41
32
34
36
38
41
35
55
42
39
30
60
48
32
36
33
32
34
36
50
39
30
47
68
38
28
57
74
51
27
36
51
44
31
37
51
53
49
21
41
49
30
28
32
50
26
46
45
35
85
59
45
71
55
36
54
39
220
25
39
39
50
23
44
29
34
76
34
34
62
30
34
53
259
25
68
65
52
35
36
53
34
39
34
43
49
51
27
59
42
22
38
84
29
36
70
49
25
61
96
39
45
26
55
44
58
92
61
43
39
180
50
38
92
21
34
101
23
25
38
29
41
49
60
41
44
60
45
44
206
24
38
15
82
23
40
47
64
64
37
19
45
47
50
98
23
49
46
95
47
42
34
44
47
26
32
48
28
48
32
24
36
31
59
27
26
40
35
50
78
34
40
33
43
46
47
23
46
55
40
44
29
40
57
58
32
38
30
19
44
26
42
35
46
50
73
52
18
66
29
27
45
31
44
44
37
29
52
52
177
25
48
73
29
40
34
33
31
44
30
38
127
42
22
47
49
71
347
50
32
29
56
49
70
23
42
31
41
41
44
45
29
36
38
36
49
31
42
42
36
65
38
34
33
74
52
25
37
45
39
38
50
51
39
19
22
26
56
61
68
37
61
37
38
44
79
44
37
53
29
100
72
35
42
38
37
39
39
23
25
30
226
45
47
28
36
33
45
158
107
85
28
122
13
51
84
34
41
54
113
46
48
33
25
72
29
36
43
37
38
27
109
15
28
46
36
28
39
19
29
35
26
81
40
33
39
40
44
34
56
34
32
48
38
55
51
41
42
35
46
34
31
41
37
115
59
44
28
70
49
17
58
158
23
41
28
34
30
35
30
31
35
37
62
46
104
75
1180
34
86
42
33
35
42
80
53
59
40
18
42
25
71
34
42
66
29
43
42
29
48
38
25
36
49
69
78
58
38
41
53
44
45
136
44
57
38
83
47
24
35
45
40
61
42
29
82
55
66
33
39
31
70
32
55
26
112
22
56
15
55
29
81
23
40
77
99
27
71
29
38
22
49
36
32
68
40
65
47
26
45
56
30
183
23
38
40
32
37
38
55
47
31
43
25
89
44
47
40
37
47
44
33
117
41
24
36
39
51
28
60
42
41
64
32
69
94
33
37
22
31
41
41
66
50
26
176
43
59
25
39
72
55
48
44
52
33
49
78
43
35
25
32
20
28
27
44
32
32
74
35
31
56
41
36
29
179
37
54
32
45
42
60
25
56
48
32
39
23
23
49
35
43
26
48
51
39
80
36
49
25
26
27
31
68
34
46
144
37
20
34
43
30
58
28
60
158
34
45
94
39
33
33
47
137
59
51
32
39
66
43
63
18
38
45
51
27
33
41
71
45
94
31
63
47
35
32
36
33
588
154
24
47
32
52
30
29
76
31
46
42
40
43
51
57
47
33
96
38
58
38
59
67
40
33
62
39
88
43
38
59
52
45
57
34
27
34
42
44
19
38
40
62
27
53
42
43
33
23
36
87
65
22
47
28
51
47
43
38
36
40
38
29
71
29
39
54
37
36
41
43
50
38
36
45
44
44
44
78
37
38
29
22
27
34
51
32
22
38
70
38
39
15
38
43
34
41
36
33
25
23
33
28
35
25
41
29
39
27
31
47
25
28
82
44
48
46
23
33
39
37
51
71
28
27
32
48
46
42
24
42
36
36
51
63
21
68
43
43
63
85
41
38
36
25
25
31
32
44
48
39
56
35
54
64
35
34
26
51
33
34
32
42
49
49
56
73
46
37
35
35
38
53
202
48
43
33
40
35
32
36
31
50
232
35
25
28
29
71
48
56
40
44
46
55
33
25
49
37
45
80
94
202
104
42
26
31
25
45
83
53
55
109
49
32
43
25
27
33
34
39
33
48
46
23
51
39
20
30
60
129
21
35
66
52
36
27
31
35
28
56
27
61
36
26
38
23
74
35
38
43
35
49
34
32
36
42
40
44
33
40
45
49
27
46
50
33
42
31
36
28
40
37
33
37
31
37
49
36
70
33
36
76
38
33
40
108
25
26
25
36
36
35
59
54
39
1801
21
40
40
37
37
25
49
423
39
38
66
53
30
146
34
31
16
42
36
33
123
38
42
36
40
32
44
40
63
38
42
43
28
35
64
48
39
58
66
36
41
38
76
41
31
39
22
53
34
36
29
45
31
31
52
39
28
28
41
29
93
50
52
41
58
44
44
108
13
33
31
37
25
35
28
32
25
20
605
50
55
106
74
48
22
39
44
79
29
33
25
49
32
55
24
63
60
44
28
34
61
68
31
42
30
62
71
47
51
49
35
53
73
36
31
32
36
49
46
35
31
83
32
82
41
22
30
32
14
37
41
85
24
32
32
48
88
82
38
39
140
32
37
33
22
26
38
62
67
77
47
42
38
50
36
83
39
28
33
28
33
70
51
118
32
48
49
43
40
68
85
36
27
86
23
39
41
62
31
38
33
48
63
36
41
40
77
27
47
48
59
75
35
50
37
26
36
37
114
37
31
31
50
66
32
35
35
42
85
262
22
102
39
22
51
26
37
23
60
40
45
36
58
34
25
35
34
72
50
21
35
51
53
30
59
69
41
39
21
48
35
30
39
47
45
38
32
37
22
55
41
62
65
56
27
29
47
41
89
40
52
52
39
28
35
25
47
304
19
30
25
36
36
35
41
55
35
63
33
37
19
53
27
46
56
47
44
53
43
48
28
40
30
55
37
28
38
29
45
32
35
35
34
22
162
44
30
41
31
30
86
19
57
40
42
30
64
57
36
49
31
42
41
46
63
30
50
42
19
47
25
44
28
49
28
31
40
46
32
35
54
44
62
40
36
26
27
33
44
27
38
33
257
26
14
35
29
39
41
25
34
60
49
50
26
32
337
29
43
29
41
71
37
46
20
87
51
53
32
44
35
46
39
41
48
29
47
26
35
32
51
30
36
31
175
29
34
42
37
37
29
36
39
29
33
44
42
28
174
42
67
30
108
65
41
37
45
34
36
37
65
38
301
34
25
40
42
23
36
55
39
41
12
41
44
25
59
41
63
69
24
59
33
31
49
45
49
43
42
26
37
42
52
74
56
44
37
48
30
35
45
26
23
32
52
104
23
47
44
29
27
46
35
24
51
43
33
51
82
50
28
83
36
35
23
32
23
31
35
37
23
169
36
21
105
45
47
42
17
39
33
27
34
58
110
47
34
29
30
37
81
41
30
39
35
43
47
46
28
52
29
44
53
39
29
31
33
32
49
36
104
26
20
30
264
57
40
32
33
72
45
102
53
63
66
17
25
42
44
31
58
34
68
48
26
45
22
47
37
39
29
27
54
57
37
62
37
31
28
30
22
46
29
34
43
25
72
31
31
24
55
164
97
39
31
36
45
25
28
39
40
68
82
43
37
54
52
69
45
46
30
60
36
34
63
35
28
52
67
18
33
35
48
34
69
77
43
36
38
45
37
56
51
37
51
65
36
35
152
125
84
61
47
62
48
47
28
29
53
43
48
87
318
22
38
30
51
42
36
42
34
32
51
44
42
27
52
37
40
33
27
68
35
47
33
25
39
53
44
42
46
33
47
34
39
295
38
36
33
136
66
38
29
19
58
42
36
57
38
56
33
18
35
29
89
40
33
44
23
40
34
54
40
36
73
38
30
35
37
19
224
60
40
43
56
83
103
39
23
36
224
30
31
86
36
40
45
31
47
35
41
32
31
40
43
35
33
27
64
74
51
30
28
219
33
36
36
30
53
40
72
43
38
74
50
31
39
41
44
53
33
28
45
30
39
42
42
34
38
23
47
37
88
43
92
33
109
39
29
62
28
37
25
45
28
33
41
49
29
43
39
65
47
59
32
45
61
43
40
31
28
32
20
51
57
105
35
51
79
42
39
58
103
25
45
51
39
45
36
52
60
43
71
41
28
70
41
26
30
35
40
26
41
34
72
69
36
38
29
159
28
45
47
31
25
40
70
54
50
30
48
48
107
29
50
29
54
40
120
36
31
80
35
48
49
27
57
37
25
49
29
38
39
38
58
29
35
30
38
85
38
33
96
37
49
36
23
37
50
52
78
54
44
26
45
36
26
24
47
786
42
28
37
34
47
40
39
55
41
38
42
29
43
470
29
47
29
36
47
30
28
45
33
31
101
59
31
46
25
25
26
31
63
30
51
53
29
45
34
38
32
61
37
24
27
31
52
42
32
44
154
26
44
41
29
37
29
32
27
36
43
191
32
48
55
49
113
55
32
52
51
41
53
39
39
27
42
25
32
68
63
35
26
68
28
93
88
47
50
37
22
50
31
34
56
61
17
38
38
28
35
49
42
35
49
34
44
27
31
68
42
68
30
56
31
24
38
43
73
73
26
48
36
37
33
40
57
27
37
61
137
35
36
52
52
47
76
135
60
33
42
39
24
36
34
23
40
37
38
36
39
43
40
29
47
31
37
37
37
43
54
17
34
44
47
51
46
43
54
60
33
43
67
45
36
464
48
50
29
37
70
58
33
38
30
54
39
24
45
42
28
46
28
36
55
31
38
21
76
27
70
42
25
35
49
116
75
25
36
45
43
119
26
33
32
31
58
51
40
47
13
24
37
42
45
47
26
31
63
34
154
41
95
42
50
27
66
34
70
36
42
56
37
46
55
49
33
34
21
222
4398
28
33
28
43
34
33
47
35
37
50
43
38
36
45
57
41
52
72
22
263
32
29
34
27
74
36
27
43
38
31
105
37
42
21
40
57
21
31
199
65
33
102
41
37
34
42
31
56
39
47
24
43
46
54
37
37
62
42
42
35
43
28
53
43
99
29
32
45
36
36
89
54
42
14
39
96
44
46
34
47
35
39
39
53
32
88
39
45
46
42
39
49
38
48
94
46
39
38
35
42
89
74
31
52
56
289
41
56
35
30
29
31
88
398
20
46
33
21
61
32
35
43
37
38
53
37
37
44
35
112
35
43
33
241
28
41
33
30
58
64
24
45
54
38
58
29
29
31
35
25
34
39
47
66
45
34
31
41
235
36
54
42
19
31
45
30
39
44
38
136
73
21
34
35
23
48
30
22
43
35
37
102
37
19
58
51
68
50
33
110
53
22
60
32
31
49
43
38
31
29
86
36
41
55
71
60
33
34
45
56
40
43
29
187
39
75
44
24
48
22
39
46
57
75
25
25
41
50
25
26
82
46
75
55
31
25
46
29
62
49
26
70
51
67
23
38
33
31
71
20
40
38
131
33
37
53
40
58
48
83
29
47
27
31
49
19
43
78
45
59
69
77
66
40
27
44
50
35
60
44
85
33
30
127
33
29
39
30
129
30
49
34
30
41
42
40
46
27
29
55
31
34
26
44
32
50
54
40
38
134
23
51
45
37
30
44
59
19
47
29
24
27
25
127
33
27
47
48
49
38
136
44
44
30
39
41
133
25
28
55
39
38
28
34
35
43
44
34
50
41
51
70
40
27
106
48
98
55
30
55
40
27
44
41
40
67
35
35
80
25
51
76
44
63
97
34
34
46
26
49
43
66
36
37
40
72
73
21
33
27
24
45
35
27
64
34
42
20
33
52
27
38
26
54
54
56
26
53
73
37
133
125
68
52
33
34
22
35
42
43
34
40
564
28
141
63
49
94
31
61
47
61
80
41
47
47
34
24
31
42
73
40
33
35
60
34
457
37
36
48
31
48
92
1213
39
40
40
29
47
50
33
57
180
139
41
69
34
36
49
243
55
53
41
140
39
80
39
31
39
138
53
40
129
27
51
23
34
42
39
82
62
46
33
25
47
20
39
40
33
35
56
48
51
14
35
60
35
29
47
52
290
65
42
42
131
36
39
19
26
108
42
48
36
38
23
51
27
40
37
60
133
29
31
28
37
13
30
23
46
40
38
37
36
31
42
87
85
111
31
54
42
40
30
31
65
34
43
23
18
49
58
82
49
182
37
41
26
25
36
44
43
67
48
40
43
65
17
29
57
41
32
41
53
26
83
31
71
68
67
34
48
31
42
22
31
55
65
23
11
39
39
23
36
31
48
50
58
75
28
30
39
41
31
26
49
47
25
38
41
20
18
66
46
69
47
24
39
32
52
51
91
37
49
56
40
41
56
36
43
46
33
24
34
31
56
40
40
44
262
52
150
37
44
46
87
28
38
27
42
44
65
26
29
31
31
45
73
37
46
30
44
46
40
36
108
64
67
33
55
51
38
45
55
29
53
29
52
53
24
30
33
66
38
21
70
30
42
82
30
62
40
45
45
38
38
38
47
49
27
33
34
82
33
35
35
995
28
26
45
19
44
48
42
41
37
39
41
30
56
58
29
35
40
45
86
59
44
132
74
45
48
31
58
51
39
50
160
48
35
27
39
32
43
43
37
59
34
31
63
107
37
55
40
39
37
27
54
45
23
35
43
44
21
111
30
28
101
36
49
38
44
26
35
43
214
23
72
41
43
42
19
25
37
44
36
101
23
34
35
45
38
26
53
34
46
40
35
37
66
49
55
59
123
167
49
108
38
38
29
38
47
46
36
43
30
36
29
34
41
66
43
51
82
88
49
27
22
29
342
37
74
121
35
36
56
42
19
20
47
36
180
89
17
57
43
49
72
33
46
31
41
38
43
52
24
26
41
72
46
40
54
45
47
46
81
43
22
53
77
62
44
46
22
68
111
48
38
42
43
43
56
51
33
34
28
39
54
33
46
46
24
42
38
60
41
36
40
196
48
34
28
68
32
43
55
29
23
22
31
45
53
46
57
42
36
43
30
63
58
24
22
23
43
29
32
28
33
58
51
69
45
35
33
37
34
42
37
28
31
60
26
48
826
35
30
53
42
36
50
45
47
70
53
60
59
91
54
45
77
46
56
41
70
47
71
61
79
45
50
30
34
32
65
49
34
29
38
20
31
34
40
37
60
42
23
29
33
36
44
46
85
25
35
34
48
32
33
36
23
27
43
29
52
40
26
41
33
41
50
58
134
76
24
31
28
51
49
46
32
44
47
37
81
85
48
46
51
28
37
36
31
32
37
33
60
30
43
34
40
72
35
41
24
42
56
37
25
30
38
35
38
41
38
70
40
31
26
40
60
58
39
59
43
30
34
34
42
66
109
55
42
53
31
43
50
65
48
14
56
70
44
44
43
38
33
28
40
26
53
45
39
32
36
40
67
63
64
41
55
47
50
30
26
32
41
26
30
34
51
75
38
45
32
22
47
33
77
72
68
92
39
43
42
35
59
46
84
93
32
52
36
42
48
46
36
73
33
33
117
33
47
29
41
65
35
50
51
29
78
52
36
48
28
34
42
56
54
45
29
48
20
49
85
31
32
24
28
30
27
43
47
53
40
54
55
37
29
33
28
59
7067
37
42
33
26
36
79
35
33
39
57
41
40
136
58
54
30
30
30
45
34
31
64
66
77
56
30
34
38
22
67
41
41
25
28
60
40
62
50
27
49
40
45
29
39
35
50
56
36
37
30
39
37
35
28
80
40
60
24
51
32
17
64
28
30
41
96
41
47
36
34
33
30
58
35
45
37
33
30
45
51
48
37
28
40
84
52
45
33
41
73
27
33
53
19
60
47
37
80
48
42
36
29
38
65
33
41
19
59
42
45
33
31
45
58
33
43
59
44
30
47
45
78
40
45
44
44
43
29
28
32
36
41
40
31
50
29
24
59
80
44
41
90
77
53
32
36
44
59
52
33
87
37
39
100
51
47
109
37
45
70
51
26
26
30
34
69
34
45
30
54
40
41
72
27
33
30
39
40
43
72
34
37
60
32
36
91
37
34
41
46
61
81
28
36
41
52
33
33
44
53
27
29
38
140
94
38
31
25
79
44
38
50
37
38
55
43
33
38
76
52
33
66
38
54
125
77
35
38
30
176
31
40
72
32
45
31
47
56
42
384
34
28
47
31
35
33
22
60
137
49
76
34
24
61
25
36
58
53
147
26
32
23
51
37
68
23
53
41
43
60
953
40
87
51
40
37
39
40
39
25
53
36
68
44
37
46
38
81
35
46
46
66
69
88
49
28
51
43
33
37
161
39
46
29
39
63
36
50
33
85
32
44
27
54
60
36
45
22
39
16
92
47
37
39
47
45
36
47
26
147
48
71
75
35
25
31
24
57
32
43
32
40
54
38
31
23
293
47
100
35
46
43
37
85
54
43
12
40
50
109
37
47
42
45
30
37
23
100
47
42
37
28
66
29
59
121
31
38
25
46
24
34
95
27
36
32
39
36
23
32
80
49
24
45
43
40
41
49
32
23
54
23
49
45
35
33
29
30
23
38
65
35
60
45
90
49
28
26
46
42
65
20
29
106
54
54
42
32
61
59
78
74
51
32
36
52
39
32
32
21
27
40
75
67
26
23
37
33
34
61
32
28
169
42
64
39
77
48
28
41
34
64
31
28
54
46
62
35
61
85
36
22
72
34
53
100
72
34
29
48
30
31
30
41
24
41
43
35
26
52
40
91
29
48
90
45
23
22
36
25
28
32
26
45
39
46
68
42
51
37
30
49
40
59
34
35
23
30
32
48
60
38
150
42
37
27
55
46
52
38
23
59
27
44
34
41
75
22
35
134
89
36
29
45
26
27
30
38
38
38
47
45
41
32
74
43
37
29
33
31
63
64
51
49
34
44
69
28
49
56
145
22
45
31
66
45
57
33
65
44
38
155
27
40
42
46
41
29
32
54
55
39
34
33
58
45
38
29
74
46
43
25
74
58
39
46
22
34
56
21
52
409
36
35
41
23
36
27
25
30
64
47
51
90
28
23
58
48
35
42
41
61
42
43
28
40
48
27
58
37
35
45
48
52
49
35
39
32
53
105
39
42
22
32
42
37
17
32
27
33
241
27
47
58
64
51
136
51
50
38
39
24
59
24
43
71
92
41
32
42
31
139
30
48
58
31
53
43
54
60
30
70
44
80
33
42
23
27
59
27
29
40
72
34
48
53
41
36
53
36
58
36
121
33
35
24
1053
38
33
31
49
37
36
84
28
72
53
28
24
37
44
39
34
57
71
29
48
38
29
39
28
44
60
25
30
39
57
26
48
43
35
67
41
46
44
33
76
28
44
37
31
30
100
59
20
57
318
55
37
36
56
53
26
41
37
36
28
37
35
44
29
47
44
26
61
38
68
194
61
53
116
33
42
38
57
36
65
62
93
20
27
30
62
30
37
42
56
38
29
50
114
30
36
24
45
36
27
37
36
26
45
49
29
60
61
33
29
25
48
26
32
51
49
38
43
42
1121
44
24
27
39
48
35
72
71
82
88
42
92
77
44
32
35
42
43
25
38
25
51
30
42
62
75
52
31
42
29
36
63
34
181
38
44
32
44
41
192
30
30
51
49
34
78
174
24
59
29
53
37
43
51
50
74
39
45
75
21
32
50
34
53
49
27
57
42
41
46
36
128
40
26
40
30
39
30
50
51
45
31
24
33
32
38
77
30
28
27
29
37
43
63
24
47
33
37
29
22
40
67
39
35
26
45
45
40
65
48
55
40
39
48
100
32
24
55
39
39
98
39
57
42
53
26
48
25
107
40
61
30
99
22
38
37
22
40
31
15
69
50
39
36
42
26
49
41
39
23
35
29
39
77
24
29
32
37
33
49
78
34
43
36
44
33
59
32
78
40
54
33
47
36
23
53
37
52
38
72
46
19
28
47
53
34
63
81
32
128
79
23
72
63
33
40
36
48
30
33
33
51
83
38
31
81
75
47
41
53
37
50
40
56
33
37
300
22
39
36
53
75
51
20
41
45
29
39
49
17
42
202
51
47
49
36
66
20
41
32
45
41
107
49
40
79
83
112
18
41
36
37
53
36
25
48
59
22
40
35
54
38
18
95
55
49
41
41
33
24
55
40
40
101
56
33
31
30
75
26
36
48
41
29
102
48
38
46
39
22
31
37
43
40
29
88
34
43
41
37
20
37
34
73
32
21
41
25
32
33
32
30
101
40
33
32
43
30
63
39
48
28
37
45
36
61
27
46
39
61
47
239
85
49
19
43
35
71
29
39
36
48
36
38
70
31
37
57
61
51
96
136
44
58
33
34
375
35
34
29
553
27
39
38
38
31
35
35
28
28
68
37
72
39
48
35
70
86
34
74
303
35
80
30
32
30
38
46
365
46
20
27
35
43
33
29
52
26
53
32
277
37
47
30
53
61
100
54
26
71
37
41
59
30
56
50
41
31
52
152
38
44
29
59
20
1013
39
53
141
207
44
45
42
65
70
57
52
43
76
113
36
38
28
56
72
31
41
37
33
88
42
17
43
46
96
41
34
11
21
39
57
45
46
35
30
52
51
31
58
22
38
26
43
28
33
25
38
88
29
29
20
28
41
33
39
25
49
42
32
26
25
65
41
41
32
29
37
49
65
56
44
33
40
85
32
41
107
77
49
26
47
60
60
42
38
38
49
35
81
57
35
37
54
33
30
98
54
28
21
60
42
48
38
58
77
90
64
34
94
56
28
97
52
57
38
35
46
20
31
32
51
32
30
42
43
40
68
36
28
36
34
548
74
22
31
34
83
36
67
37
54
28
19
89
39
45
31
42
31
41
43
41
44
36
31
31
66
38
33
51
118
34
104
20
42
51
47
30
27
28
30
33
256
36
67
34
38
31
53
33
41
42
52
26
46
74
50
47
26
31
32
27
27
30
75
47
64
65
44
31
38
107
54
24
63
53
34
127
31
67
284
83
36
31
35
58
32
115
91
28
33
40
40
51
37
32
34
44
25
27
53
21
42
31
34
449
25
34
40
44
75
67
52
34
77
42
65
46
93
50
159
25
80
38
43
40
21
39
49
43
85
47
41
38
33
55
49
50
47
34
36
51
37
30
31
30
57
64
56
33
21
74
57
18
51
44
81
47
41
38
43
42
38
26
48
46
36
37
18
52
27
47
28
58
35
41
55
28
46
45
21
41
42
60
59
26
28
62
27
29
51
25
33
38
38
30
35
131
74
35
81
96
63
29
25
33
49
58
47
35
73
36
58
43
30
55
51
32
57
51
38
37
284
44
22
37
35
55
46
41
54
61
334
41
38
37
81
51
42
42
40
71
97
22
59
42
39
31
37
68
43
24
73
55
49
46
52
69
32
42
56
51
39
94
24
39
62
79
61
31
38
52
39
31
68
24
113
87
51
63
31
37
34
42
71
53
73
27
146
44
35
53
28
59
29
43
32
39
60
47
33
47
30
34
29
26
47
31
31
34
93
38
38
41
48
58
33
48
50
34
29
132
23
58
900
85
40
26
31
45
45
65
24
46
43
75
73
36
28
41
28
73
37
37
83
829
70
136
617
27
50
47
27
39
41
51
25
35
25
54
56
39
38
47
40
43
28
38
41
50
44
28
34
36
58
35
32
28
36
26
36
34
37
46
24
65
33
37
30
49
44
41
53
43
31
33
36
17
29
29
53
59
34
40
46
30
57
151
56
38
16
90
47
22
135
52
29
46
60
24
38
82
60
33
54
33
49
54
27
33
85
41
35
35
49
34
46
76
572
118
41
28
42
71
48
31
59
34
42
83
29
35
28
44
93
26
27
98
41
37
28
55
40
121
29
41
33
31
34
42
40
31
23
40
29
34
73
17
29
49
48
204
50
37
34
36
98
64
64
76
60
36
34
53
49
43
53
63
33
20
18
47
45
253
73
35
35
25
68
36
36
38
55
25
38
29
36
35
38
36
34
41
68
40
32
47
30
46
69
35
31
31
90
33
52
40
30
28
38
73
39
23
24
45
34
47
33
45
42
28
77
28
27
24
39
37
60
38
55
38
32
58
42
72
56
38
19
52
145
36
67
58
65
28
27
23
57
28
52
94
28
72
38
36
35
47
36
41
32
38
41
44
38
59
27
45
42
69
56
18
40
39
47
38
34
82
78
59
49
58
42
42
38
809
28
33
21
29
26
56
40
42
39
33
39
42
60
24
25
31
34
33
37
65
22
64
36
52
29
40
42
42
43
59
47
106
29
46
31
31
35
32
34
30
56
59
32
49
28
46
45
43
34
53
84
38
30
44
36
85
30
35
31
27
52
64
41
33
60
30
26
31
67
152
30
29
36
76
90
38
35
41
48
39
26
42
33
48
54
29
44
103
33
67
32
51
37
45
62
29
52
59
35
49
31
23
46
189
70
21
21
48
43
29
73
19
28
62
60
38
43
35
49
35
29
40
38
69
41
51
64
54
31
71
30
20
41
33
30
173
36
44
34
44
48
30
50
30
39
92
24
35
42
31
50
34
54
33
38
42
31
33
47
64
38
22
82
35
26
31
24
35
32
56
49
31
87
40
35
35
49
39
36
117
29
25
37
42
29
75
29
36
25
25
52
46
53
28
76
95
43
49
45
44
68
63
37
57
62
46
44
32
62
33
32
41
43
49
34
25
70
36
32
177
55
66
36
37
18
49
29
46
33
41
115
32
330
50
75
38
34
31
38
27
22
31
31
40
21
40
73
32
22
50
56
67
39
27
31
31
63
41
48
47
38
51
169
24
35
97
21
58
42
48
36
53
48
67
5390
32
40
52
36
45
53
28
26
36
37
38
26
34
79
40
30
55
37
50
57
58
45
29
54
32
70
42
32
64
40
45
61
45
21
33
24
26
59
37
42
30
61
47
47
62
50
56
64
38
38
29
27
57
41
296
25
31
68
39
21
64
33
28
30
28
21
49
65
46
80
73
45
33
36
61
31
28
35
28
36
31
31
41
40
62
37
35
29
35
37
47
51
33
40
40
45
126
35
53
49
38
29
44
30
54
63
60
44
40
98
37
44
39
37
32
36
129
20
41
37
40
35
46
36
73
24
32
51
27
24
38
51
28
23
46
76
59
130
54
42
968
78
44
47
24
48
56
123
23
34
57
44
97
29
701
32
28
47
37
38
27
29
418
37
46
46
50
53
33
45
41
42
43
61
67
46
50
115
32
50
38
24
46
35
47
27
40
38
33
115
34
36
38
22
29
37
31
41
47
43
57
35
18
57
35
31
29
77
237
21
26
71
35
39
81
52
21
21
42
70
45
39
43
41
25
32
42
50
30
51
42
34
73
33
32
92
50
39
28
60
37
37
32
50
53
15
39
24
54
150
34
41
36
51
58
50
31
65
27
32
121
54
43
35
19
35
47
42
53
33
39
35
43
150
44
46
42
235
46
35
47
30
31
43
69
73
22
64
43
38
36
55
48
51
20
42
44
66
41
43
34
52
40
49
37
39
35
140
27
37
60
41
36
44
68
29
31
38
26
42
41
75
38
34
44
41
48
30
29
39
37
52
17
49
59
32
37
45
93
21
44
46
44
48
132
53
483
47
29
44
26
32
32
72
24
46
31
50
44
47
31
35
45
30
41
53
39
31
38
48
66
40
24
30
65
34
28
105
40
34
48
45
47
43
44
33
54
38
40
39
38
155
17
38
37
46
38
48
31
52
42
35
71
59
29
569
43
41
130
47
38
70
32
60
34
65
28
49
53
39
68
37
34
54
86
50
58
59
50
34
36
28
35
28
54
49
1193
45
51
38
36
48
31
40
31
42
77
41
70
26
37
38
50
43
87
34
49
34
43
33
20
63
56
46
32
46
50
43
37
50
33
51
64
73
86
54
30
22
50
77
41
42
50
36
36
51
23
27
33
39
42
32
31
145
27
65
42
32
64
35
59
52
35
35
31
76
79
39
38
29
28
56
32
36
52
24
39
272
95
46
29
42
35
131
46
66
42
56
30
50
23
49
29
384
26
23
27
48
24
37
57
49
35
84
48
26
44
39
59
44
56
31
33
89
106
33
41
52
28
44
41
45
37
34
22
23
48
30
35
40
161
32
56
64
33
90
23
37
31
49
51
44
44
50
109
46
70
29
48
84
39
41
24
31
38
44
27
45
40
21
26
156
40
30
45
63
49
34
42
109
57
36
51
62
44
35
48
99
32
78
44
38
36
24
30
40
49
41
27
22
58
55
31
31
30
39
45
39
40
21
45
70
197
47
37
39
36
45
83
42
39
43
24
70
52
33
26
47
51
41
30
53
38
26
26
55
44
51
36
43
37
61
23
41
35
38
34
68
45
32
63
97
46
30
67
36
65
31
56
19
35
50
43
30
38
50
48
45
46
90
38
50
26
39
49
44
25
51
42
44
158
41
35
37
52
26
43
34
44
30
670
74
36
35
29
75
28
54
33
22
29
43
216
88
39
23
36
39
45
35
91
33
32
34
38
36
44
52
45
35
32
44
44
50
47
29
36
39
70
58
43
20
72
45
40
27
29
64
29
43
42
27
27
41
47
36
49
36
40
20
55
81
24
34
40
75
46
39
39
49
49
32
48
39
36
30
56
26
27
58
53
29
27
71
41
31
46
16
56
42
41
32
22
44
22
24
45
44
37
25
69
49
362
82
42
29
52
122
41
44
39
36
47
32
33
39
262
39
56
31
107
35
54
47
48
43
91
40
114
39
54
45
35
40
32
79
34
127
24
77
84
32
37
21
27
39
36
44
36
53
81
42
42
58
29
46
25
28
36
34
38
31
52
46
49
60
27
54
68
54
23
40
44
34
67
48
31
56
37
31
48
61
63
31
54
37
30
47
33
33
36
39
53
54
35
132
33
37
40
40
36
45
74
153
67
37
24
44
42
42
26
309
55
48
44
60
24
38
38
47
38
46
31
46
50
47
46
36
51
39
25
54
32
53
36
38
95
29
32
29
43
48
37
90
31
81
57
43
34
46
68
151
99
45
41
31
65
36
37
30
24
41
28
53
40
43
88
52
141
92
36
37
36
28
50
31
43
23
31
42
46
43
36
32
36
59
31
47
51
48
60
47
38
56
25
34
44
59
36
41
39
33
27
23
23
44
32
64
55
31
40
73
38
40
46
47
33
51
61
298
61
40
45
53
28
26
63
49
32
23
31
39
35
34
42
37
68
32
42
39
29
40
47
37
42
25
42
50
66
47
52
43
52
28
43
41
44
66
57
46
42
40
53
114
41
36
42
79
29
27
51
20
51
38
42
97
64
23
27
45
47
61
33
97
18
38
59
37
30
29
31
72
46
38
25
48
27
43
42
53
49
17
82
42
30
44
31
36
38
43
151
52
38
59
66
75
24
32
205
54
92
145
15
44
19
35
67
26
44
50
33
37
35
36
60
37
35
51
32
31
28
37
78
35
41
42
24
29
46
48
26
67
39
27
69
47
34
42
35
41
30
66
44
30
64
34
74
56
46
83
30
32
43
40
76
208
33
36
41
23
28
31
84
85
44
25
28
90
39
41
61
28
45
24
37
36
23
89
65
30
104
34
32
97
27
38
33
43
85
51
31
38
31
23
26
79
62
40
96
42
46
58
32
25
57
41
73
64
116
24
43
36
50
67
42
161
62
30
33
44
28
27
41
44
36
57
55
40
42
60
29
31
45
39
42
23
58
28
67
31
45
50
42
52
36
51
47
39
124
40
48
28
33
50
39
24
43
49
29
63
49
92
59
65
36
43
42
30
34
36
19
53
38
44
77
56
53
43
43
32
63
34
29
32
21
48
41
33
37
59
37
40
55
31
67
27
28
63
52
36
164
38
57
61
71
27
113
49
37
19
64
37
42
337
41
45
44
36
35
92
84
35
53
81
62
77
41
30
36
42
34
58
60
33
23
54
39
33
56
26
53
37
39
49
46
56
40
88
22
46
56
64
133
39
27
32
38
34
30
43
32
35
69
53
50
36
52
22
25
106
29
37
34
69
32
30
28
58
36
72
70
30
39
43
29
38
63
57
40
54
136
53
49
103
41
27
77
49
21
34
61
183
38
66
29
37
48
363
28
35
45
35
42
26
29
30
49
50
35
55
30
61
43
33
35
24
76
26
41
63
44
56
40
41
38
27
65
33
85
40
56
46
54
29
109
71
26
46
68
36
46
35
97
46
65
39
39
39
33
32
133
28
51
16
41
62
57
45
39
52
18
47
26
16
40
60
49
94
66
65
26
30
50
65
53
32
94
44
41
1369
82
49
32
30
48
31
43
29
45
44
39
108
23
40
21
27
64
126
48
32
50
129
60
42
28
60
22
36
54
49
28
45
31
43
31
31
34
118
37
41
83
154
18
36
40
41
46
48
58
30
42
119
35
37
56
168
45
76
99
32
40
40
45
38
42
27
33
30
61
45
30
25
44
38
35
29
43
51
59
44
65
42
10
34
49
44
32
51
41
41
45
47
40
60
38
26
34
44
61
28
128
71
28
36
58
42
41
33
45
823
48
35
29
39
41
55
38
39
44
26
29
45
28
39
41
32
69
23
55
40
44
32
29
30
58
26
43
43
36
40
33
58
36
28
36
45
121
37
31
73
39
53
35
24
70
34
31
53
40
225
40
25
13
45
44
28
41
49
654
34
34
54
30
35
35
51
22
119
49
47
53
62
39
37
34
29
35
25
32
35
24
25
14
28
42
24
28
31
99
34
49
43
31
90
30
30
37
24
30
56
28
34
77
36
81
38
39
26
30
26
40
40
32
78
93
66
118
49
36
101
35
42
35
73
37
42
59
59
54
50
48
74
40
35
56
34
38
47
40
28
51
94
61
31
36
36
53
24
44
46
64
145
44
26
27
334
45
44
29
33
28
38
70
46
54
75
22
37
40
35
43
45
35
38
34
75
43
54
74
42
48
554
34
38
32
33
40
38
98
38
17
22
40
52
37
35
52
48
29
34
24
35
46
36
49
71
47
30
36
44
159
36
43
35
34
28
28
32
63
32
38
28
32
72
72
38
41
37
29
29
42
271
32
64
37
26
53
16
31
52
43
39
39
35
68
33
52
32
25
40
24
47
31
28
45
33
45
20
68
45
35
52
39
37
461
107
41
36
78
45
38
32
51
37
35
40
41
117
33
37
45
124
37
28
42
26
61
31
38
99
51
56
33
47
30
41
54
34
48
42
36
44
50
83
27
20
47
64
64
87
40
34
43
43
33
47
65
55
29
41
35
39
47
36
60
25
31
37
39
46
40
33
25
47
43
42
57
45
30
41
20
153
34
47
30
32
32
51
28
38
31
48
33
52
73
66
40
19
28
54
27
43
39
85
119
43
40
49
88
47
38
59
36
41
29
63
37
40
56
106
48
95
26
26
19
24
27
43
107
37
45
55
44
60
42
33
53
33
39
29
37
72
39
36
30
36
38
37
39
80
40
36
102
47
37
59
25
30
34
38
36
60
34
47
30
108
32
48
39
33
83
30
43
38
102
61
38
31
37
56
46
114
24
42
54
29
37
58
34
125
44
27
42
41
33
23
32
40
40
64
33
59
26
51
73
46
36
17
43
48
29
41
31
45
44
33
41
36
51
67
41
39
84
44
23
47
41
111
33
26
35
39
34
24
54
44
60
39
57
30
57
34
41
53
47
46
51
86
33
38
34
32
34
62
48
49
51
42
37
21
50
32
35
51
26
38
40
54
32
53
29
45
46
68
56
24
35
41
26
54
48
25
53
45
39
51
26
31
40
29
44
42
49
34
60
35
38
33
32
36
38
45
36
20
38
50
98
46
66
51
28
31
36
40
84
29
37
38
42
61
36
35
26
31
35
55
47
65
45
23
37
38
33
55
75
35
40
30
47
84
29
36
25
50
23
252
46
49
35
35
37
40
44
31
31
71
32
100
46
60
31
65
78
30
42
66
42
44
50
22
36
40
55
37
30
54
40
39
89
314
37
35
43
34
66
30
42
37
26
60
35
41
46
60
20
37
35
25
200
39
44
24
40
37
36
40
54
44
30
47
53
66
53
49
29
48
43
38
33
61
40
68
25
51
41
49
36
37
27
43
26
44
70
47
54
34
33
28
34
35
39
22
36
39
30
38
35
80
44
