21
23
16
8
117
11
8
22
7
16
10
10
16
10
33
7
18
11
3
22
8
32
3
9
7
25
10
45
8
14
9
9
4
5
45
21
6
10
27
9
28
27
8
5
12
6
12
9
23
10
30
69
15
19
7
7
14
11
131
9
8
11
15
13
5
22
11
21
4
13
12
10
3
6
40
6
10
10
19
8
7
19
5
13
39
17
16
23
43
53
15
7
14
13
6
5
10
11
21
5
6
9
11
35
34
13
11
11
3
12
3
29
4
7
6
6
12
7
3
27
26
7
22
14
6
21
12
19
30
10
3
9
20
11
12
7
10
12
14
8
58
23
23
10
11
7
5
16
15
23
4
10
5
20
8
52
7
31
7
10
11
15
39
8
7
6
8
23
12
11
17
6
8
6
16
10
38
6
3
9
6
15
12
40
20
11
36
54
7
2
18
19
19
5
10
25
23
30
17
9
9
15
7
1
11
7
104
68
7
5
15
5
140
9
14
6
5
8
16
11
4
21
8
26
25
8
5
10
6
15
11
14
14
85
10
11
11
12
17
6
5
12
10
61
10
14
8
15
20
14
13
38
13
10
6
9
5
20
111
54
6
6
11
37
5
7
36
8
43
33
8
44
44
72
70
62
9
22
25
17
13
34
23
26
17
10
4
6
71
14
4
24
8
5
8
20
11
7
10
11
123
26
6
29
5
37
19
8
15
23
13
21
6
13
8
11
33
102
27
2
12
19
5
2
8
5
11
10
20
9
12
3
11
21
10
22
6
10
4
26
14
21
5
4
5
9
16
11
23
6
6
5
10
24
6
8
18
10
47
17
18
3
12
9
10
14
36
22
1
3
4
13
13
6
6
6
5
17
10
23
18
7
16
33
10
166
8
11
7
6
16
8
12
7
5
10
17
8
10
36
7
8
10
12
16
7
10
401
6
3
4
22
6
15
12
42
8
12
9
8
11
14
10
18
8
20
13
40
11
8
20
32
2
7
8
35
17
8
28
2
16
14
7
112
18
13
7
14
14
19
16
7
5
9
7
8
9
11
9
6
6
17
12
75
24
12
6
5
3
54
13
11
14
7
24
11
32
11
12
15
12
9
15
6
14
11
7
11
20
707
80
18
7
8
15
13
21
23
11
6
21
23
16
8
117
11
8
22
7
16
10
10
16
10
33
7
18
11
3
22
8
32
3
9
7
25
10
45
8
14
9
9
4
5
45
21
6
10
27
9
28
27
8
5
12
6
12
9
23
10
30
69
15
19
7
7
14
11
131
9
8
11
15
13
5
22
11
21
4
13
12
10
3
6
40
6
10
10
19
8
7
19
5
13
39
17
16
23
43
53
15
7
14
13
6
5
10
11
21
5
6
9
11
35
34
13
11
11
3
12
3
29
4
7
6
6
12
7
3
27
26
7
22
14
6
21
12
19
30
10
3
9
20
11
12
7
10
12
14
8
58
23
23
10
11
7
5
16
15
23
4
10
5
20
8
52
7
31
7
10
11
15
39
8
7
6
8
23
12
11
17
6
8
6
16
10
38
6
3
9
6
15
12
40
20
11
36
54
7
2
18
19
19
5
10
25
23
30
17
9
9
15
7
1
11
7
104
68
7
5
15
5
140
9
14
6
5
8
16
11
4
21
8
26
25
8
5
10
6
15
11
14
14
85
10
11
11
12
17
6
5
12
10
61
10
14
8
15
20
14
13
38
13
10
6
9
5
20
111
54
6
6
11
37
5
7
36
8
43
33
8
44
44
72
70
62
9
22
25
17
13
34
23
26
17
10
4
6
71
14
4
24
8
5
8
20
11
7
10
11
123
26
6
29
5
37
19
8
15
23
13
21
6
13
8
11
33
102
27
2
12
19
5
2
8
5
11
10
20
9
12
3
11
21
10
22
6
10
4
26
14
21
5
4
5
9
16
11
23
6
6
5
10
24
6
8
18
10
47
17
18
3
12
9
10
14
36
22
1
3
4
13
13
6
6
6
5
17
10
23
18
7
16
33
10
166
8
11
7
6
16
8
12
7
5
10
17
8
10
36
7
8
10
12
16
7
10
401
6
3
4
22
6
15
12
42
8
12
9
8
11
14
10
18
8
20
13
40
11
8
20
32
2
7
8
35
17
8
28
2
16
14
7
112
18
13
7
14
14
19
16
7
5
9
7
8
9
11
9
6
6
17
12
75
24
12
6
5
3
54
13
11
14
7
24
11
32
11
12
15
12
9
15
6
14
11
7
11
20
707
80
18
7
8
15
13
21
23
11
6
9
8
8
12
5
4
102
10
24
3
4
10
17
6
36
12
7
122
5
4
16
12
8
12
27
1
8
7
12
11
50
17
23
6
11
91
1
16
14
87
5
12
10
27
9
16
7
15
30
9
10
8
7
7
21
10
13
8
6
4
33
20
9
6
22
6
15
5
11
37
19
14
12
8
7
39
11
6
11
4
4
12
6
45
38
11
7
14
4
9
10
9
6
9
11
12
15
8
14
7
4
11
12
3
12
3
14
11
13
2
17
8
2
5
9
21
19
12
8
7
14
7
4
19
5
12
51
9
17
8
11
8
29
11
5
7
6
14
11
5
28
7
5
113
11
13
12
16
43
10
5
8
14
32
20
9
2
37
19
14
15
8
26
15
17
10
62
3
8
12
2
24
10
13
394
4
9
7
21
88
15
12
12
5
7
19
4
3
18
21
11
8
10
133
18
13
8
8
16
11
5
20
8
17
6
9
42
19
13
414
4
26
7
4
8
6
11
6
9
29
20
9
5
28
36
41
149
15
12
11
9
21
13
22
12
8
12
22
16
7
40
25
8
21
53
13
15
7
12
3
12
8
15
7
6
4
4
9
22
15
9
3
18
7
34
15
10
7
9
11
18
11
8
25
10
3
4
9
16
7
11
6
4
23
27
17
7
27
12
4
12
13
10
10
8
5
6
7
45
36
13
7
11
3
17
9
5
16
8
3
8
9
24
8
16
6
17
160
9
3
27
247
5
6
8
14
4
6
7
20
7
3
18
6
5
8
9
6
2
3
17
14
3
17
4
13
9
13
24
21
19
53
18
6
25
11
21
4
3
13
5
13
9
16
8
9
18
30
11
9
6
4
4
14
158
3
11
3
23
19
20
24
102
7
5
19
6
41
9
30
12
3
10
10
17
15
4
12
10
12
7
9
13
8
38
6
74
28
18
2
11
7
7
12
12
12
11
7
5
29
14
4
14
19
7
51
8
10
22
20
30
9
35
10
24
27
13
8
7
37
10
10
8
6
58
12
14
9
27
16
7
19
9
7
11
7
6
6
19
3
1100
14
10
15
9
14
14
3
27
25
18
5
11
2
5
10
4
28
6
110
17
12
26
17
6
12
4
4
25
12
11
2
9
8
11
2
8
20
42
56
3
13
15
11
7
5
35
6
9
15
7
17
3
19
9
13
13
7
3
12
54
22
22
2
10
6
121
28
35
24
13
11
10
16
69
10
10
7
4
6
35
5
8
22
11
13
51
53
18
21
27
18
7
7
14
157
21
20
18
5
5
21
6
23
6
14
15
29
9
14
11
8
8
8
16
5
10
6
14
12
19
9
11
63
11
13
14
8
42
18
14
19
9
31
13
19
8
13
9
14
19
14
25
15
10
45
3
91
8
23
3
20
6
9
4
24
12
6
12
22
17
10
17
5
11
35
9
25
8
16
15
11
160
15
2
2
12
6
13
3
23
9
12
9
7
12
29
15
29
6
10
19
13
25
475
42
7
12
9
25
34
13
13
5
21
15
17
2
10
8
7
14
29
219
7
3
59
10
6
7
17
23
11
19
39
18
34
10
20
13
13
24
141
6
78
35
6
14
4
18
10
14
6
10
11
9
17
7
4
12
8
19
6
4
13
13
9
10
4
19
6
13
14
11
33
12
2
7
8
20
26
9
6
13
11
14
50
10
11
10
9
19
36
16
3
10
7
8
8
8
18
7
9
12
12
32
5
16
3
19
13
6
9
33
26
23
4
19
5
5
35
8
10
26
16
5
23
21
8
5
106
2
22
15
9
3
7
8
15
8
4
16
30
13
8
27
9
16
7
9
19
6
15
4
9
13
11
14
25
3
26
10
10
4
62
21
12
12
32
13
7
11
18
27
36
50
25
80
26
4
39
10
6
11
11
17
19
19
20
4
6
15
23
21
19
16
8
11
29
16
17
10
23
15
5
7
22
110
13
10
3
7
4
11
16
331
6
21
11
55
9
16
6
17
2
14
8
10
11
10
8
93
25
8
5
13
6
31
5
36
6
20
4
12
2480
15
14
11
3
3
12
11
26
2
10
5
4
14
81
5
6
9
5
15
15
12
8
4
16
30
28
2
43
20
14
25
8
14
20
93
10
21
4
16
9
14
6
32
6
9
13
6
4
4
6
4
5
4
8
58
7
5
19
8
35
24
5
23
32
9
23
18
12
6
3
19
13
14
10
25
4
10
28
16
17
7
11
1
10
8
10
391
6
26
11
17
2
10
13
10
3
12
84
7
14
3
15
23
2
27
6
15
273
8
19
2
12
12
3
5
8
7
24
104
15
6
13
5
10
5
8
15
25
7
16
3
9
13
48
9
5
9
9
7
6
21
10
4
11
15
16
25
8
4
9
5
6
5
5
8
11
7
11
18
10
28
8
11
16
15
12
27
16
24
13
6
9
6
12
5
13
20
1
15
16
24
11
15
8
4
5
123
13
7
12
11
6
4
14
40
19
5
7
11
298
5
12
16
15
9
12
8
5
19
10
7
5
9
11
4
7
11
13
8
29
12
2
8
376
16
5
18
9
27
11
9
4
25
14
12
23
17
11
5
15
9
15
14
9
17
8
14
5
13
17
12
67
10
3
29
10
5
34
1
4
18
12
6
9
15
11
12
10
8
3
14
4
25
16
8
7
9
15
12
11
15
10
6
19
9
15
4
10
12
17
2
95
20
4
17
12
16
17
7
9
6
15
23
18
12
21
6
26
4
20
2
25
1
10
15
4
13
31
37
21
2
14
10
16
4
5
111
17
9
5
7
29
40
5
13
5
37
9
18
10
9
55
6
30
16
5
13
7
16
6
9
7
14
14
227
4
7
19
7
28
8
10
8
16
5
107
14
11
8
9
10
10
16
10
2
15
52
7
6
8
15
11
29
16
9
108
19
20
10
10
9
7
61
17
10
7
7
8
13
16
8
11
12
3
3
16
16
5
7
14
13
44
17
15
11
10
10
16
18
10
7
6
11
7
18
11
6
11
5
42
5
7
24
10
8
17
11
6
20
15
15
17
16
14
6
28
11
17
14
14
5
30
17
25
6
16
5
18
4
8
8
8
7
11
10
10
26
13
6
14
19
28
9
15
7
5
12
8
6
8
6
9
14
15
10
1
78
21
6
12
11
38
24
14
72
10
58
8
12
12
13
6
16
8
9
8
7
6
7
20
20
8
4
4
438
12
5
11
5
20
21
11
11
10
9
3
14
9
30
20
47
7
10
2
8
7
12
53
13
8
15
17
7
66
2
7
16
3
11
16
14
354
13
63
9
12
12
3
9
4
6
12
6
7
27
7
15
10
16
5
21
20
13
5
25
11
27
9
12
37
3
12
18
20
11
17
5
5
21
4
5
27
10
6
15
7
3
9
8
13
5
15
13
12
27
14
12
7
15
39
24
10
6
16
8
14
5
8
12
5
11
8
22
6
27
9
4
10
11
7
18
24
10
23
15
9
18
20
10
11
16
8
168
11
11
3
238
7
22
10
0
16
21
3
8
13
4
29
10
9
5
36
5
9
19
9
21
11
50
12
22
7
7
10
8
13
16
11
8
11
14
15
16
16
8
65
24
8
11
11
6
29
54
17
13
16
7
19
6
30
11
14
12
14
10
11
17
11
24
17
24
15
18
65
16
7
9
6
12
7
21
4
6
10
5
9
10
120
15
19
5
8
7
6
18
17
9
11
4
13
9
15
12
11
12
16
9
10
8
11
16
5
7
9
14
4
7
6
32
12
14
5
14
25
11
12
20
19
31
9
10
9
9
53
23
19
17
11
12
16
9
17
17
5
8
7
8
26
8
13
32
17
9
7
9
9
6
3
16
27
6
5
9
34
17
11
9
17
32
62
10
16
724
2
6
4
11
12
44
5
15
9
9
19
16
20
16
62
12
12
11
19
23
15
5
7
23
2
19
13
10
8
2
15
15
4
33
14
18
7
10
26
4
97
13
17
3
14
29
3
14
9
15
14
1
12
16
11
51
10
3
9
29
11
16
5
15
12
15
14
13
6
9
5
8
13
36
19
4
64
5
8
1
6
7
86
12
12
21
37
3
22
17
9
18
473
8
14
33
24
14
9
23
22
59
13
9
11
15
8
54
20
18
16
17
22
7
9
14
8
19
3
27
5
7
225
16
101
16
25
9
11
9
20
9
43
8
3
15
17
11
11
14
19
14
11
9
5
5
8
10
12
118
29
15
9
9
11
3
8
8
24
32
6
8
5
7
4
8
7
7
25
12
12
3
16
10
56
10
5
11
11
15
6
6
12
13
12
9
28
8
14
6
60
10
5
23
108
13
11
13
37
8
108
7
286
16
9
71
11
28
11
8
7
7
23
3
4
7
8
2
6
5
29
3
12
15
10
7
16
37
9
7
35
3
7
13
8
15
8
3
10
2
7
19
53
12
13
12
6
17
10
23
6
12
17
44
6
9
28
8
15
7
5
19
34
8
8
12
9
7
10
48
6
15
13
13
10
6
11
8
29
6
13
9
5
7
30
5
6
6
35
4
18
23
14
170
13
30
19
7
13
3
10
1
5
9
12
8
19
6
9
9
6
10
12
4
13
4
6
5
4
11
33
12
17
19
7
7
8
11
65
6
12
8
10
1
7
0
8
9
144
19
38
7
5
3
21
9
19
8
6
18
11
6
14
11
14
11
5
21
5
21
23
12
16
22
9
9
15
4
10
15
15
7
10
10
12
28
12
14
10
8
11
2
5
9
5
15
18
11
8
11
22
14
11
22
24
24
436
6
17
3
20
11
11
10
17
28
14
7
23
15
9
7
6
13
8
12
18
13
39
11
4
12
19
19
43
15
10
23
20
17
4
9
5
14
15
9
3
8
8
10
15
7
8
8
5
13
8
3
1
11
3
16
6
14
6
20
14
87
6
5
14
8
8
8
2
7
12
10
17
11
33
2
7
26
16
13
2
10
46
31
8
1
15
5
10
9
6
20
54
43
10
12
7
26
5
79
12
9
20
23
48
15
9
25
13
15
12
14
12
8
7
14
94
8
7
12
11
20
7
1
11
15
6
6
90
8
4
17
23
6
18
5
24
11
17
20
13
9
8
12
15
11
8
17
21
5
15
14
56
6
13
13
14
14
16
7
10
15
11
7
20
8
14
24
18
10
7
27
8
7
28
20
13
26
13
5
16
24
2
13
7
4
22
28
10
14
13
15
4
11
12
16
10
5
20
13
17
10
4
9
17
7
11
12
36
3
18
15
5
13
4
57
8
11
118
15
11
14
10
7
22
9
9
6
10
17
12
9
14
6
5
4
19
6
12
6
30
7
2
7
62
6
12
10
12
18
16
6
9
10
48
13
15
6
5
9
8
8
9
14
29
5
3
9
18
6
85
35
5
25
18
13
71
9
8
9
13
74
9
8
21
14
12
3
9
61
8
20
10
9
2
9
30
10
37
6
30
9
5
3
7
4
22
10
19
24
6
7
9
5
146
9
20
22
13
55
20
9
7
13
1078
6
67
7
8
4
9
27
16
11
10
11
11
53
6
35
7
7
9
41
12
2
4
11
11
10
6
9
15
3
13
10
16
14
7
27
87
11
14
19
11
32
15
1
14
5
14
25
9
18
10
21
73
12
13
14
6
16
5
20
2
11
12
8
9
11
27
18
8
3
14
24
9
11
9
8
7
44
4
8
14
9
15
5
35
6
8
6
57
11
16
8
15
8
6
8
7
17
16
13
5
7
35
6
13
10
18
17
5
19
19
4
11
8
5
6
5
10
24
8
10
7
21
10
12
13
21
23
99
63
5
7
16
10
4
8
13
10
9
16
9
4
4
2
7
37
13
5
15
23
8
20
19
11
9
4
8
7
12
16
4
10
14
2
13
32
9
24
7
4
18
15
7
8
19
12
15
8
7
7
9
9
6
8
4
12
13
13
18
4
27
15
7
21
10
38
11
4
7
10
7
5
27
12
16
9
16
9
11
6
43
0
8
28
16
24
98
26
8
10
26
10
4
28
287
8
15
10
38
9
19
4
18
12
3
19
47
17
5
19
27
8
45
13
13
7
17
32
48
10
14
4
53
10
14
6
26
30
10
5
9
17
3
5
2
21
14
11
6
4
6
25
18
17
6
14
7
8
10
11
6
8
8
23
17
23
15
3
5
7
89
9
6
5
5
7
27
30
13
8
4
11
21
10
44
18
9
15
6
10
6
4
5
22
11
17
12
18
6
17
13
10
34
23
25
5
12
33
18
3
20
13
16
17
8
6
6
17
28
26
5
12
1
13
16
3
3
10
6
5
31
7
5
32
7
6
2
21
12
48
12
13
17
7
8
19
15
18
3
10
15
4
18
35
10
18
16
16
8
13
21
6
16
6
3
11
11
10
6
14
5
87
20
12
11
18
18
25
5
6
17
7
13
15
14
9
8
15
42
24
5
9
3
6
14
11
7
5
12
9
8
12
6
4
29
0
10
18
12
9
7
9
13
6
17
7
11
10
10
10
8
6
17
9
3
70
6
10
34
96
4
11
56
14
5
15
11
11
9
28
58
6
22
100
9
10
39
4
8
18
13
21
10
18
25
7
25
9
32
21
11
6
16
20
7
9
8
22
15
14
7
7
29
22
9
96
25
8
11
20
14
13
574
10
7
12
1591
8
13
31
56
8
7
172
23
11
9
11
44
10
66
13
6
67
21
19
6
7
13
13
41
12
21
14
11
17
57
10
11
10
11
18
170
10
4
5
17
26
6
9
6
13
36
5
22
13
11
12
26
9
20
16
22
12
8
8
10
4
6
22
6
22
10
12
19
56
18
16
7
18
26
8
8
3
12
9
341
7
23
3
67
11
10
18
22
26
5
9
11
22
8
5
72
10
35
20
21
3
29
13
3
28
3
23
4
26
14
31
7
5
15
22
1
16
27
15
9
9
12
16
15
6
12
35
14
6
2
3
7
17
5
79
23
7
7
13
5
9
6
17
8
7
9
2
8
12
11
4
14
8
6
15
17
10
45
21
9
86
22
35
41
44
17
59
26
7
30
7
6
8
8
17
14
20
34
14
9
23
18
6
4
12
29
15
16
5
33
8
14
20
12
84
23
14
10
5
19
8
20
4
15
17
7
17
11
15
7
25
50
7
6
7
18
6
2
12
5
4
8
8
6
19
27
6
11
17
9
35
14
1
14
22
26
11
12
17
5
11
5
179
26
15
45
9
17
28
5
8
3
13
2
3
5
10
10
12
11
8
10
3
13
19
5
18
17
9
17
5
6
9
11
15
17
9
17
12
15
12
13
4
12
10
16
14
11
10
10
3
11
8
4
13
27
6
12
12
24
13
11
4
10
8
5
50
10
9
5
4
9
11
11
22
11
11
8
5
2
9
6
5
6
158
62
13
22
5
28
13
4
15
8
12
7
3
2
22
20
13
25
4
13
30
4
9
4
26
8
6
16
6
10
11
8
15
10
26
5
14
6
7
3
11
8
9
27
7
9
2
11
7
15
3
6
14
44
7
6
9
6
15
12
31
14
25
6
11
16
21
32
6
40
6
8
13
9
5
16
6
12
152
22
15
14
20
5
4
17
9
6
23
10
21
30
4
5
5
23
2
22
37
1
12
3
4
23
35
5
4
45
6
17
10
16
1
7
11
6
19
30
10
22
40
7
4
20
14
17
15
4
69
21
25
184
3
16
12
13
34
8
9
11
7
1
6
14
5
30
18
3
7
8
5
11
11
13
45
71
18
15
9
15
10
6
11
3
9
8
15
11
6
7
5
8
10
5
9
12
15
98
8
57
6
15
10
11
7
10
8
17
3
5
5
2
4
10
12
16
5
13
10
20
23
16
13
16
10
7
2
8
10
25
8
8
5
17
19
11
8
5
10
8
6
47
5
10
8
15
7
8
8
7
22
52
24
27
71
7
27
15
7
14
5
5
5
29
10
12
24
7
4
25
5
33
39
7
4
8
43
17
7
5
17
19
12
31
56
33
7
82
90
12
9
7
9
12
5
4
4
13
9
10
21
17
25
13
23
7
9
14
14
29
31
5
9
9
6
17
141
45
19
10
5
22
10
34
6
33
14
13
10
4
5
17
91
7
10
11
22
40
8
39
1295
10
80
15
41
10
19
38
6
4
3
363
8
12
231
39
3
19
5
15
4
4
26
5
13
7
14
22
15
36
28
7
4
14
15
6
7
9
11
8
9
110
11
20
77
19
16
457
23
41
8
10
14
31
3
19
11
9
17
28
32
12
9
11
6
12
11
17
19
1
3
6
53
8
20
8
5
33
31
10
7
8
7
3
24
11
20
9
18
11
7
30
24
21
8
13
16
15
4
8
30
3
9
4
20
8
9
650
5
28
9
3
3
23
6
8
25
6
12
7
4
4
12
21
15
31
12
12
50
10
13
49
13
12
121
20
5
28
11
10
6
66
5
10
36
10
27
12
5
15
6
26
19
17
25
7
18
9
20
22
8
12
42
6
26
11
48
15
17
6
4
6
10
25
22
14
5
46
5
25
22
5
13
20
11
13
14
15
11
19
10
14
11
20
9
10
18
5
9
56
13
13
24
4
19
7
10
9
139
16
17
9
5
4
10
8
9
15
1
23
15
19
13
10
3
15
34
36
4
9
63
13
14
15
9
7
13
17
20
27
11
9
18
7
10
6
5
22
14
22
12
583
10
13
4
98
7
25
40
11
10
24
14
12
3
6
13
14
20
14
7
11
6
8
4
3
16
4
13
4
13
16
5
5
3
7
12
7
15
3
20
2
14
7
4
6
7
10
16
10
17
12
10
17
9
6
13
147
10
5
13
14
16
18
121
10
9
10
5
1
13
7
9
117
30
318
76
8
13
7
8
7
8
7
15
22
2
5
14
8
68
10
6
7
5
8
1
5
11
6
11
16
18
126
10
529
6
9
3
16
21
4
13
17
31
6
12
5
18
6
17
12
17
4
7
17
46
13
21
5
6
4
13
5
93
42
13
5
10
30
12
7
27
2
33
19
47
9
9
8
32
36
15
10
8
10
18
5
15
7
17
4
8
10
7
5
8
14
22
2
23
11
15
8
29
14
21
11
15
10
4
9
24
16
5
25
9
16
13
136
7
10
11
13
36
48
19
6
7
5
9
10
9
18
9
22
11
13
8
8
21
8
17
16
14
43
23
24
3
7
16
23
9
15
12
6
1
26
5
23
23
29
29
7
4
253
18
34
41
20
13
15
45
13
22
8
13
13
10
42
28
14
10
13
3
11
2
6
6
20
6
9
7
9
12
5
10
7
12
8
4
17
8
17
13
4
8
2
7
10
110
11
6
7
11
6
18
24
14
7
5
7
12
6
8
33
6
5
13
12
12
6
159
10
12
20
14
29
7
59
16
8
11
2
9
9
11
15
6
7
3
6
26
8
4
6
8
11
19
4
11
5
11
14
15
11
12
7
11
40
7
16
7
15
10
6
7
21
5
7
10
4
13
11
17
15
21
44
6
9
20
7
17
6
3
8
6
6
7
6
9
9
10
8
9
21
11
3
15
20
31
7
8
7
27
16
17
1757
5
2
9
9
4
11
37
6
7
14
7
9
20
10
30
6
21
10
4
14
5
14
7
10
20
10
8
12
8
5
8
11
18
31
11
16
25
4
9
17
4
10
6
90
17
7
59
9
10
9
3
16
8
11
6
6
7
8
7
36
3
12
15
7
29
20
9
9
4
6
43
20
18
12
7
6
9
8
14
6
13
12
8
7
18
7
12
7
3
16
11
9
11
5
13
16
10
7
9
7
29
4
19
9
15
5
8
43
11
199
25
9
26
17
12
4
33
13
9
10
8
18
9
2
9
14
5
20
13
13
18
4
14
7
11
25
21
5
4
11
32
15
12
7
23
11
2
23
60
2
23
27
13
34
15
44
13
10
15
6
15
21
14
9
15
17
14
4
11
36
17
20
5
4
10
40
8
14
6
8
13
25
12
10
12
25
5
32
8
28
6
11
5
9
9
8
5
5
13
103
4
5
27
50
89
7
21
19
9
7
23
4
3
12
8
8
11
31
6
5
8
3
4
6
24
12
12
73
23
11
3
7
24
50
3
13
20
10
14
8
6
54
21
6
9
11
8
12
4
14
12
32
2
18
4
17
17
9
11
3
13
21
6
6
9
13
9
14
7
6
13
7
13
11
7
7
13
3
11
10
6
6
11
13
22
10
14
12
19
8
10
12
11
10
15
13
19
11
14
21
45
21
16
8
9
38
5
5
4
16
14
18
5
13
9
7
11
7
1
5
8
15
7
8
12
11
10
18
11
5
12
16
14
150
11
8
15
7
29
8
20
12
11
10
3
14
15
7
20
73
9
10
17
38
39
3
72
9
7
14
4
6
16
12
21
15
27
6
9
15
15
5
10
34
16
3
1
8
6
5
11
7
19
173
11
7
22
12
15
10
13
5
13
21
2
7
12
7
21
14
20
21
15
27
18
20
2
18
14
7
3
4
13
4
12
7
5
8
3
6
8
5
68
7
13
6
9
9
13
9
47
6250
5
45
4
6
17
8
25
6
18
7
11
6
65
14
9
6
9
12
6
11
16
7
20
5
10
10
7
8
6
10
14
7
11
8
11
9
23
14
14
4
5
17
9
71
12
10
11
6
6
13
42
14
9
7
1
6
16
13
70
5
12
8
27
10
11249
6
9
12
32
28
27
8
9
15
12
10
7
16
12
8
9
14
5
74
7
11
9
4
7
13
6
43
12
15
15
160
17
7
25
17
5
8
6
3
6
5
1
8
23
39
12
9
10
11
7
9
15
10
11
28
9
14
7
11
23
3
148
16
9
7
22
29
8
59
8
14
7
10
17
16
79
20
6
56
20
17
3
10
8
19
34
13
9
7
7
67
24
13
10
22
7
5
6
13
11
7
8
16
6
8
6
11
19
2
5
110
5
13
17
56
40
24
11
11
4
16
9
8
18
21
11
11
7
3
24
8
21
5
8
7
21
7
12
8
12
8
10
5
12
12
6
14
8
7
30
9
8
20
17
47
7
10
8
4
6
3
8
47
11
31
12
24
13
6
26
16
8
8
21
6
14
9
10
19
17
20
21
4
16
13
19
18
35
17
4
14
10
7
23
4
11
8
27
7
16
5
6
6
16
20
8
4
15
4
4
8
17
2
6
7
10
41
11
2
3
13
32
26
16
8
12
10
18
8
22
12
6
39
4
12
16
5
87
55
7
21
34
12
16
8
6
25
4
14
7
21
7
29
5
7
13
5
7
3
11
9
34
14
13
3
9
12
16
3
18
9
2
18
11
31
5
71
16
10
23
26
9
18
14
6
22
26
18
5
11
5
19
4
6
7
48
13
13
10
10
9
9
13
18
13
6
7
7
9
27
19
14
8
15
6
10
7
2
13
8
21
5
6
24
18
4
30
5
8
11
13
8
5
15
21
12
3
5
19
5
6
3
20
23
9
6
10
14
12
9
234
6
9
9
15
52
28
13
15
14
4
8
7
3
6
7
5
13
12
12
9
6
7
270
9
54
23
13
13
3
4
8
29
21
9
7
13
19
12
38
16
5
658
9
19
10
12
4
24
6
4
9
5
24
17
14
24
18
9
5
5
4
17
8
13
17
4
10
20
29
25
5
15
12
24
13
207
6
19
9
21
1
9
24
27
8
15
13
7
8
8
7
8
13
13
19
15
13
33
55
38
5
12
26
14
14
17
2
8
21
23
19
8
19
6
3
108
9
35
7
7
15
90
13
10
10
16
29
14
46
15
47
8
8
16
8
14
20
19
4
7
18
11
30
12
10
8
35
26
11
28
6
4
3
23
26
26
20
25
11
10
38
4
12
13
12
7
2
37
12
9
22
8
5
6
7
30
18
16
10
9
8
241
18
5
17
46
3
16
15
11
9
9
9
13
3
5
13
7
7
9
7
8
15
8
5
8
12
9
4
12
6
11
18
10
5
6
5
40
18
7
6
17
17
9
20
3
0
6
5
6
19
17
18
9
6
251
12
29
20
4
39
10
4
7
9
20
31
21
12
6
20
15
8
24
11
17
7
8
3
40
7
18
13
13
7
11
30
8
27
9
12
30
15
28
13
6
8
6
11
7
11
5
13
4
37
15
18
31
8
5
27
7
9
14
17
24
7
27
17
38
6
9
9
10
13
9
48
9
5
25
5
4
18
22
12
3
6
29
8
6
3
8
19
15
47
22
19
3
11
23
10
18
19
4
24
12
19
18
15
5
46
16
9
15
44
20
4
3
15
8
8
7
2
12
3
3
8
19
80
11
16
7
3
5
15
12
3
24
6
9
5
34
11
15
13
29
20
12
435
12
16
12
35
54
7
11
87
19
19
7
12
7
25
11
18
15
10
15
10
16
56
1
7
12
14
5
6
5
8
668
11
14
5
9
11
5
6
11
16
8
7
10
10
6
16
12
6
4
8
12
5
29
8
10
18
9
28
9
13
10
10
6
28
12
4
8
13
18
6
25
6
13
13
58
3
11
9
6
10
16
7
10
3
20
15
9
27
10
5
11
14
7
9
29
12
7
4
12
9
6
8
19
6
41
40
4
25
7
15
9
2
24
8
15
10
13
16
15
19
23
50
1
2
31
15
7
18
4
11
10
17
6
35
12
10
23
4
15
63
15
34
8
26
7
21
10
5
13
6
27
36
11
12
13
26
10
9
12
14
26
10
7
8
13
23
7
11
6
5
14
15
2
9
15
27
3
19
12
34
17
9
12
17
9
6
13
4
32
78
14
2
5
3
11
19
12
17
245
9
16
14
5
14
6
5
30
9
3
286
8
5
11
10
14
3
31
57
9
25
13
24
124
23
39
8
23
2
5
48
2
12
90
14
12
15
10
24
13
6
4
55
10
5
8
10
10
10
11
29
7
17
13
11
2
7
19
13
6
11
17
5
9
39
28
9
10
12
14
17
28
13
8
5
5
7
5
16
28
34
42
9
6
11
11
3
13
13
10
5
33
9
12
7
28
11
22
25
6
7
2
24
4
13
19
6
2
11
12
9
19
4
13
9
6
4
4
28
5
42
15
9
24
44
14
9
9
14
16
22
11
32
21
6
47
36
23
7
12
2
18
20
5
16
4
29
7
17
9
9
9
3
13
57
54
8
30
18
9
8
8
4
15
12
6
7
9
15
4
17
7
8
15
10
7
24
10
21
3
12
7
10
18
97
9
3
33
15
15
62
4
7
8
12
10
11
7
13
1
55
78
13
18
2
17
23
24
3
4
49
7
12
9
15
7
9
26
1
3
8
14
6
16
9
16
20
12
3
25
16
2
17
6
26
13
27
17
61
10
22
3
14
37
23
11
12
2
21
59
7
3
3
12
11
12
9
12
5
6
6
6
16
11
16
180
8
31
4
16
32
14
13
11
7
6
3
22
11
21
14
12
16
24
10
12
15
9
14
18
8
9
13
25
15
8
13
19
11
96
6
4
12
15
16
5
15
9
13
2
3
14
18
14
10
7
9
20
24
14
20
3
6
9
17
8
8
16
6
8
32
11
7
11
9
6
4
55
6
9
4
8
17
14
13
171
6
3
18
8
162
28
16
7
20
6
23
9
36
3
15
39
7
22
160
24
8
8
11
8
13
13
9
2
11
15
16
8
10
13
11
21
3
20
29
38
8
6
94
33
13
19
21
12
10
7
8
68
6
16
3
17
11
28
11
21
137
10
10
10
4
10
64
4
12
15
7
18
8
12
49
5
9
15
7
41
3
55
30
7
4
8
10
9
7
9
11
31
30
6
1
12
10
18
16
26
28
20
8
10
2
7
1
3
4
5
10
62
31
3
52
22
30
12
7
2922
12
4
54
44
15
26
6
15
20
11
38
5
19
9
14
23
20
15
9
24
7
18
29
14
4
4
10
22
7
13
10
13
9
16
13
17
1
30
24
9
48
16
7
12
18
11
9
30
7
5
10
14
2
11
518
7
8
6
6
23
16
7
26
15
28
31
17
22
11
11
50
24
16
7
8
6
5
264
25
14
11
11
14
15
10
8
19
20
10
11
9
17
8
8
11
9
20
43
11
16
14
18
10
350
29
16
9
10
7
20
15
14
16
129
16
22
5
9
4
20
8
12
3
29
4
90
7
36
25
4
20
15
7
5
4
10
13
38
12
5
5
10
26
4
5
16
33
13
35
9
21
42
7
7
9
18
23
21
24
5
7
24
9
4
5
12
14
10
29
7
19
5
5
21
99
32
19
16
3
6
7
18
7
8
8
12
6
10
5
14
7
8
5
9
12
24
8
7
13
2
11
38
12
8
11
20
12
6
6
23
34
4
38
10
11
11
13
16
1
5
19
10
14
15
16
11
8
7
5
7
46
17
10
17
29
12
4
9
9
27
8
25
11
16
15
13
5
18
51
11
6
11
61
16
12
11
7
10
10
8
203
3
17
6
18
11
56
9
9
14
16
5
19
7
13
7
11
18
28
12
3
13
8
31
28
3
4
9
11
21
9
5
7
65
7
12
38
6
5
28
8
8
11
17
5
6
7
9
83
40
6
19
12
18
13
5
15
16
2
10
11
10
9
7
8
20
16
21
30
8
14
3
6
3
11
14
57
7
10
22
37
11
8
23
12
11
9
18
9
4
7
2
14
4
5
7
13
5
36
9
18
12
119
4
9
2
4
5
13
12
22
19
10
8
23
12
28
22
10
5
22
24
29
4
7
14
13
12
15
8
3
9
81
4
13
3
122
5
29
16
8
14
346
2
35
9
25
49
7
12
6
26
13
11
13
11
9
6
10
26
10
5
24
4
10
14
19
16
26
8
20
13
5
31
28
18
12
6
10
9
8
12
9
10
50
13
14
13
11
19
8
14
5
9
15
24
78
3
25
7
44
3
7
7
10
10
8
6
15
13
6
10
9
6
20
7
63
8
19
7
10
8
19
11
14
7
13
10
20
5
18
7
10
20
21
18
21
43
17
4
6
9
19
10
3
7
15
12
8
15
18
15
18
16
17
7
8
12
5
5
13
10
8
7
11
5
4
56
8
17
15
14
16
5
23
7
9
10
3
4
6
11
6
9
10
10
11
14
17
7
21
13
9
22
22
11
14
25
18
13
11
18
15
5
15
4
8
4
17
21
20
4
16
11
38
4
4
27
8
139
13
5
13
6
18
8
8
7
5
7
9
9
9
11
19
6
10
11
16
5
5
10
12
10
9
22
12
5
7
21
5
9
6
7
7
30
5
18
34
6
3
15
17
19
7
18
8
10
15
9
17
27
21
10
8
18
7
25
16
20
5
8
8
14
59
9
92
6
14
11
12
12
7
15
7
8
9
9
13
3
5
11
11
15
31
13
8
7
16
9
10
4
4
12
21
9
7
5
15
10
7
56
11
6
111
39
13
25
8
5
12
12
27
10
8
9
4
33
13
7
26
5
5
9
5
18
14
13
9
23
9
27
3
18
14
6
9
14
8
16
12
49
7
2
20
36
16
12
35
10
4
7
5
10
9
8
8
10
9
5
7
16
14
4
55
2
12
11
63
5
10
17
56
3
14
27
17
28
24
9
7
7
12
12
14
9
32
7
13
22
30
82
13
30
15
5
16
16
6
8
5
21
5
14
43
10
25
5
18
904
1
18
13
8
3
5
2
9
11
11
8
22
11
16
12
29
6
8
5
5
16
22
29
27
12
5
12
7
5
5
16
17
24
54
9
6
23
7
10
14
3
11
14
10
9
14
10
14
7
83
17
13
10
13
14
48
17
43
4
5
15
13
13
11
7
9
5
8
2
7
17
10
25
4
15
7
11
3
6
4
8
6
12
7
8
52
11
24
10
15
31
6
4
10
15
9
4
8
46
6
8
10
13
28
2
9
14
165
11
14
4
8
13
5
8
685
24
5
24
22
15
7
19
7
23
15
78
10
19
21
2
10
9
4
7
12
29
14
118
4
8
11
18
7
8
12
230
13
39
29
6
11
4
14
29
8
16
7
10
3
12
12
7
11
46
7
9
12
23
12
13
8
4
16
27
8
13
12
9
16
120
4
9
16
9
18
9
12
19
38
20
8
19
4
6
23
5
16
9
7
10
9
34
11
15
193
10
5
11
15
6
15
3
2
7
7
27
28
18
7
12
9
67
39
16
13
9
22
7
3
6
30
20
8
28
5
1
7
18
11
4
68
15
9
33
8
25
14
18
16
7
7
10
15
2
9
6
23
22
7
7
7
31
19
6
12
3
28
11
11
8
6
127
19
25
16
12
7
11
1144
5
12
8
16
55
21
13
2
8
12
18
10
17
9
4
22
9
4
18
6
19
10
16
2
18
16
7
29
11
7
9
10
29
18
13
2
22
75
44
7
2
13
16
10
22
7
6
11
15
11
7
7
8
11
11
20
9
12
4
15
9
12
13
34
29
4
14
10
22
16
7
15
5
13
9
6
9
7
38
18
21
10
28
104
9
9
5
4
17
6
10
17
12
23
8
7
29
43
8
10
3
5
4
7
29
14
16
10
21
11
0
11
16
13
7
23
17
9
21
19
29
7
18
4
25
7
16
52
11
10
43
14
35
6
7
12
10
6
8
13
17
9
5
3
2
15
8
12
65
13
52
73
13
4
15
6
9
26
7
8
15
9
20
6
13
29
10
33
51
8
9
15
14
19
16
10
9
0
13
8
17
15
13
12
2
20
17
18
19
19
12
30
16
29
5
24
12
5
80
15
1
4
7
6
9
4
346
137
14
18
6
6
3
23
22
9
32
14
17
10
5
21
23
16
8
117
11
8
22
7
16
10
10
16
10
33
7
18
11
3
22
8
32
3
9
7
25
10
45
8
14
9
9
4
5
45
21
6
10
27
9
28
27
8
5
12
6
12
9
23
10
30
69
15
19
7
7
14
11
131
9
8
11
15
13
5
22
11
21
4
13
12
10
3
6
40
6
10
10
19
8
7
19
5
13
39
17
16
23
43
53
15
7
14
13
6
5
10
11
21
5
7
7
30
5
5
21
49
16
10
6
11
31
20
9
8
11
7
15
59
16
2
7
14
20
12
27
6
4
10
6
12
11
8
15
7
30
7
28
9
32
5
57
17
10
9
12
8
5
68
6
8
30
18
12
0
18
9
13
13
20
12
5
9
12
8
44
25
12
5
20
49
8
7
36
10
15
90
195
5
22
15
6
5
41
4
24
18
8
5
2
9
8
15
6
13
16
304
3
9
14
19
41
67
7
7
13
11
51
4
16
14
7
13
3
4
8
6
29
40
1
828
15
9
5
10
8
39
7
17
6
11
15
7
12
10
5
4
26
42
10
7
17
9
6
7
12
77
15
395
16
39
17
9
2
5
18
260
1
19
5
3
38
14
9
21
6
11
11
15
32
15
22
10
52
10
8
10
9
8
6
13
7
9
11
19
4
6
13
26
13
19
6
12
5
32
8
21
16
8
12
25
15
14
20
7
16
21
8
13
11
15
15
15
14
63
14
21
7
10
10
13
10
41
7
8
7
8
16
5
7
16
12
14
14
33
9
10
11
15
8
8
16
13
30
32
5
10
14
16
14
11
16
6
8
4
184
15
7
13
9
18
3
5
5
105
6
12
18
36
12
27
7
8
17
17
4
18
11
17
3
14
26
12
6
26
26
28
28
8
10
5
6
4
24
10
67
9
5
8
7
