131
169
129
157
204
145
140
141
157
168
152
165
137
134
188
141
139
132
146
162
143
151
149
171
163
155
157
162
171
176
137
152
257
796
156
206
136
140
157
196
168
175
178
137
417
147
246
139
190
145
158
133
171
169
150
169
236
137
166
148
134
157
161
221
186
155
165
159
180
143
218
159
140
212
192
192
169
132
146
142
153
146
146
153
163
144
141
145
143
162
156
229
156
200
166
148
171
161
156
232
188
187
143
128
169
131
170
165
154
161
168
242
219
184
258
189
163
171
215
188
155
183
137
165
141
181
144
152
157
154
195
212
257
198
179
162
149
131
142
204
164
180
174
175
174
202
151
146
158
163
125
122
200
141
305
145
143
308
151
160
158
170
162
168
149
191
188
149
156
144
173
148
132
153
155
124
149
173
190
160
161
167
135
153
209
140
173
132
197
167
145
147
170
170
147
150
153
177
161
2174
141
168
156
126
150
137
162
160
155
151
172
177
157
164
141
169
130
162
159
134
158
184
173
250
146
165
241
152
145
182
184
155
161
145
157
181
167
165
153
135
124
171
162
126
171
217
162
143
148
155
168
143
211
164
151
192
158
172
278
120
159
133
163
153
129
155
160
142
139
153
231
154
142
143
170
183
155
158
144
157
157
149
180
161
147
166
169
160
236
170
365
154
145
152
144
176
149
150
152
168
175
145
146
162
123
144
193
157
163
142
155
180
131
148
168
173
138
152
149
151
139
194
158
148
133
139
178
221
170
200
159
143
163
163
151
155
164
148
138
206
142
179
147
186
149
131
134
157
178
168
150
223
142
145
254
157
147
150
200
150
142
389
167
153
231
221
170
135
170
160
160
191
147
139
156
163
190
143
151
139
149
180
155
176
162
157
154
192
139
239
151
162
159
149
144
135
148
146
162
178
194
222
169
139
177
132
128
146
147
141
219
152
135
158
174
148
148
309
155
145
153
142
138
186
164
166
144
152
399
136
155
127
174
196
142
226
179
150
165
251
196
186
111
186
150
157
168
297
189
157
140
181
151
195
193
143
176
132
406
161
161
173
170
139
296
157
169
147
162
155
249
149
346
147
155
174
182
137
145
130
745
160
591
131
176
153
137
166
156
172
169
188
153
162
165
143
161
146
191
135
131
169
129
157
204
145
140
141
157
168
152
165
137
134
188
141
139
132
146
162
143
151
149
171
163
155
157
162
171
176
137
152
257
796
156
206
136
140
157
196
168
175
178
137
417
147
246
139
190
145
158
133
171
169
150
169
236
137
166
148
134
157
161
221
186
155
165
159
180
143
218
159
140
212
192
192
169
132
146
142
153
146
146
153
163
144
141
145
143
162
156
229
156
200
166
148
171
161
156
232
188
187
143
128
169
131
170
165
154
161
168
242
219
184
258
189
163
171
215
188
155
183
137
165
141
181
144
152
157
154
195
212
257
198
179
162
149
131
142
204
164
180
174
175
174
202
151
146
158
163
125
122
200
141
305
145
143
308
151
160
158
170
162
168
149
191
188
149
156
144
173
148
132
153
155
124
149
173
190
160
161
167
135
153
209
140
173
132
197
167
145
147
170
170
147
150
153
177
161
2174
141
168
156
126
150
137
162
160
155
151
172
177
157
164
141
169
130
162
159
134
158
184
173
250
146
165
241
152
145
182
184
155
161
145
157
181
167
165
153
135
124
171
162
126
171
217
162
143
148
155
168
143
211
164
151
192
158
172
278
120
159
133
163
153
129
155
160
142
139
153
231
154
142
143
170
183
155
158
144
157
157
149
180
161
147
166
169
160
236
170
365
154
145
152
144
176
149
150
152
168
175
145
146
162
123
144
193
157
163
142
155
180
131
148
168
173
138
152
149
151
139
194
158
148
133
139
178
221
170
200
159
143
163
163
151
155
164
148
138
206
142
179
147
186
149
131
134
157
178
168
150
223
142
145
254
157
147
150
200
150
142
389
167
153
231
221
170
135
170
160
160
191
147
139
156
163
190
143
151
139
149
180
155
176
162
157
154
192
139
239
151
162
159
149
144
135
148
146
162
178
194
222
169
139
177
132
128
146
147
141
219
152
135
158
174
148
148
309
155
145
153
142
138
186
164
166
144
152
399
136
155
127
174
196
142
226
179
150
165
251
196
186
111
186
150
157
168
297
189
157
140
181
151
195
193
143
176
132
406
161
161
173
170
139
296
157
169
147
162
155
249
149
346
147
155
174
182
137
145
130
745
160
591
131
176
153
137
166
156
172
169
188
153
162
165
143
161
146
191
135
138
178
133
139
259
162
158
169
250
160
145
186
247
161
164
144
133
136
171
137
222
156
128
255
149
191
303
302
168
136
184
178
145
195
170
182
128
171
132
168
163
164
159
143
167
191
241
180
167
158
152
165
151
180
160
135
165
141
161
169
141
137
138
159
151
144
198
143
152
210
143
170
159
143
167
195
157
168
145
165
153
147
144
133
146
153
237
156
161
191
137
205
146
148
134
153
152
155
163
190
149
173
162
135
158
163
176
172
308
154
168
133
158
139
126
128
188
140
155
149
519
164
147
164
172
133
133
211
160
139
154
185
122
139
134
149
140
320
168
156
146
126
194
138
144
135
176
151
169
124
149
162
143
149
176
138
149
161
173
155
167
140
187
182
127
178
137
198
152
149
162
172
318
183
153
135
141
183
185
197
152
162
156
163
149
157
157
160
164
420
162
150
171
150
157
141
156
191
160
127
151
167
173
233
149
145
137
166
169
201
150
132
180
134
174
159
151
165
147
183
150
146
176
170
168
144
137
203
152
160
165
141
166
185
169
138
151
233
223
151
164
126
126
150
191
187
182
126
177
139
154
140
147
179
141
324
150
134
134
167
211
145
152
153
166
138
185
172
167
153
159
143
137
131
170
162
163
161
162
173
162
174
274
156
338
156
140
151
213
188
174
135
151
171
151
156
167
132
176
195
175
152
175
171
178
215
205
148
132
148
150
163
246
160
211
184
181
128
390
453
174
155
161
157
164
124
136
143
150
154
132
163
158
185
133
139
208
140
180
140
138
163
135
189
204
186
136
615
251
136
188
147
153
132
244
145
160
196
220
155
146
152
183
152
172
151
150
149
149
154
253
154
179
144
167
132
184
174
172
136
157
136
131
183
136
161
149
156
156
163
311
150
173
192
150
152
173
171
162
157
167
158
156
233
130
168
149
198
182
130
128
152
125
173
155
128
145
152
150
158
188
147
118
144
138
191
207
166
125
173
145
147
544
148
137
147
157
130
169
167
156
214
220
210
174
219
162
161
129
156
191
175
122
142
168
141
153
152
153
122
157
163
150
155
152
139
201
130
154
121
167
282
176
181
154
164
221
157
127
200
150
166
202
346
136
177
148
161
154
126
158
300
148
143
215
157
144
148
159
172
193
139
156
189
151
144
190
188
140
178
192
166
162
152
132
140
177
126
151
168
144
192
155
133
157
163
162
163
130
154
155
146
125
278
185
166
186
155
175
150
159
148
170
142
144
150
201
145
154
215
154
212
132
141
155
150
202
165
133
173
173
134
151
146
161
204
158
173
163
182
169
319
143
11223
164
151
141
144
152
163
302
166
147
150
145
140
150
161
166
162
145
167
158
178
164
191
176
145
129
153
144
166
164
139
174
161
159
171
144
199
129
174
173
147
175
413
1279
175
150
184
146
216
176
172
155
158
146
166
195
144
171
207
159
168
137
147
195
170
309
150
155
155
150
141
141
178
148
159
201
145
166
174
146
173
156
127
193
140
148
141
158
164
315
175
132
152
172
143
147
153
147
160
153
155
166
139
165
172
158
171
171
181
152
138
214
178
144
161
183
174
173
151
151
176
175
150
143
165
375
162
130
242
175
161
158
187
154
161
134
123
166
176
275
274
160
178
151
159
169
163
162
224
172
152
154
138
161
143
133
137
281
181
188
165
143
149
129
166
135
169
163
162
152
149
156
142
138
165
177
141
150
140
170
336
141
146
168
170
135
158
160
156
151
160
212
132
151
245
186
139
138
130
1317
169
166
166
168
132
135
158
164
150
163
133
206
162
181
136
136
268
180
144
301
152
140
155
222
197
156
143
200
163
138
142
141
146
125
170
166
145
149
166
144
140
160
126
179
144
127
164
171
179
142
203
154
144
174
156
162
169
194
131
163
163
157
209
183
168
198
166
195
142
163
157
136
207
159
164
122
138
156
145
137
131
133
161
178
158
130
150
164
154
165
158
166
150
159
194
131
147
167
167
152
150
152
140
166
164
162
183
109
142
150
145
143
157
156
145
153
145
162
165
153
144
164
197
151
175
144
187
197
213
153
151
150
129
139
141
150
145
125
147
176
1532
179
202
143
186
146
156
136
162
156
157
167
153
165
163
268
155
163
152
162
157
177
507
157
141
160
166
188
115
156
151
194
129
130
138
140
147
201
165
193
142
151
180
141
156
173
160
144
146
104
143
173
125
160
170
187
160
154
175
149
147
147
148
191
186
146
154
154
138
150
140
167
161
164
151
153
147
162
145
224
160
159
141
149
164
171
142
149
157
157
139
306
161
142
180
186
142
166
146
174
174
283
236
172
130
169
159
159
222
123
194
224
151
145
235
143
173
170
151
141
164
164
149
149
145
351
157
140
121
152
163
198
149
152
147
201
178
176
155
154
122
174
178
158
160
163
157
196
161
145
162
156
167
129
147
185
136
150
141
158
162
186
160
139
124
147
154
139
136
130
167
125
162
183
148
176
179
170
127
168
187
192
196
166
160
143
146
137
184
180
168
157
142
119
142
150
185
162
149
148
148
150
249
151
157
153
172
211
151
184
220
166
204
164
136
223
140
137
177
177
178
167
146
151
159
145
163
382
156
1519
165
168
166
158
180
165
168
159
129
141
149
141
139
152
156
155
151
151
143
136
171
213
226
175
175
156
140
141
159
165
157
154
170
180
208
138
149
149
189
226
180
153
153
172
247
161
160
157
151
158
145
141
131
195
124
167
131
153
148
143
133
148
132
150
148
166
129
163
149
132
167
138
133
146
188
130
161
165
147
146
160
167
123
151
149
187
160
162
211
147
126
193
147
156
157
129
142
141
141
169
133
131
144
140
146
146
160
161
164
306
171
129
203
140
172
152
143
145
150
148
168
150
147
161
157
127
212
258
138
132
154
173
150
154
173
144
190
143
133
164
156
149
143
128
153
186
147
142
142
143
197
129
171
170
161
146
157
144
164
157
518
195
166
136
769
156
161
155
150
172
149
172
144
254
201
153
202
137
151
120
150
153
138
152
123
260
164
137
149
148
181
173
145
156
130
148
207
142
205
143
170
156
156
131
168
168
164
155
138
345
145
136
141
146
166
156
145
162
175
173
142
184
255
189
163
142
176
145
177
151
140
143
122
145
154
318
147
209
161
146
269
139
172
176
158
132
144
160
175
150
136
142
124
161
166
226
121
174
148
282
127
166
159
177
158
202
132
149
206
146
185
210
175
154
191
172
253
139
187
343
207
203
138
162
158
157
139
204
176
165
157
137
154
129
144
158
177
153
141
163
142
161
155
198
182
205
138
175
148
162
134
139
147
167
145
160
156
134
138
138
178
135
169
125
159
155
166
195
154
143
146
146
159
159
153
166
139
242
142
171
171
161
145
133
168
142
136
162
125
148
484
127
145
140
154
164
158
242
152
135
157
156
152
162
182
153
192
186
174
153
136
160
142
177
138
153
145
141
149
134
152
165
182
135
134
161
173
153
167
177
190
153
196
132
151
152
178
224
138
143
153
168
138
147
137
145
161
166
158
146
148
215
154
143
149
138
417
181
237
148
188
156
153
169
147
162
170
166
157
127
151
146
170
183
145
187
154
160
133
170
144
181
173
122
154
157
162
150
209
153
162
156
130
161
182
277
207
149
138
162
163
177
159
166
178
296
186
144
151
142
144
144
154
163
178
175
163
161
154
134
144
145
158
212
169
125
136
159
195
159
202
174
143
129
157
138
160
170
159
174
169
181
152
180
128
154
125
148
167
180
138
230
143
173
212
152
151
151
178
140
219
171
152
156
172
155
151
163
126
158
151
268
143
134
184
144
147
155
159
142
168
139
170
126
181
172
164
140
163
154
179
145
177
245
144
148
162
132
125
161
154
161
166
152
385
152
140
167
147
179
224
188
161
176
137
330
153
323
165
165
148
182
144
166
178
162
157
134
199
185
173
137
147
514
168
205
136
153
225
171
152
143
177
130
145
164
144
161
149
156
140
159
127
145
2160
131
141
157
135
210
158
190
139
138
160
136
130
142
165
164
161
146
143
160
265
166
150
156
167
153
161
163
2847
233
386
152
200
185
307
156
151
158
147
212
124
144
152
160
157
166
193
212
161
159
137
184
127
139
165
146
139
135
129
157
168
140
163
156
163
203
160
191
135
180
284
147
129
140
178
152
158
388
151
166
136
153
136
157
136
145
144
195
160
149
156
121
168
176
282
212
128
151
142
127
232
142
129
160
138
219
134
231
161
176
137
147
147
146
162
152
142
149
122
183
160
144
119
143
152
176
166
143
223
179
141
154
175
205
158
166
132
148
203
159
161
210
167
165
123
159
161
162
174
175
148
147
174
125
547
123
132
145
149
180
142
117
613
177
150
169
146
178
160
153
153
150
157
141
144
139
171
149
138
175
180
165
146
152
157
167
119
154
166
185
184
317
204
152
160
206
189
236
161
195
147
219
150
195
131
144
155
269
139
145
148
173
149
142
156
151
176
166
171
193
136
665
194
185
131
139
189
138
202
164
145
145
155
155
205
426
144
161
142
137
152
175
155
190
192
189
167
148
276
169
261
161
164
133
165
180
179
157
143
166
152
160
166
150
135
152
136
149
149
181
150
184
175
342
159
207
172
228
170
144
271
160
159
186
1634
200
203
153
153
157
169
167
150
135
142
140
142
161
142
198
153
206
166
163
136
182
154
164
149
146
158
143
157
257
157
187
130
133
242
168
174
233
136
227
246
189
156
190
215
145
152
152
173
147
129
145
149
164
140
223
119
140
143
191
166
332
165
260
154
217
118
142
176
165
170
118
152
256
309
158
156
131
130
158
149
164
186
140
184
256
130
134
167
207
161
145
144
188
205
197
152
140
143
166
136
168
2029
131
828
152
168
202
166
134
168
202
166
169
176
141
183
139
154
480
204
162
150
162
168
182
156
123
170
159
153
157
199
166
155
140
167
156
135
132
175
143
145
169
169
145
175
216
218
138
163
144
132
135
154
157
144
162
135
154
179
138
151
177
170
148
173
191
154
169
166
165
157
316
275
188
151
135
153
180
134
166
188
160
146
179
160
175
158
169
183
178
166
125
172
162
155
221
153
124
167
156
161
160
153
147
161
144
164
164
139
147
186
154
122
165
148
153
219
143
166
164
131
148
179
146
153
150
125
163
143
162
152
124
153
168
192
182
151
177
266
163
164
156
161
174
147
131
191
135
134
146
170
175
132
150
149
167
158
153
200
154
199
177
122
145
187
134
152
145
162
135
171
150
169
166
155
230
163
139
213
141
171
188
127
161
153
153
180
199
167
187
177
136
143
196
184
175
136
240
148
153
189
142
325
190
214
235
129
142
197
192
158
170
198
142
137
198
140
153
155
164
137
156
137
146
221
140
142
213
125
165
168
182
207
153
149
141
143
165
162
158
145
192
164
158
177
137
155
132
165
155
194
138
179
125
148
166
189
165
266
155
154
162
146
150
192
158
126
158
219
198
184
164
147
156
152
149
169
153
129
179
149
151
192
116
137
131
155
146
141
160
174
145
153
179
173
156
166
182
157
185
152
211
164
161
204
146
146
173
159
129
169
153
154
142
262
140
156
278
150
185
149
167
223
149
173
148
184
151
192
172
140
181
147
179
163
220
192
145
203
144
217
125
153
155
143
438
162
157
126
145
121
220
121
144
147
139
177
157
160
178
173
128
171
123
171
146
235
213
147
154
131
156
171
215
176
169
145
141
176
164
130
670
145
294
139
138
184
182
158
156
156
231
137
161
157
145
153
164
160
162
139
164
164
162
152
1431
155
212
182
152
146
175
296
132
138
115
155
168
146
150
170
120
142
178
175
114
196
144
175
156
156
189
160
152
129
223
150
156
131
145
167
150
143
166
131
132
174
140
150
150
134
163
173
156
161
216
155
197
147
129
153
145
139
166
157
159
424
171
170
126
165
174
158
132
150
160
171
153
131
144
193
168
143
163
147
154
153
166
153
172
153
139
189
180
179
154
140
152
151
164
144
178
168
152
209
143
151
153
149
164
143
139
163
193
145
158
263
132
166
219
158
163
162
158
189
149
282
208
131
154
147
142
206
151
182
153
186
163
230
171
131
259
183
155
134
155
178
187
158
156
150
178
142
123
136
139
137
150
129
182
150
148
162
285
153
153
196
163
167
158
171
317
135
138
159
158
123
139
134
128
155
168
136
150
149
162
203
164
167
228
163
142
180
172
179
190
155
203
137
147
126
139
170
205
185
131
157
141
153
169
146
329
150
134
178
155
166
184
160
149
135
174
153
149
165
148
140
201
158
216
168
603
160
207
183
125
154
233
250
110
161
282
383
170
158
190
157
193
167
154
158
128
146
165
157
151
192
157
176
161
209
246
149
171
174
154
146
159
137
209
178
155
407
162
171
128
141
139
223
159
128
205
158
149
170
175
127
151
134
125
186
144
154
284
198
118
176
151
156
153
305
170
170
148
153
124
168
198
159
158
183
182
142
143
177
129
130
138
180
195
173
141
126
131
134
164
132
179
153
177
151
171
155
162
168
208
170
164
165
148
201
170
132
153
137
233
140
163
166
154
148
170
184
155
148
208
168
159
177
149
209
146
155
271
185
147
167
160
143
148
197
207
152
147
141
144
149
169
156
142
157
145
213
150
664
151
159
166
142
150
144
153
152
149
140
162
219
159
204
136
150
152
147
150
195
159
152
144
150
175
142
229
131
125
154
148
157
190
153
239
183
162
144
164
184
156
160
153
180
202
145
141
162
151
237
146
216
200
159
229
144
236
196
167
141
142
119
186
338
156
170
128
149
154
239
176
165
160
165
170
185
153
158
160
140
143
272
192
180
171
144
167
154
150
128
179
140
155
143
242
153
163
161
123
153
140
570
165
139
163
153
164
134
130
130
187
142
140
357
154
268
187
164
168
196
144
140
155
131
188
141
151
212
122
149
172
125
137
151
139
154
165
177
145
138
147
122
204
238
180
173
152
154
177
136
158
162
166
142
162
147
159
219
135
159
153
146
154
175
165
196
151
208
158
140
197
122
138
123
157
235
161
160
1885
155
153
129
169
172
167
145
139
173
165
137
153
143
243
161
161
133
227
128
149
165
134
185
154
185
193
174
162
148
184
157
171
143
160
121
172
171
115
160
159
158
149
166
195
163
267
165
159
153
249
158
144
193
199
154
200
160
164
168
134
143
139
142
139
131
177
177
131
154
172
194
153
156
156
119
148
157
184
126
166
175
174
160
136
138
176
164
166
162
153
371
248
159
210
157
197
161
173
160
140
175
149
173
148
177
156
157
162
143
167
161
254
145
159
156
128
204
155
159
167
148
154
184
177
189
151
153
161
123
150
178
157
207
163
131
191
131
146
162
143
121
243
143
421
138
184
141
169
188
199
251
203
144
149
149
169
156
162
175
133
214
144
137
192
192
149
189
159
146
138
155
275
132
133
144
190
151
224
164
191
136
126
121
128
174
146
169
165
146
179
131
147
145
178
183
164
184
129
144
166
160
135
155
195
233
139
135
143
156
140
175
177
187
147
193
230
134
360
138
152
180
163
166
277
166
154
1429
151
199
145
162
139
288
140
134
136
166
117
190
154
161
142
165
135
157
182
153
172
173
158
130
150
146
154
176
157
121
157
209
151
149
132
145
154
169
157
162
155
185
158
201
199
231
132
175
215
145
153
187
161
183
148
146
165
148
147
151
142
162
159
159
150
163
144
150
135
147
174
137
175
186
145
144
174
158
201
162
148
146
135
145
166
123
164
138
474
153
189
489
182
181
154
133
166
137
162
230
259
110
189
128
145
158
227
174
337
170
161
139
235
167
155
196
152
164
147
266
139
158
154
154
138
212
207
146
154
132
148
171
153
174
172
184
160
142
140
158
138
131
143
169
517
225
151
141
135
128
149
138
188
180
160
148
172
166
152
158
144
137
162
153
156
180
220
170
136
156
164
141
168
182
215
155
135
152
128
140
155
173
162
152
137
177
138
171
146
160
142
185
147
134
192
170
143
177
144
194
180
144
150
124
130
138
182
156
154
142
162
163
141
210
157
151
157
189
184
126
141
153
169
142
144
161
144
146
152
161
150
178
208
134
154
153
170
180
160
149
155
188
153
169
199
151
164
152
172
135
134
161
216
217
187
163
442
173
200
170
119
146
142
160
178
137
143
141
170
257
145
140
135
145
182
140
152
128
152
173
185
234
158
156
150
131
136
159
157
206
158
185
112
149
183
163
200
322
198
134
169
148
233
178
175
157
197
161
166
143
296
180
131
173
182
118
180
175
208
162
148
145
157
150
235
139
157
152
156
176
164
147
153
130
166
262
135
137
168
152
141
153
224
159
135
170
136
196
174
133
179
162
162
159
161
151
184
156
192
129
157
166
160
147
141
147
150
138
147
150
132
140
160
148
139
173
147
177
202
143
180
181
149
406
139
179
133
155
169
163
152
145
129
145
181
146
204
173
148
145
151
152
170
156
139
230
173
149
151
170
161
172
175
147
154
146
169
171
194
160
163
146
181
124
177
148
173
135
127
155
137
131
184
198
194
140
208
181
136
157
132
124
180
198
173
162
196
165
187
202
178
148
233
171
147
176
147
163
162
808
130
154
171
149
165
488
214
141
166
157
260
239
156
309
187
135
120
141
178
173
161
166
155
167
165
188
160
138
161
170
149
151
169
136
185
164
151
167
158
149
154
138
155
172
168
151
174
149
148
201
141
156
150
154
173
179
152
144
157
166
134
142
151
156
163
167
171
141
664
126
152
140
152
169
328
149
122
149
140
143
180
155
146
134
129
142
503
162
147
299
158
152
167
140
136
173
182
185
152
173
170
175
225
161
172
193
245
167
191
122
151
166
162
138
164
155
182
165
165
184
141
150
142
134
160
153
180
152
166
142
147
166
223
180
173
171
161
131
343
159
155
161
158
141
174
168
171
138
158
154
178
187
165
145
150
155
145
122
170
177
142
170
126
157
147
134
156
144
166
159
164
154
196
142
154
180
136
209
173
150
186
164
144
178
170
276
146
178
178
201
185
146
201
151
179
187
171
356
158
185
157
168
151
163
159
181
166
156
166
1508
169
131
196
171
150
166
153
185
163
130
162
140
171
184
153
133
154
195
154
175
169
155
175
165
478
114
159
163
162
133
168
246
149
141
141
162
144
167
149
161
164
141
165
149
158
317
159
140
126
164
174
166
322
159
155
160
200
146
155
156
133
155
184
167
310
162
185
126
159
140
254
183
151
169
150
135
162
166
172
151
138
152
146
154
162
178
163
157
138
146
142
130
180
190
182
132
175
169
192
188
156
126
680
153
173
170
146
173
159
174
136
132
174
142
136
158
176
160
152
160
176
180
153
165
221
139
139
138
155
157
175
166
260
201
177
199
139
143
169
155
197
159
151
161
162
205
163
133
151
164
156
174
145
141
195
142
141
149
339
169
180
130
131
209
160
148
232
189
158
156
183
188
148
158
166
160
143
188
184
120
164
141
148
179
141
167
185
187
144
155
203
135
154
129
154
147
142
173
153
155
139
169
200
189
152
147
138
265
170
164
161
138
143
227
171
134
175
163
156
148
290
153
191
169
146
220
142
280
154
153
193
140
160
177
194
150
134
145
162
131
146
118
172
179
170
137
147
144
223
221
137
173
178
137
164
142
181
154
190
152
161
166
144
195
167
218
220
166
169
176
155
173
179
165
205
158
159
196
150
146
123
125
170
139
153
162
156
157
116
171
158
149
129
143
185
137
161
164
168
152
170
202
168
153
312
146
2278
154
148
133
152
165
210
164
162
149
239
135
142
190
179
140
137
144
140
150
172
148
134
224
132
403
141
151
155
154
160
150
386
148
157
171
163
159
157
196
139
173
151
138
177
140
161
183
142
160
160
161
163
160
173
157
141
167
161
154
166
157
153
159
166
148
173
169
165
159
141
156
174
150
147
152
163
172
187
261
152
201
174
149
181
139
197
182
167
152
356
150
163
346
172
144
153
143
385
164
138
136
140
145
141
153
146
165
131
173
179
165
194
154
143
151
199
193
260
157
145
158
157
138
171
148
151
169
164
181
167
146
142
134
151
161
158
147
171
431
145
135
136
175
166
168
208
168
259
292
164
182
116
129
171
232
173
144
211
151
132
166
111
270
162
126
147
141
158
135
128
208
153
135
166
152
154
143
166
165
144
142
143
148
185
174
147
180
156
150
226
165
170
133
163
152
175
178
181
183
168
121
144
147
162
178
242
173
124
137
184
171
200
141
146
148
136
173
145
171
177
129
135
141
164
156
172
303
184
127
151
287
131
165
167
193
172
126
170
191
142
153
181
162
148
169
179
144
164
166
164
191
152
146
161
187
186
152
165
144
139
139
149
131
214
149
198
164
141
149
1310
134
176
137
160
154
142
163
154
125
165
183
142
142
280
157
162
128
162
160
160
172
182
160
125
163
177
223
153
153
169
140
153
168
137
160
146
172
171
184
165
159
154
165
171
189
184
151
138
142
156
191
160
172
186
148
157
163
184
497
133
147
3929
187
188
166
201
156
189
167
148
146
159
139
262
146
151
185
150
156
139
156
156
130
177
156
193
136
171
172
247
148
142
728
132
148
162
134
334
162
137
146
161
125
155
192
384
156
209
141
484
166
221
147
176
152
155
136
265
148
134
173
151
147
212
181
155
172
139
178
142
136
171
150
167
215
149
149
163
141
145
175
160
149
155
168
170
133
1831
158
226
152
151
190
149
202
135
135
138
166
161
167
194
133
168
168
171
161
146
142
140
167
135
181
123
152
165
128
142
140
156
164
147
174
304
314
173
156
136
151
144
141
130
153
215
120
165
152
202
170
231
149
134
162
134
162
142
155
163
145
172
135
152
156
140
234
183
182
163
183
142
173
196
551
137
162
147
152
151
189
157
141
150
174
152
142
135
136
141
137
138
159
207
173
223
159
122
184
169
354
147
140
155
145
146
138
167
162
182
172
140
147
147
175
137
875
180
213
563
150
130
206
161
148
151
178
128
201
168
162
189
111
219
201
170
173
138
209
144
126
129
180
132
147
220
150
168
163
155
169
157
146
185
189
191
185
148
295
204
141
149
140
167
164
155
152
150
157
134
166
185
193
200
161
142
207
193
125
149
181
152
169
180
155
174
176
175
197
202
171
150
159
205
135
136
200
160
167
149
147
352
164
163
135
120
139
135
149
163
170
167
200
145
237
174
145
179
181
129
205
184
150
136
143
129
116
135
170
153
191
129
148
164
163
197
175
149
140
170
179
158
151
187
323
179
180
160
239
162
175
166
157
196
155
138
147
139
148
153
221
153
154
151
154
127
177
155
203
140
170
165
156
282
171
180
134
148
559
221
181
141
146
165
148
145
155
153
151
1927
138
192
177
155
178
167
263
1958
137
148
156
161
166
202
176
155
976
160
174
211
141
654
155
152
144
176
159
128
169
138
143
175
172
132
189
149
171
210
140
148
163
154
136
135
153
181
208
165
176
182
169
138
243
143
166
181
115
167
161
144
144
152
138
179
205
150
162
165
178
176
164
150
155
152
150
135
157
130
168
136
243
158
146
470
169
178
145
154
194
161
147
136
166
129
148
152
147
185
407
173
171
137
193
204
170
160
186
148
135
182
198
245
152
178
172
158
168
141
211
130
148
132
283
131
154
153
209
184
181
147
163
170
207
146
163
167
142
195
166
163
154
154
165
176
175
183
160
162
174
250
146
156
182
154
174
137
220
147
181
135
193
552
145
178
187
156
129
190
149
160
154
176
157
143
165
149
159
204
126
173
167
176
147
156
176
147
167
178
153
222
191
142
172
192
149
169
119
119
165
124
156
157
143
136
154
147
141
164
165
199
136
141
182
178
153
124
143
156
167
191
183
164
147
206
141
141
191
135
162
139
154
147
127
177
141
160
206
150
183
157
170
132
159
140
221
147
154
148
178
164
164
193
192
180
147
179
182
148
150
215
190
156
152
168
136
190
142
136
140
165
150
158
160
175
130
180
172
151
142
167
231
127
167
163
156
168
191
131
188
151
139
297
162
133
123
158
221
133
112
146
170
468
211
146
145
152
230
129
173
164
151
145
126
192
163
237
175
232
127
142
165
134
163
161
150
168
143
141
154
130
151
151
160
173
152
158
154
146
171
171
168
190
134
139
168
152
178
175
284
159
156
168
144
193
158
158
163
168
172
163
213
178
170
151
162
173
142
191
160
169
161
146
330
140
145
140
168
169
364
137
154
153
140
165
156
166
163
128
137
161
136
140
181
179
114
175
184
167
139
155
168
213
125
148
163
167
137
121
171
188
183
200
155
146
97
164
145
148
209
150
181
165
163
166
126
160
237
151
145
151
146
192
180
1299
134
207
177
165
138
167
206
139
201
128
140
145
154
158
327
126
147
128
185
196
140
4218
139
125
145
281
179
141
553
183
162
160
147
183
119
149
185
134
190
1071
190
148
166
159
191
180
148
154
178
149
154
148
188
179
148
160
137
160
130
135
156
189
169
151
270
146
154
164
193
125
164
160
138
166
128
160
167
186
161
174
152
145
148
184
159
173
414
142
154
154
173
172
151
173
158
163
206
167
156
141
177
149
163
172
145
151
152
164
197
164
335
177
153
774
150
145
162
158
160
222
143
179
151
151
137
161
157
146
151
135
124
158
196
134
174
162
156
143
152
119
163
148
169
144
133
157
151
183
137
190
169
159
149
183
158
190
171
150
153
125
153
163
135
146
165
164
130
137
158
146
141
173
159
209
167
150
162
150
160
147
199
136
182
149
189
126
153
191
148
165
125
125
349
155
138
276
169
150
285
158
171
152
174
163
203
127
124
135
172
211
145
163
154
130
138
165
126
149
368
144
130
155
200
156
123
153
138
152
147
163
135
137
136
132
213
137
169
142
294
127
183
164
159
164
151
174
154
158
194
152
241
164
142
167
151
128
156
194
149
144
123
183
136
143
157
132
145
149
142
165
146
141
153
181
138
158
189
161
212
141
180
722
155
138
190
166
192
160
170
138
157
146
184
144
148
141
157
154
217
142
146
155
196
156
183
164
152
145
184
139
130
155
117
174
143
165
129
183
132
283
151
141
253
352
229
166
221
293
132
158
149
162
160
158
148
151
159
173
172
160
157
150
145
208
426
136
178
155
151
175
161
143
163
144
179
146
151
161
141
154
141
214
141
188
190
159
132
148
216
188
166
195
192
170
117
191
155
202
195
175
5708
141
187
133
145
178
151
138
175
186
133
181
173
202
170
182
170
189
136
169
138
157
159
158
159
183
151
168
161
138
211
455
166
188
162
138
151
216
159
159
199
206
142
147
174
151
301
150
191
164
383
265
137
150
184
155
149
134
145
193
178
136
188
203
146
174
158
295
191
165
174
205
172
149
641
135
125
171
140
148
154
255
1996
153
164
149
160
260
143
170
140
147
158
144
191
234
125
148
144
160
162
172
151
149
115
166
143
222
170
181
135
135
211
228
151
153
143
153
122
278
153
168
159
164
230
165
181
420
154
255
182
179
180
126
145
142
131
139
166
161
143
132
144
171
187
123
148
162
166
182
157
173
177
242
157
148
130
198
147
163
174
141
156
162
158
137
176
168
186
143
139
219
175
157
162
146
133
155
165
170
188
165
142
171
188
168
180
173
141
178
159
154
155
182
147
184
146
139
127
165
177
164
220
142
162
184
146
206
181
162
142
142
141
156
146
166
143
204
216
127
178
135
144
195
165
463
148
133
143
154
152
198
343
187
154
147
122
242
124
117
178
136
156
241
110
166
174
170
145
190
155
141
222
185
185
291
149
143
144
173
158
147
130
194
140
166
166
172
157
137
169
137
161
174
149
159
129
176
137
153
144
659
187
145
182
188
149
136
135
217
436
265
161
165
155
180
155
179
151
193
163
163
131
587
191
151
185
166
122
193
146
155
155
172
172
452
169
162
150
139
142
231
145
259
182
195
158
143
218
173
156
135
150
169
145
166
156
176
165
157
159
171
158
164
165
130
143
155
151
152
150
149
149
140
145
223
158
277
206
140
166
135
137
145
146
160
168
122
413
143
500
159
145
172
227
148
148
151
167
276
169
143
152
132
184
170
139
164
139
162
169
144
172
178
169
161
160
131
177
162
151
135
143
164
145
172
161
142
138
154
142
145
156
165
144
156
149
157
149
178
128
160
165
138
166
172
162
166
150
164
169
146
143
141
145
121
191
138
161
206
141
150
236
311
134
158
162
124
172
167
171
204
167
145
145
155
170
163
163
130
238
179
143
166
167
263
172
130
187
733
157
227
141
165
179
166
173
136
140
163
195
180
179
174
143
115
182
132
126
139
612
195
136
150
291
146
153
199
230
146
129
159
171
224
163
152
180
196
139
169
165
160
163
144
142
164
186
183
187
140
182
141
175
143
160
180
150
169
162
154
138
699
217
144
165
200
170
140
137
153
170
168
170
169
148
164
134
168
159
333
140
163
155
119
158
136
185
176
180
148
142
130
172
155
224
1638
126
210
143
135
166
136
148
150
140
182
138
143
169
130
148
140
176
157
136
188
168
154
222
181
130
192
171
150
187
155
165
151
144
161
186
156
204
145
141
141
125
166
122
154
153
162
168
180
134
141
160
144
146
549
143
218
159
138
158
155
183
145
186
182
174
193
158
194
179
129
244
154
496
155
159
140
160
136
251
218
152
147
164
195
164
140
238
199
154
140
143
163
141
147
161
167
132
126
176
150
152
214
136
150
153
156
150
203
157
144
158
202
165
201
144
151
158
178
153
145
156
150
216
134
854
175
156
244
138
163
149
194
129
147
172
180
170
147
124
164
178
165
141
164
135
139
167
143
146
145
149
165
184
147
165
168
156
163
144
164
132
176
154
177
182
157
210
147
222
187
129
202
174
130
169
178
147
154
192
280
172
160
159
151
155
142
146
176
188
127
129
169
166
142
145
155
187
169
158
198
149
235
169
145
155
198
163
153
169
177
149
161
148
273
190
133
161
150
173
148
145
129
132
125
154
148
172
149
129
191
146
121
154
140
227
155
131
164
145
145
244
151
164
161
141
224
133
155
175
138
139
180
177
154
142
158
182
145
147
184
180
158
152
179
193
130
195
202
132
139
165
221
156
166
170
140
140
158
180
132
131
157
183
179
149
169
164
182
156
196
160
146
144
161
146
140
232
159
175
313
163
141
165
158
122
154
166
172
195
137
140
229
158
150
137
156
143
153
152
165
159
150
140
153
124
149
134
153
319
134
159
159
135
154
150
229
138
146
129
141
117
119
170
163
144
150
172
142
137
131
145
164
174
134
154
149
151
175
164
148
140
144
168
180
173
146
243
204
179
153
138
132
155
146
127
203
201
144
131
151
155
170
124
146
161
140
651
147
152
151
147
155
163
190
141
143
179
226
155
226
201
471
142
159
188
261
165
168
137
193
152
148
147
159
153
142
133
158
133
150
156
136
170
187
168
153
168
158
153
155
137
185
149
133
194
170
135
172
158
148
145
186
168
188
225
157
138
141
183
154
142
159
154
158
129
169
197
147
168
213
149
154
261
134
160
180
175
183
162
114
990
154
164
160
143
178
174
172
211
196
161
179
171
182
177
180
168
164
133
160
144
144
146
166
125
169
159
152
140
166
168
153
236
158
247
138
174
141
135
153
146
169
170
147
148
235
159
155
152
152
150
247
148
182
127
180
150
141
128
130
141
133
186
183
161
148
348
143
162
159
159
178
151
120
127
182
241
227
176
168
135
199
142
133
495
139
143
154
159
235
464
161
177
159
180
150
154
143
160
244
177
146
180
158
164
148
153
197
162
155
144
146
181
141
159
182
180
161
165
154
163
157
143
143
150
150
156
132
122
151
152
150
151
167
245
156
195
194
159
150
868
153
134
159
543
146
137
158
178
174
164
144
155
131
165
183
172
186
136
138
198
144
157
147
163
128
135
164
193
160
140
142
186
145
166
163
164
177
166
151
133
178
323
151
165
172
125
136
154
233
154
216
189
155
354
174
157
160
165
126
153
158
172
171
171
161
185
166
168
139
189
146
169
148
164
164
148
218
166
155
154
210
153
171
173
153
137
310
185
217
134
157
159
187
181
162
148
166
127
136
130
273
182
146
151
129
149
225
131
138
155
160
173
171
184
158
138
139
534
137
138
134
125
168
163
143
152
138
142
143
168
149
166
173
233
140
201
161
162
133
132
129
194
159
132
151
136
148
145
185
177
170
136
158
174
187
160
167
148
177
141
148
148
171
141
144
180
153
139
203
157
143
153
334
138
137
179
150
139
148
138
130
140
153
288
137
146
159
159
163
155
156
175
190
155
177
161
139
181
149
166
148
148
158
156
166
198
178
174
158
188
152
169
151
138
168
142
172
137
186
151
153
146
158
171
126
164
148
151
183
164
356
189
163
159
144
161
175
191
195
180
152
145
167
136
163
174
152
126
144
159
206
164
194
156
234
169
158
141
160
150
131
169
129
157
204
145
140
141
157
168
152
165
137
134
188
141
139
132
146
162
143
151
149
171
163
155
157
162
171
176
137
152
257
796
156
206
136
140
157
196
168
175
178
137
417
147
246
139
190
145
158
133
171
169
150
169
236
137
166
148
134
157
161
221
186
155
165
159
180
143
218
159
140
212
192
192
169
132
146
142
153
146
146
153
163
144
141
145
143
162
156
229
156
200
166
148
171
161
156
232
127
166
140
139
150
148
145
168
170
122
133
163
171
152
141
154
139
173
145
235
176
165
164
152
152
166
177
161
172
253
125
210
181
177
136
160
142
143
192
170
197
184
152
142
140
185
167
132
217
138
182
153
148
150
143
256
202
181
131
169
158
150
148
195
156
194
158
263
244
144
169
153
143
124
173
136
139
164
155
139
136
160
1069
172
130
147
162
163
179
110
133
154
195
143
180
138
131
171
146
144
165
137
153
376
173
180
195
133
146
162
161
145
155
214
170
138
150
140
143
157
169
140
140
212
171
151
161
149
261
137
147
130
159
135
155
162
166
240
168
182
142
188
198
148
163
144
155
170
191
210
148
135
165
166
205
156
170
351
191
145
129
150
158
209
192
186
225
149
149
190
155
142
156
159
160
157
10373
159
169
260
161
146
162
193
139
160
152
137
151
140
166
135
151
146
124
459
149
129
140
155
157
164
156
187
155
177
160
186
167
139
158
178
178
186
145
149
155
137
559
155
149
145
96
138
147
157
152
169
163
136
164
218
168
208
153
153
156
128
185
826
164
359
190
144
152
171
153
163
140
158
153
129
144
164
166
182
156
149
144
154
122
221
251
184
146
168
132
163
208
205
148
164
157
169
141
172
172
184
153
161
297
159
135
176
148
146
140
122
172
144
162
255
138
149
175
158
164
194
160
168
207
155
140
140
148
130
163
984
182
163
173
164
127
206
377
144
180
182
165
159
163
116
150
147
141
173
156
134
171
141
152
163
146
147
168
130
165
132
161
157
202
163
262
149
154
146
145
160
176
155
147
134
164
126
159
161
224
175
145
150
147
162
154
141
152
179
228
155
171
157
163
175
189
167
152
186
132
145
163
146
180
157
170
168
177
168
176
162
146
233
161
126
150
148
169
185
168
137
151
148
155
176
143
162
156
168
159
144
265
212
147
133
123
155
156
145
136
142
136
175
155
211
147
152
172
316
165
132
165
187
167
181
146
147
206
183
147
145
149
163
168
148
139
168
