51
167
44
54
42
42
34
40
35
72
43
43
36
37
85
83
47
46
41
38
38
47
277
40
74
41
33
59
23
40
62
52
47
44
45
76
44
59
40
34
51
14349
52
95
132
29
46
55
52
39
49
46
67
42
35
47
66
152
70
69
75
52
36
41
35
45
53
74
47
55
26
48
38
119
58
64
36
62
45
39
32
40
46
63
61
42
42
45
65
67
60
82
40
55
190
50
59
47
45
50
54
84
46
49
36
59
36
34
36
54
41
62
46
61
67
48
45
44
55
49
53
42
44
56
52
47
57
45
63
69
19
49
44
57
43
57
62
101
47
40
52
70
61
56
38
49
48
58
61
42
52
46
54
2327
48
55
55
40
58
44
40
41
42
49
47
42
63
45
42
39
66
61
39
53
44
41
44
46
58
45
36
57
77
52
33
70
83
59
32
45
58
58
38
51
58
64
61
35
51
59
37
37
39
55
33
49
54
43
89
68
51
79
61
44
62
48
226
35
41
49
58
28
53
39
41
81
45
44
69
45
41
68
271
31
75
74
59
41
42
57
38
45
47
57
56
60
37
67
54
29
47
89
37
43
76
57
29
66
101
48
55
31
62
55
69
99
69
47
49
191
56
47
102
30
40
109
30
33
43
36
49
61
73
49
52
67
52
49
213
34
45
23
90
30
49
52
68
72
45
27
45
51
61
109
25
62
53
99
56
57
50
51
53
37
37
58
34
56
43
35
42
46
67
39
35
48
39
61
89
43
47
40
52
53
55
32
51
61
50
50
37
44
67
62
37
47
41
25
53
34
46
46
55
55
77
64
25
75
37
33
49
36
51
51
42
35
62
60
184
35
60
80
41
50
43
42
43
55
35
45
134
58
29
54
59
79
358
59
43
36
63
58
79
32
46
39
44
51
57
51
39
42
45
39
55
42
53
47
41
77
51
40
40
81
59
33
45
57
49
48
57
60
49
27
34
32
65
69
77
43
68
44
50
53
86
54
42
60
39
105
77
41
53
45
45
50
44
33
33
40
235
55
52
32
47
49
58
170
118
95
42
129
16
56
93
45
45
61
116
48
55
40
32
82
35
40
51
45
44
32
116
26
36
55
47
41
47
25
39
44
36
90
51
40
51
52
52
39
64
42
51
167
44
54
42
42
34
40
35
72
43
43
36
37
85
83
47
46
41
38
38
47
277
40
74
41
33
59
23
40
62
52
47
44
45
76
44
59
40
34
51
14349
52
95
132
29
46
55
52
39
49
46
67
42
35
47
66
152
70
69
75
52
36
41
35
45
53
74
47
55
26
48
38
119
58
64
36
62
45
39
32
40
46
63
61
42
42
45
65
67
60
82
40
55
190
50
59
47
45
50
54
84
46
49
36
59
36
34
36
54
41
62
46
61
67
48
45
44
55
49
53
42
44
56
52
47
57
45
63
69
19
49
44
57
43
57
62
101
47
40
52
70
61
56
38
49
48
58
61
42
52
46
54
2327
48
55
55
40
58
44
40
41
42
49
47
42
63
45
42
39
66
61
39
53
44
41
44
46
58
45
36
57
77
52
33
70
83
59
32
45
58
58
38
51
58
64
61
35
51
59
37
37
39
55
33
49
54
43
89
68
51
79
61
44
62
48
226
35
41
49
58
28
53
39
41
81
45
44
69
45
41
68
271
31
75
74
59
41
42
57
38
45
47
57
56
60
37
67
54
29
47
89
37
43
76
57
29
66
101
48
55
31
62
55
69
99
69
47
49
191
56
47
102
30
40
109
30
33
43
36
49
61
73
49
52
67
52
49
213
34
45
23
90
30
49
52
68
72
45
27
45
51
61
109
25
62
53
99
56
57
50
51
53
37
37
58
34
56
43
35
42
46
67
39
35
48
39
61
89
43
47
40
52
53
55
32
51
61
50
50
37
44
67
62
37
47
41
25
53
34
46
46
55
55
77
64
25
75
37
33
49
36
51
51
42
35
62
60
184
35
60
80
41
50
43
42
43
55
35
45
134
58
29
54
59
79
358
59
43
36
63
58
79
32
46
39
44
51
57
51
39
42
45
39
55
42
53
47
41
77
51
40
40
81
59
33
45
57
49
48
57
60
49
27
34
32
65
69
77
43
68
44
50
53
86
54
42
60
39
105
77
41
53
45
45
50
44
33
33
40
235
55
52
32
47
49
58
170
118
95
42
129
16
56
93
45
45
61
116
48
55
40
32
82
35
40
51
45
44
32
116
26
36
55
47
41
47
25
39
44
36
90
51
40
51
52
52
39
64
42
43
59
39
62
60
50
44
38
56
48
34
46
49
129
70
53
33
80
53
24
66
171
33
48
33
43
36
41
39
38
47
46
72
52
112
88
1185
43
88
54
40
41
48
90
60
64
46
22
53
35
78
40
51
76
38
47
50
39
53
42
33
45
59
78
90
68
45
50
61
55
52
145
55
64
52
93
55
31
43
55
51
69
45
36
90
60
76
45
48
36
78
41
61
33
121
28
64
24
62
37
88
31
53
87
104
34
80
32
42
29
59
44
40
78
50
72
54
33
53
61
37
190
29
47
51
37
48
44
62
52
37
52
31
93
52
50
49
45
55
55
43
124
45
30
39
49
60
37
65
49
49
71
44
76
104
48
45
31
43
52
50
73
59
36
181
50
65
34
52
80
67
55
50
60
41
51
86
54
46
38
39
30
34
32
53
38
38
81
45
40
67
49
45
39
187
50
69
41
51
50
63
37
66
58
36
47
31
36
54
47
57
39
56
60
49
86
45
58
28
40
31
40
76
41
57
154
45
27
44
52
42
64
39
67
164
43
53
103
50
40
41
56
145
65
57
38
50
77
47
71
22
47
56
57
37
42
47
76
51
101
38
76
52
45
46
44
44
597
157
35
57
33
60
39
36
86
44
58
49
46
49
59
68
54
42
104
45
68
51
67
78
50
41
71
47
98
46
48
66
60
50
64
45
36
49
49
48
27
50
50
65
38
62
48
51
37
32
46
95
73
31
52
33
55
55
51
54
46
54
47
39
79
42
54
63
47
50
49
50
55
45
46
51
51
56
51
87
42
47
42
34
36
42
58
38
30
46
76
46
48
24
51
54
43
50
44
39
30
37
39
39
43
31
50
36
48
34
39
60
33
32
91
49
63
53
33
46
51
50
59
83
36
37
42
53
52
49
35
48
42
48
61
66
27
78
53
54
72
91
50
46
46
36
33
41
40
56
56
48
63
38
63
71
47
39
33
63
44
46
34
47
52
55
64
85
59
44
42
41
41
57
207
63
50
37
53
46
35
41
44
56
241
44
33
32
38
78
61
61
44
47
56
62
43
40
61
41
52
91
103
210
112
52
32
40
37
55
88
57
62
122
57
37
50
33
29
40
40
45
46
62
55
33
56
53
40
39
66
139
36
43
75
64
45
33
43
45
33
61
33
70
44
32
49
33
83
43
55
50
45
56
36
47
41
52
47
53
38
55
48
52
35
56
59
38
50
39
44
43
48
47
45
48
45
45
54
42
79
41
40
88
45
45
46
115
32
32
34
42
45
42
64
62
44
1807
29
48
47
45
43
33
58
423
45
48
74
61
35
154
36
38
25
52
45
45
133
49
52
43
48
41
50
49
64
45
50
48
35
42
68
58
54
71
72
46
49
47
86
49
37
49
33
62
42
44
42
53
42
39
55
41
36
38
50
35
107
61
65
53
61
56
51
117
23
43
40
45
34
40
41
43
35
25
612
53
61
118
80
60
30
52
48
93
35
36
33
65
43
64
30
68
64
46
39
40
73
75
43
52
41
72
81
56
59
55
48
65
78
40
39
45
48
57
56
51
34
90
42
88
49
31
38
39
22
45
50
96
34
41
41
56
97
90
46
45
147
40
43
41
35
29
45
73
76
88
56
54
46
61
46
92
45
34
45
36
37
74
58
130
41
59
60
53
45
79
99
41
38
94
30
52
49
71
39
52
45
57
72
41
47
57
90
34
58
54
69
83
44
58
44
32
41
42
123
46
40
35
60
67
37
46
40
50
93
272
34
112
52
25
56
34
44
37
63
45
54
43
64
40
33
44
45
76
60
31
40
58
56
39
63
74
46
48
27
58
45
36
45
54
54
47
40
50
35
60
46
67
71
62
33
35
56
48
100
49
59
61
41
35
45
30
55
309
30
38
31
44
45
48
50
62
50
76
43
44
30
59
36
59
66
52
51
61
54
57
37
47
36
66
45
40
47
37
53
45
43
47
44
30
172
50
37
46
38
36
92
22
69
43
52
38
67
71
42
59
39
50
51
52
72
39
57
50
23
55
37
50
37
54
33
43
44
55
40
42
63
53
71
45
43
33
34
38
56
35
52
38
262
32
17
44
36
45
43
32
46
66
50
56
35
41
349
38
49
35
49
78
48
56
25
94
60
64
43
50
44
51
44
49
54
39
52
34
44
41
60
37
43
44
188
34
40
47
44
44
36
41
47
34
39
54
50
38
185
48
73
41
116
74
48
46
52
44
51
45
71
48
309
43
34
53
49
28
43
63
45
52
17
50
57
35
68
53
68
74
37
71
38
37
58
55
60
48
46
36
43
49
63
76
60
54
45
57
38
44
55
38
33
41
65
111
32
53
56
37
31
54
44
35
65
52
39
60
86
56
35
95
42
47
34
38
32
42
39
50
32
176
44
28
113
49
57
49
28
48
41
36
42
64
117
51
40
39
37
42
93
50
38
46
45
49
54
51
44
63
39
54
63
46
40
39
40
41
60
47
117
34
29
44
271
67
53
43
38
80
54
111
61
70
70
27
35
49
50
39
67
44
75
60
35
53
30
64
48
45
38
35
57
62
45
77
54
39
37
42
33
56
35
39
54
35
84
37
41
33
66
169
103
46
42
43
51
30
33
47
45
74
92
50
48
61
62
75
60
54
38
66
43
44
67
44
34
62
74
29
39
43
56
41
76
88
50
47
44
57
44
70
58
44
60
77
45
41
167
131
93
66
56
73
54
54
36
32
57
50
53
97
333
34
45
36
60
48
49
55
42
48
64
52
50
37
63
47
55
37
41
73
47
55
44
36
47
61
50
60
53
38
55
42
48
300
46
42
43
145
72
42
34
34
66
49
39
66
49
63
37
27
44
38
97
51
40
52
30
52
39
59
42
41
78
42
35
46
43
29
234
64
44
53
68
95
107
47
28
46
229
37
44
94
47
52
51
37
53
40
53
47
42
47
51
44
41
38
70
81
56
45
33
232
40
42
41
40
58
45
82
59
42
80
55
36
44
48
53
61
42
39
58
38
44
48
51
38
43
30
57
43
100
49
103
42
117
46
38
72
37
49
32
51
36
41
49
57
40
51
47
72
55
66
39
56
74
53
46
43
36
41
26
56
66
114
42
58
87
45
44
63
115
31
52
56
44
55
41
59
74
50
81
52
33
82
52
38
37
42
49
35
50
41
77
75
45
48
36
166
39
54
53
40
33
44
78
64
55
44
54
58
119
37
58
42
64
49
123
49
39
88
49
59
58
32
70
43
36
58
34
50
48
47
68
44
46
38
49
92
48
43
100
46
59
44
31
48
62
62
84
61
56
34
54
47
34
34
55
794
50
37
47
37
55
48
46
64
53
43
51
36
60
481
35
55
39
44
55
35
38
53
40
40
109
70
42
56
34
33
31
39
70
38
60
63
35
55
39
53
41
71
41
36
34
41
63
51
39
56
164
37
54
52
39
48
35
42
37
45
52
202
37
58
68
55
120
64
42
62
53
53
61
45
46
32
50
34
38
76
69
39
37
74
32
99
99
57
58
45
30
62
38
38
65
72
26
47
43
37
41
61
48
48
58
41
53
33
38
81
50
74
38
69
40
39
46
50
83
82
30
54
44
45
44
44
64
35
43
68
144
40
49
58
56
55
83
143
71
44
49
48
32
48
50
32
47
42
47
49
46
53
47
38
56
40
47
47
44
53
61
27
41
53
60
57
54
48
66
67
38
45
79
50
48
474
58
56
36
45
76
67
40
49
39
64
46
35
51
51
42
58
33
44
64
38
48
22
82
34
77
55
35
43
59
128
80
34
45
54
50
124
34
39
35
38
66
58
45
54
25
32
43
51
56
57
38
39
71
44
165
49
99
46
57
35
73
47
78
45
48
61
46
58
66
55
40
39
34
225
4406
34
40
37
52
41
44
57
42
43
60
51
48
44
60
66
43
58
73
32
274
39
41
39
38
76
41
36
53
52
38
111
46
54
29
50
67
28
42
205
67
44
107
49
43
46
49
39
65
50
59
39
57
53
62
49
48
67
51
52
41
50
36
62
55
111
37
35
51
43
44
98
63
49
19
44
105
49
49
43
57
41
51
47
59
38
95
49
52
55
49
44
58
43
53
101
52
49
48
39
47
100
84
40
58
63
298
49
66
47
41
35
39
93
404
29
54
38
34
70
39
40
52
41
41
60
44
43
50
41
117
40
52
44
250
41
46
41
39
67
77
31
51
61
45
67
38
39
39
41
29
42
44
54
72
54
44
34
53
246
45
68
49
25
41
56
41
49
48
48
147
81
27
45
46
38
59
38
29
53
41
44
106
44
26
65
66
79
61
48
123
64
26
66
46
43
64
51
41
43
39
92
47
50
66
78
66
41
44
54
67
53
50
36
192
48
85
49
32
55
29
42
52
65
90
35
30
45
58
38
37
91
48
83
65
42
36
53
37
72
58
34
75
61
70
36
48
40
38
80
28
46
43
135
44
48
60
50
67
53
85
38
57
34
40
63
28
52
89
54
67
77
89
77
48
35
53
56
44
67
49
93
42
37
133
38
37
43
37
131
37
57
42
40
49
52
52
54
35
34
65
38
44
35
51
36
59
66
48
47
149
29
65
54
44
42
55
69
26
54
36
30
34
31
137
42
40
53
55
63
51
140
50
53
37
49
46
140
37
32
66
51
45
37
43
45
46
50
47
62
48
54
78
53
37
117
55
103
62
39
64
45
39
58
54
49
73
49
48
86
31
58
85
59
73
105
41
41
58
31
56
50
75
44
45
47
75
81
36
36
46
36
56
48
34
70
48
49
29
38
61
35
44
31
64
56
62
34
61
81
50
140
130
75
62
42
43
33
43
48
51
39
44
569
34
150
71
55
106
43
70
50
67
87
47
58
61
42
33
44
46
81
49
42
41
68
42
465
51
46
57
39
57
105
1220
45
50
46
37
59
60
38
66
188
143
56
77
40
46
55
255
63
59
49
145
47
86
47
44
43
141
59
46
136
33
62
33
39
50
45
88
68
52
40
29
58
27
43
42
41
44
67
60
60
21
42
73
41
39
55
61
302
77
54
51
136
42
52
25
35
121
53
58
45
50
33
56
36
45
43
69
139
32
41
33
43
18
37
32
55
49
48
43
43
38
47
93
93
119
37
59
51
45
40
43
73
43
50
31
29
54
66
91
57
190
46
46
35
36
44
48
50
79
52
53
50
70
23
40
71
47
40
49
59
37
93
40
83
76
72
43
56
40
54
32
43
68
75
29
24
51
47
31
43
37
54
61
67
84
28
42
45
48
37
38
55
50
32
45
52
27
24
69
57
75
59
32
43
38
63
61
99
47
59
61
48
57
65
46
55
57
45
28
40
38
69
50
44
49
271
58
158
49
56
53
98
35
42
28
53
48
73
34
36
39
38
53
79
50
56
40
56
50
48
52
117
76
70
38
67
63
45
54
64
42
62
36
58
68
39
38
47
70
48
24
84
37
50
89
36
72
47
52
56
46
47
45
54
59
31
38
42
92
49
37
43
1003
37
35
56
33
57
57
48
47
44
51
50
37
62
70
41
43
47
57
93
64
53
134
81
55
54
40
67
59
48
59
170
55
45
38
43
44
51
53
43
69
43
42
64
115
46
65
51
49
46
34
65
54
30
46
46
47
30
117
38
33
109
49
60
44
54
36
44
59
217
27
79
49
50
45
30
36
43
54
53
119
30
39
41
52
48
36
62
38
58
46
46
47
75
61
65
63
134
177
59
119
51
43
38
47
52
53
42
51
36
48
37
50
50
79
55
60
87
91
60
36
34
37
345
44
83
130
46
39
65
52
26
26
53
43
191
105
25
63
50
56
79
39
49
40
47
42
54
57
29
39
49
77
51
52
58
52
56
54
86
47
30
63
83
73
55
55
29
78
121
54
52
57
49
47
66
59
37
47
35
45
59
40
51
55
28
47
46
70
51
44
52
204
60
40
38
79
38
52
65
36
30
30
35
52
65
53
67
53
44
49
35
72
65
33
25
31
50
35
39
34
39
67
54
81
53
48
38
42
41
53
45
34
38
67
33
57
830
43
39
63
52
42
60
56
57
76
64
70
71
100
60
54
79
54
65
45
75
52
81
69
83
55
58
36
39
41
67
61
42
40
43
32
40
41
50
44
67
52
28
42
37
40
52
59
102
31
46
42
53
42
46
44
33
35
52
41
60
48
34
48
46
48
59
68
140
81
33
37
35
60
63
55
38
52
60
48
90
91
56
57
59
32
46
43
41
50
45
38
66
38
48
37
44
80
39
48
32
52
67
44
38
40
48
42
44
46
50
79
48
37
33
43
72
64
49
63
53
39
43
42
51
74
117
62
50
58
44
48
56
71
60
25
67
79
52
51
56
50
42
34
49
30
60
52
50
37
42
52
74
74
73
52
63
55
60
42
34
46
51
34
39
44
58
79
45
52
48
29
53
36
87
77
76
100
44
46
51
41
69
54
92
99
40
58
39
54
58
54
46
83
38
42
125
44
55
40
55
76
46
54
63
40
90
60
42
58
36
42
56
63
65
53
36
58
32
55
95
40
38
32
35
39
33
49
59
60
52
63
65
48
38
45
37
68
7078
43
49
44
39
44
84
42
37
48
68
48
45
138
63
71
41
37
37
50
45
38
72
73
85
67
37
43
53
30
70
51
49
30
34
70
44
75
52
35
56
49
49
42
44
46
62
66
46
46
40
51
44
44
37
87
50
70
33
63
44
25
69
34
36
48
105
44
56
42
40
40
38
66
43
52
44
42
35
58
66
57
45
34
44
94
58
55
38
49
83
38
43
61
27
66
53
42
84
56
49
43
35
48
74
38
53
24
65
53
57
45
39
51
66
41
53
67
52
51
55
57
92
46
49
47
52
52
38
38
40
41
42
46
37
60
33
37
71
87
50
48
95
85
62
44
45
48
66
61
41
89
45
50
109
58
58
113
45
50
74
59
32
41
39
41
72
47
61
39
62
52
51
79
36
37
42
48
49
45
85
42
49
72
44
50
100
47
39
50
53
66
90
35
45
45
62
38
39
59
61
39
40
46
149
104
44
42
31
94
54
44
55
42
41
66
51
38
47
79
63
41
72
42
63
132
89
47
46
37
188
41
46
80
39
53
37
52
68
52
393
44
35
53
41
46
38
29
67
139
53
86
44
36
66
27
46
68
63
154
35
37
31
56
43
72
33
63
46
49
66
963
49
96
55
49
49
49
48
46
34
62
43
71
53
45
53
44
88
45
55
55
74
75
92
59
36
63
52
36
46
169
46
58
36
46
72
45
58
44
92
40
56
37
62
69
44
50
31
45
24
100
51
47
51
54
55
43
58
35
155
55
83
84
46
30
40
34
64
41
48
38
53
62
52
36
34
299
52
107
45
53
46
46
94
59
51
17
46
55
119
50
56
50
57
40
50
29
111
56
54
46
39
75
33
63
129
36
48
32
59
29
39
104
32
48
38
51
43
33
40
89
62
30
51
53
43
46
53
42
31
57
34
59
51
41
40
41
35
32
46
80
44
69
54
101
58
35
37
57
52
75
27
36
108
64
60
51
38
72
71
87
85
57
45
42
58
48
38
40
26
38
48
85
80
30
33
44
37
43
74
39
38
175
53
72
47
85
56
35
46
42
70
35
34
62
52
69
46
66
91
43
34
83
44
64
110
76
41
38
52
37
34
43
50
29
52
55
39
32
63
48
97
38
57
95
57
35
30
52
38
33
40
34
50
45
57
77
49
61
42
36
57
50
66
51
47
37
35
37
56
70
50
157
49
43
38
69
54
68
48
31
74
34
53
47
53
82
35
47
143
97
41
38
56
30
37
38
47
50
43
51
48
50
44
83
54
44
39
44
40
77
71
65
56
43
48
76
38
64
72
155
30
48
40
77
59
67
42
69
46
50
169
40
50
49
49
53
30
40
68
61
48
43
41
67
50
44
38
89
55
52
30
81
65
49
56
37
42
66
35
63
418
49
46
53
37
42
35
29
34
74
56
60
100
39
28
64
58
41
48
44
70
57
48
36
50
51
39
68
48
46
57
52
62
62
44
45
42
60
115
46
48
31
38
48
43
29
44
37
37
248
30
51
62
69
59
138
56
60
47
46
30
71
34
50
82
105
47
39
52
36
143
36
56
66
41
64
49
64
70
39
73
52
91
41
49
32
37
71
36
38
54
77
40
55
66
49
39
61
48
66
42
130
40
46
29
1061
43
43
41
53
50
50
96
37
78
60
33
35
48
49
48
46
65
77
34
58
47
39
49
37
58
70
35
39
47
64
37
54
59
44
72
49
54
50
42
81
43
53
49
35
37
106
65
27
65
328
64
49
43
64
59
34
48
45
42
34
42
44
51
39
58
51
32
73
47
77
203
69
65
127
39
55
48
68
42
74
70
98
33
35
41
70
43
46
50
63
43
38
63
120
37
44
35
51
41
32
46
50
40
54
59
38
69
75
40
34
34
59
34
39
58
61
45
48
54
1126
51
27
31
50
58
41
79
85
86
95
49
98
81
52
45
40
49
51
34
49
30
58
41
49
67
85
60
40
47
36
45
74
37
183
45
52
40
51
51
200
37
37
53
59
44
83
184
31
67
40
62
44
51
60
59
79
48
62
85
26
39
56
39
61
60
34
62
52
49
54
40
139
46
35
48
42
49
42
60
62
54
38
30
38
37
42
82
37
38
34
35
42
50
69
31
56
47
42
33
29
53
73
45
42
35
60
48
45
70
58
60
50
47
56
106
43
30
62
45
45
108
46
69
46
60
36
61
33
113
51
67
40
107
31
44
50
33
51
35
23
74
60
46
42
51
37
53
48
47
31
46
34
50
88
31
36
39
44
39
58
89
48
47
41
52
39
66
45
85
47
61
40
56
43
28
63
44
56
42
80
51
27
31
55
58
43
74
90
37
131
88
31
77
73
40
51
42
58
42
38
46
58
90
43
46
87
83
48
46
62
42
58
52
63
36
42
308
31
43
46
61
79
60
27
48
51
35
48
56
21
45
207
65
55
57
46
79
32
44
41
56
51
114
54
45
84
86
120
28
53
45
43
65
43
32
54
65
29
48
40
67
45
27
109
60
57
46
46
40
37
63
49
44
109
63
41
38
40
79
36
40
52
46
37
111
59
44
52
45
36
39
47
53
48
40
93
41
51
45
45
29
44
46
76
39
34
47
31
42
41
44
40
106
48
42
40
48
37
68
46
59
36
46
55
42
69
39
59
47
70
55
243
95
59
24
51
45
80
35
47
48
53
46
42
77
37
47
70
66
54
106
144
57
67
40
40
383
43
43
39
560
32
44
45
47
42
42
42
33
37
74
43
81
45
59
42
77
92
39
82
312
44
92
39
48
39
45
49
370
53
32
36
42
51
41
38
60
31
64
46
286
47
54
39
57
72
108
66
29
87
45
54
70
40
70
57
47
39
58
158
46
53
43
61
29
1021
50
66
152
214
54
51
49
75
82
63
56
51
86
120
43
45
41
63
80
42
48
46
43
93
52
30
53
53
106
47
41
17
27
48
64
52
54
44
38
59
67
42
70
29
46
35
48
39
39
31
46
92
39
40
27
36
51
45
46
29
57
49
40
32
29
76
46
45
42
38
42
61
71
60
54
37
51
95
38
50
113
83
54
30
61
64
68
50
44
45
52
42
92
62
44
47
66
41
36
112
61
37
25
75
51
56
48
65
90
102
73
43
102
66
35
106
62
65
42
39
58
26
39
42
67
47
36
51
63
50
77
40
32
50
44
557
84
35
37
45
86
47
74
46
63
35
25
99
44
49
38
52
36
47
55
47
51
49
44
37
69
51
43
56
123
40
109
29
52
58
50
35
33
33
35
41
267
45
73
42
52
43
62
45
53
47
55
35
54
83
59
56
33
37
38
38
38
39
82
54
71
72
49
42
49
121
67
33
67
56
47
138
35
76
289
87
51
46
41
67
45
125
104
31
38
46
48
62
51
43
46
52
34
36
63
27
50
36
44
460
32
42
44
51
87
72
58
38
84
51
71
53
104
60
166
38
90
51
51
44
24
45
57
48
96
59
47
49
41
63
57
59
52
49
43
60
44
37
43
38
65
72
62
38
29
81
62
26
59
53
89
56
49
41
51
48
46
32
59
55
41
43
28
59
41
51
35
67
40
46
66
31
50
53
30
45
50
68
69
33
33
74
33
31
63
38
39
45
50
40
46
143
83
47
86
104
71
35
34
43
60
62
59
46
77
45
65
55
41
64
60
42
67
56
49
41
293
57
31
40
42
64
51
45
65
68
349
49
44
45
87
58
52
49
47
79
108
26
66
48
50
44
46
76
47
32
78
62
52
57
61
80
39
49
62
58
53
104
39
51
69
84
72
40
52
58
43
33
74
29
123
98
59
71
39
45
43
50
78
62
81
37
150
51
46
59
39
71
37
50
43
47
72
52
47
51
37
38
36
32
52
44
40
45
99
43
44
49
59
68
41
53
62
46
37
136
29
67
909
94
52
34
40
55
60
71
31
57
57
88
81
40
35
47
34
84
46
45
91
838
81
143
629
35
55
61
34
47
47
63
32
45
31
65
65
50
53
56
51
56
39
44
52
59
55
37
45
40
64
43
39
42
41
32
44
41
46
50
36
74
39
48
42
61
53
43
62
50
38
36
39
27
37
40
63
69
43
47
56
40
62
155
59
48
24
101
56
30
146
60
35
56
70
37
48
91
71
41
62
43
58
61
35
42
93
55
47
42
59
46
55
83
576
127
49
40
56
80
59
41
72
40
51
93
42
42
36
49
105
39
37
107
51
46
37
57
47
132
40
55
41
39
47
50
47
42
25
45
38
46
79
27
39
55
54
213
62
44
43
43
107
71
71
82
66
43
41
65
54
54
68
73
38
27
28
49
55
256
81
41
41
34
78
44
43
43
62
35
41
38
44
45
45
43
42
46
71
46
39
49
41
52
75
42
35
39
100
43
58
49
38
35
45
83
45
37
30
48
40
55
38
54
50
43
85
34
35
31
47
41
69
46
60
47
45
72
50
81
62
45
22
55
155
40
74
66
75
41
38
35
67
34
67
108
39
85
43
49
40
58
40
48
38
40
50
52
46
66
36
57
51
79
62
28
48
46
60
46
43
86
84
65
58
64
50
46
42
818
34
40
28
36
34
64
50
50
48
42
50
54
72
33
32
35
44
43
46
73
26
71
42
61
41
47
55
50
56
70
60
114
36
52
34
44
41
42
43
36
62
68
46
57
38
53
52
48
39
64
90
54
37
53
40
95
38
41
40
33
61
74
49
50
77
36
34
42
82
164
40
40
45
83
99
51
46
46
58
47
33
48
41
63
65
41
50
118
47
79
40
60
54
51
64
34
58
66
46
57
38
28
52
202
75
26
30
61
55
34
80
32
39
70
68
48
53
44
59
38
37
46
49
78
45
56
73
65
37
81
36
28
50
40
36
181
49
50
42
53
53
40
58
39
50
97
30
45
48
38
58
44
57
49
44
49
39
38
53
75
49
33
98
38
35
41
31
48
41
61
56
43
95
50
43
43
55
49
43
125
35
33
48
50
38
81
35
46
34
31
64
58
59
33
81
107
53
56
56
53
81
71
51
64
71
49
49
38
72
37
42
51
49
58
48
34
73
45
37
182
62
70
42
49
26
57
34
52
42
50
122
37
338
58
84
46
43
44
42
32
32
37
36
47
34
48
80
47
26
64
60
72
47
40
40
41
71
49
54
53
50
59
180
35
44
102
25
67
52
53
48
64
57
76
5400
42
47
63
38
52
63
40
38
43
47
47
32
46
86
47
39
64
43
57
62
66
53
40
67
42
78
52
44
72
52
57
70
50
29
42
28
34
71
46
50
38
69
57
55
71
55
71
70
47
44
38
36
68
44
307
36
36
75
43
28
73
46
38
38
33
29
55
75
52
88
79
54
40
40
76
42
38
45
35
45
42
39
51
49
70
48
40
35
44
41
59
59
46
48
49
51
133
47
63
59
44
37
49
40
60
66
64
49
46
104
38
50
46
47
45
44
139
27
56
43
47
41
53
45
79
33
46
59
38
29
43
61
34
32
54
86
68
137
62
52
983
91
50
55
27
55
65
135
34
46
64
54
106
36
712
44
38
57
41
44
35
31
423
45
54
56
62
62
36
55
47
59
55
66
70
52
56
123
43
55
42
30
55
40
63
36
51
49
43
121
42
42
46
35
41
44
45
43
52
53
60
43
25
63
38
39
43
89
244
35
34
80
43
50
91
55
29
26
48
80
53
46
49
51
35
42
48
58
39
65
49
39
82
42
38
97
53
47
36
68
47
48
38
61
58
26
51
30
56
159
49
49
44
60
65
60
38
76
35
39
130
61
53
42
31
43
59
53
58
44
49
45
51
158
49
50
49
242
53
43
54
34
40
55
74
79
32
73
55
45
45
66
55
58
36
55
51
70
47
52
46
61
53
54
46
47
46
149
34
39
70
47
44
49
75
44
40
43
35
51
48
82
46
47
51
51
58
33
34
48
49
53
25
60
66
36
46
55
98
27
53
55
49
61
142
63
496
51
39
55
37
43
39
79
32
56
38
58
55
55
34
45
52
36
48
62
48
41
51
57
72
47
36
34
71
43
36
111
53
42
54
51
53
50
55
39
61
46
46
49
45
165
26
43
42
55
46
51
40
58
52
41
80
70
36
577
54
53
141
55
45
84
39
69
40
73
36
63
61
48
82
43
39
60
90
58
63
65
58
40
40
36
47
35
71
65
1204
53
58
51
41
55
41
45
37
51
86
48
73
37
40
47
66
51
94
43
56
43
54
45
28
71
63
55
41
59
58
49
45
59
44
55
74
80
92
61
39
32
60
80
48
51
55
48
46
61
36
37
46
48
50
37
43
150
35
71
54
43
68
39
67
60
50
41
44
85
88
51
49
36
37
63
39
44
59
26
51
281
106
58
38
52
41
138
55
74
46
62
38
58
32
54
35
397
31
29
35
57
27
44
61
59
43
89
58
33
51
49
68
53
61
36
37
97
112
40
49
60
38
53
46
55
46
44
29
30
56
39
47
47
169
40
66
70
39
101
29
44
40
60
60
53
49
63
123
51
77
35
60
96
48
50
36
37
50
50
36
50
51
26
34
166
50
42
50
75
52
43
52
120
66
45
57
75
53
41
61
109
45
94
54
43
43
32
35
47
60
50
32
27
66
62
36
35
42
54
54
43
45
26
56
80
208
57
47
42
45
50
86
55
45
52
31
78
66
43
34
55
59
49
40
58
45
35
39
67
53
61
43
49
44
73
33
49
44
49
42
76
49
39
82
107
51
38
75
45
69
40
67
29
46
58
54
43
47
58
60
60
53
101
44
59
32
44
55
52
41
60
47
50
166
45
40
42
62
40
52
45
50
39
679
79
43
43
34
82
38
59
41
31
40
51
222
94
47
34
53
52
51
43
102
51
42
39
45
44
56
58
55
43
38
52
58
58
54
34
42
46
79
72
52
26
84
52
47
34
40
69
32
58
53
41
39
48
55
44
57
43
49
33
62
91
35
38
49
83
55
42
48
56
58
39
57
46
48
39
63
33
40
64
61
37
34
78
49
37
53
23
67
54
49
42
32
53
28
35
51
53
39
28
72
58
370
94
53
40
62
137
48
57
43
49
58
38
43
44
267
44
65
41
116
39
65
53
54
46
97
48
122
50
60
54
42
49
38
81
41
135
30
86
88
40
41
33
40
47
52
54
47
60
93
47
50
65
35
52
30
36
40
37
51
44
59
50
57
72
36
61
80
56
30
53
49
44
74
56
37
61
50
38
52
71
76
40
62
45
40
52
40
40
52
46
62
58
42
137
47
52
51
51
44
56
83
162
77
48
31
49
50
48
41
313
64
56
49
66
31
44
46
58
47
56
40
49
57
52
55
43
57
47
30
68
41
66
46
48
101
40
40
38
51
51
42
99
40
90
69
48
41
57
72
153
109
54
53
45
67
47
46
44
32
43
38
60
49
52
96
61
147
98
46
45
43
37
65
36
52
32
35
53
59
45
48
38
43
65
36
57
57
59
65
61
47
66
28
42
51
68
51
50
49
42
41
28
37
57
41
75
64
39
53
82
45
48
59
58
40
55
66
307
69
45
54
63
36
33
77
59
40
33
37
47
40
41
52
49
75
41
53
49
37
44
57
40
48
36
54
62
72
54
60
60
60
39
54
47
51
79
64
54
48
53
61
122
45
45
48
85
37
38
60
26
61
43
51
107
72
27
30
53
55
66
43
104
30
50
70
43
33
35
36
82
49
50
38
62
36
51
52
59
55
21
91
46
36
51
43
43
43
56
160
65
43
69
70
81
36
42
218
60
99
154
28
55
29
47
77
31
51
57
39
52
52
41
72
42
40
61
39
37
38
46
82
40
53
48
30
36
50
55
34
73
55
37
77
56
40
52
47
46
42
70
48
39
72
45
85
64
58
90
38
46
50
50
84
217
37
45
51
31
36
36
93
98
52
31
36
101
49
48
67
38
56
37
40
41
36
98
76
33
110
47
40
102
31
48
44
51
98
58
42
47
38
28
39
84
74
50
102
48
55
67
36
36
62
48
80
72
122
29
51
42
55
75
52
170
76
39
40
49
35
39
53
50
40
63
60
46
55
65
41
41
48
48
52
35
65
42
73
45
52
58
54
57
42
61
54
43
133
46
51
32
42
58
42
32
62
59
37
70
59
102
68
77
49
47
50
35
43
43
24
62
51
53
86
63
61
49
46
40
68
43
42
43
32
51
48
40
48
69
46
48
62
41
74
37
33
72
66
45
175
47
65
71
81
38
125
57
48
29
71
45
53
341
50
50
54
46
44
99
87
43
62
85
68
85
51
39
46
50
46
66
67
43
29
63
47
42
69
36
61
47
47
56
54
66
55
94
32
50
57
69
140
50
36
35
42
40
39
48
41
40
79
61
57
46
57
28
31
122
38
45
42
73
35
37
39
64
44
75
80
41
46
51
37
48
70
70
48
61
141
60
60
111
47
35
80
57
26
40
72
190
44
71
37
49
54
373
36
43
55
41
51
35
40
37
57
58
45
66
39
71
49
39
47
28
82
32
51
74
58
58
51
50
49
35
74
41
100
43
61
52
62
39
114
84
39
53
83
46
57
39
105
54
75
47
45
46
43
41
138
37
57
28
51
68
62
54
48
58
22
57
30
32
49
70
56
103
69
73
29
38
60
79
61
42
102
56
51
1374
91
62
36
31
55
39
53
35
53
52
48
114
32
47
31
35
70
135
54
42
60
132
66
50
33
69
33
43
61
53
36
52
39
49
36
36
45
128
46
51
90
167
23
42
48
51
59
57
62
38
47
129
42
40
68
177
54
83
106
35
48
49
57
46
51
35
41
41
66
50
40
31
49
45
45
36
49
62
71
52
67
50
22
39
58
53
38
64
47
48
49
59
42
68
45
30
43
46
70
33
141
81
37
44
67
53
47
38
50
838
56
43
33
44
49
61
47
45
49
35
38
58
36
44
47
39
84
29
66
48
53
38
41
42
63
34
51
52
44
47
39
67
42
33
46
49
129
45
43
81
50
60
41
39
79
47
42
64
45
237
51
30
19
53
50
35
48
57
660
47
38
59
36
38
43
57
37
129
58
52
62
67
48
42
40
40
42
36
37
49
29
30
24
37
47
27
37
43
113
42
61
55
41
106
37
37
44
32
39
70
39
42
85
41
96
49
47
37
35
37
54
50
40
84
104
76
125
56
41
108
44
49
41
79
43
49
75
66
65
62
60
83
43
50
67
42
43
56
43
38
62
101
71
37
47
41
59
30
53
50
70
147
53
33
35
340
53
52
40
39
34
48
75
54
65
82
28
41
49
42
50
52
42
47
42
81
53
59
81
50
57
565
44
43
41
44
49
51
104
45
25
26
42
58
42
44
62
59
35
43
32
45
52
45
55
82
53
40
40
51
167
44
54
42
42
34
40
35
72
43
43
36
37
85
83
47
46
41
38
38
47
277
40
74
41
33
59
23
40
62
52
47
44
45
76
44
59
40
34
51
33
58
43
34
53
42
49
25
75
59
41
63
50
46
467
119
49
44
85
59
51
39
65
46
44
46
50
128
40
42
53
128
46
39
49
33
66
36
47
105
58
62
36
56
40
49
66
46
60
51
43
51
56
92
33
28
60
72
71
96
53
46
49
46
40
60
71
67
41
55
42
49
53
44
66
34
36
46
48
54
51
40
32
57
53
54
62
53
39
53
29
161
38
51
34
38
40
59
31
49
40
55
40
66
81
71
48
26
39
58
35
51
46
100
121
50
49
54
95
55
48
65
42
55
40
71
38
47
71
115
59
102
38
34
28
31
38
52
115
44
56
62
54
68
46
41
63
39
49
34
46
76
48
46
33
39
52
45
47
84
46
45
116
53
45
63
32
38
43
45
48
65
39
55
37
112
40
57
45
39
92
40
51
49
109
65
48
36
42
64
56
118
28
50
60
38
51
67
41
132
50
35
51
46
45
32
36
52
52
73
44
69
36
61
80
52
43
23
48
55
33
45
38
55
47
41
50
47
58
74
49
48
90
55
27
55
48
121
40
36
37
46
39
30
64
52
67
44
64
37
67
45
46
64
58
49
62
100
40
47
46
39
40
73
57
61
56
50
43
31
61
38
51
60
35
44
44
63
36
56
41
57
55
80
61
36
45
55
35
62
58
30
63
51
43
56
27
39
49
38
49
48
59
43
68
43
45
44
42
46
47
51
39
23
46
64
104
54
80
56
36
36
46
47
92
37
43
48
48
69
42
39
39
37
40
66
53
68
56
30
49
42
42
63
77
39
52
41
54
98
38
45
34
59
31
264
55
62
41
39
44
46
57
39
41
76
52
113
55
70
38
75
82
40
55
73
49
51
58
22
45
55
69
44
38
60
47
52
95
323
44
47
53
40
73
42
55
46
37
73
44
46
57
67
31
42
42
33
207
51
50
32
49
44
43
48
66
54
38
55
62
70
62
55
41
60
48
45
42
64
49
79
37
56
46
54
41
43
35
58
32
53
77
53
62
39
36
30
45
39
49
31
49
47
42
44
44
89
53
