4
8
5
2
93
6
2
10
1
8
0
3
6
4
20
2
5
5
0
9
3
21
1
1
2
7
0
21
0
2
1
3
0
0
21
12
2
4
13
1
10
18
2
1
3
1
2
2
10
2
22
40
5
6
0
1
4
3
77
0
3
3
5
5
2
12
3
4
0
4
4
4
0
1
15
1
2
2
8
0
0
5
0
5
12
4
7
5
23
32
2
3
5
2
2
1
4
2
12
2
3
2
2
16
16
2
1
3
0
3
0
19
1
3
1
0
4
4
2
17
12
4
12
6
1
8
3
7
12
2
0
2
9
1
2
1
1
2
4
2
32
7
7
1
5
0
2
4
10
9
1
1
0
8
2
29
3
12
0
2
3
6
15
2
1
2
1
9
2
3
5
1
1
2
8
2
24
0
0
0
1
6
2
21
12
1
20
31
2
1
4
9
4
0
2
13
14
14
4
2
2
8
2
0
4
1
61
48
1
2
4
0
113
3
8
2
1
2
6
6
2
11
4
10
11
2
0
2
1
4
2
2
5
50
3
0
5
3
8
0
0
3
5
31
2
2
0
6
7
4
5
14
5
3
0
2
0
5
74
22
0
0
0
13
0
1
17
1
21
16
2
23
26
45
33
33
3
2
10
7
10
15
9
9
5
2
0
0
44
8
3
9
0
1
2
6
3
1
1
5
82
8
3
21
0
19
14
3
8
6
1
7
0
2
2
1
15
70
13
0
6
7
1
0
1
0
3
1
9
6
3
0
4
9
3
6
1
5
0
9
1
7
0
0
1
0
0
2
3
0
0
0
4
16
2
2
3
0
25
7
8
0
2
3
2
6
17
12
0
1
1
4
3
0
2
1
1
7
1
11
5
0
4
18
3
129
2
2
2
1
2
1
0
0
0
0
7
1
4
18
1
1
5
5
3
1
3
311
0
1
2
11
1
5
1
20
0
5
3
1
4
2
2
6
0
10
2
19
0
1
9
20
0
2
2
26
5
2
9
0
5
5
1
69
4
1
1
6
5
7
8
1
1
0
1
4
0
5
1
3
1
11
4
53
12
7
2
0
0
32
0
2
8
2
9
1
16
7
2
2
2
4
5
0
4
4
1
4
4
486
61
5
1
2
8
4
7
9
4
3
4
8
5
2
93
6
2
10
1
8
0
3
6
4
20
2
5
5
0
9
3
21
1
1
2
7
0
21
0
2
1
3
0
0
21
12
2
4
13
1
10
18
2
1
3
1
2
2
10
2
22
40
5
6
0
1
4
3
77
0
3
3
5
5
2
12
3
4
0
4
4
4
0
1
15
1
2
2
8
0
0
5
0
5
12
4
7
5
23
32
2
3
5
2
2
1
4
2
12
2
3
2
2
16
16
2
1
3
0
3
0
19
1
3
1
0
4
4
2
17
12
4
12
6
1
8
3
7
12
2
0
2
9
1
2
1
1
2
4
2
32
7
7
1
5
0
2
4
10
9
1
1
0
8
2
29
3
12
0
2
3
6
15
2
1
2
1
9
2
3
5
1
1
2
8
2
24
0
0
0
1
6
2
21
12
1
20
31
2
1
4
9
4
0
2
13
14
14
4
2
2
8
2
0
4
1
61
48
1
2
4
0
113
3
8
2
1
2
6
6
2
11
4
10
11
2
0
2
1
4
2
2
5
50
3
0
5
3
8
0
0
3
5
31
2
2
0
6
7
4
5
14
5
3
0
2
0
5
74
22
0
0
0
13
0
1
17
1
21
16
2
23
26
45
33
33
3
2
10
7
10
15
9
9
5
2
0
0
44
8
3
9
0
1
2
6
3
1
1
5
82
8
3
21
0
19
14
3
8
6
1
7
0
2
2
1
15
70
13
0
6
7
1
0
1
0
3
1
9
6
3
0
4
9
3
6
1
5
0
9
1
7
0
0
1
0
0
2
3
0
0
0
4
16
2
2
3
0
25
7
8
0
2
3
2
6
17
12
0
1
1
4
3
0
2
1
1
7
1
11
5
0
4
18
3
129
2
2
2
1
2
1
0
0
0
0
7
1
4
18
1
1
5
5
3
1
3
311
0
1
2
11
1
5
1
20
0
5
3
1
4
2
2
6
0
10
2
19
0
1
9
20
0
2
2
26
5
2
9
0
5
5
1
69
4
1
1
6
5
7
8
1
1
0
1
4
0
5
1
3
1
11
4
53
12
7
2
0
0
32
0
2
8
2
9
1
16
7
2
2
2
4
5
0
4
4
1
4
4
486
61
5
1
2
8
4
7
9
4
3
1
2
1
6
1
1
58
1
15
0
3
2
10
0
20
3
1
82
0
1
2
5
2
3
8
0
4
2
5
2
22
11
12
1
1
56
0
7
4
51
2
6
0
11
5
6
1
7
19
1
3
3
3
0
11
1
4
3
1
0
20
13
2
0
11
2
5
0
2
24
14
2
2
2
1
26
2
0
7
2
0
2
3
26
26
4
1
5
3
1
3
0
1
5
4
3
6
1
3
2
1
2
3
1
4
2
2
3
4
0
7
5
0
2
1
4
5
3
2
1
6
2
0
5
1
3
33
4
8
2
1
2
17
2
2
1
0
5
4
0
11
0
0
100
2
4
4
4
25
2
1
4
2
14
6
2
0
22
9
4
8
1
10
5
6
3
29
1
3
5
0
9
0
4
285
0
3
2
7
66
6
2
3
1
2
10
1
2
10
10
4
2
4
85
6
5
1
1
9
2
0
7
1
5
1
1
25
4
2
297
0
11
1
1
2
2
6
1
4
13
3
2
1
13
24
22
110
5
5
2
4
7
4
9
3
2
3
11
6
2
20
10
1
2
39
4
4
2
2
1
9
3
3
3
1
1
0
5
7
7
3
0
8
2
14
3
3
1
1
0
10
2
1
13
2
0
2
1
1
0
4
1
0
10
11
5
3
4
1
2
4
5
4
1
3
0
2
1
25
11
7
4
2
2
4
3
2
7
1
1
2
1
11
0
8
0
7
127
2
2
8
162
0
3
4
9
1
0
1
5
3
0
2
1
2
3
3
0
0
0
6
3
0
7
0
5
1
2
8
3
14
32
2
1
8
2
12
0
0
5
0
4
0
3
2
1
9
7
3
2
0
0
1
1
110
1
2
2
13
1
8
6
57
3
3
6
2
22
3
16
2
1
1
2
3
3
0
3
2
7
0
2
7
0
15
1
42
14
4
0
2
2
2
3
0
3
4
2
0
11
4
1
3
6
0
35
4
2
9
4
12
1
18
4
6
12
4
4
2
24
3
2
1
2
33
4
2
2
9
5
2
5
2
1
2
2
0
1
6
1
812
5
1
4
0
7
4
1
8
13
3
0
5
0
0
1
2
13
2
66
3
1
11
6
1
4
1
0
10
5
3
0
2
3
3
0
2
6
18
38
0
3
7
4
1
0
18
3
2
3
1
3
1
8
1
1
3
0
1
3
29
10
4
0
5
0
85
9
22
13
2
2
2
6
42
1
3
0
0
0
18
1
0
3
3
5
39
40
5
10
7
4
0
0
2
127
7
6
8
1
1
4
0
9
1
6
6
20
3
9
2
3
2
2
7
1
1
0
4
2
8
1
3
36
2
0
5
4
24
6
0
9
3
10
3
4
3
4
2
7
3
2
10
5
2
23
0
56
2
9
2
4
0
2
0
12
1
1
7
4
3
1
8
0
3
17
0
12
2
2
2
6
116
6
0
0
2
0
2
0
6
0
3
0
5
2
13
5
8
0
4
5
3
15
314
26
1
2
0
15
20
3
3
1
7
6
4
1
4
2
1
6
12
174
3
0
37
4
1
1
4
7
3
9
16
13
19
0
6
4
2
11
93
0
30
22
0
5
0
8
2
4
0
0
5
2
4
3
1
5
3
14
1
0
4
1
0
2
1
9
3
4
7
5
19
2
0
0
1
6
12
3
3
4
1
5
28
2
4
4
5
8
13
7
0
1
2
2
0
5
9
2
2
4
1
17
0
7
0
6
0
0
2
18
10
3
0
10
1
0
13
2
4
13
7
1
9
9
1
0
68
0
11
2
1
2
3
1
4
0
1
7
21
8
3
10
3
9
0
1
8
0
5
0
3
5
1
4
12
1
13
2
4
0
38
11
3
2
17
6
1
4
5
16
19
26
9
55
13
0
19
2
1
2
7
6
6
4
10
0
1
4
13
11
5
3
3
4
16
1
3
1
7
10
1
2
9
81
9
2
0
0
0
1
9
245
0
12
5
38
2
8
0
7
1
4
1
2
4
2
0
52
11
3
0
0
1
11
1
23
1
12
0
0
2012
3
4
5
1
1
1
1
4
0
3
0
1
8
46
1
0
2
1
4
8
5
1
0
5
14
11
1
28
4
3
10
4
8
10
57
4
15
1
8
1
2
1
23
2
0
2
1
0
0
2
1
3
0
2
33
0
1
6
3
19
9
2
13
17
1
6
5
1
2
0
3
8
4
3
9
0
5
14
5
5
2
3
0
4
1
0
313
2
3
4
5
0
4
4
1
1
4
59
0
6
0
3
8
0
17
1
5
182
1
11
0
1
7
0
0
2
0
9
66
4
1
5
0
2
3
1
3
5
0
4
0
1
9
30
5
1
4
3
2
0
9
2
0
2
6
3
10
1
0
1
0
0
1
0
3
7
1
0
9
3
8
1
3
4
4
3
11
10
14
5
1
2
1
4
1
7
8
0
3
4
8
3
5
0
2
3
99
5
0
4
1
1
3
0
22
8
0
1
1
214
0
1
5
4
4
5
4
2
5
5
0
0
2
2
0
0
5
2
1
10
7
0
5
269
9
1
6
1
18
2
3
0
14
5
2
15
7
1
2
3
1
6
3
6
9
1
7
0
0
6
4
55
2
0
12
6
3
13
0
0
4
3
2
1
2
3
1
1
2
0
2
1
11
9
1
1
0
3
3
3
5
2
0
3
1
3
1
4
4
7
0
69
11
0
9
4
6
5
4
0
0
6
12
8
3
8
2
10
1
10
1
10
0
3
3
1
4
12
28
11
0
4
4
7
0
2
77
3
2
2
2
12
20
0
5
1
17
2
5
2
3
39
0
16
6
0
5
2
11
3
2
0
4
5
153
0
2
9
1
10
3
5
2
12
0
67
3
3
0
1
1
5
3
4
0
5
28
1
3
1
6
5
12
9
0
72
9
6
2
2
1
2
36
3
1
0
1
0
4
6
0
3
5
0
0
7
8
2
4
5
9
21
4
5
1
4
3
7
10
1
1
1
1
1
4
3
1
2
0
17
2
1
13
4
2
8
5
1
4
7
4
5
6
3
1
13
1
6
6
0
1
19
8
18
0
8
1
0
2
2
1
2
2
1
5
1
11
5
1
2
4
15
4
5
1
0
0
2
0
3
2
0
3
4
2
1
65
9
2
2
2
15
12
0
43
4
29
1
5
3
4
1
5
4
1
1
0
1
1
5
8
0
2
0
354
2
3
5
2
6
3
1
2
2
2
0
3
4
12
4
20
2
4
0
2
1
2
37
5
5
3
4
0
48
0
1
4
0
2
6
3
289
7
41
1
5
1
0
0
1
2
3
2
3
11
1
2
0
4
0
9
9
5
1
13
6
14
1
7
20
0
3
11
8
3
7
1
0
12
1
2
12
2
2
0
1
0
2
0
4
0
3
2
4
14
8
4
1
2
20
13
0
1
10
1
4
1
2
1
1
2
1
5
1
9
3
0
1
1
0
5
4
3
15
4
0
4
9
2
2
10
0
112
1
1
1
172
3
7
0
0
4
5
1
1
5
0
16
1
0
2
13
0
2
12
1
9
0
38
5
6
2
0
3
2
3
5
2
2
6
4
6
3
3
2
33
7
1
6
2
1
17
39
7
4
4
1
8
1
11
2
6
3
6
3
2
4
1
9
5
12
7
9
42
4
1
0
1
3
1
12
1
4
1
0
1
2
71
6
4
1
1
0
0
1
8
1
4
1
7
4
5
1
2
4
0
1
0
3
4
5
0
2
2
6
1
1
2
24
5
7
1
8
9
1
2
5
7
17
2
0
1
1
13
9
6
3
2
3
4
1
3
5
3
2
3
0
13
1
3
18
10
2
2
3
2
1
1
4
16
0
2
2
19
3
3
5
7
13
43
3
8
567
1
0
1
1
5
31
0
1
5
2
5
3
6
7
40
4
2
4
8
14
4
0
2
15
0
9
5
9
5
0
5
5
0
13
7
9
3
1
10
1
62
5
7
0
7
13
0
4
0
1
1
0
3
5
1
34
1
1
0
8
3
6
2
2
6
2
4
1
3
3
0
2
3
21
9
2
34
1
0
0
3
1
53
4
8
4
19
0
5
1
2
4
376
2
7
16
9
5
3
9
11
37
3
0
3
5
1
27
7
5
6
2
9
3
2
3
1
4
0
5
0
1
165
7
69
7
10
5
0
3
10
3
17
0
0
6
10
1
2
3
7
7
4
0
2
2
7
6
5
75
11
10
2
2
1
2
1
1
11
21
3
0
0
0
0
1
2
2
8
5
5
1
4
0
35
3
1
2
2
6
0
2
3
6
2
1
10
2
5
0
39
3
1
8
71
3
7
5
12
2
96
0
220
4
4
46
3
13
6
3
1
0
10
0
1
0
3
1
2
0
14
0
5
3
2
3
6
21
1
1
7
0
4
4
5
1
3
0
3
1
0
8
24
3
3
3
1
9
4
6
1
4
2
24
2
0
17
2
4
0
0
7
19
1
1
6
1
2
3
29
1
2
3
4
5
1
2
1
13
2
3
0
1
2
14
0
1
0
19
0
8
11
1
129
6
13
6
1
1
0
3
0
0
1
3
3
2
0
2
3
1
4
4
1
4
1
2
2
0
4
14
2
6
13
1
3
2
4
35
0
4
2
6
0
5
0
1
4
108
8
29
2
1
0
10
2
4
2
0
5
3
1
11
0
3
3
0
9
0
9
10
2
7
9
1
3
9
1
4
2
3
2
6
2
3
13
3
1
3
0
1
0
0
3
1
5
9
3
1
3
10
3
2
11
9
7
330
2
7
1
7
2
1
1
4
10
4
1
7
3
2
3
1
4
2
3
6
5
21
2
0
4
4
3
30
6
4
13
9
9
2
4
1
2
7
1
0
2
0
1
2
0
1
2
0
5
2
1
0
1
1
5
0
5
2
11
4
51
2
2
3
3
0
4
0
2
2
1
8
0
16
1
0
6
5
5
0
3
34
13
3
0
9
2
3
0
1
7
37
19
3
1
1
16
0
54
3
4
9
8
28
7
2
12
2
4
5
4
2
3
2
4
69
0
1
2
2
5
1
0
2
4
1
0
55
2
0
3
7
2
6
0
17
2
3
7
0
3
1
5
2
3
1
5
10
0
5
2
42
4
5
5
9
3
4
0
1
3
2
2
7
3
6
14
9
3
1
12
5
3
15
11
6
11
1
1
5
15
0
5
1
1
5
15
1
8
4
5
0
1
3
5
4
0
8
2
10
2
1
1
6
1
6
4
23
0
7
2
0
7
2
25
3
2
77
5
2
8
4
0
6
0
2
1
4
4
6
4
5
1
1
1
5
1
4
1
9
0
0
2
34
1
6
4
3
6
8
0
5
1
32
0
3
0
1
2
2
1
1
3
13
1
0
4
6
0
51
18
0
12
6
3
40
1
0
1
4
47
2
2
9
1
1
0
2
29
1
6
1
1
1
5
20
4
14
4
14
2
1
1
2
1
6
2
6
12
2
0
2
1
107
3
11
11
4
30
6
4
1
3
888
2
37
1
2
1
3
18
6
4
5
2
1
33
2
22
1
2
4
19
2
0
0
2
3
3
1
2
7
0
1
2
2
7
0
14
50
3
5
3
3
17
7
0
5
0
5
18
2
10
4
6
49
4
3
5
2
7
0
5
0
4
4
3
1
2
8
10
2
1
4
6
5
2
2
0
1
28
2
3
7
3
2
2
20
1
0
1
29
4
4
3
1
0
0
1
1
8
10
5
0
3
24
1
2
1
5
5
0
4
5
0
2
3
1
1
0
3
9
2
3
1
7
3
4
7
10
12
41
39
0
2
3
3
0
1
4
4
2
10
1
1
2
0
2
25
3
0
5
6
1
8
5
3
2
2
3
3
2
5
0
3
4
0
7
21
3
12
3
0
12
5
3
3
8
6
6
2
2
1
3
1
0
4
0
4
6
3
7
0
17
10
2
11
3
20
4
0
2
2
0
0
11
1
9
3
8
1
6
0
25
0
3
11
9
11
60
16
2
3
17
3
3
9
207
2
7
2
26
2
8
1
10
6
0
7
25
4
0
6
11
1
24
1
6
1
2
13
23
3
1
1
34
2
5
0
19
11
5
0
2
8
0
0
0
8
4
3
0
2
0
7
3
7
1
7
0
0
3
5
1
1
3
7
7
11
4
1
0
1
49
2
3
1
1
3
10
16
7
2
1
3
8
4
22
4
1
4
0
3
1
0
1
2
3
5
4
7
3
5
5
1
9
8
9
0
4
20
8
0
9
4
5
8
0
0
0
5
16
8
0
4
1
7
6
0
1
2
2
0
17
1
0
13
5
3
0
9
1
17
5
2
3
4
2
4
2
6
0
3
9
0
6
20
5
6
4
7
0
2
11
1
7
1
0
3
4
2
3
11
2
61
7
4
4
6
5
8
1
1
7
2
1
2
2
2
4
6
20
13
1
4
1
0
4
4
1
0
2
3
0
5
2
0
14
0
3
7
6
2
0
0
1
0
6
1
2
1
1
2
0
2
6
0
1
53
0
4
21
66
0
3
42
6
1
5
2
1
2
14
28
1
9
54
1
0
12
0
2
6
5
15
0
6
7
2
7
0
12
7
6
1
2
4
2
1
2
11
2
5
3
1
14
12
4
66
12
1
4
10
6
6
455
2
0
4
1332
2
5
20
26
1
0
95
7
2
3
5
20
0
36
3
3
38
5
5
0
2
2
1
16
2
13
4
1
4
27
0
4
1
0
8
112
4
1
0
5
15
0
4
1
1
17
1
8
5
4
4
6
2
9
5
10
2
0
2
4
1
1
8
1
10
3
3
3
28
6
5
3
9
11
5
1
0
5
1
244
0
7
1
33
4
3
6
6
11
0
2
1
11
3
3
43
1
16
5
7
0
14
4
2
14
1
14
1
8
7
13
1
0
1
16
0
4
8
5
2
0
4
5
3
0
2
20
5
3
0
0
3
8
1
50
8
4
1
4
1
3
3
4
2
0
3
1
1
10
4
1
4
1
3
4
7
2
19
10
2
58
7
22
25
30
6
30
9
1
9
0
2
3
0
1
8
5
20
5
1
8
7
2
2
7
13
4
5
1
21
2
8
6
5
45
13
2
3
0
7
3
10
0
2
10
2
6
1
1
3
9
24
2
1
2
9
1
0
5
0
1
0
2
2
11
15
2
6
5
1
22
1
0
5
12
10
6
2
8
0
7
2
140
10
2
22
3
3
11
0
1
0
3
1
0
2
3
3
2
3
2
3
1
2
9
1
6
6
2
6
2
3
4
2
7
7
2
6
2
0
5
0
0
3
3
5
5
2
1
4
0
4
1
1
3
10
3
2
1
7
3
6
0
1
2
0
30
3
3
1
0
3
1
1
6
4
2
5
1
1
0
3
3
0
111
35
6
6
0
16
5
1
5
4
5
1
0
0
8
6
9
11
1
3
8
0
0
0
12
0
0
8
1
6
3
0
7
4
15
3
1
0
0
0
5
1
3
10
2
1
0
1
2
3
1
0
3
27
2
2
2
2
5
6
8
6
7
1
4
13
6
13
0
18
0
1
5
3
0
6
1
5
92
8
4
8
4
0
0
7
1
0
13
1
3
14
0
2
3
8
0
6
19
0
1
0
1
9
16
2
1
21
0
4
2
5
0
0
2
0
6
11
1
16
24
2
1
7
2
4
4
1
43
4
9
137
1
7
4
5
22
4
1
4
1
0
1
3
0
14
9
1
4
3
1
0
4
3
29
39
9
8
1
4
3
1
0
1
1
1
5
1
0
3
2
1
7
1
0
4
7
62
1
25
1
5
3
3
2
2
0
4
2
0
1
0
1
1
2
6
1
1
3
10
12
3
4
7
2
2
0
3
3
12
4
0
1
5
8
1
2
2
3
3
1
21
0
3
3
6
4
3
3
1
10
28
7
17
47
2
8
4
2
5
3
2
0
13
1
2
4
1
1
9
1
14
22
4
0
3
24
7
1
1
6
7
3
17
34
16
1
45
54
4
6
0
2
0
2
0
0
2
3
2
14
6
9
4
7
1
0
6
3
15
11
0
4
0
0
6
84
27
5
1
2
10
6
22
1
12
7
3
0
0
1
6
59
0
1
4
9
16
4
27
1043
1
48
6
31
1
8
20
0
0
0
271
3
3
176
25
1
7
0
3
1
0
10
0
2
1
5
11
3
21
7
1
2
5
4
2
1
5
3
1
1
83
3
7
44
11
7
355
11
25
2
2
4
12
1
5
2
4
4
16
15
2
2
6
0
2
5
10
7
0
0
3
27
2
8
1
0
14
13
3
1
0
0
0
16
3
7
3
6
8
0
19
14
7
2
3
5
6
1
2
18
0
3
0
3
0
2
483
0
16
1
1
0
10
1
1
12
1
2
1
0
1
3
10
3
11
1
7
31
4
2
31
2
6
97
9
1
13
4
5
1
40
0
3
25
0
9
4
2
6
0
4
5
7
18
1
4
3
7
8
1
5
23
0
10
3
31
2
8
2
1
0
2
7
6
4
0
21
0
11
9
1
5
4
6
1
3
3
0
7
0
3
1
8
3
0
7
1
4
41
5
7
15
0
6
4
4
0
92
10
8
0
0
2
3
3
4
1
0
12
7
8
2
5
1
6
12
17
1
3
35
4
5
3
2
1
1
7
13
15
1
2
5
2
2
3
0
8
4
14
2
527
1
2
2
58
0
11
21
3
2
14
3
4
0
2
2
6
11
3
2
5
0
1
0
0
6
0
3
1
5
1
2
2
0
0
5
1
6
0
6
0
5
1
1
0
0
2
5
3
4
3
0
9
1
1
4
99
2
1
5
6
9
7
77
2
2
1
0
0
2
4
4
73
17
255
55
0
6
1
4
1
1
1
2
11
0
1
3
0
39
4
1
1
1
2
0
2
1
0
1
6
6
89
2
413
0
5
0
3
5
0
9
5
18
1
5
0
10
2
5
3
5
0
2
5
28
3
6
0
1
2
5
1
61
20
5
0
3
12
3
3
11
0
18
3
28
1
3
3
16
16
6
2
1
4
2
0
5
2
5
0
3
4
0
1
2
3
7
0
14
1
2
0
10
4
9
4
5
2
0
4
18
6
1
9
3
3
4
98
2
2
1
5
29
28
9
2
0
0
1
3
3
6
1
9
3
4
2
2
6
1
4
4
7
30
14
18
1
2
8
5
1
6
6
0
0
14
0
7
7
17
7
2
0
191
5
16
21
14
3
5
26
3
14
1
3
4
2
19
13
3
1
2
0
3
0
1
1
9
0
2
0
2
3
1
0
3
5
2
1
6
3
8
3
1
1
1
0
2
60
9
2
1
6
1
7
10
4
1
3
1
2
0
2
19
0
0
3
1
3
0
117
5
2
8
6
13
2
32
8
4
4
1
1
3
3
5
2
1
0
0
7
5
2
1
0
2
8
2
1
1
2
10
8
1
5
2
3
26
2
1
1
5
2
2
1
14
1
2
3
0
6
5
3
6
10
26
2
3
1
2
8
0
0
3
2
2
2
1
2
4
2
1
1
12
2
1
4
10
12
2
2
4
13
7
9
1419
2
1
3
2
0
2
21
0
0
6
1
2
10
1
11
1
5
2
2
4
1
4
2
3
4
1
1
6
1
2
1
3
5
17
1
8
13
1
2
8
1
1
1
53
6
3
35
2
5
4
1
6
1
3
1
2
3
0
3
16
1
5
2
1
17
6
1
4
1
0
19
4
8
0
2
3
0
2
2
1
3
4
2
1
10
0
4
3
2
6
1
1
1
1
1
6
6
4
0
3
7
1
7
3
5
0
1
18
2
144
9
3
9
4
6
0
20
3
4
5
1
5
5
1
4
1
1
11
4
1
7
0
4
2
4
8
8
1
1
1
15
3
3
0
7
7
0
14
34
0
8
9
2
12
7
29
2
2
6
3
4
8
3
4
2
6
4
2
3
20
7
10
1
0
2
21
2
3
3
2
3
7
8
3
4
12
0
19
1
17
1
3
2
3
2
3
0
2
5
70
1
2
10
24
46
5
4
6
1
0
8
0
1
3
2
2
2
11
0
3
3
1
0
1
5
2
5
54
6
5
0
1
8
25
0
2
12
2
7
2
1
33
14
1
1
2
0
4
1
3
5
16
0
9
1
8
8
3
6
0
9
13
2
1
3
6
3
5
1
1
1
1
5
4
2
3
1
0
1
6
2
0
1
4
8
4
4
4
11
4
2
4
4
4
3
4
7
5
5
9
14
4
1
3
1
23
2
0
0
9
7
3
1
1
3
1
3
1
0
2
2
5
0
0
3
2
1
5
2
0
9
5
2
109
3
2
7
3
15
2
4
4
2
0
0
5
7
2
6
43
3
0
6
17
15
0
32
1
1
8
0
1
3
3
9
2
17
0
0
3
10
2
5
15
9
0
0
0
3
1
7
2
4
131
6
0
11
3
8
0
6
2
4
6
0
2
0
0
10
0
6
12
1
16
6
10
0
7
5
2
1
1
2
0
6
2
2
3
1
1
3
2
47
4
4
2
2
1
2
1
29
5186
0
26
0
1
3
0
5
4
10
2
8
0
32
6
1
0
4
1
2
3
6
1
8
0
2
3
0
2
0
3
6
3
4
2
3
5
1
7
5
0
2
5
1
51
2
2
1
0
3
3
28
6
4
0
0
0
6
2
44
0
3
1
12
2
9365
1
1
8
18
20
12
0
1
3
4
1
2
4
3
4
0
3
0
55
2
2
3
0
1
5
0
22
3
3
5
116
2
1
15
8
1
2
0
0
0
0
0
1
7
24
2
1
1
2
1
0
4
3
5
17
1
6
2
2
8
1
97
2
3
1
9
12
1
36
1
5
0
3
3
2
42
9
2
24
8
6
1
2
2
3
17
5
1
4
1
49
13
0
3
14
2
2
1
0
3
0
3
7
0
2
0
8
10
1
1
79
0
4
7
32
27
10
1
7
0
9
1
1
10
8
4
4
2
0
7
2
9
1
5
0
5
2
1
0
4
1
5
1
5
2
2
5
1
3
18
4
1
6
8
22
2
2
5
0
0
2
2
28
3
13
3
12
2
1
13
4
2
3
7
0
4
3
5
5
10
9
9
0
6
3
11
7
11
9
1
6
1
3
9
0
1
1
14
1
5
0
2
0
2
4
1
1
8
2
0
1
7
0
0
0
3
23
0
0
0
5
20
17
3
2
1
3
6
1
9
4
0
18
0
3
8
0
41
36
0
5
17
4
9
2
0
6
0
1
1
5
2
15
1
1
6
0
2
1
2
3
20
4
4
0
3
4
7
0
10
2
0
7
5
14
1
55
11
2
7
9
2
8
3
0
11
13
6
1
5
0
8
0
1
1
23
3
5
6
0
1
1
5
6
5
1
2
2
4
10
7
5
1
3
3
3
3
0
2
2
9
1
1
7
8
1
15
0
0
5
2
2
3
8
3
3
2
0
10
1
0
0
9
11
3
0
1
7
8
5
164
1
2
3
7
31
16
8
5
4
0
3
3
0
2
1
0
2
3
3
1
0
5
172
0
29
7
3
4
0
2
2
7
7
2
1
3
6
5
19
0
0
486
2
8
4
3
0
9
2
2
4
2
9
4
4
14
9
2
1
2
0
3
1
3
4
0
2
3
21
15
2
4
1
9
5
147
3
6
1
6
0
1
8
17
2
2
2
1
2
1
1
2
7
1
8
4
7
16
33
20
0
2
17
5
3
7
0
1
6
10
6
1
6
2
0
74
2
22
1
1
4
58
6
0
3
5
11
4
24
5
33
0
2
4
2
4
8
7
1
3
6
2
7
3
2
4
16
13
2
13
0
2
1
9
4
15
5
10
2
1
22
3
1
7
2
3
0
21
4
4
9
1
2
0
2
13
8
3
3
2
1
169
11
3
4
30
1
13
6
2
2
0
3
6
1
0
3
1
2
2
0
2
4
2
0
1
3
4
0
3
0
4
8
5
1
2
2
23
3
2
1
8
4
2
7
0
0
4
0
0
11
6
13
1
1
200
1
19
12
2
24
2
0
0
1
7
20
9
4
0
7
5
1
15
2
3
1
1
0
17
1
8
4
5
3
0
9
2
14
4
3
11
9
9
1
2
0
0
0
2
4
1
3
1
17
7
3
15
5
0
15
0
4
6
7
8
2
17
11
20
1
1
1
2
2
0
22
1
2
11
1
1
3
6
0
1
1
16
2
0
1
3
3
3
23
10
11
0
0
8
0
6
6
0
13
4
8
9
8
2
30
13
1
3
21
5
1
1
5
3
3
1
0
4
0
1
1
4
46
3
3
4
0
2
4
2
0
17
0
1
0
15
6
6
7
16
7
5
313
2
5
3
14
26
1
0
53
9
6
0
9
4
9
3
8
6
3
5
6
6
29
1
0
6
3
1
1
2
2
445
5
2
1
3
2
2
1
4
7
2
4
7
1
2
7
1
2
1
0
3
0
22
3
1
4
1
21
2
3
2
5
1
8
2
1
1
4
4
2
7
1
6
3
28
0
4
3
1
4
3
0
3
0
7
7
1
13
1
1
1
3
1
3
10
4
3
1
2
3
0
2
5
1
29
26
0
9
1
5
3
0
9
5
2
2
3
4
4
9
11
28
0
0
18
3
1
8
1
2
3
8
1
18
3
1
9
2
1
40
0
13
0
5
0
7
4
1
1
0
12
18
3
5
8
11
1
2
4
3
13
2
0
2
6
10
1
3
3
0
4
3
0
2
3
9
0
7
4
13
5
4
8
6
1
2
9
1
9
55
6
0
1
2
2
8
1
5
180
3
5
3
2
2
2
0
17
0
0
188
3
1
5
2
5
0
17
34
1
12
7
5
84
5
17
2
8
1
0
24
0
3
63
3
0
4
3
13
2
2
0
30
2
1
5
2
4
3
1
18
0
5
1
6
0
0
10
4
3
2
5
0
0
17
9
3
2
4
4
1
16
3
2
2
1
2
0
4
12
22
25
4
0
1
6
0
2
4
2
1
20
1
1
2
14
3
7
13
2
1
1
16
0
6
5
2
0
3
5
3
7
1
4
3
1
0
0
8
1
22
5
0
10
24
3
2
2
4
6
8
2
17
7
0
22
11
13
2
3
1
9
6
2
4
0
9
3
9
1
1
3
1
4
31
37
2
18
8
3
1
2
0
8
3
1
1
1
2
1
6
1
1
2
4
1
14
3
10
2
2
1
3
5
55
5
1
17
5
3
33
2
2
1
3
2
3
1
4
0
24
37
3
8
1
5
7
4
0
0
23
3
3
1
6
1
3
7
0
1
1
3
0
4
6
3
7
0
0
14
11
0
5
2
9
3
15
11
35
2
9
2
5
32
6
1
5
1
10
38
2
1
0
2
3
4
3
4
1
0
4
0
7
2
3
142
1
11
0
2
12
7
3
1
0
1
0
9
4
4
5
5
3
10
2
3
4
2
4
4
3
1
5
7
6
3
3
8
5
59
0
1
2
5
6
0
4
3
4
0
0
4
4
3
3
3
1
11
10
5
9
1
1
3
8
1
0
8
1
0
8
6
2
3
0
1
0
35
1
1
1
2
8
6
3
126
0
0
9
2
91
15
5
0
6
2
10
3
20
1
5
16
2
10
114
6
2
4
4
2
3
6
2
0
0
6
4
1
3
8
5
8
1
13
14
17
5
2
68
10
7
5
10
4
1
0
1
47
0
9
0
4
2
9
2
13
94
1
2
3
0
2
35
1
1
4
1
7
3
3
22
2
0
7
1
21
1
23
16
2
0
3
5
3
2
4
3
17
9
2
0
7
5
8
4
13
13
11
1
1
0
3
0
1
2
0
3
45
18
0
29
11
18
3
1
2381
2
0
34
24
10
13
1
6
7
1
19
1
8
2
7
6
7
2
3
8
2
7
16
3
1
0
2
3
0
2
5
7
1
5
4
0
0
15
12
4
22
7
3
5
4
2
0
12
1
0
3
2
0
3
401
0
3
2
0
7
6
2
17
6
22
18
5
9
3
0
31
11
6
2
1
0
0
240
6
3
4
3
5
2
3
1
9
7
3
1
1
6
1
1
3
1
9
32
5
5
6
7
4
283
8
8
2
3
2
1
5
2
9
92
6
3
1
2
0
7
0
4
1
12
1
54
0
17
10
0
8
5
3
1
0
1
4
17
0
0
1
1
11
1
1
2
18
4
22
1
5
29
0
1
4
7
5
11
13
2
2
16
1
1
3
2
5
1
18
1
7
1
1
9
61
18
4
8
1
3
0
2
2
5
2
1
2
3
0
5
4
3
2
1
3
11
1
0
4
0
3
15
5
1
8
10
4
0
1
10
15
1
23
0
6
2
5
11
0
0
5
5
8
2
3
1
3
2
1
0
20
3
2
4
13
5
0
3
0
20
5
13
3
12
0
2
2
10
29
3
0
5
37
1
5
1
4
0
2
2
133
0
7
1
11
1
40
3
3
6
6
1
3
0
5
1
2
7
13
3
1
1
2
18
12
2
0
0
3
9
2
2
1
48
1
1
25
1
1
17
0
1
6
9
0
2
2
5
46
23
0
4
2
5
4
0
1
4
0
2
1
2
4
1
3
7
3
5
16
2
2
0
1
2
2
7
39
0
2
9
19
3
2
8
2
1
0
4
1
1
1
0
3
0
2
1
3
0
18
0
6
5
72
0
3
0
2
1
4
4
7
7
2
3
7
3
15
6
2
1
5
15
10
1
1
5
5
6
4
1
0
3
45
0
2
0
76
0
19
3
2
7
262
0
26
1
11
34
1
3
2
15
2
4
4
3
2
0
3
10
1
0
10
0
3
7
8
8
12
2
11
3
1
19
14
9
4
0
1
0
2
4
1
1
28
3
3
3
1
6
1
7
2
5
5
10
47
0
12
2
31
0
0
0
4
1
4
1
7
5
1
3
3
2
7
2
34
3
5
2
0
3
10
2
9
2
2
1
5
1
6
1
0
8
12
9
10
25
5
1
1
3
5
6
0
1
6
3
1
8
8
6
6
5
8
2
1
3
0
2
4
2
2
3
2
0
0
36
1
5
4
6
6
0
15
0
0
1
1
0
3
0
1
1
0
4
3
1
6
1
5
2
1
9
11
5
2
14
5
3
3
7
6
0
5
1
3
0
3
11
8
0
4
1
20
2
0
12
2
87
4
1
5
0
7
3
2
3
2
1
3
5
1
3
9
1
3
3
1
0
1
3
6
1
3
10
1
3
2
6
0
2
2
1
1
14
0
8
26
1
0
7
8
7
0
11
0
5
5
2
4
12
12
4
2
6
1
6
2
9
2
0
0
1
33
3
46
2
6
2
2
5
1
1
2
1
4
0
5
1
1
2
6
4
16
1
3
0
2
1
1
0
2
3
6
2
4
0
3
2
1
27
3
3
78
23
2
5
4
1
5
6
15
5
2
1
1
19
2
2
8
1
0
2
0
10
5
3
2
11
1
11
0
6
4
0
2
4
0
5
4
36
0
1
8
23
7
4
16
0
2
1
1
3
2
2
3
1
1
1
1
6
0
0
39
0
6
1
41
1
4
6
32
0
5
9
6
9
10
5
2
2
4
3
4
3
16
2
8
7
17
45
3
14
4
0
4
8
1
3
0
10
1
5
21
3
13
0
5
689
0
7
6
1
0
1
0
4
3
5
2
7
3
5
5
12
2
1
0
1
2
11
13
9
7
1
7
1
0
1
8
10
16
36
2
1
11
1
3
3
1
5
3
5
1
3
5
4
0
61
1
5
3
1
3
22
5
24
0
1
4
5
2
2
0
1
1
0
1
1
10
3
12
0
4
0
3
1
3
0
1
0
3
1
1
31
4
12
3
6
14
0
0
3
7
2
0
1
23
0
4
1
3
12
0
3
0
120
2
4
1
5
5
0
1
552
12
1
10
7
5
2
9
0
12
4
57
1
11
11
0
1
0
0
0
2
12
4
74
2
1
2
6
3
4
2
139
2
14
16
2
3
2
4
14
2
2
2
2
0
1
0
1
2
27
4
2
4
8
2
5
0
1
4
11
3
8
3
3
4
89
0
3
3
1
4
4
2
5
19
9
2
6
1
0
9
3
9
2
1
5
1
20
4
8
155
1
1
0
8
0
3
1
0
2
2
18
6
7
2
4
0
40
25
8
2
2
9
1
0
0
14
6
2
15
0
0
2
9
4
1
37
2
1
15
0
15
2
9
2
3
0
3
7
1
3
1
7
12
4
0
0
7
8
5
2
0
13
7
6
3
0
85
11
8
7
4
0
3
862
1
3
4
5
34
6
6
0
2
6
5
3
5
2
2
9
1
2
12
0
7
2
3
0
7
11
1
13
5
2
3
1
15
7
10
1
13
60
31
1
0
6
6
1
7
2
1
5
7
4
1
0
2
5
3
2
1
3
1
8
1
3
4
19
10
0
2
4
12
5
5
5
0
3
2
0
1
2
13
7
9
3
10
70
2
1
0
0
9
1
3
7
4
12
4
1
8
18
1
4
1
0
1
2
16
6
8
3
11
4
0
2
9
2
1
12
7
2
2
8
9
4
8
0
13
0
5
31
4
3
29
2
20
0
3
2
1
3
1
10
7
3
0
1
1
7
2
3
38
4
22
50
6
0
5
2
2
10
1
3
5
2
8
2
4
15
0
12
26
1
2
6
1
5
5
1
1
0
3
1
6
0
3
2
1
7
7
6
7
4
5
16
6
7
0
9
4
0
66
6
0
0
0
3
1
2
285
94
4
8
0
1
2
13
6
2
20
5
6
3
2
4
8
5
2
93
6
2
10
1
8
0
3
6
4
20
2
5
5
0
9
3
21
1
1
2
7
0
21
0
2
1
3
0
0
21
12
2
4
13
1
10
18
2
1
3
1
2
2
10
2
22
40
5
6
0
1
4
3
77
0
3
3
5
5
2
12
3
4
0
4
4
4
0
1
15
1
2
2
8
0
0
5
0
5
12
4
7
5
23
32
2
3
5
2
2
1
4
2
12
2
0
2
13
2
0
4
21
10
5
0
2
14
12
0
1
5
3
6
29
4
1
0
3
9
5
10
3
2
3
1
2
3
1
10
2
18
0
18
1
13
0
28
10
1
2
4
2
5
36
0
0
12
3
5
0
4
5
3
3
6
1
0
2
4
3
25
7
3
0
14
27
3
2
12
4
6
63
142
0
10
8
2
0
16
1
11
6
1
0
0
1
2
3
2
4
8
236
0
2
2
2
29
41
1
2
6
4
33
2
4
3
0
2
1
0
3
1
13
19
0
635
6
1
3
3
3
20
2
8
1
4
2
1
4
2
0
0
7
24
2
5
6
2
1
2
3
50
4
313
8
20
4
0
0
0
10
189
0
6
0
0
12
5
0
8
1
0
0
5
19
3
8
8
27
4
2
1
2
1
1
5
0
3
4
10
0
1
3
9
2
6
3
8
0
10
0
4
9
1
4
8
8
1
10
6
6
4
3
3
2
5
3
7
3
30
3
7
0
2
2
3
2
23
2
2
1
2
9
0
3
5
6
5
3
17
2
1
1
5
3
0
4
6
11
22
1
0
7
7
2
0
8
2
3
2
140
3
2
9
1
8
1
1
0
70
2
5
3
19
1
9
3
5
5
7
1
6
4
4
2
2
13
1
2
17
10
12
10
4
4
1
2
1
9
2
46
1
0
3
2
