2
8
6
1
16
0
2
1
5
6
1
6
0
1
26
2
1
1
3
6
8
15
4
2
3
7
4
10
7
9
3
7
45
432
4
25
4
3
11
20
8
6
12
6
165
6
37
0
44
3
7
0
10
15
8
4
46
2
3
9
0
5
4
34
38
2
4
10
7
3
26
5
3
33
13
5
5
1
3
2
2
6
2
4
2
3
5
1
3
12
10
40
19
28
1
0
10
3
2
45
15
13
1
4
6
2
12
1
9
3
5
48
25
13
55
13
8
19
32
9
5
4
2
18
1
13
1
3
2
5
28
24
29
35
4
5
3
4
1
12
10
8
15
2
3
33
5
0
6
14
4
1
16
2
92
6
3
63
11
4
9
5
3
3
1
6
22
8
11
1
16
13
0
7
2
5
10
2
16
3
6
3
0
4
31
2
10
4
13
4
4
12
16
3
3
1
11
3
4
1392
2
3
17
1
2
8
8
3
12
4
18
5
3
8
12
10
1
2
4
0
3
24
11
49
4
4
45
7
3
15
5
8
12
5
5
17
4
10
3
10
2
19
3
3
13
16
7
3
2
1
1
1
40
2
7
19
2
14
82
2
8
4
4
7
2
6
4
5
1
7
56
4
0
3
12
4
4
6
0
8
9
5
15
2
1
12
9
4
42
8
109
2
2
3
5
5
1
4
5
8
8
9
1
3
1
5
13
2
4
5
2
28
2
6
4
10
4
1
4
2
0
19
5
8
2
1
26
49
4
27
2
3
9
20
2
3
9
5
6
23
6
12
9
22
0
0
0
4
8
3
6
53
2
4
57
0
10
1
26
4
0
126
3
0
37
27
5
0
17
2
8
17
0
3
3
1
16
6
0
4
0
11
0
10
3
3
5
6
3
47
7
8
0
5
0
0
4
0
10
12
2
35
8
8
17
2
2
3
2
1
18
4
1
1
9
2
8
82
7
3
1
3
0
18
2
17
1
5
156
2
2
1
3
12
6
52
18
4
2
44
7
11
2
24
0
2
8
89
17
17
2
18
1
15
14
0
9
1
153
0
2
8
9
0
77
16
4
1
2
12
46
2
88
3
2
2
24
0
2
1
402
2
286
0
13
1
2
6
5
2
5
7
1
15
6
7
5
2
17
2
2
8
6
1
16
0
2
1
5
6
1
6
0
1
26
2
1
1
3
6
8
15
4
2
3
7
4
10
7
9
3
7
45
432
4
25
4
3
11
20
8
6
12
6
165
6
37
0
44
3
7
0
10
15
8
4
46
2
3
9
0
5
4
34
38
2
4
10
7
3
26
5
3
33
13
5
5
1
3
2
2
6
2
4
2
3
5
1
3
12
10
40
19
28
1
0
10
3
2
45
15
13
1
4
6
2
12
1
9
3
5
48
25
13
55
13
8
19
32
9
5
4
2
18
1
13
1
3
2
5
28
24
29
35
4
5
3
4
1
12
10
8
15
2
3
33
5
0
6
14
4
1
16
2
92
6
3
63
11
4
9
5
3
3
1
6
22
8
11
1
16
13
0
7
2
5
10
2
16
3
6
3
0
4
31
2
10
4
13
4
4
12
16
3
3
1
11
3
4
1392
2
3
17
1
2
8
8
3
12
4
18
5
3
8
12
10
1
2
4
0
3
24
11
49
4
4
45
7
3
15
5
8
12
5
5
17
4
10
3
10
2
19
3
3
13
16
7
3
2
1
1
1
40
2
7
19
2
14
82
2
8
4
4
7
2
6
4
5
1
7
56
4
0
3
12
4
4
6
0
8
9
5
15
2
1
12
9
4
42
8
109
2
2
3
5
5
1
4
5
8
8
9
1
3
1
5
13
2
4
5
2
28
2
6
4
10
4
1
4
2
0
19
5
8
2
1
26
49
4
27
2
3
9
20
2
3
9
5
6
23
6
12
9
22
0
0
0
4
8
3
6
53
2
4
57
0
10
1
26
4
0
126
3
0
37
27
5
0
17
2
8
17
0
3
3
1
16
6
0
4
0
11
0
10
3
3
5
6
3
47
7
8
0
5
0
0
4
0
10
12
2
35
8
8
17
2
2
3
2
1
18
4
1
1
9
2
8
82
7
3
1
3
0
18
2
17
1
5
156
2
2
1
3
12
6
52
18
4
2
44
7
11
2
24
0
2
8
89
17
17
2
18
1
15
14
0
9
1
153
0
2
8
9
0
77
16
4
1
2
12
46
2
88
3
2
2
24
0
2
1
402
2
286
0
13
1
2
6
5
2
5
7
1
15
6
7
5
2
17
2
1
2
2
0
49
6
8
10
42
0
6
6
40
6
3
3
4
10
3
0
25
3
1
53
5
22
80
82
10
5
5
11
0
14
6
9
2
1
2
4
3
6
6
3
10
10
32
6
11
5
4
5
0
7
4
4
7
6
0
2
3
8
2
8
4
0
22
3
13
26
10
16
3
0
3
15
4
10
3
10
1
2
8
7
9
10
36
9
14
18
0
24
4
8
3
3
5
4
2
20
4
8
4
8
0
7
21
14
81
0
6
2
2
3
2
3
15
1
4
3
217
6
11
9
6
0
2
33
5
4
5
17
4
1
3
1
0
76
19
15
1
5
10
2
10
1
6
0
5
0
17
7
8
4
16
3
7
8
12
1
7
6
6
13
1
6
3
25
6
4
3
3
100
16
2
3
8
6
23
21
3
9
21
5
5
5
13
9
5
146
6
1
13
6
3
2
5
37
2
4
4
7
6
33
1
0
1
6
9
27
9
6
19
3
8
2
2
5
0
12
8
4
10
9
3
1
0
12
0
2
6
1
20
20
5
2
0
38
43
1
12
0
8
6
19
12
14
5
17
3
3
2
6
8
2
101
5
0
2
9
30
10
3
5
12
7
1
13
0
2
12
6
2
4
6
2
2
14
2
19
5
11
53
3
142
6
2
7
16
20
7
0
2
0
3
8
12
1
14
18
14
1
13
5
4
47
36
0
2
4
0
8
44
13
15
2
30
2
146
161
8
6
10
3
7
1
0
1
2
2
5
5
4
22
4
4
33
2
4
4
1
1
2
22
27
21
1
308
63
1
28
3
1
2
38
5
9
12
19
2
4
4
8
1
4
5
6
4
5
9
57
5
9
5
5
4
8
4
5
7
4
4
3
9
2
2
2
10
2
5
93
3
12
29
3
0
6
5
10
4
11
1
3
48
2
6
8
13
6
2
9
8
0
15
2
1
1
9
5
2
22
6
1
1
0
23
29
2
1
9
1
4
258
1
3
2
8
1
3
8
2
34
46
39
24
25
19
12
2
6
17
2
1
7
2
3
1
1
13
5
1
6
7
3
3
4
25
1
3
0
11
67
7
9
5
12
41
4
1
27
6
5
32
131
0
7
1
6
2
2
2
44
7
1
20
12
2
12
17
5
21
4
1
30
1
4
11
23
1
11
6
5
2
5
7
1
7
1
5
6
3
25
2
5
0
2
1
4
2
7
2
4
1
69
17
13
6
12
4
6
5
8
6
3
5
0
40
7
7
19
8
34
3
3
13
6
21
9
5
10
14
2
0
4
5
40
4
22
6
18
9
102
2
7990
4
6
2
1
1
6
56
0
4
8
4
5
6
6
12
5
3
9
6
10
1
13
25
0
1
1
10
8
4
2
9
1
3
2
5
18
7
7
11
1
9
185
821
6
3
2
15
34
22
7
1
3
9
3
12
4
6
29
7
5
2
0
12
11
101
7
8
11
6
0
1
4
0
4
18
4
2
27
4
7
4
2
13
1
2
5
3
12
81
9
1
2
8
3
4
5
9
3
1
4
12
4
12
12
4
2
15
3
4
10
29
14
4
4
13
14
2
1
0
7
6
4
1
8
150
2
10
73
21
4
5
27
2
4
1
2
10
6
61
78
5
4
1
5
26
8
9
32
7
3
5
1
1
7
0
7
71
18
5
12
1
1
5
3
2
13
6
5
2
6
9
5
0
1
21
0
5
2
1
96
2
3
2
2
7
3
5
3
4
21
47
1
6
44
24
4
2
3
814
4
13
2
8
1
2
1
1
3
7
3
48
4
10
3
1
73
4
2
104
5
1
2
37
23
5
5
2
4
3
2
5
4
1
7
1
3
5
12
6
1
15
0
20
9
0
1
10
14
5
25
3
5
8
9
4
10
5
0
2
7
8
39
10
1
18
11
26
6
3
2
1
23
6
7
3
14
6
0
1
2
1
17
16
5
6
5
0
2
1
4
9
10
4
19
3
6
2
14
14
4
3
4
9
2
4
15
0
5
5
5
1
3
9
3
5
0
8
11
2
4
13
14
8
9
3
24
22
35
4
4
1
3
0
0
4
8
0
11
11
856
20
26
5
12
0
7
5
6
1
0
6
5
1
3
65
5
7
4
5
1
1
247
3
0
0
21
11
3
1
4
15
0
9
3
8
2
34
15
32
4
2
13
5
2
5
1
1
3
0
6
18
0
0
3
13
5
7
9
5
4
1
4
10
1
6
1
2
0
0
0
14
5
4
5
8
4
5
1
51
8
3
0
1
6
0
3
3
2
6
2
91
10
3
19
23
4
4
5
12
12
91
56
1
4
7
4
10
41
1
28
17
2
1
47
3
11
28
5
2
4
7
1
3
4
96
16
2
2
8
0
11
9
4
2
24
6
5
4
5
3
14
26
0
4
4
6
9
11
1
1
10
13
4
7
14
3
3
2
4
2
8
2
0
2
0
6
0
2
1
11
0
14
18
6
19
18
12
1
3
22
16
9
7
4
0
1
4
7
18
3
5
0
6
2
1
12
11
9
1
2
0
74
4
2
6
9
31
1
11
36
6
8
4
4
49
0
5
10
2
22
7
0
4
1
4
9
132
5
862
5
8
5
1
7
9
16
10
5
8
5
5
1
8
11
3
1
1
0
0
9
24
32
9
25
4
6
2
3
4
10
4
18
6
28
1
14
5
12
47
9
4
4
11
61
2
1
3
4
3
2
1
1
7
0
8
0
15
3
1
0
3
3
1
3
7
1
18
4
2
7
0
1
1
6
1
22
2
6
10
12
3
2
4
0
21
4
8
22
2
4
13
0
5
16
2
2
9
4
9
0
2
5
6
15
7
3
10
10
86
3
1
28
4
2
7
3
6
5
5
7
7
1
4
3
4
35
67
4
2
8
7
4
5
23
11
21
0
0
21
7
3
13
1
3
13
4
3
5
1
17
2
3
19
9
0
2
0
7
3
215
24
4
5
382
1
10
2
7
6
3
23
2
80
19
7
28
0
0
1
0
4
1
6
1
57
4
2
3
3
20
2
1
4
4
5
39
2
16
2
5
5
4
0
13
4
12
8
0
96
0
2
3
1
13
4
3
8
10
2
5
3
64
19
1
3
13
4
23
1
0
3
1
3
4
90
1
32
0
4
74
1
7
14
5
0
3
4
6
1
1
6
2
0
6
27
1
6
3
98
2
0
0
6
6
23
0
12
35
3
7
36
9
6
17
5
44
5
30
117
31
22
1
2
0
10
0
35
19
5
7
2
4
2
3
6
10
8
7
12
7
1
1
26
15
8
3
11
6
4
0
2
7
3
1
6
10
1
1
0
4
4
9
5
0
6
2
9
0
6
2
3
3
11
6
8
6
29
8
2
7
2
6
0
7
10
0
4
0
0
205
3
3
2
23
9
4
56
4
1
9
13
8
8
12
1
14
18
4
14
5
6
1
10
5
2
2
0
0
2
3
9
10
1
2
10
7
5
3
12
15
4
25
3
3
4
7
23
3
2
6
2
2
2
2
2
4
9
1
3
1
44
3
1
0
2
184
15
41
1
20
4
5
4
1
2
2
6
2
3
7
10
10
12
1
26
7
3
3
12
2
16
3
0
1
7
4
2
50
4
5
9
3
3
4
69
22
7
2
7
2
6
4
7
10
87
15
0
8
3
3
8
2
6
6
5
4
7
4
6
2
1
3
42
10
4
2
7
19
6
21
4
2
1
14
0
6
7
14
8
7
17
1
18
1
3
1
3
0
22
3
34
2
6
52
4
15
1
4
4
38
10
6
4
6
7
7
3
6
3
5
60
3
3
7
4
1
5
8
8
14
5
4
2
15
5
10
2
0
4
20
4
7
52
3
3
13
0
2
11
3
0
4
7
146
6
2
22
11
4
21
13
0
3
4
119
3
120
6
1
1
8
8
5
6
13
11
2
28
13
9
4
0
184
9
15
1
4
49
3
3
5
8
1
3
4
1
2
1
2
4
4
2
2
1530
0
4
3
6
52
2
10
1
0
2
0
3
2
0
8
6
7
5
3
37
11
3
5
1
1
5
6
1746
29
161
8
26
7
84
1
0
2
2
18
2
4
1
4
12
29
6
32
15
8
3
19
0
1
8
6
4
7
4
6
3
2
4
7
3
13
7
19
2
10
49
0
7
4
7
3
7
144
7
2
3
1
1
5
2
1
5
25
3
5
1
0
1
16
92
26
1
5
0
1
16
2
1
14
3
17
3
30
5
16
2
0
8
1
5
1
0
8
1
9
2
4
0
4
6
8
3
2
38
17
1
5
6
30
3
9
0
6
20
6
3
26
17
12
4
17
4
2
6
18
1
3
11
0
274
2
2
6
4
6
3
0
259
8
6
5
0
4
7
5
3
2
5
1
1
3
24
0
1
6
14
3
1
3
4
2
3
0
6
9
5
90
27
7
8
15
16
43
4
29
1
30
9
16
4
6
7
83
1
0
1
2
0
2
5
14
10
7
9
16
3
319
12
22
2
2
8
4
33
12
3
4
3
7
19
183
1
14
1
1
3
12
5
11
10
15
3
8
76
3
70
0
1
12
1
18
17
4
1
2
4
5
13
4
1
8
4
2
2
15
12
9
7
130
2
19
26
38
13
7
88
10
6
16
1003
19
36
7
2
4
4
20
4
1
1
0
9
0
3
39
3
11
17
1
0
3
3
9
1
0
2
5
7
59
11
11
0
3
26
11
7
44
3
42
57
10
4
13
33
4
4
22
12
8
1
3
6
11
4
50
0
2
3
5
11
79
6
72
10
44
0
0
13
3
1
4
9
60
71
0
5
1
1
6
3
4
13
2
20
42
0
3
11
36
4
3
0
17
44
15
0
2
1
5
0
9
1479
0
431
4
6
22
7
3
7
33
15
12
15
6
15
6
1
169
27
2
1
4
2
17
3
3
5
1
2
8
13
8
8
2
4
3
6
1
5
1
4
10
11
9
17
28
37
3
4
0
1
4
4
6
8
2
3
8
11
2
1
18
17
10
5
21
1
11
16
6
2
110
84
11
8
1
2
15
1
6
19
1
5
3
4
8
14
7
2
22
5
5
11
3
2
39
2
0
2
1
6
1
4
4
5
3
6
2
2
7
4
5
1
3
7
10
27
1
4
11
4
18
17
6
17
1
0
3
8
1
7
5
5
13
10
26
6
13
40
12
8
5
3
12
1
4
15
3
10
4
10
13
1
7
1
11
5
6
20
5
30
7
1
0
3
8
6
4
5
0
6
2
13
8
4
34
8
3
31
1
8
19
1
11
2
2
5
24
9
10
7
2
5
2
13
18
4
32
3
7
32
4
92
18
32
32
3
1
36
31
2
9
44
1
6
24
2
4
4
8
0
4
0
13
33
3
3
24
1
7
12
8
30
7
2
7
1
1
3
1
0
9
0
4
18
2
4
1
3
8
21
0
13
3
3
1
4
3
71
4
3
4
4
7
14
7
4
2
31
25
4
12
6
2
4
7
14
5
0
11
2
5
16
1
2
2
2
0
0
8
5
5
11
5
9
1
4
5
3
17
0
50
7
8
22
2
6
11
3
0
6
2
1
9
57
0
17
92
6
15
3
4
40
11
11
2
3
7
18
12
5
2
4
3
7
27
23
2
33
9
18
4
0
2
2
178
6
5
3
7
2
42
0
4
0
2
3
3
10
12
6
6
10
3
5
0
40
35
5
5
1
2
1
18
1
7
4
2
8
2
0
351
1
65
1
1
5
37
0
3
1
69
0
7
7
3
0
7
1
1
1
11
15
6
7
874
4
25
28
3
6
5
66
1
9
0
4
4
1
4
1
1
2
10
12
0
20
5
16
8
8
25
3
1
0
26
5
2
5
0
2
2
7
2
1
0
7
3
5
3
0
6
9
2
10
24
3
42
3
1
1
3
2
11
6
2
168
7
6
0
7
0
9
1
2
1
3
3
9
1
19
3
6
3
2
8
8
2
2
12
9
2
14
3
9
4
1
4
0
10
5
6
5
0
32
2
6
10
12
10
3
3
4
9
3
6
49
0
7
46
9
1
4
5
12
19
95
34
4
1
0
2
39
13
11
6
23
9
49
14
5
45
15
13
5
2
13
14
5
3
3
6
2
1
0
3
0
8
1
10
1
6
16
95
5
5
21
11
19
8
6
88
1
5
12
1
0
4
3
0
5
12
4
3
3
4
24
18
7
37
8
4
28
14
14
15
3
31
0
3
6
1
5
18
5
2
3
1
2
2
4
129
1
2
19
10
5
9
11
7
2
3
1
4
5
1
6
16
6
24
6
261
5
33
43
3
3
39
35
4
22
78
155
12
4
35
2
9
8
5
10
4
5
2
3
4
25
2
4
6
28
57
2
2
15
2
3
6
1
38
7
4
186
5
7
5
4
12
35
5
2
24
4
2
4
17
1
5
4
2
22
10
3
69
16
2
6
3
7
1
80
12
0
6
2
0
1
20
6
17
21
15
2
7
18
1
6
0
8
22
3
5
1
0
2
3
0
20
9
12
1
6
8
6
15
23
12
1
3
7
9
16
8
9
0
44
1
6
5
3
4
1
17
4
1
30
8
7
8
2
20
1
4
69
10
5
10
3
2
2
17
26
1
6
1
4
3
11
10
3
4
4
40
3
362
1
6
2
4
4
1
4
5
2
10
4
33
7
9
3
11
11
1
3
40
5
1
5
2
6
4
55
12
0
0
10
8
25
8
23
26
1
6
1
10
3
13
10
15
10
0
0
4
4
83
2
14
13
1
41
8
38
14
4
7
3
2
7
129
4
6
2
2
5
50
7
5
8
7
7
15
6
3
1
4
8
66
9
29
12
3
2
6
3
0
17
3
9
6
59
12
4
5
0
13
0
248
3
1
2
7
7
2
1
0
13
8
3
112
5
69
14
4
12
35
2
9
4
5
2
9
6
37
1
7
5
2
5
3
0
4
19
21
13
6
7
2
10
38
21
7
0
0
6
1
2
3
5
8
0
2
7
27
0
8
13
1
1
18
12
21
4
24
7
2
9
4
0
7
3
61
4
7
1236
1
3
3
7
8
4
2
2
14
11
0
2
4
50
4
4
1
32
3
7
5
3
16
0
8
30
7
5
2
24
2
13
3
0
1
8
1
1
5
5
1
2
7
41
0
37
3
16
8
51
0
0
13
21
4
14
8
4
5
0
2
0
3
9
0
6
10
3
1
2
22
1
2
1
1
2
3
11
0
0
24
17
3
7
3
13
15
2
3
1
168
45
9
25
8
18
15
10
11
1
5
4
6
2
14
4
15
0
10
9
2
71
3
4
12
4
20
2
4
6
6
8
13
2
18
5
7
3
1
4
2
1
48
3
1
6
1
1
11
1
1
25
7
139
0
37
1
2
25
18
51
12
4
4
2
2
9
11
14
2
38
1
2
28
18
2
25
4
2
9
6
76
0
0
1
19
2
41
11
9
12
2
0
2
12
2
9
11
2
7
1
2
5
15
8
5
18
0
3
4
8
5
4
19
52
5
0
5
2
2
5
10
18
4
30
32
2
107
4
3
17
3
8
66
6
2
796
3
8
5
7
3
73
3
4
0
18
0
6
5
6
2
13
4
1
11
7
21
17
3
5
2
1
4
12
1
0
5
30
3
5
1
4
4
3
10
1
3
22
6
17
21
30
0
10
39
6
12
11
4
8
0
3
3
2
7
6
0
3
13
0
0
7
0
7
2
5
9
1
18
12
8
3
3
6
6
6
7
5
4
3
4
0
3
2
186
6
22
204
6
4
5
3
24
2
7
37
73
0
4
2
1
11
51
7
95
11
4
1
34
0
22
27
2
1
4
77
0
8
9
7
6
24
20
0
6
2
7
33
2
21
8
18
1
4
3
17
3
7
3
6
206
31
3
0
7
0
12
2
17
10
7
1
15
9
2
2
3
8
6
1
6
24
37
5
1
10
8
3
7
6
19
1
2
6
2
2
6
5
9
1
4
14
4
1
2
16
1
14
8
2
26
17
6
25
4
24
4
1
5
3
3
3
7
0
6
5
7
3
9
43
9
3
8
10
21
1
7
4
4
8
1
11
2
4
1
2
8
9
43
1
0
1
9
12
11
1
3
16
9
19
16
1
5
9
21
0
1
12
47
42
5
5
156
8
32
9
6
12
2
9
13
4
4
1
9
76
4
11
4
0
26
0
2
0
4
3
8
33
3
10
3
0
1
2
5
32
11
16
2
4
7
2
21
91
20
3
12
4
38
7
29
1
16
5
2
1
96
6
2
8
12
1
17
2
33
7
1
1
3
4
38
2
4
3
1
7
3
3
1
0
3
48
3
6
27
3
1
4
36
4
2
6
2
16
18
7
5
5
4
13
3
9
7
1
12
1
3
9
4
1
5
2
4
2
2
6
6
7
2
0
1
8
3
16
21
4
11
9
4
179
1
9
2
9
8
3
7
0
5
0
1
0
20
2
6
8
2
8
17
7
1
68
10
1
4
32
7
7
16
8
5
8
2
6
17
8
3
5
24
6
14
7
15
4
7
3
0
1
20
13
13
0
13
15
3
3
2
2
32
26
9
8
14
10
13
28
13
10
34
6
4
3
2
5
9
407
1
5
24
3
5
209
70
2
9
6
41
37
2
87
19
0
1
4
15
9
8
12
4
11
4
10
6
1
3
3
4
5
6
10
11
11
4
13
1
2
7
6
3
16
16
0
2
2
6
33
2
2
4
5
3
7
1
4
3
14
6
3
4
5
6
10
19
6
331
2
1
1
7
0
82
1
3
3
3
0
14
1
2
2
1
3
234
6
8
82
2
5
9
4
2
13
7
15
8
18
5
2
45
1
16
13
68
4
29
0
0
8
5
3
6
2
5
10
4
12
3
9
8
0
6
2
8
6
1
1
1
4
36
15
27
9
14
3
101
7
12
2
15
5
7
4
9
3
8
13
2
17
3
2
6
2
2
4
13
38
5
15
4
7
1
0
3
5
3
4
1
8
14
3
1
3
3
32
13
4
10
5
5
10
7
84
0
9
11
28
17
8
23
3
9
16
4
111
20
16
0
3
4
10
6
12
7
2
4
1006
3
1
15
16
6
3
4
9
2
0
5
3
1
6
4
2
0
33
4
6
10
1
6
10
162
0
4
17
5
3
9
28
6
2
3
10
8
9
5
3
2
5
20
0
3
92
4
1
5
6
7
24
120
7
2
1
16
1
7
3
0
4
18
5
81
0
29
2
6
2
69
8
0
6
4
3
4
0
6
2
10
9
8
2
3
12
7
1
2
2
3
0
20
11
25
6
1
6
28
22
6
2
375
1
3
5
9
6
4
15
4
1
3
7
2
1
5
0
5
3
2
23
2
7
39
6
2
7
2
5
6
10
68
28
11
32
3
1
14
3
22
5
0
22
11
35
6
7
7
2
2
13
0
0
30
0
2
13
136
6
5
2
2
16
4
2
28
37
2
5
10
32
3
10
4
7
1
9
7
1
7
2
5
23
1
6
17
26
2
8
17
0
3
3
10
1
2
8
4
2
3
11
23
13
8
3
0
53
9
2
8
4
1
33
4
4
6
4
5
3
64
3
6
9
8
51
0
71
4
11
6
2
6
12
35
7
1
0
0
1
3
5
9
11
6
4
2
4
52
11
3
11
16
1
7
2
10
2
13
3
18
10
5
20
1
31
41
3
13
4
3
3
7
7
16
6
8
8
3
3
4
2
7
1
5
1
3
2
1
4
1
9
2
4
22
6
5
3
17
7
6
18
13
4
105
3
1351
1
1
1
4
20
12
8
5
6
57
3
2
27
20
7
6
3
5
8
17
1
9
29
0
139
1
5
2
7
14
1
155
9
11
4
6
3
3
12
5
8
0
2
10
4
4
21
4
1
16
7
3
7
6
12
5
7
10
1
24
2
8
18
7
1
10
7
3
7
5
2
10
3
1
2
16
10
7
57
9
18
11
6
4
0
13
8
11
4
98
6
16
122
8
1
8
3
87
8
3
1
14
10
3
3
1
3
3
12
10
4
15
5
1
2
14
12
59
2
7
3
6
7
24
0
0
6
3
10
12
1
4
2
3
7
4
7
5
183
1
3
3
3
6
1
44
20
57
72
7
33
0
1
14
42
7
1
31
0
2
2
3
57
2
0
4
1
5
1
3
23
1
3
6
5
2
11
7
12
1
0
1
7
8
1
2
12
10
11
47
3
15
3
17
4
8
8
17
17
2
0
1
1
9
7
57
8
1
1
10
2
14
2
3
1
6
19
2
11
10
2
2
4
4
7
8
92
14
0
1
76
0
6
10
20
12
5
11
4
2
4
6
5
6
10
3
0
0
10
6
11
3
5
5
20
7
2
7
5
4
0
1
1
36
1
10
6
6
7
860
1
3
6
2
7
15
5
4
1
7
11
1
1
69
3
4
3
3
6
12
3
8
3
0
15
9
66
7
4
6
0
0
3
2
2
2
9
5
3
14
3
2
7
7
13
18
11
1
2
0
19
10
11
6
1
4
11
12
227
1
3
2797
20
10
4
15
3
17
10
4
3
2
2
46
7
6
12
2
4
0
13
4
1
6
3
14
10
8
3
46
1
0
322
0
2
14
2
112
8
0
4
4
3
7
6
151
4
31
5
252
5
21
5
12
3
4
3
86
2
3
4
4
3
32
8
11
7
11
13
0
1
4
1
5
25
2
0
2
3
2
7
12
2
3
8
5
0
1029
8
48
1
2
13
5
23
9
3
4
12
8
1
9
3
5
2
15
18
15
2
1
7
1
18
3
0
22
0
6
3
2
10
1
3
84
66
13
7
8
6
2
5
1
0
14
2
8
1
21
3
29
7
2
1
0
1
0
3
7
1
1
1
1
2
5
54
10
5
10
5
1
11
15
257
1
0
0
14
0
27
5
0
10
3
2
16
3
0
4
7
5
7
42
6
37
4
3
23
14
121
1
2
23
1
3
1
4
8
25
12
2
4
0
4
3
463
7
14
300
1
7
50
2
4
2
2
5
17
9
6
2
1
31
15
11
11
1
43
2
2
1
6
1
5
40
9
9
18
7
4
7
0
8
10
16
15
7
60
14
6
1
1
6
4
3
6
12
2
3
2
39
17
21
18
3
20
8
2
9
4
6
11
14
6
7
18
6
32
30
3
7
0
28
1
2
7
12
6
0
5
162
2
9
2
2
0
0
4
1
7
11
23
3
41
4
4
15
8
0
23
24
2
2
0
2
2
2
9
2
22
0
5
5
9
6
2
2
0
9
9
12
1
18
88
8
5
8
25
6
4
6
4
11
0
10
11
2
7
5
36
1
11
4
4
2
8
6
9
1
10
2
4
89
5
14
3
0
271
17
6
6
7
4
5
1
11
3
1
1264
1
12
26
1
2
8
62
1044
5
6
7
7
2
42
4
7
546
5
10
17
0
344
1
2
8
4
3
2
11
6
1
9
2
1
4
1
5
24
5
3
3
1
2
1
5
10
22
2
10
16
8
1
44
2
5
4
0
4
5
4
2
3
4
21
12
3
2
6
27
9
1
5
0
3
5
6
17
0
5
9
61
0
2
143
6
17
2
2
14
4
1
6
12
1
2
4
0
4
162
6
12
0
23
33
9
6
27
10
4
13
25
49
6
28
5
4
7
9
35
2
3
2
75
4
5
10
30
7
5
2
7
26
24
0
9
2
0
17
11
5
0
6
0
1
11
2
9
11
13
49
3
6
7
1
17
2
36
3
9
1
22
225
1
4
16
3
3
21
7
2
5
5
21
5
6
2
1
12
4
7
6
4
0
3
6
3
5
13
2
42
22
1
32
24
3
5
0
4
2
1
3
9
9
4
14
10
0
4
2
23
5
4
18
11
2
2
7
6
2
6
4
10
9
27
2
2
10
5
6
1
4
1
1
9
2
6
28
4
8
3
0
5
8
0
28
3
3
8
1
14
6
21
7
22
1
17
10
2
8
25
12
9
1
13
5
20
3
2
2
0
2
7
3
3
1
2
5
7
3
2
48
1
5
2
11
3
24
1
6
0
4
72
4
0
2
1
33
2
2
1
1
201
33
2
9
3
37
0
10
4
0
3
1
16
1
64
9
49
0
4
5
2
4
11
0
7
3
0
7
2
4
2
4
23
0
8
12
2
11
4
10
5
1
0
5
5
12
11
94
6
6
4
1
12
2
2
16
5
3
8
21
9
2
7
3
5
2
28
2
15
2
2
97
6
2
6
4
6
152
6
3
3
1
2
9
2
1
3
6
5
1
4
27
9
1
5
13
7
0
6
5
28
2
3
10
16
2
5
4
15
26
33
5
4
0
4
2
4
4
1
4
6
5
1
3
4
24
2
2
8
1
5
6
647
1
25
12
6
1
7
36
4
20
0
2
0
7
0
99
1
0
5
3
21
3
2893
7
0
5
86
10
4
261
23
14
4
4
8
2
9
5
1
22
651
3
7
11
11
17
9
1
6
14
1
5
5
1
2
7
2
1
0
1
7
8
1
2
1
83
2
5
3
14
0
8
5
1
1
2
2
3
7
9
5
1
4
6
10
4
11
166
2
6
3
7
5
1
3
4
9
22
1
2
3
9
1
10
5
2
1
3
7
12
8
118
11
2
453
1
1
5
4
6
35
6
15
8
4
4
10
3
5
4
3
0
18
20
1
8
4
1
3
2
3
2
5
18
4
1
1
6
8
3
23
9
3
8
14
8
27
7
3
4
7
2
1
0
8
1
7
1
2
3
2
5
20
4
23
15
3
4
4
10
3
16
6
3
2
26
4
2
24
2
9
2
0
102
11
0
50
9
2
72
0
29
2
17
3
9
3
1
5
3
23
2
2
5
2
7
3
0
1
122
1
0
14
25
2
4
3
0
8
3
4
0
0
6
4
28
2
6
4
96
1
5
5
16
9
2
15
6
9
23
6
39
10
4
26
2
0
1
22
4
5
0
14
6
1
7
1
1
2
4
6
8
6
4
7
1
3
7
4
24
3
8
349
7
4
18
11
14
2
14
0
5
2
15
1
4
1
6
6
43
2
8
4
16
6
18
11
3
5
13
6
5
4
2
13
1
3
4
23
5
67
3
0
86
181
44
2
16
97
1
8
5
25
0
1
6
1
4
14
9
7
6
3
3
18
115
0
9
2
6
12
5
0
3
1
9
0
3
9
2
4
5
26
2
21
12
3
0
3
26
44
3
4
1
7
3
12
4
24
28
16
4112
0
14
2
3
21
7
2
16
22
0
17
7
36
1
15
17
14
1
4
6
8
3
3
4
11
3
3
5
0
19
181
8
8
5
1
5
25
4
1
33
24
2
6
5
9
82
2
25
1
170
52
2
2
19
2
9
2
7
24
6
4
23
34
2
13
6
67
9
13
13
18
8
1
355
4
1
5
7
6
18
41
1377
1
11
7
8
47
1
6
0
4
0
2
24
50
0
3
13
2
5
3
7
4
0
7
4
37
12
15
3
0
36
48
2
4
1
10
1
78
5
2
2
17
29
0
12
159
4
40
0
4
22
1
4
5
0
5
2
4
2
0
5
6
2
2
0
11
2
30
2
14
11
43
5
0
0
42
2
5
13
3
5
2
6
0
5
13
9
0
0
32
2
7
4
5
0
9
7
8
4
8
1
7
8
14
29
15
1
13
2
3
4
19
3
26
1
4
0
8
7
7
34
2
7
16
1
30
23
10
3
0
2
7
0
3
0
10
36
3
2
1
7
17
23
204
7
0
0
3
6
21
103
8
3
3
1
57
1
0
10
5
8
28
2
2
6
10
2
14
1
11
24
25
25
74
3
0
0
4
8
7
1
18
5
2
12
20
8
3
4
12
0
10
12
4
2
2
3
6
0
309
3
2
6
23
1
5
1
49
169
47
0
9
5
16
1
6
3
9
5
11
4
287
7
3
15
2
0
9
6
2
3
7
7
150
16
12
6
1
1
35
8
99
13
15
3
3
26
9
2
7
1
2
3
9
1
6
11
4
2
9
0
2
0
6
2
2
0
1
1
0
0
0
5
18
16
62
31
1
9
2
15
7
3
1
11
0
154
4
216
4
1
3
42
4
1
3
3
73
3
1
3
1
5
6
1
9
0
4
14
1
6
32
18
9
9
1
2
6
6
6
1
6
2
3
4
4
2
3
1
5
2
11
9
3
5
4
2
6
0
8
14
3
0
13
13
6
1
1
7
4
8
5
12
1
26
4
3
30
3
3
56
77
2
4
7
0
6
0
8
28
6
1
3
8
13
16
2
3
36
10
7
8
3
82
7
0
16
344
1
15
1
6
9
7
12
1
5
7
30
7
18
13
4
1
8
2
2
2
289
12
2
2
64
1
4
17
30
5
1
5
10
28
5
1
20
19
0
13
8
12
8
4
2
11
5
7
12
2
1
2
11
3
15
21
3
8
16
10
5
396
46
3
13
22
8
1
6
3
5
1
6
9
2
4
7
8
3
102
7
3
5
2
4
13
9
8
14
7
0
0
13
11
37
925
3
29
5
1
12
1
2
6
1
4
2
4
6
1
2
0
8
11
0
30
7
3
41
6
3
12
0
8
16
2
5
3
1
3
14
4
15
1
3
0
0
6
2
1
7
18
12
8
2
3
8
3
4
238
13
33
9
2
0
2
22
4
21
12
17
30
6
14
1
8
61
5
211
3
7
1
3
6
59
43
2
3
8
25
6
2
66
20
1
0
15
4
3
7
0
4
3
3
12
8
7
47
2
1
1
2
0
20
2
5
7
13
9
22
1
1
14
15
4
4
0
6
48
3
469
20
3
59
0
6
2
11
1
6
2
0
7
1
0
7
22
4
9
4
10
4
4
2
3
9
5
3
18
3
11
7
6
5
5
4
0
25
7
12
14
8
30
2
37
11
5
20
16
2
3
9
5
0
16
109
4
5
1
4
7
4
4
3
16
1
2
2
13
2
0
9
12
15
1
19
15
34
20
6
0
12
5
7
9
33
2
5
7
58
11
2
5
10
9
4
2
0
3
2
7
10
15
1
2
16
1
1
5
1
40
4
5
22
2
2
26
3
5
5
4
21
4
2
3
4
10
5
26
1
2
6
21
1
4
25
15
21
9
5
11
1
16
34
1
1
5
29
2
4
1
7
6
5
22
5
2
1
8
13
6
21
12
10
4
25
4
9
1
1
4
5
23
2
20
104
4
6
4
6
3
7
11
2
21
3
5
30
9
4
6
2
1
4
4
3
3
6
2
7
2
5
5
0
138
1
3
14
1
1
1
32
0
3
0
3
2
1
7
7
7
1
7
2
7
0
8
12
8
0
0
3
3
6
4
4
5
6
5
6
5
4
45
26
4
1
4
0
9
1
2
29
27
11
2
3
0
11
0
10
3
0
330
2
9
4
7
1
4
19
6
1
10
35
4
31
19
148
9
5
9
63
7
4
0
20
1
4
9
2
0
5
4
1
0
1
4
0
6
10
0
3
5
3
6
5
7
15
3
6
19
5
3
5
5
2
8
7
5
8
37
4
2
7
14
6
0
7
3
8
1
1
32
1
13
30
6
6
45
4
15
17
6
11
2
1
554
8
7
5
4
19
4
7
37
30
7
5
4
7
12
9
5
2
2
1
3
3
6
7
6
4
0
2
5
15
10
1
27
9
48
1
9
1
1
1
1
2
2
1
7
61
2
4
8
4
3
51
7
9
0
4
0
3
0
1
3
1
9
7
2
2
123
3
8
5
5
5
10
1
1
3
25
45
12
9
4
36
0
2
273
3
1
6
4
46
175
6
16
7
5
1
5
5
13
40
13
6
12
7
7
3
3
42
5
3
8
1
10
2
4
18
12
5
5
9
4
7
2
7
5
6
5
3
2
13
3
3
1
4
52
3
32
25
2
2
408
3
1
14
253
3
4
2
10
12
12
1
4
4
7
5
7
29
3
1
30
2
4
10
4
0
3
1
11
10
3
1
11
1
5
0
14
6
13
4
1
2
89
5
6
1
1
2
7
34
6
20
6
1
124
11
2
4
8
1
2
7
12
16
8
14
9
8
14
5
3
7
3
9
1
8
2
25
7
0
0
31
12
4
8
4
3
78
14
48
1
5
1
19
12
5
4
7
0
2
0
63
5
5
15
2
5
34
9
0
6
12
8
7
7
3
1
3
246
2
4
1
5
8
0
9
0
3
0
2
8
6
8
4
39
0
18
5
5
3
4
2
26
9
2
3
4
6
3
7
7
3
0
7
16
24
4
4
3
5
0
0
1
9
1
3
5
2
1
34
2
3
7
105
3
0
16
2
1
0
4
5
7
9
92
3
0
6
6
15
0
11
8
7
3
17
2
2
9
1
1
0
1
0
2
1
19
3
9
1
9
2
3
3
5
0
0
4
4
15
8
1
1
1
4
3
3
8
3
11
5
155
9
10
0
3
13
13
25
6
8
9
3
6
6
6
9
2
2
4
3
38
3
13
3
28
15
1
4
7
5
2
8
6
1
16
0
2
1
5
6
1
6
0
1
26
2
1
1
3
6
8
15
4
2
3
7
4
10
7
9
3
7
45
432
4
25
4
3
11
20
8
6
12
6
165
6
37
0
44
3
7
0
10
15
8
4
46
2
3
9
0
5
4
34
38
2
4
10
7
3
26
5
3
33
13
5
5
1
3
2
2
6
2
4
2
3
5
1
3
12
10
40
19
28
1
0
10
3
2
45
1
13
0
6
5
1
1
8
11
0
3
7
6
3
3
5
0
7
9
34
16
4
8
13
4
11
14
8
5
67
1
23
15
17
2
15
2
3
23
0
14
23
7
1
2
19
7
1
31
9
6
1
9
8
1
61
19
2
2
24
6
1
7
37
5
10
4
36
30
2
27
7
10
3
7
1
2
4
3
1
0
12
597
6
8
2
1
12
11
1
2
3
12
0
12
0
4
3
4
0
2
0
3
133
9
1
5
0
17
3
6
7
2
39
6
1
8
3
0
3
7
4
2
25
9
2
14
4
66
0
2
0
10
6
0
2
6
28
3
30
0
12
12
6
5
1
6
4
12
35
0
4
3
4
17
1
2
90
17
4
0
2
4
30
5
28
30
8
8
4
6
3
2
1
6
7
7081
5
5
66
10
4
3
28
1
3
7
4
2
0
11
5
10
2
3
200
5
7
0
7
2
4
10
23
6
11
6
10
5
0
12
13
6
8
5
3
3
7
278
3
3
0
1
4
5
13
8
6
10
3
0
24
12
22
10
11
1
0
19
398
5
111
3
3
3
12
4
7
4
6
16
2
7
3
5
12
3
7
4
5
0
42
59
9
3
11
0
7
28
33
3
8
4
18
6
8
8
15
5
2
77
15
3
21
3
5
1
0
4
3
8
30
2
6
19
7
8
28
6
7
20
3
1
3
8
0
3
463
18
4
14
10
0
28
161
1
4
24
5
0
13
1
4
5
2
10
5
2
5
3
3
11
1
1
2
0
4
0
10
2
20
21
50
1
2
1
1
4
3
2
1
0
9
1
6
8
47
9
2
4
7
7
0
1
8
11
34
7
3
3
6
12
12
9
4
8
3
6
19
4
12
4
14
13
5
3
10
14
3
40
17
3
1
5
5
22
4
4
4
4
6
10
5
5
0
4
7
2
60
32
2
2
4
7
2
5
2
3
1
5
1
25
0
8
6
89
4
2
4
10
2
10
0
1
22
9
6
6
7
1
12
2
1
8
