38
81
47
55
96
49
59
41
56
65
59
67
43
51
111
46
49
40
44
53
61
73
55
65
67
68
56
64
66
77
52
71
156
703
60
120
52
49
75
88
69
85
81
59
314
53
152
62
98
53
74
51
83
80
66
65
136
51
67
56
51
55
67
113
109
39
67
70
73
53
124
59
37
112
86
77
75
54
63
47
57
60
58
55
46
47
47
46
70
55
66
143
70
107
64
43
85
59
65
131
88
81
38
43
70
41
78
55
71
60
61
136
113
73
162
81
81
92
107
79
68
76
52
73
36
104
50
71
51
54
93
111
158
107
62
61
46
57
50
88
83
91
79
71
76
116
68
60
57
70
47
43
105
53
210
57
47
218
70
44
69
65
74
82
57
75
100
62
68
42
76
75
45
66
46
45
52
65
83
57
73
68
46
57
117
44
80
53
112
67
46
51
81
70
49
44
70
61
72
2060
59
66
73
44
43
54
68
49
76
62
87
84
60
79
63
67
54
48
62
49
68
87
72
155
61
62
140
61
55
77
70
68
71
55
53
83
56
62
54
63
34
84
60
58
80
121
67
51
53
58
55
41
130
52
54
86
47
75
186
29
60
56
62
57
36
67
61
57
43
66
141
53
46
55
71
62
58
74
49
56
71
48
90
48
59
75
84
56
148
65
269
58
38
62
54
64
48
55
52
74
74
56
48
65
48
57
79
60
62
43
56
77
44
48
75
73
40
47
51
35
40
81
43
63
39
41
97
128
72
106
76
49
62
74
67
68
68
54
49
102
53
66
53
91
36
38
39
58
74
69
67
127
53
63
163
64
54
45
96
62
38
289
59
43
147
120
72
56
84
65
64
85
58
51
58
60
84
48
53
60
44
81
48
80
54
56
76
83
55
137
74
58
69
59
30
49
59
69
64
77
67
114
54
55
76
45
33
49
50
32
120
69
40
50
81
52
52
193
61
56
59
60
45
92
57
70
38
60
300
48
60
37
61
84
48
145
81
69
54
155
87
82
46
98
60
55
71
190
80
56
50
86
60
92
107
51
73
47
316
53
59
79
66
40
203
74
67
56
57
55
157
48
234
58
65
51
91
42
62
32
664
55
478
45
77
69
46
50
76
78
74
86
55
61
61
57
72
48
110
48
38
81
47
55
96
49
59
41
56
65
59
67
43
51
111
46
49
40
44
53
61
73
55
65
67
68
56
64
66
77
52
71
156
703
60
120
52
49
75
88
69
85
81
59
314
53
152
62
98
53
74
51
83
80
66
65
136
51
67
56
51
55
67
113
109
39
67
70
73
53
124
59
37
112
86
77
75
54
63
47
57
60
58
55
46
47
47
46
70
55
66
143
70
107
64
43
85
59
65
131
88
81
38
43
70
41
78
55
71
60
61
136
113
73
162
81
81
92
107
79
68
76
52
73
36
104
50
71
51
54
93
111
158
107
62
61
46
57
50
88
83
91
79
71
76
116
68
60
57
70
47
43
105
53
210
57
47
218
70
44
69
65
74
82
57
75
100
62
68
42
76
75
45
66
46
45
52
65
83
57
73
68
46
57
117
44
80
53
112
67
46
51
81
70
49
44
70
61
72
2060
59
66
73
44
43
54
68
49
76
62
87
84
60
79
63
67
54
48
62
49
68
87
72
155
61
62
140
61
55
77
70
68
71
55
53
83
56
62
54
63
34
84
60
58
80
121
67
51
53
58
55
41
130
52
54
86
47
75
186
29
60
56
62
57
36
67
61
57
43
66
141
53
46
55
71
62
58
74
49
56
71
48
90
48
59
75
84
56
148
65
269
58
38
62
54
64
48
55
52
74
74
56
48
65
48
57
79
60
62
43
56
77
44
48
75
73
40
47
51
35
40
81
43
63
39
41
97
128
72
106
76
49
62
74
67
68
68
54
49
102
53
66
53
91
36
38
39
58
74
69
67
127
53
63
163
64
54
45
96
62
38
289
59
43
147
120
72
56
84
65
64
85
58
51
58
60
84
48
53
60
44
81
48
80
54
56
76
83
55
137
74
58
69
59
30
49
59
69
64
77
67
114
54
55
76
45
33
49
50
32
120
69
40
50
81
52
52
193
61
56
59
60
45
92
57
70
38
60
300
48
60
37
61
84
48
145
81
69
54
155
87
82
46
98
60
55
71
190
80
56
50
86
60
92
107
51
73
47
316
53
59
79
66
40
203
74
67
56
57
55
157
48
234
58
65
51
91
42
62
32
664
55
478
45
77
69
46
50
76
78
74
86
55
61
61
57
72
48
110
48
41
77
47
49
158
61
67
77
135
57
59
66
151
73
64
59
37
46
60
40
119
68
49
140
64
104
200
199
70
48
70
86
47
89
64
81
48
60
44
69
62
68
49
52
81
97
126
77
80
61
55
82
38
60
44
42
74
53
64
69
46
53
48
61
61
43
116
57
66
107
54
61
43
52
63
104
51
82
61
62
67
53
59
47
49
75
125
46
76
96
35
108
55
58
33
58
56
61
64
79
60
77
59
56
42
72
74
65
190
50
75
32
63
51
42
54
83
57
55
57
426
76
74
59
77
40
47
103
62
55
66
64
44
45
50
53
56
237
77
61
52
50
85
41
68
52
79
45
56
34
68
63
66
54
72
62
66
68
87
48
67
45
86
84
44
62
49
110
53
57
54
67
229
70
49
44
52
71
100
98
47
83
70
65
61
66
55
55
75
309
55
48
70
55
57
46
51
114
71
44
63
73
78
142
55
47
37
74
60
100
54
45
92
37
84
57
56
78
55
94
55
58
78
84
64
43
51
84
40
67
67
59
74
98
72
28
52
128
128
41
60
44
50
59
89
85
72
54
68
55
60
47
54
75
45
233
47
43
51
62
103
63
77
53
78
59
79
85
53
57
60
72
45
49
64
64
62
72
74
78
80
72
167
53
238
56
39
54
108
95
66
41
49
56
45
69
70
42
84
101
83
53
88
68
79
131
105
37
44
61
60
50
144
79
98
67
96
52
296
353
70
72
72
64
73
38
43
37
54
52
48
61
72
92
50
50
117
40
53
45
41
52
47
94
97
86
55
513
149
36
97
53
55
35
149
76
61
104
106
54
42
59
70
48
55
53
55
71
46
61
165
58
76
50
69
54
88
69
68
55
64
39
43
66
52
67
35
68
69
74
203
67
73
83
45
46
64
69
68
63
61
46
65
133
44
67
58
84
77
34
56
64
36
85
49
44
46
54
53
57
101
53
29
49
52
85
129
69
40
66
61
54
460
53
42
55
61
40
69
77
46
118
129
104
89
110
72
64
53
70
90
57
42
53
61
50
54
46
77
44
55
66
59
53
56
42
95
49
55
36
65
192
76
59
59
75
143
71
50
101
60
64
123
248
44
82
50
59
60
44
51
185
52
45
103
66
47
61
69
59
80
64
49
108
50
64
90
94
59
79
79
64
54
45
55
39
78
42
57
57
56
101
54
56
52
60
68
69
42
63
56
62
43
184
94
81
71
69
63
68
60
61
62
53
53
51
113
68
51
107
63
113
39
48
71
70
125
63
57
79
65
45
53
63
50
110
49
90
79
86
62
232
49
11125
64
59
39
47
49
62
194
53
53
55
61
52
44
67
75
53
46
78
56
82
58
86
92
53
49
54
61
61
57
46
75
59
62
55
46
93
57
63
61
57
78
319
1192
70
54
83
62
107
84
77
56
61
57
63
89
51
83
110
75
70
50
51
100
75
229
51
61
71
51
31
41
60
59
61
99
51
57
95
62
58
62
50
94
56
68
50
59
76
221
75
52
48
72
50
59
59
61
61
41
62
68
48
62
82
57
62
78
68
59
56
117
70
58
71
88
73
60
40
48
79
68
49
48
70
260
48
65
155
79
61
72
100
53
57
35
35
59
71
171
188
55
75
46
58
92
67
80
124
74
59
58
44
50
40
44
43
191
83
79
69
46
34
52
65
44
78
62
60
53
42
59
48
45
69
85
54
50
45
62
238
52
45
61
63
57
41
65
61
49
67
118
45
53
151
99
46
40
54
1205
72
81
54
68
46
46
55
62
55
66
54
131
65
91
47
44
182
83
55
216
63
48
68
143
107
55
59
85
61
56
48
51
52
41
78
57
54
46
73
60
48
76
45
91
65
27
59
80
72
66
98
58
54
91
69
62
57
76
49
58
63
62
110
72
56
100
68
105
62
68
52
55
105
58
75
45
68
70
30
41
33
52
75
80
60
38
62
57
56
75
53
64
60
59
95
43
63
55
69
69
45
49
54
54
54
70
90
32
54
68
55
49
55
60
47
67
33
69
75
53
41
80
85
65
73
55
100
97
117
49
60
47
48
54
47
67
58
40
71
71
1434
91
107
60
75
50
60
49
55
53
46
72
68
57
74
160
65
80
57
72
52
61
425
52
63
51
78
98
40
52
51
98
43
42
47
54
68
101
69
100
58
56
82
49
63
90
54
60
50
36
56
76
33
50
70
90
56
60
84
47
48
49
55
75
73
65
50
58
48
42
51
69
67
67
49
79
48
61
48
135
64
68
34
52
59
61
51
45
53
61
47
210
68
57
76
92
39
66
59
76
67
188
136
49
52
63
66
72
126
36
98
125
60
43
134
52
78
85
75
58
68
65
48
48
54
246
83
55
47
51
49
88
65
53
56
102
80
72
61
64
48
68
85
58
58
68
71
89
68
41
41
60
74
49
59
102
60
60
40
64
49
73
55
49
40
44
51
60
41
42
60
37
69
82
58
66
80
81
44
75
77
84
82
71
62
45
50
48
78
80
64
62
38
44
59
51
88
81
61
48
41
48
152
66
43
67
71
125
57
70
128
62
97
60
45
122
48
35
69
67
94
54
35
66
55
51
65
269
63
1414
75
71
57
71
82
64
76
70
38
49
52
47
50
54
62
52
58
49
46
29
82
106
125
70
93
52
44
50
67
58
79
51
84
69
104
40
62
56
75
134
81
46
48
78
152
58
51
58
51
53
50
53
48
65
45
75
37
68
54
46
48
62
43
44
58
69
48
79
55
46
60
46
43
44
82
39
74
69
53
68
73
56
43
61
50
87
65
73
99
63
45
81
48
59
60
42
45
50
52
79
42
46
47
37
60
61
63
68
66
215
70
47
87
43
62
67
46
68
61
65
80
63
44
54
54
48
121
156
57
46
73
64
40
74
76
63
93
61
38
80
56
59
61
41
67
89
50
46
57
47
87
49
67
76
61
53
65
41
64
62
426
106
64
40
684
41
65
53
62
65
61
80
49
165
102
62
112
41
53
33
41
61
48
56
38
164
57
50
55
50
90
74
54
76
43
48
109
48
85
48
63
68
61
46
69
75
79
49
38
229
48
48
57
46
74
68
49
77
82
55
51
72
182
92
57
53
74
49
103
60
54
53
40
52
57
201
43
130
54
58
162
34
59
63
70
43
44
69
73
43
51
61
34
51
59
124
45
74
53
187
38
52
52
71
65
113
32
58
116
49
72
128
71
54
97
79
151
55
87
258
115
96
43
73
54
71
49
110
81
65
66
48
58
52
44
66
73
67
61
66
58
70
50
99
69
83
57
74
49
72
41
52
40
55
44
63
63
52
50
42
70
44
62
39
58
48
69
71
51
46
48
53
53
56
57
73
38
130
54
52
64
53
60
47
77
67
51
69
33
49
390
37
45
54
85
70
58
155
61
52
61
74
55
62
78
49
75
93
69
80
53
59
38
83
46
58
47
47
49
52
57
67
77
55
49
73
66
57
51
86
95
50
101
49
55
59
69
113
57
52
62
57
49
60
48
52
60
78
64
54
44
135
57
50
44
47
312
83
132
53
80
62
58
47
45
63
51
70
54
40
54
73
77
76
48
93
77
62
49
54
52
92
69
45
62
67
58
60
125
64
58
65
47
62
82
183
127
60
48
67
54
63
73
52
66
192
104
37
65
62
56
58
52
68
81
79
61
77
48
45
55
36
52
114
66
43
46
72
93
57
98
73
45
40
73
49
56
68
59
69
72
95
46
86
40
50
52
59
64
84
41
149
58
75
119
61
63
50
65
52
119
64
52
69
67
55
63
65
39
61
59
159
42
60
83
55
52
72
61
55
67
46
62
41
85
65
72
52
63
50
85
46
72
155
57
53
66
38
44
64
66
59
55
54
295
67
52
83
56
73
107
78
55
71
49
244
47
221
77
58
47
82
55
68
73
69
77
52
100
89
79
57
45
414
59
99
40
48
130
71
66
56
69
48
45
59
64
49
51
61
51
66
36
54
2081
30
52
57
48
136
68
84
44
47
46
44
41
45
48
60
53
58
54
53
163
59
52
65
61
59
70
61
2748
127
311
62
98
84
218
39
49
60
45
118
38
58
58
63
77
83
70
119
69
69
39
80
31
44
65
67
49
66
54
65
59
45
58
50
66
106
80
90
58
89
164
39
45
63
75
69
70
301
53
45
52
52
44
56
47
49
55
85
67
53
51
36
48
80
193
99
38
53
54
49
116
46
38
64
53
107
55
121
57
70
54
53
47
57
55
45
43
66
35
76
66
65
38
48
65
78
62
52
122
74
49
67
70
103
63
77
35
58
101
69
61
109
86
68
35
70
61
69
67
77
45
62
72
42
442
32
40
68
56
74
48
38
504
85
57
56
57
76
71
56
52
55
59
46
50
52
97
41
43
88
84
49
52
47
59
70
40
47
72
74
75
206
88
63
71
111
88
135
57
95
40
114
65
82
58
46
59
170
55
44
44
59
59
41
52
62
72
74
67
97
60
570
95
90
43
54
79
51
106
59
42
56
53
54
82
333
51
64
48
38
59
77
72
89
79
83
69
64
178
66
173
58
58
73
51
73
89
71
54
62
70
56
68
55
43
52
52
44
41
94
54
68
76
255
64
110
83
125
77
53
187
70
56
91
1522
105
101
70
47
55
80
87
56
40
50
56
62
55
62
105
58
99
90
64
43
71
72
58
49
51
50
57
64
154
65
82
42
41
129
59
89
128
41
143
156
76
65
80
128
56
65
70
78
65
49
51
60
77
44
132
32
49
58
68
83
234
70
162
72
133
30
38
69
70
58
41
61
171
195
48
68
47
49
73
39
49
93
56
95
148
38
49
76
123
61
47
42
86
121
100
52
52
43
49
47
67
1937
43
753
67
79
103
71
62
78
112
85
75
85
59
77
60
63
377
115
58
45
71
65
95
47
33
74
58
44
56
106
65
71
44
73
61
60
38
67
56
56
65
74
54
91
121
129
46
65
46
37
39
65
56
64
68
38
73
80
48
67
85
81
55
72
90
53
69
71
71
64
225
174
71
74
45
59
85
42
64
97
42
61
73
58
78
64
62
78
76
62
39
71
50
53
114
46
32
67
57
61
62
58
57
65
41
68
68
45
59
65
59
39
67
64
55
99
53
54
76
56
66
82
45
81
55
32
66
61
72
65
43
58
79
92
92
60
83
138
67
81
57
56
78
55
45
86
48
50
60
77
71
36
67
59
74
54
68
98
67
99
94
40
38
83
61
58
49
58
31
68
48
65
64
55
123
82
46
122
46
89
100
44
66
72
65
79
102
67
87
71
44
55
72
84
85
47
143
54
49
92
57
222
101
124
128
46
46
92
101
47
65
110
55
51
101
43
53
65
60
37
55
51
56
127
48
52
121
45
71
83
68
107
63
54
49
53
54
61
64
39
87
55
60
91
53
63
57
67
76
93
46
87
35
53
56
81
49
169
58
51
71
45
67
86
65
44
59
126
97
62
77
62
55
54
61
77
57
52
84
65
60
90
36
55
40
59
55
44
60
65
50
66
85
71
47
68
88
52
91
51
126
63
69
113
51
71
77
54
46
60
53
68
56
164
51
72
193
57
90
55
67
122
72
78
53
70
48
95
72
55
68
64
69
69
118
91
50
118
64
111
52
59
63
44
344
63
54
41
46
36
138
31
52
36
41
60
45
73
86
77
55
81
44
81
45
147
107
45
58
39
46
68
116
69
76
45
48
79
65
30
583
41
175
49
45
73
97
60
58
41
143
52
58
64
53
37
63
61
48
41
65
74
61
54
1343
49
121
100
70
54
77
195
39
64
41
65
73
47
56
66
45
44
77
84
30
96
51
74
67
71
98
55
61
41
142
56
54
53
46
73
54
56
69
49
28
67
42
64
49
36
67
72
48
74
120
58
115
44
44
61
59
54
67
59
47
334
64
65
40
63
73
84
45
59
58
77
44
42
42
86
58
53
70
49
65
64
54
51
76
57
40
79
55
78
67
48
59
54
77
58
60
51
53
128
59
62
64
64
61
52
48
73
81
48
72
163
51
67
132
54
51
78
62
92
66
181
113
52
46
55
51
110
74
80
69
96
66
143
80
47
161
81
66
51
55
76
82
61
59
50
72
52
31
57
47
51
69
48
71
45
63
69
193
66
65
111
80
88
63
64
222
43
57
65
48
47
48
47
35
68
75
54
71
54
61
107
71
68
130
68
39
108
84
82
83
53
96
47
55
49
45
64
104
81
37
49
42
55
70
61
245
52
44
98
66
69
78
56
69
54
71
52
55
59
58
49
87
53
103
52
499
61
103
98
40
56
137
147
31
76
187
286
83
61
104
56
88
63
67
62
40
59
74
60
41
88
51
76
64
96
139
53
60
79
46
45
66
47
123
80
58
307
71
67
45
57
64
119
59
36
87
69
50
70
76
33
48
39
34
86
64
57
185
76
42
67
54
60
51
205
81
49
68
63
45
60
100
61
64
92
86
54
45
83
34
37
47
82
100
76
53
34
34
40
58
33
93
68
82
57
81
56
62
73
108
51
57
60
64
85
68
52
63
37
118
43
60
58
55
54
57
82
58
51
114
65
62
70
61
101
55
58
169
80
72
62
52
48
57
116
110
54
59
42
60
53
66
67
39
75
57
121
55
563
51
52
62
57
66
61
61
51
50
55
65
118
62
103
46
61
71
57
41
111
81
47
44
50
90
51
139
51
35
46
60
60
95
59
127
103
53
48
50
86
39
63
57
79
80
49
48
49
57
153
42
105
97
65
132
60
138
92
64
50
62
37
75
260
67
66
44
61
64
142
80
71
63
56
62
94
69
58
46
51
58
171
91
100
79
48
60
60
66
50
88
49
54
50
135
65
58
70
41
67
46
464
53
41
58
71
40
45
39
42
88
58
49
260
56
169
83
83
81
106
43
65
60
49
87
68
68
110
35
62
83
37
54
55
55
50
82
94
70
58
61
47
107
136
94
68
50
37
66
49
54
63
55
52
47
54
65
119
41
66
61
52
44
78
69
103
56
121
47
49
86
47
44
53
45
130
82
63
1782
48
59
54
72
72
52
55
46
69
65
36
53
47
148
61
59
48
124
44
60
57
42
87
49
73
105
85
58
60
91
57
77
56
58
48
77
68
34
54
58
53
60
65
106
50
167
51
76
54
158
53
57
89
101
52
99
68
77
70
42
42
44
57
60
51
62
78
50
64
75
103
47
60
54
36
50
60
84
40
46
97
82
70
61
39
87
81
59
61
47
280
140
66
104
67
101
73
73
66
56
80
64
62
46
80
64
62
49
53
69
55
163
59
60
65
44
88
53
64
66
54
58
86
61
86
65
76
55
32
63
63
70
119
55
38
77
46
60
56
51
36
122
55
311
49
93
48
54
82
99
148
104
48
63
46
55
57
61
79
48
128
47
44
95
106
42
95
68
59
61
60
184
45
44
48
90
54
136
68
69
61
46
38
39
79
43
70
70
47
71
37
49
57
94
70
68
97
41
56
64
63
53
55
93
138
47
48
44
77
35
72
88
88
67
109
119
49
245
51
57
81
57
76
164
71
54
1331
52
89
57
59
49
177
61
45
31
77
32
87
62
70
46
91
52
41
89
73
84
88
51
41
49
44
52
79
54
39
65
114
67
55
41
57
68
65
67
38
67
87
57
89
93
114
42
82
118
58
49
81
60
82
41
56
59
56
48
61
47
54
67
40
45
68
38
53
45
62
74
48
81
99
64
51
64
74
71
62
43
60
45
57
61
35
50
50
389
54
95
386
76
69
70
42
75
40
56
120
173
37
59
47
50
77
136
71
242
76
62
39
148
67
74
104
54
59
61
164
44
58
73
59
57
119
101
56
69
46
62
81
47
80
68
82
51
59
49
78
55
46
47
75
428
124
55
44
50
45
71
52
99
75
64
53
82
62
56
67
57
50
66
42
65
90
126
61
48
65
77
51
73
82
114
50
46
59
41
61
66
69
58
60
63
87
43
59
49
76
62
81
55
46
81
83
52
83
64
102
90
39
66
39
42
51
69
60
54
54
63
67
49
114
68
50
76
94
88
39
51
62
67
64
50
77
64
52
57
51
67
78
106
40
57
57
77
79
74
54
45
73
70
83
75
51
64
51
76
46
45
72
124
122
80
63
328
61
108
83
43
51
49
70
98
48
52
53
82
164
62
45
42
53
96
40
58
42
55
67
81
129
62
61
54
42
53
54
60
98
68
96
25
46
82
51
97
225
97
53
71
54
120
74
103
63
97
61
57
46
208
75
54
77
81
33
76
72
123
70
66
49
56
54
123
45
63
44
57
75
52
46
54
34
61
157
56
46
83
57
47
61
132
59
63
64
55
96
76
51
75
58
67
73
50
66
80
59
89
39
63
64
61
55
61
54
56
59
54
44
49
49
62
48
41
71
58
81
94
46
82
72
52
328
39
89
38
60
56
58
71
54
39
53
80
50
96
74
49
59
36
53
66
68
44
138
76
39
56
94
70
86
94
54
59
60
53
61
81
75
66
48
91
43
88
57
97
68
58
58
38
50
97
91
95
45
97
87
37
65
39
42
104
102
69
68
97
61
83
112
80
61
135
66
44
72
54
56
72
708
35
65
83
44
78
400
133
53
55
60
173
124
51
218
95
55
45
52
91
70
58
81
54
63
75
89
70
49
55
70
60
65
66
54
87
65
60
83
58
52
74
45
64
73
66
48
55
49
62
110
37
59
55
63
78
60
44
45
62
71
42
45
56
56
67
72
83
49
569
43
54
62
80
64
228
43
47
49
55
53
88
53
47
49
40
61
415
64
69
201
68
51
63
53
57
82
68
89
74
100
60
71
126
56
77
87
143
51
106
34
54
57
62
45
63
53
79
77
66
78
56
67
52
44
65
43
83
61
50
40
50
55
113
82
84
67
68
41
252
64
55
50
69
60
67
59
60
51
60
62
60
92
65
54
70
50
52
33
66
96
41
71
45
73
60
48
49
55
66
60
43
57
92
50
46
86
61
106
72
49
88
70
51
70
77
181
44
80
66
106
89
66
89
41
80
104
60
247
69
84
51
57
62
60
51
86
73
54
68
1402
53
56
93
72
65
51
45
73
60
40
56
46
63
79
72
42
41
108
51
74
83
47
68
74
382
33
66
82
64
43
71
146
60
49
42
65
62
68
50
70
55
54
72
58
59
228
62
47
47
65
73
66
238
63
41
45
98
55
76
63
49
58
83
68
221
59
101
29
63
55
163
84
41
77
55
51
52
45
75
59
51
43
64
53
64
84
56
61
37
53
54
30
95
70
95
46
69
75
89
99
51
39
601
43
84
63
52
67
65
87
54
49
66
54
56
48
63
48
65
55
61
100
58
75
124
55
46
65
53
60
83
76
165
98
74
102
50
46
82
69
95
60
50
72
68
121
70
47
70
61
57
83
48
50
89
40
41
74
249
78
74
43
45
92
67
52
132
117
51
48
81
107
49
71
71
67
49
78
79
28
65
48
67
77
42
68
96
97
53
60
104
40
68
40
62
56
66
78
65
53
55
74
118
83
57
53
52
164
71
65
71
46
34
126
53
45
72
62
52
56
187
64
85
67
61
138
48
196
58
56
79
42
80
82
104
63
49
49
43
37
55
38
78
73
55
45
51
46
130
115
50
65
93
41
68
46
60
63
91
51
77
73
63
90
61
112
130
60
63
68
50
78
72
71
98
75
64
92
54
51
43
41
82
49
52
67
56
51
42
61
57
58
36
46
92
49
54
61
87
58
70
109
72
50
229
54
2171
38
49
40
49
76
100
50
63
66
143
62
54
100
87
59
52
71
59
78
85
60
50
120
43
311
35
70
53
55
64
55
309
54
62
68
58
68
52
89
57
66
50
43
68
51
63
78
50
75
75
64
50
58
68
54
53
75
75
51
75
54
55
79
77
45
81
69
58
60
48
51
77
59
42
35
72
67
76
168
70
111
71
53
67
52
93
87
73
59
250
60
64
256
68
60
59
59
282
55
48
54
55
60
51
53
54
45
46
77
76
64
96
58
56
55
94
94
158
50
64
49
55
54
93
43
52
70
59
81
75
46
56
51
52
71
61
60
72
327
46
39
45
65
59
55
128
71
147
189
65
96
39
40
73
128
72
42
126
47
43
68
40
161
47
45
59
46
61
47
60
86
59
45
70
65
63
54
61
68
50
55
50
62
86
62
71
85
54
73
133
63
75
33
73
51
73
72
98
94
63
33
49
49
57
67
151
81
43
50
76
68
83
45
53
48
56
93
51
67
62
39
42
55
64
61
64
233
98
52
44
205
34
71
83
106
79
35
65
79
43
46
70
71
63
67
61
38
57
74
78
81
66
58
56
89
83
61
63
57
48
36
51
40
104
49
80
67
66
63
1222
33
53
53
61
63
60
63
61
51
57
89
49
40
181
59
58
53
54
65
60
62
77
78
31
66
73
141
61
62
72
50
52
66
41
60
52
65
75
71
71
69
53
63
61
99
94
54
41
46
48
97
74
69
66
43
55
65
77
403
39
55
3833
83
83
66
78
65
105
71
47
58
53
54
146
62
57
89
54
57
46
69
54
43
73
58
92
65
73
64
138
55
45
627
38
57
65
44
236
68
38
58
59
46
66
84
287
54
123
45
390
65
129
60
74
58
48
47
176
57
63
66
62
56
117
77
67
81
58
77
52
43
60
49
60
101
54
53
52
57
47
77
80
62
68
59
67
31
1735
61
144
53
51
86
63
107
47
53
51
70
65
64
77
46
64
59
81
64
63
46
44
50
40
92
37
52
76
35
49
54
56
78
42
67
195
205
84
62
60
47
45
55
39
48
117
52
53
58
88
80
132
62
52
52
54
60
41
58
76
53
53
37
54
51
43
132
78
81
62
75
59
79
89
465
50
56
50
67
56
96
62
51
67
71
54
63
57
41
44
55
48
65
118
76
124
52
47
100
78
259
41
55
80
45
51
32
71
61
85
77
50
46
45
78
53
788
83
104
475
53
52
133
70
53
59
71
51
90
69
72
79
43
114
98
76
79
47
104
48
38
46
72
38
52
134
58
82
80
51
51
56
50
62
84
79
85
67
192
93
56
50
50
75
62
51
64
64
54
51
65
100
89
97
73
50
96
87
48
64
60
76
87
76
55
82
79
76
110
85
61
64
52
128
56
46
83
71
61
59
59
267
72
71
42
34
47
32
50
56
54
68
109
60
154
79
61
84
88
41
115
90
57
41
59
50
41
41
76
54
93
29
60
64
65
80
53
57
48
81
71
70
49
78
238
88
67
77
138
63
78
70
47
91
44
60
72
50
62
65
125
46
51
51
59
43
77
65
102
40
61
61
56
183
58
85
54
40
457
123
87
63
60
69
58
60
67
58
54
1820
39
93
81
65
79
60
158
1851
41
62
59
60
59
111
80
69
862
61
90
87
34
538
58
48
53
76
54
41
76
54
59
69
51
44
74
57
70
100
60
60
55
63
66
46
63
97
100
73
82
66
63
40
133
47
58
57
33
76
66
53
60
47
52
86
94
65
76
64
89
58
49
52
44
47
59
42
73
40
51
53
160
47
50
388
53
97
44
59
83
68
62
51
70
45
67
63
49
75
314
71
73
41
103
115
69
69
102
54
36
80
100
143
51
84
52
49
73
54
124
39
45
54
168
52
58
65
115
87
67
56
66
83
116
52
64
65
49
115
68
83
47
59
55
52
62
78
71
63
88
161
58
82
67
52
77
50
106
52
78
50
88
460
51
71
79
65
47
87
58
59
38
58
71
52
63
56
69
82
34
76
61
72
47
58
82
39
67
78
53
132
111
41
90
94
45
61
38
39
65
42
57
67
60
41
75
64
43
61
54
107
62
47
93
85
65
38
59
60
69
82
79
70
57
104
58
44
67
47
64
59
42
38
37
70
55
61
103
50
83
67
50
46
62
46
102
44
55
68
64
64
68
98
85
99
46
80
85
47
55
110
95
74
50
79
51
85
53
37
47
62
63
53
53
55
42
60
66
76
53
57
133
47
66
56
65
62
96
44
85
56
52
209
62
45
43
50
141
51
32
53
68
376
113
43
46
52
124
36
82
70
49
47
47
97
71
149
73
145
41
47
49
53
66
67
38
63
54
40
54
44
54
55
63
88
64
60
59
46
82
74
56
87
44
38
59
54
87
77
201
59
54
67
58
87
47
59
72
65
67
78
102
66
79
55
55
68
48
88
55
81
66
47
241
63
60
48
56
57
274
50
53
62
50
64
49
71
67
48
55
65
49
53
81
89
32
61
57
67
34
58
57
125
33
53
67
71
38
41
66
90
91
102
54
57
29
55
42
53
79
47
68
71
66
53
44
53
131
45
47
65
63
85
82
1201
39
101
82
55
50
85
114
40
100
46
41
51
63
52
234
46
38
46
80
96
59
4136
51
35
68
188
62
49
465
82
79
52
40
79
42
63
77
53
95
981
75
54
73
53
86
69
48
57
81
47
71
49
80
77
67
53
50
65
59
60
59
69
71
58
180
60
51
78
100
39
69
64
44
67
38
56
62
70
61
77
60
48
44
79
52
74
309
52
66
45
71
67
48
72
72
77
105
43
52
53
80
52
62
72
48
54
50
70
88
65
257
64
56
677
46
49
53
62
67
121
42
90
66
45
50
73
55
55
47
47
31
59
98
47
72
62
58
48
61
38
57
59
92
50
43
51
60
68
48
104
74
44
65
90
66
97
85
57
50
50
47
56
47
55
60
57
36
44
54
67
44
85
64
107
84
47
53
63
69
49
94
56
86
53
106
57
66
96
34
68
45
37
255
76
60
160
53
56
186
55
75
59
80
62
95
41
35
55
70
107
48
54
45
29
66
56
48
46
260
59
39
68
107
42
42
42
49
50
61
62
47
42
46
56
124
60
78
55
193
44
78
65
65
48
60
85
58
74
107
62
145
62
53
63
49
39
58
98
53
59
41
80
52
50
71
34
53
51
62
64
55
46
49
81
46
64
78
72
111
42
76
641
70
58
96
76
87
61
68
39
70
53
76
44
49
49
50
72
121
48
76
54
101
66
89
63
56
50
89
58
55
49
26
83
42
59
47
92
42
184
55
37
162
278
144
47
108
201
37
61
56
83
47
53
56
55
70
91
69
66
68
53
61
91
314
42
78
57
51
81
69
47
55
49
74
51
53
69
48
60
43
115
42
96
100
63
41
54
126
112
58
80
69
83
40
96
62
107
97
82
5621
48
81
45
52
100
61
39
78
89
47
93
67
113
61
85
70
92
41
75
51
61
66
56
76
82
59
66
54
34
113
371
69
73
65
47
60
110
59
71
98
110
45
57
73
62
201
54
100
62
289
171
47
59
101
47
72
43
55
96
68
60
103
125
56
82
67
203
88
90
76
96
85
43
552
54
26
67
49
58
71
150
1896
57
57
51
53
147
50
62
46
66
51
49
82
150
31
49
61
53
62
63
71
45
31
63
52
129
72
84
49
43
121
134
51
62
50
54
37
177
54
64
53
63
115
48
85
346
56
155
59
70
91
44
46
50
28
55
63
80
45
35
54
65
79
42
49
68
59
106
46
67
84
139
67
55
42
100
45
61
70
55
68
41
61
45
65
67
93
57
35
131
56
61
54
63
37
53
77
63
71
88
42
84
91
81
82
74
48
74
62
68
56
87
56
88
52
59
44
64
86
65
112
48
60
98
48
110
95
69
51
44
53
57
47
63
50
95
110
60
73
42
52
100
81
376
54
45
53
42
70
97
249
77
46
51
39
140
40
35
84
60
51
141
44
62
81
87
47
98
59
58
126
98
87
186
52
41
60
71
62
53
35
98
45
67
84
80
59
52
67
57
60
70
68
66
54
68
42
58
51
573
70
44
84
95
46
53
56
127
326
183
77
80
58
87
68
71
56
93
73
70
56
486
90
61
83
60
42
89
55
42
41
65
69
344
80
78
50
50
58
152
55
183
75
93
60
52
119
63
50
46
51
48
51
62
61
86
77
55
52
59
63
63
48
43
51
53
60
48
67
41
55
49
57
110
65
182
124
44
67
44
57
59
56
56
61
38
324
58
417
54
52
75
128
57
60
62
71
191
68
48
59
45
79
60
55
72
46
62
68
57
76
93
75
73
62
45
61
66
51
52
41
72
49
65
68
50
47
48
52
47
55
63
63
48
51
46
53
62
32
66
68
52
62
74
74
68
48
52
77
52
59
50
62
30
96
53
66
98
42
50
145
204
36
61
68
36
69
54
75
117
66
59
59
63
78
77
62
34
137
70
42
67
63
170
77
40
91
631
52
124
51
69
73
67
77
39
55
70
109
77
98
89
49
38
76
45
52
52
520
82
40
52
198
42
52
89
117
52
36
73
82
133
63
48
78
105
39
76
52
80
59
53
55
57
88
73
77
43
63
49
88
46
81
81
50
62
68
56
62
601
124
54
81
99
65
41
51
53
74
69
71
67
38
60
45
71
67
236
58
69
64
42
64
55
78
77
82
68
48
40
78
60
120
1539
54
97
59
47
69
43
47
60
34
63
43
49
70
45
54
43
69
67
41
95
69
59
123
66
49
91
66
61
100
57
67
49
51
54
78
66
98
47
60
42
47
62
35
53
62
63
65
69
51
42
73
45
56
448
59
118
69
47
43
60
86
62
96
77
92
92
62
88
71
57
159
59
401
58
68
53
72
45
161
135
61
51
85
99
66
51
142
93
48
45
53
64
43
48
55
77
46
44
74
69
62
121
52
50
54
59
54
94
62
47
59
102
74
103
52
57
71
88
53
53
41
41
137
39
758
88
52
144
42
65
58
95
43
53
68
68
69
48
47
75
78
71
44
49
60
52
64
52
44
50
55
68
75
52
67
58
61
61
52
63
35
87
61
68
76
65
122
55
116
81
58
112
73
40
63
67
46
62
100
199
64
54
53
61
68
44
55
62
87
31
52
61
87
48
54
67
78
92
46
100
63
142
84
51
52
104
64
66
83
80
49
49
48
169
86
47
60
58
80
64
58
32
52
50
69
71
84
49
46
82
55
45
65
37
132
64
44
80
56
58
135
53
69
60
52
115
49
48
64
50
56
77
97
52
48
56
81
46
48
93
85
84
54
83
80
42
97
109
32
44
54
124
64
61
72
62
57
50
96
39
53
52
73
85
66
83
79
85
51
94
61
68
39
54
48
54
118
56
90
209
69
60
69
66
40
59
77
72
100
52
56
127
66
55
53
50
47
58
62
68
57
47
52
53
40
47
56
42
232
42
62
65
43
49
53
127
35
60
35
55
28
40
75
63
63
46
72
49
46
49
55
71
70
49
54
55
66
73
65
58
47
62
53
75
69
52
127
110
72
51
47
42
66
47
47
99
115
53
35
58
52
81
38
62
55
44
560
47
63
55
60
59
56
106
54
37
73
131
53
130
92
362
51
56
101
167
70
58
46
116
55
51
56
55
56
51
46
62
30
62
57
37
58
77
56
72
66
68
61
69
61
96
45
62
102
84
54
80
60
54
56
89
68
101
126
50
51
48
82
70
42
62
57
88
52
66
106
53
82
131
49
56
163
51
78
75
65
74
54
34
899
51
57
56
68
90
75
67
120
113
62
53
64
75
78
76
79
67
46
60
42
52
52
56
46
56
57
41
42
90
69
51
126
69
151
49
81
44
38
61
47
65
64
48
48
133
50
57
61
45
49
140
53
73
51
71
46
59
35
46
61
57
73
75
58
43
246
54
60
53
62
79
68
45
34
72
126
132
77
76
54
127
50
46
412
49
58
42
58
145
377
64
85
54
76
59
69
63
70
123
89
52
83
61
61
51
56
108
59
59
63
49
98
54
59
99
81
64
67
67
75
77
50
68
57
60
48
46
51
60
57
52
44
71
166
63
93
95
60
44
768
55
49
89
455
59
52
55
79
89
73
46
62
42
74
87
73
83
38
49
102
51
56
66
66
46
52
51
91
63
53
46
90
44
68
51
78
70
84
51
52
65
221
64
80
72
49
35
66
141
54
102
71
49
246
75
50
70
75
53
75
64
80
89
70
87
70
60
71
42
84
55
62
61
51
68
48
115
73
43
50
112
57
68
86
49
44
208
88
119
40
58
53
74
75
60
52
84
39
59
48
177
92
58
80
43
55
133
41
43
60
68
74
65
85
50
46
41
431
46
47
40
56
60
59
64
45
42
42
52
64
64
63
73
125
50
99
65
67
51
57
37
88
53
48
58
43
56
58
72
72
69
42
57
81
91
57
68
45
70
44
46
61
71
55
49
71
46
49
109
64
56
69
228
49
52
70
54
42
43
42
50
40
58
188
49
49
62
61
74
51
67
73
79
68
88
57
55
78
57
69
37
51
49
62
57
94
65
85
51
75
62
67
43
45
57
61
63
38
80
45
49
41
59
66
59
64
52
47
89
65
249
72
71
46
42
65
83
91
82
67
71
53
64
66
58
71
68
41
53
63
112
66
89
57
134
81
49
59
61
56
38
81
47
55
96
49
59
41
56
65
59
67
43
51
111
46
49
40
44
53
61
73
55
65
67
68
56
64
66
77
52
71
156
703
60
120
52
49
75
88
69
85
81
59
314
53
152
62
98
53
74
51
83
80
66
65
136
51
67
56
51
55
67
113
109
39
67
70
73
53
124
59
37
112
86
77
75
54
63
47
57
60
58
55
46
47
47
46
70
55
66
143
70
107
64
43
85
59
65
131
33
67
51
67
65
44
55
63
67
35
45
69
56
54
38
59
36
64
55
116
80
84
68
70
54
61
75
59
64
143
50
123
89
86
45
71
55
54
107
63
90
84
61
65
45
95
83
52
114
59
78
55
51
54
35
159
115
62
55
81
61
53
50
104
49
95
71
162
134
53
83
63
64
26
67
46
53
65
59
51
47
65
978
68
55
53
54
61
68
33
54
69
92
41
92
60
47
68
50
44
53
47
39
278
75
75
83
44
67
70
64
61
64
109
69
42
59
59
47
49
67
50
46
104
75
47
74
48
160
43
55
29
64
60
56
53
67
124
64
93
53
92
88
62
69
47
62
60
88
120
56
33
62
53
106
43
61
245
82
57
35
45
56
120
87
92
124
56
61
77
55
60
48
65
60
74
10272
59
71
174
73
48
67
88
42
62
66
51
51
55
77
61
59
43
42
376
58
48
43
62
44
58
73
82
60
82
59
80
71
33
73
76
58
90
56
59
66
49
467
55
62
55
37
58
60
73
58
81
73
45
76
116
74
113
65
67
58
39
102
743
61
274
83
53
68
64
67
57
46
66
69
42
53
73
79
80
64
67
47
66
34
121
161
71
43
64
30
66
115
98
50
63
46
72
55
71
75
91
54
71
217
77
52
77
53
60
66
33
77
47
66
154
49
48
94
66
67
122
65
69
109
53
46
60
58
42
59
883
76
75
86
69
41
104
287
47
72
79
62
51
67
44
55
55
40
61
65
62
62
48
54
73
46
52
58
34
60
37
63
63
105
92
166
50
57
49
43
57
61
62
52
39
77
36
67
64
123
78
54
59
44
58
56
55
60
74
117
60
52
71
68
77
98
71
62
90
48
54
69
40
77
49
82
64
67
70
66
73
60
128
82
39
52
52
58
94
67
46
53
60
53
77
55
60
46
71
55
41
172
126
47
54
43
54
61
54
51
47
42
72
59
120
33
61
66
203
60
43
69
86
75
75
51
52
97
81
55
46
54
60
78
50
58
66
