7
23
15
12
37
9
11
6
12
17
8
22
2
12
51
13
10
9
8
12
15
34
14
9
13
17
14
21
21
24
12
20
83
563
11
54
12
12
28
42
21
27
26
14
226
12
75
5
55
15
17
10
29
27
19
16
82
11
20
28
6
13
16
51
56
7
14
18
20
12
56
16
5
56
25
23
14
9
14
5
10
16
10
17
8
13
10
9
19
26
23
81
34
59
14
6
26
11
15
62
34
31
5
13
25
6
31
13
20
14
17
74
55
28
86
33
23
47
55
27
20
26
11
32
5
41
9
17
10
18
42
59
74
65
15
15
13
14
12
32
25
30
30
8
18
57
21
5
17
27
10
10
46
12
136
16
16
123
22
11
24
20
21
21
14
25
40
16
23
7
34
27
10
16
9
16
20
14
31
12
21
15
8
10
58
7
29
16
48
19
10
18
28
15
8
9
25
13
16
1752
12
12
32
6
12
19
25
13
27
11
40
16
14
28
28
25
12
12
11
6
17
39
26
84
17
12
70
21
16
33
12
24
28
10
12
38
14
22
13
28
6
36
11
11
27
45
16
7
9
17
13
2
78
13
17
39
6
26
124
8
24
13
14
15
6
18
11
15
9
19
86
17
6
11
20
13
16
26
6
21
24
16
28
9
13
34
26
11
83
21
172
9
6
14
15
16
11
17
13
17
23
17
7
21
9
16
23
12
12
12
16
46
8
13
17
28
8
6
10
9
4
26
10
22
6
6
52
74
17
52
12
8
22
35
16
22
23
12
14
42
13
26
19
43
6
6
5
8
25
12
22
79
11
14
88
7
20
6
45
12
5
198
11
2
72
53
17
6
25
15
14
36
10
9
17
13
29
9
5
17
6
27
6
30
11
14
20
28
12
82
24
16
10
14
4
3
19
18
24
28
14
60
12
20
28
5
8
10
6
5
48
17
7
7
23
11
15
131
17
15
5
19
6
41
11
32
3
17
207
13
14
5
10
29
14
81
37
18
14
83
28
35
5
40
10
12
22
138
30
24
7
33
6
39
34
10
22
8
212
9
11
25
23
2
125
31
16
7
12
16
86
14
150
10
11
9
45
5
19
4
539
11
383
9
28
12
7
13
14
20
16
22
13
24
19
21
17
16
52
9
7
23
15
12
37
9
11
6
12
17
8
22
2
12
51
13
10
9
8
12
15
34
14
9
13
17
14
21
21
24
12
20
83
563
11
54
12
12
28
42
21
27
26
14
226
12
75
5
55
15
17
10
29
27
19
16
82
11
20
28
6
13
16
51
56
7
14
18
20
12
56
16
5
56
25
23
14
9
14
5
10
16
10
17
8
13
10
9
19
26
23
81
34
59
14
6
26
11
15
62
34
31
5
13
25
6
31
13
20
14
17
74
55
28
86
33
23
47
55
27
20
26
11
32
5
41
9
17
10
18
42
59
74
65
15
15
13
14
12
32
25
30
30
8
18
57
21
5
17
27
10
10
46
12
136
16
16
123
22
11
24
20
21
21
14
25
40
16
23
7
34
27
10
16
9
16
20
14
31
12
21
15
8
10
58
7
29
16
48
19
10
18
28
15
8
9
25
13
16
1752
12
12
32
6
12
19
25
13
27
11
40
16
14
28
28
25
12
12
11
6
17
39
26
84
17
12
70
21
16
33
12
24
28
10
12
38
14
22
13
28
6
36
11
11
27
45
16
7
9
17
13
2
78
13
17
39
6
26
124
8
24
13
14
15
6
18
11
15
9
19
86
17
6
11
20
13
16
26
6
21
24
16
28
9
13
34
26
11
83
21
172
9
6
14
15
16
11
17
13
17
23
17
7
21
9
16
23
12
12
12
16
46
8
13
17
28
8
6
10
9
4
26
10
22
6
6
52
74
17
52
12
8
22
35
16
22
23
12
14
42
13
26
19
43
6
6
5
8
25
12
22
79
11
14
88
7
20
6
45
12
5
198
11
2
72
53
17
6
25
15
14
36
10
9
17
13
29
9
5
17
6
27
6
30
11
14
20
28
12
82
24
16
10
14
4
3
19
18
24
28
14
60
12
20
28
5
8
10
6
5
48
17
7
7
23
11
15
131
17
15
5
19
6
41
11
32
3
17
207
13
14
5
10
29
14
81
37
18
14
83
28
35
5
40
10
12
22
138
30
24
7
33
6
39
34
10
22
8
212
9
11
25
23
2
125
31
16
7
12
16
86
14
150
10
11
9
45
5
19
4
539
11
383
9
28
12
7
13
14
20
16
22
13
24
19
21
17
16
52
9
4
15
9
7
91
26
22
27
73
12
15
19
80
24
17
13
7
15
15
2
50
14
8
85
18
42
123
116
21
11
21
27
6
28
15
25
7
15
5
22
12
21
10
15
35
32
57
28
27
21
13
23
9
18
10
7
19
18
11
11
8
18
15
21
13
7
46
6
31
44
24
23
5
7
18
38
17
29
9
22
11
12
19
15
14
27
64
16
33
46
2
53
20
18
8
12
18
12
12
42
17
31
14
21
6
25
32
25
126
11
19
3
13
9
8
12
32
14
13
16
299
24
27
21
23
3
8
55
15
14
19
32
10
13
10
6
9
141
32
20
7
12
33
10
25
8
18
6
14
4
31
16
20
10
30
15
12
21
33
10
24
12
24
33
8
19
7
54
15
13
9
15
153
25
13
11
13
21
51
40
10
25
28
25
17
15
21
12
24
225
14
7
29
15
12
12
14
59
21
10
20
20
24
75
7
5
5
16
18
52
16
13
39
5
27
16
12
25
12
43
17
15
31
23
21
8
8
35
1
12
14
12
40
35
16
4
10
64
63
8
18
3
16
15
37
27
20
18
28
16
14
9
18
24
12
155
18
9
6
20
56
20
19
15
38
17
25
26
11
11
27
19
9
14
19
13
10
30
15
37
16
22
105
15
186
15
6
16
43
41
21
6
8
7
8
23
26
4
26
44
30
11
34
16
19
79
51
5
11
18
9
18
77
32
40
11
55
14
213
242
22
19
24
19
28
9
5
8
10
14
9
18
15
43
18
13
55
10
18
15
3
5
7
37
47
36
9
410
87
5
51
9
9
4
74
15
14
30
42
10
8
12
19
9
12
12
17
13
12
19
96
15
28
12
16
10
29
21
17
15
13
8
7
19
9
16
8
29
13
18
142
13
27
39
5
10
14
15
29
22
19
8
22
69
6
15
24
30
20
9
20
20
4
34
8
8
12
16
13
10
41
19
5
16
8
41
62
17
6
23
13
13
355
9
9
6
17
3
15
19
7
57
76
59
40
60
33
20
8
20
31
9
12
12
12
9
11
7
32
11
10
17
20
10
16
7
60
9
12
3
21
113
19
18
10
27
73
21
6
47
18
20
61
188
6
28
11
14
8
8
10
95
20
8
47
23
6
23
27
14
38
12
6
49
10
17
32
44
14
30
26
13
16
13
15
6
31
6
13
14
14
50
13
16
7
15
19
11
8
18
11
19
3
114
40
23
19
22
17
21
17
21
21
9
10
6
62
16
8
46
18
65
7
9
29
14
44
23
14
19
24
17
5
11
12
65
8
48
18
35
25
152
9
9836
19
17
9
5
14
18
106
2
16
16
12
16
13
15
26
8
12
24
15
27
11
32
45
7
7
12
18
13
13
12
24
9
14
12
9
41
13
16
19
11
29
235
1020
17
13
19
22
61
43
25
10
14
18
12
27
11
20
52
26
15
9
10
41
25
145
15
15
27
12
6
6
17
15
9
38
10
13
50
11
21
12
13
30
14
16
10
11
24
146
26
17
7
22
9
11
15
18
11
6
14
18
9
27
31
13
14
24
10
15
16
50
23
18
16
32
31
15
8
8
17
18
9
13
25
204
11
16
106
37
19
21
45
7
13
6
2
22
19
104
125
17
15
5
10
39
18
25
64
25
13
13
10
8
14
8
15
111
31
22
24
8
6
15
11
9
26
16
15
9
14
19
17
4
14
41
9
19
8
15
151
13
11
14
17
15
8
12
17
18
34
65
9
18
81
48
13
7
12
1026
15
30
8
17
6
8
10
17
12
18
17
72
20
28
8
3
115
19
15
150
18
9
14
74
44
17
16
23
16
10
10
13
14
7
29
6
11
7
31
17
14
36
6
45
22
2
10
26
30
15
43
17
12
25
19
19
24
23
3
14
21
27
59
29
11
45
21
51
21
17
8
15
58
19
25
5
22
23
1
3
6
8
34
31
13
10
13
8
8
13
17
23
20
11
36
5
21
11
25
24
13
8
14
19
10
16
29
2
12
25
14
6
11
20
14
13
5
19
23
10
8
34
32
25
25
14
49
44
62
13
10
6
10
8
6
15
22
7
27
24
1177
43
50
12
24
9
19
11
13
12
3
19
13
5
18
95
20
19
18
25
8
19
326
9
16
7
40
37
11
9
14
37
9
14
10
14
9
52
28
43
12
11
33
11
17
31
6
11
11
6
21
33
4
8
16
31
19
13
26
13
13
7
14
25
9
20
18
12
5
6
8
28
20
20
15
18
11
15
12
73
21
16
5
7
12
7
12
6
11
18
8
149
20
10
28
36
10
16
12
33
31
126
83
10
13
19
17
26
73
4
43
44
16
7
76
14
21
44
27
8
15
18
9
17
18
155
42
12
10
17
9
33
21
9
19
44
26
19
16
20
9
27
42
12
15
13
14
33
24
8
8
19
28
9
12
38
15
14
4
14
12
26
13
9
9
8
16
12
5
6
18
3
33
33
18
32
29
27
9
13
34
32
22
22
16
7
9
12
22
28
9
13
2
12
17
9
30
25
24
8
11
7
110
21
11
15
21
57
8
23
66
16
32
13
9
76
6
10
28
10
46
13
6
20
10
11
19
189
17
1136
19
24
14
8
21
23
30
23
11
15
15
13
8
16
24
11
11
10
4
7
25
55
58
26
41
14
12
5
15
12
28
12
35
14
46
8
22
20
30
86
25
14
12
28
93
8
8
16
11
13
11
5
9
19
4
27
4
24
10
4
10
7
12
4
11
20
9
33
12
5
13
10
6
4
16
6
36
19
20
17
24
10
7
9
8
37
14
29
49
16
15
29
3
13
28
9
7
16
16
27
4
6
13
9
25
19
16
26
17
145
14
8
47
11
11
18
9
18
17
19
22
15
6
10
8
11
63
97
13
10
19
18
9
22
42
21
42
8
8
40
17
11
27
7
14
37
13
5
15
10
34
8
11
30
22
10
14
4
17
15
312
57
16
12
529
5
21
10
17
23
13
37
9
107
48
15
55
8
5
7
6
18
6
13
10
99
15
9
10
12
39
17
14
22
9
13
64
11
38
10
9
14
13
7
24
12
28
18
8
152
2
12
10
8
28
17
12
26
28
12
18
17
106
41
10
12
20
9
44
12
7
11
9
11
15
129
9
65
6
9
104
8
20
24
20
3
9
16
24
8
10
14
10
10
16
50
6
28
13
136
4
6
9
20
17
53
5
21
62
11
25
71
30
15
43
23
83
15
46
168
57
47
7
14
11
22
14
57
37
18
25
12
16
12
5
15
24
16
16
25
18
15
9
46
20
27
10
32
16
15
6
10
16
13
10
15
27
10
10
4
25
15
20
10
12
9
11
23
4
12
13
13
10
23
15
20
12
60
17
12
25
9
22
7
14
26
9
16
2
9
287
11
9
9
37
25
12
94
13
8
16
31
16
24
20
11
30
40
19
29
12
13
6
22
12
13
7
7
6
6
11
19
27
9
9
24
17
16
13
31
36
18
47
9
13
10
18
53
15
11
12
5
9
13
11
13
11
25
10
13
7
76
17
15
4
6
255
44
69
8
38
15
18
7
8
13
7
23
15
6
11
26
32
26
7
43
17
14
11
22
11
42
11
4
13
17
13
17
80
16
15
21
9
7
28
118
60
16
9
26
10
16
25
12
25
130
50
9
16
11
12
17
14
18
17
19
14
27
6
14
17
2
9
66
25
11
7
18
33
20
42
17
10
4
24
3
18
23
23
23
25
43
6
44
4
11
10
10
10
35
9
76
11
23
64
10
22
6
14
10
59
22
16
17
19
20
17
13
10
11
17
98
6
10
31
15
7
16
17
19
28
17
16
4
32
15
21
5
8
12
44
10
21
94
10
9
31
1
8
24
11
12
14
19
200
18
11
34
21
22
51
33
6
18
16
167
8
166
22
15
8
27
17
14
21
26
27
6
44
26
26
22
3
278
19
42
6
10
77
22
18
15
21
6
8
17
12
11
10
15
13
12
10
3
1820
3
17
11
16
83
12
31
9
10
17
6
13
10
5
15
18
12
10
10
78
21
11
20
9
9
24
14
2325
59
232
19
44
22
131
5
5
12
10
43
6
17
12
12
29
49
17
56
34
22
10
33
5
10
24
19
10
15
12
22
16
10
15
22
11
38
25
37
11
28
90
5
15
15
17
15
21
224
21
7
7
8
11
16
16
6
16
36
20
12
14
2
9
33
135
45
5
12
7
13
43
10
4
26
9
42
12
60
13
31
16
10
20
7
18
13
7
19
5
29
15
8
6
12
14
18
14
15
61
31
9
12
18
58
10
17
2
14
44
20
16
53
40
25
7
28
13
14
21
31
5
11
23
11
348
8
7
21
18
24
13
6
385
24
17
19
7
22
20
13
12
9
14
10
7
11
42
4
8
22
29
12
9
7
14
15
11
14
13
16
17
140
35
18
21
38
31
62
15
52
5
56
20
34
13
10
12
107
7
5
6
10
8
9
13
23
29
18
27
30
16
430
30
38
6
13
20
13
54
23
12
18
12
17
29
261
12
24
9
3
9
29
10
31
26
38
12
19
115
10
105
6
8
20
12
32
38
21
6
11
18
14
29
13
9
16
15
10
6
28
19
22
26
175
17
56
38
79
25
15
121
18
11
35
1272
36
60
13
13
12
23
38
11
7
9
13
22
9
13
48
16
33
35
16
7
20
20
13
8
7
10
13
21
88
24
30
6
9
56
20
21
61
10
79
100
22
20
30
65
15
17
33
37
28
8
7
16
23
9
80
6
14
10
15
26
135
16
105
27
72
3
3
26
11
8
13
18
100
118
15
19
11
6
29
9
10
34
4
42
75
6
13
29
60
18
8
6
37
71
40
9
17
6
10
6
23
1729
8
595
12
20
50
24
14
24
50
32
25
27
13
32
22
12
275
53
8
13
18
14
31
8
6
17
13
10
19
39
20
17
10
19
13
19
7
21
5
14
26
20
19
35
64
64
11
22
8
7
8
18
18
14
10
4
23
22
16
11
39
37
21
19
38
10
25
30
20
10
155
117
24
18
8
9
28
6
17
47
3
18
21
11
21
27
21
11
34
17
9
26
11
7
60
13
4
14
9
16
10
14
9
11
13
23
10
7
18
16
23
10
11
15
17
46
8
10
32
18
32
29
16
27
7
6
9
20
18
17
14
15
25
27
46
21
36
70
25
24
16
14
32
7
9
31
9
15
13
20
24
7
25
9
27
15
21
47
21
44
25
8
8
15
22
12
13
16
3
18
9
21
18
17
58
19
6
64
14
26
55
4
18
17
7
22
38
25
32
23
7
16
19
31
30
11
62
15
15
47
15
140
49
63
60
8
4
52
52
5
23
64
14
11
50
8
10
13
23
4
15
9
22
65
8
13
51
3
19
28
17
64
19
11
13
9
18
10
11
6
18
3
13
34
15
9
5
18
23
36
8
31
10
8
9
23
11
97
12
10
11
10
16
37
19
12
10
66
47
22
32
21
6
19
23
25
13
10
31
14
13
39
7
14
9
11
8
5
20
16
12
28
25
23
6
20
28
12
43
4
80
19
20
54
9
21
23
16
8
21
9
13
16
106
8
37
138
10
35
14
10
60
25
25
16
13
14
46
24
11
11
11
19
13
53
35
6
61
20
40
13
12
16
8
240
10
17
13
18
5
71
4
11
4
11
11
12
20
33
17
19
26
10
22
6
81
54
8
16
9
11
12
39
14
27
9
5
23
17
4
474
5
110
7
8
21
54
10
14
4
98
4
19
16
10
2
26
14
6
10
26
29
13
16
1138
10
57
45
25
13
29
121
5
17
4
15
19
8
13
11
3
8
23
22
3
41
12
33
17
17
42
8
10
4
62
10
13
12
4
15
9
14
17
8
4
19
11
17
9
4
19
25
7
19
59
12
57
12
10
17
12
9
20
13
7
241
16
16
5
19
11
26
4
11
18
17
10
16
6
40
14
11
16
7
18
22
8
14
27
22
9
28
16
26
16
6
13
12
35
11
16
11
7
59
17
18
22
29
22
8
11
21
29
14
24
89
11
18
74
19
10
14
17
38
33
125
51
12
5
6
10
55
24
24
16
39
14
90
33
17
91
33
25
11
19
32
33
21
13
8
15
10
4
4
16
11
19
9
24
6
11
29
138
20
20
45
28
31
17
14
156
4
11
27
5
8
10
10
5
17
26
18
16
10
19
44
29
20
64
24
12
49
32
41
33
12
45
6
6
14
4
13
47
17
6
11
9
10
21
16
170
7
5
41
20
16
21
22
21
7
18
10
12
17
8
15
32
15
41
19
381
17
55
60
13
18
77
68
9
35
114
204
28
10
48
15
22
19
15
21
9
10
11
14
7
46
6
19
17
49
84
11
12
32
8
15
19
8
63
18
12
240
20
13
17
8
29
62
15
8
33
21
8
15
34
4
8
6
11
39
21
9
108
32
4
15
5
16
11
129
29
5
24
11
7
8
41
10
31
37
34
6
19
39
3
10
7
29
48
21
18
5
5
6
12
1
39
27
27
12
21
22
13
33
50
23
7
14
19
23
28
14
20
5
75
11
17
14
14
17
10
34
12
8
53
24
20
24
13
39
12
12
100
24
16
29
10
7
15
48
48
7
14
4
10
11
17
23
6
23
18
69
13
455
11
14
13
11
12
12
13
15
11
19
16
57
18
34
9
22
21
5
8
58
27
7
15
7
26
13
84
25
3
4
23
17
47
17
60
48
15
14
9
25
10
22
17
28
24
10
7
12
10
108
4
38
39
12
72
21
72
30
16
17
9
4
26
189
13
21
9
16
11
86
26
20
24
14
18
34
21
15
7
10
24
105
35
52
27
10
11
20
17
7
32
12
15
16
82
23
16
17
1
26
4
360
13
6
15
24
13
9
7
8
26
15
11
178
13
108
32
22
29
54
6
24
16
17
20
19
16
62
6
17
26
9
17
10
13
12
37
42
32
14
22
5
23
65
34
18
1
4
18
6
10
12
12
18
3
12
22
55
4
29
24
6
12
30
25
47
17
52
17
9
26
9
5
16
10
87
20
24
1512
9
22
9
18
23
9
7
12
30
19
4
11
12
83
15
16
8
58
8
20
19
8
29
7
20
54
26
13
9
39
15
21
13
9
6
23
9
6
14
16
12
13
18
57
4
78
22
30
18
91
5
9
38
46
12
43
21
24
26
4
12
8
10
21
6
25
21
12
9
18
39
12
11
9
6
13
16
30
9
5
52
43
15
16
6
29
28
11
21
6
214
69
20
46
19
42
31
28
20
5
22
15
15
8
27
14
20
8
16
26
11
102
13
12
21
9
31
10
17
16
11
18
31
7
36
25
26
8
7
15
11
12
68
16
6
22
11
6
17
6
7
51
19
212
7
52
3
12
41
48
92
40
12
19
8
11
19
20
35
10
68
6
9
48
51
7
42
22
10
24
14
118
4
9
8
33
13
80
30
24
30
6
6
9
24
6
26
22
3
24
4
6
19
31
22
19
43
11
10
14
20
14
9
45
82
14
8
12
18
3
21
35
34
17
60
59
14
158
18
9
37
13
16
96
15
8
1105
11
32
24
13
14
105
15
12
0
36
1
23
25
17
10
39
12
7
30
23
31
30
10
12
14
7
14
27
8
5
19
56
11
14
5
11
13
20
22
6
18
32
16
39
45
51
6
25
58
18
20
28
11
23
2
11
17
14
14
15
5
8
28
6
1
22
5
14
10
19
26
4
36
37
16
11
12
19
21
19
14
18
12
12
14
5
12
7
280
17
43
294
17
18
16
9
46
7
17
63
118
6
21
11
6
26
79
14
150
26
17
6
68
13
39
48
11
8
11
106
5
17
24
16
17
54
38
7
18
13
18
49
7
39
21
31
12
12
12
32
10
17
13
23
302
55
11
6
15
6
26
10
40
25
17
8
40
19
13
16
11
18
18
8
14
39
56
15
9
25
19
9
22
23
42
18
7
19
6
15
17
19
21
9
12
36
10
8
12
27
6
33
18
12
46
44
17
38
11
45
23
3
19
8
7
12
17
4
10
13
17
15
18
67
20
13
27
33
37
10
17
12
16
20
7
27
14
8
12
10
20
23
58
6
11
8
21
27
24
9
11
30
20
40
29
11
18
21
34
6
9
25
72
69
21
20
236
14
62
18
12
20
10
21
41
11
22
7
25
108
20
19
11
10
47
5
11
4
14
21
22
71
10
21
14
5
13
7
8
52
23
37
5
10
24
14
34
150
35
11
28
16
63
23
57
8
38
14
12
7
134
18
11
25
30
3
26
14
62
19
10
11
9
10
67
11
17
6
12
20
11
10
9
4
17
88
7
11
44
19
12
13
70
17
15
14
7
41
36
19
22
15
17
28
13
21
23
8
30
7
8
19
22
16
19
7
13
15
11
18
17
15
13
6
14
16
13
31
44
7
25
20
8
234
7
30
7
22
20
8
14
11
9
5
22
7
35
15
12
18
6
15
31
23
4
92
26
5
13
58
18
24
39
13
14
22
9
14
34
24
19
14
37
14
34
12
36
11
17
15
9
9
39
32
31
3
30
29
7
16
5
6
56
42
22
19
41
19
28
57
22
22
72
18
9
20
13
18
19
557
6
17
43
9
21
294
95
10
19
16
95
71
9
140
41
12
5
14
34
19
24
26
11
16
16
28
24
9
12
16
15
15
20
20
22
21
13
23
10
9
15
13
10
25
25
5
8
11
12
54
8
12
15
16
19
18
8
8
10
29
12
8
12
11
19
26
34
14
445
8
5
14
19
9
145
7
10
12
11
3
32
9
5
11
10
11
327
16
28
131
14
10
18
17
5
36
21
40
24
43
11
15
71
6
31
34
89
16
55
5
9
19
23
10
16
13
24
26
14
29
16
20
17
6
16
4
29
16
10
8
7
17
61
30
42
24
26
11
165
13
23
12
32
21
24
13
20
9
19
28
10
33
18
10
18
12
4
12
29
58
10
33
11
27
15
9
9
13
16
19
9
17
35
11
5
25
17
53
26
12
27
21
12
17
23
126
8
28
29
51
35
17
46
7
28
36
18
167
32
29
11
18
14
26
15
36
25
8
21
1229
14
13
38
30
17
8
9
26
9
3
14
6
14
16
24
9
3
64
14
18
23
5
17
29
257
6
15
30
20
11
22
68
21
8
11
27
21
29
12
6
14
12
34
13
15
153
15
8
11
18
26
29
165
14
7
3
39
5
16
10
11
16
34
18
149
9
47
4
22
12
97
20
9
17
13
10
16
9
24
12
16
17
14
11
17
32
17
12
9
14
13
2
51
23
42
16
17
13
41
45
11
5
478
4
19
17
19
25
11
35
14
7
13
18
8
8
18
10
18
12
11
58
14
22
61
13
8
20
14
20
27
30
99
44
23
57
13
8
32
16
32
16
6
40
24
53
20
13
22
14
13
25
9
5
44
4
9
27
175
24
19
9
10
30
16
14
60
62
11
15
22
54
9
29
16
16
5
22
21
4
19
9
19
43
7
16
42
47
9
17
45
6
18
5
28
12
13
26
20
10
9
26
55
32
20
11
11
87
18
10
22
9
3
67
12
11
25
11
11
10
112
18
20
25
20
76
3
116
10
23
23
11
19
22
62
19
6
6
6
4
11
13
19
26
20
10
7
9
81
35
12
25
32
9
18
4
19
12
30
10
35
31
12
36
13
66
69
15
24
20
9
20
18
20
39
22
14
30
12
9
10
10
25
11
11
11
10
6
7
18
11
22
5
15
44
13
15
15
41
13
14
36
28
13
160
11
1829
9
7
7
12
33
31
17
13
17
86
9
7
49
31
17
13
16
14
24
34
12
17
63
6
222
3
21
7
18
24
8
227
21
20
17
15
7
10
25
13
27
3
9
25
8
16
34
14
9
34
23
14
16
26
26
13
23
28
8
34
8
20
38
23
11
24
13
13
22
12
9
29
16
7
8
32
21
24
93
18
46
26
19
17
6
36
27
20
15
161
18
23
164
19
10
18
8
175
22
9
7
20
17
7
12
6
7
13
26
26
14
37
16
13
12
32
27
94
8
22
10
17
18
39
5
4
17
17
32
27
9
16
7
15
31
17
16
18
254
5
11
12
13
17
8
65
32
85
117
19
55
6
4
32
69
24
5
64
8
6
16
10
106
12
10
13
5
15
5
11
41
10
7
12
19
9
19
18
20
6
8
12
20
25
12
15
36
20
29
84
22
38
9
32
10
21
18
41
37
12
7
5
10
25
18
89
18
8
10
20
11
32
6
14
6
9
41
9
30
20
9
4
14
13
19
21
172
33
6
10
120
4
16
17
34
28
7
25
25
8
10
21
16
16
23
17
4
9
27
19
22
16
11
14
37
21
18
20
17
14
6
7
4
53
4
26
21
14
18
1040
3
12
11
15
19
18
13
14
11
17
29
7
5
108
15
21
14
10
23
19
9
28
15
2
28
23
97
24
13
16
8
7
12
5
12
12
18
19
14
30
19
13
16
16
35
37
18
9
8
7
49
22
23
21
11
10
22
25
302
4
12
3364
42
30
12
28
14
45
28
11
9
13
13
80
15
14
31
8
11
6
29
9
9
24
12
36
22
21
20
77
6
7
475
4
11
24
5
148
18
2
19
12
11
16
25
202
11
64
12
319
23
54
17
24
14
9
7
114
9
14
17
15
17
59
23
22
22
21
33
9
9
10
11
17
49
13
11
16
16
10
26
29
15
14
20
19
5
1412
21
77
6
7
30
15
53
12
15
13
28
19
6
19
7
20
11
33
25
28
9
4
19
6
31
6
13
32
3
8
13
16
25
8
17
120
128
36
14
20
13
10
17
7
12
49
13
12
13
42
19
64
17
4
8
6
10
5
14
17
8
5
10
16
13
9
81
25
23
22
17
7
28
31
354
11
6
3
27
7
48
16
7
21
18
7
31
16
5
8
16
11
19
59
18
73
14
11
46
34
180
3
14
34
10
12
8
19
23
39
35
6
6
5
23
11
627
26
37
397
13
12
72
11
10
7
8
19
35
19
18
18
7
61
28
25
25
12
58
5
5
7
23
4
10
65
20
22
41
14
11
17
6
15
30
27
25
18
104
35
17
11
8
19
14
10
12
23
15
15
13
64
38
45
30
10
43
36
9
24
13
22
26
25
11
21
30
19
60
54
13
18
5
63
7
6
22
29
12
8
19
202
14
25
3
7
3
2
14
9
19
21
53
12
71
15
14
34
20
1
50
43
9
9
5
14
8
8
24
9
40
3
13
12
19
17
14
11
6
27
23
34
9
29
139
27
20
22
52
12
16
20
12
29
6
22
21
9
14
20
59
7
19
11
11
9
17
22
39
7
22
15
8
136
14
32
9
2
369
48
25
18
19
22
15
9
24
14
8
1559
5
27
38
7
24
18
89
1462
9
22
17
11
7
64
18
19
707
14
31
42
4
445
11
8
14
19
9
13
27
16
9
19
13
7
18
14
15
47
16
16
12
10
12
10
15
37
44
14
31
23
21
11
75
4
23
9
4
11
19
13
15
10
10
38
34
12
16
17
42
16
7
7
4
15
18
15
31
5
15
20
94
6
8
257
15
40
7
9
35
15
15
13
27
6
11
11
5
17
230
14
26
9
41
64
17
18
50
20
9
25
41
83
10
42
9
13
25
13
60
8
10
8
112
10
17
26
56
25
12
15
18
43
55
9
20
15
9
47
23
29
7
13
4
9
22
21
20
20
27
91
9
22
19
7
30
7
61
8
27
7
43
333
4
17
28
14
7
42
15
11
7
18
30
12
17
14
11
24
11
27
21
10
2
10
26
7
19
33
6
81
47
5
45
40
8
24
3
9
17
11
9
21
13
13
27
24
6
12
12
50
14
17
33
22
15
7
19
18
12
18
20
26
20
39
11
7
30
9
14
13
8
4
8
25
16
13
50
13
28
8
3
11
16
10
61
8
11
27
10
24
18
41
22
40
6
31
32
8
19
48
33
21
8
31
19
35
8
5
10
9
8
17
12
13
5
10
13
22
10
15
83
12
13
9
30
15
47
6
28
9
16
130
10
9
5
5
65
14
8
14
11
278
55
12
18
10
59
7
23
17
6
9
5
37
16
95
28
78
2
9
20
8
21
25
6
20
10
9
21
8
12
8
18
40
8
19
23
6
22
16
21
15
3
4
16
15
32
24
145
15
18
15
7
29
8
11
38
22
17
28
43
20
19
20
10
15
10
43
9
27
13
7
153
19
11
18
17
15
196
10
12
16
8
9
16
13
13
11
16
18
8
15
43
28
6
16
19
20
4
18
12
61
7
11
22
26
7
9
18
35
43
63
14
19
2
12
7
11
20
12
21
19
15
11
11
10
55
6
11
18
14
24
27
926
11
41
25
13
10
26
60
8
51
6
6
9
18
11
157
5
4
15
20
40
14
3613
15
3
17
125
18
15
364
32
28
10
6
20
4
18
23
11
41
830
16
18
31
19
39
28
6
16
34
3
20
15
15
19
15
8
11
11
10
16
17
14
13
7
112
12
15
18
36
4
15
14
10
13
6
12
15
25
21
16
7
10
11
32
8
20
228
12
18
10
24
10
4
18
19
27
45
9
11
5
26
6
23
28
5
9
11
16
25
26
168
20
10
552
5
9
12
18
15
64
13
47
16
9
11
23
17
15
8
10
1
28
50
3
20
13
9
14
9
9
8
14
37
8
6
9
13
24
12
48
18
14
22
33
26
40
21
11
11
12
10
6
6
17
11
17
7
10
11
11
10
37
11
48
32
12
10
16
27
11
41
11
11
8
46
10
6
42
6
18
11
5
170
28
11
89
21
9
108
8
38
13
35
12
27
10
2
15
17
52
15
10
12
5
17
13
9
7
174
14
5
23
43
8
10
6
5
18
7
16
5
8
13
17
64
9
21
16
134
6
26
25
23
19
21
36
18
21
48
21
72
23
12
34
9
5
11
35
15
14
4
36
10
12
18
8
14
13
11
15
14
20
14
22
9
13
16
22
53
9
26
507
16
13
40
25
34
10
26
4
13
8
33
7
7
8
18
19
68
14
18
14
41
15
38
26
12
14
30
17
16
10
5
31
7
15
15
41
11
105
12
2
108
229
78
9
46
129
6
19
14
42
6
6
15
8
11
34
16
22
12
10
9
41
199
2
26
14
12
30
20
6
13
6
27
10
13
20
9
19
14
54
10
45
33
12
11
12
63
59
10
21
19
25
7
36
17
53
42
36
5008
7
30
6
13
40
21
6
30
40
6
37
16
64
10
34
24
30
6
20
13
20
14
8
16
31
12
14
14
6
45
261
17
21
19
11
15
46
18
7
57
45
6
14
17
20
122
11
50
11
221
90
8
8
35
5
24
9
18
44
24
16
46
66
11
32
12
124
30
38
24
36
24
10
440
17
4
22
18
9
28
78
1663
9
17
13
18
80
8
13
4
18
5
15
44
85
3
9
21
7
13
15
26
7
4
21
11
60
25
32
9
4
57
70
9
15
8
18
4
115
13
15
5
26
53
4
28
225
15
80
14
18
40
7
11
11
0
13
9
20
8
3
14
21
21
9
3
25
11
48
8
21
30
70
23
11
4
60
13
16
21
17
16
4
14
11
14
23
34
11
2
57
14
22
14
19
7
21
21
20
10
29
4
27
24
26
34
29
10
27
12
13
13
39
9
38
12
14
4
25
32
19
58
10
19
37
7
56
39
25
7
5
15
18
5
16
7
32
70
9
10
5
15
39
35
284
17
3
8
11
18
46
166
31
10
13
8
82
4
8
25
13
20
69
9
12
19
26
5
35
7
26
55
43
44
122
9
2
11
21
20
13
7
37
13
11
23
35
23
13
16
18
16
24
34
17
14
15
10
13
3
421
12
5
20
43
7
19
10
72
244
94
8
20
15
35
9
17
15
27
17
32
18
380
33
15
34
11
6
27
14
13
5
17
23
240
33
26
13
10
11
77
18
133
33
42
11
8
53
16
12
14
6
9
10
23
17
25
26
9
10
15
11
13
4
11
11
15
9
6
23
3
13
8
10
48
28
114
68
11
21
3
24
20
16
6
19
2
229
13
305
14
6
19
70
15
10
13
22
118
9
7
17
8
24
16
8
27
6
18
30
10
15
49
25
27
19
11
12
16
9
21
6
15
9
16
13
13
10
11
11
11
13
23
20
10
12
11
11
16
5
18
21
8
9
29
22
18
7
8
22
17
22
15
23
10
42
11
17
49
10
8
85
136
10
14
17
6
20
9
18
51
20
13
15
20
31
27
9
5
67
24
11
19
13
106
22
7
38
498
11
48
9
18
30
15
19
6
14
18
55
23
38
26
13
11
22
10
10
9
399
36
7
15
110
3
12
39
59
14
9
8
21
62
21
7
35
40
9
26
14
29
14
15
11
21
32
23
35
9
11
9
25
11
41
37
14
21
27
18
14
499
79
7
29
51
23
5
11
9
17
15
18
29
13
14
13
23
17
154
17
21
13
9
16
21
23
18
26
28
10
3
30
18
61
1255
13
50
16
7
24
7
11
14
3
17
8
9
19
10
11
4
22
24
7
47
21
11
68
16
10
25
9
19
38
9
25
11
10
12
32
17
42
12
12
2
3
19
8
9
18
30
25
23
9
8
27
13
10
336
29
74
26
13
7
13
44
16
45
22
33
49
19
41
13
17
88
19
286
12
23
8
19
14
98
75
12
12
32
53
23
11
94
41
6
5
22
13
9
11
11
17
9
10
29
24
26
72
9
8
13
15
8
40
16
12
18
30
23
46
13
10
31
26
13
18
6
11
80
7
603
38
8
91
9
18
10
29
10
12
12
15
18
7
5
21
31
15
12
15
22
12
14
7
9
15
16
12
27
13
22
19
16
11
12
12
1
42
21
26
27
18
60
9
61
22
17
53
26
8
14
17
15
8
42
146
22
15
7
12
22
6
13
12
31
5
7
12
31
8
10
27
24
38
7
43
23
64
32
12
7
38
13
27
24
49
9
11
14
101
30
12
17
21
28
13
14
8
14
12
23
25
30
9
7
34
6
12
16
3
69
17
17
34
12
16
64
7
16
12
12
47
10
6
19
11
19
25
49
8
11
10
34
4
11
36
33
38
14
28
29
7
36
52
5
8
12
62
12
16
14
20
22
14
47
9
11
7
17
29
25
40
24
28
14
44
13
23
5
14
10
12
55
9
43
143
19
20
18
13
4
13
32
14
40
12
15
66
28
9
14
13
6
13
17
12
14
13
10
18
7
14
12
6
172
6
13
32
6
8
9
63
3
15
4
11
5
8
21
16
16
4
17
13
17
6
14
30
18
9
11
14
11
23
13
19
9
15
11
24
20
14
71
47
20
4
18
8
21
11
12
54
55
17
6
9
7
28
7
23
18
6
432
8
19
16
21
8
15
36
10
4
20
63
11
72
40
246
20
15
28
103
22
19
7
46
11
13
15
15
10
17
10
19
2
7
15
3
15
18
6
16
15
14
17
13
19
41
8
15
36
30
16
21
16
6
22
29
12
31
64
10
10
16
33
25
6
15
12
29
8
13
60
9
29
63
11
8
87
15
31
30
21
33
8
6
732
17
22
16
12
36
15
17
64
50
22
14
19
19
29
25
18
8
13
9
9
9
14
11
10
13
10
15
13
35
24
9
57
17
95
7
34
8
3
18
11
9
15
8
13
78
7
17
21
11
10
84
17
22
11
15
13
21
5
8
12
11
33
18
8
8
180
12
23
17
15
21
26
4
4
28
49
74
30
22
16
66
5
5
339
11
8
11
16
90
271
21
35
12
21
13
17
14
24
62
31
10
26
21
18
19
11
61
12
12
17
6
34
16
14
37
29
12
12
22
21
21
9
22
18
20
14
4
11
22
12
9
6
15
92
15
52
41
14
7
604
12
13
31
351
13
13
6
28
29
26
5
17
11
19
30
24
41
9
10
45
13
7
27
16
1
12
10
25
24
14
8
36
8
20
8
33
22
31
12
9
12
146
17
19
10
14
6
25
62
15
42
19
7
169
33
6
15
19
6
19
19
31
27
16
30
24
19
24
10
24
19
11
18
10
20
12
61
23
3
2
54
15
19
28
15
6
132
39
74
9
16
7
33
27
13
12
30
5
15
12
108
26
18
28
11
11
72
14
8
18
24
28
17
29
8
3
8
339
14
7
6
17
23
6
21
11
11
1
15
18
16
24
15
69
7
44
11
14
10
17
4
39
15
6
9
7
11
10
14
19
24
7
18
28
41
15
14
13
19
4
9
14
26
10
11
20
10
13
64
16
10
21
158
10
11
29
7
2
6
11
14
12
20
128
8
6
14
11
29
9
23
25
24
15
39
12
8
28
17
16
2
10
6
15
13
38
18
34
8
24
12
11
6
10
9
14
16
10
26
13
15
5
9
15
11
8
18
6
29
24
199
25
22
4
12
22
35
40
17
21
26
10
18
18
14
15
17
11
14
19
63
20
33
10
59
31
7
13
24
12
7
23
15
12
37
9
11
6
12
17
8
22
2
12
51
13
10
9
8
12
15
34
14
9
13
17
14
21
21
24
12
20
83
563
11
54
12
12
28
42
21
27
26
14
226
12
75
5
55
15
17
10
29
27
19
16
82
11
20
28
6
13
16
51
56
7
14
18
20
12
56
16
5
56
25
23
14
9
14
5
10
16
10
17
8
13
10
9
19
26
23
81
34
59
14
6
26
11
15
62
3
29
10
14
16
9
10
19
22
6
10
27
13
11
8
23
9
19
14
60
30
20
22
29
16
21
28
20
14
94
7
54
40
28
9
29
11
16
48
6
31
49
16
18
4
37
27
6
66
19
23
12
15
16
6
96
42
17
8
37
16
12
17
57
9
28
20
82
65
7
41
24
23
6
19
8
11
18
9
8
4
24
809
25
18
13
6
24
19
6
11
11
38
5
26
7
15
13
13
6
6
11
12
203
31
15
21
2
33
16
16
19
16
62
18
7
19
13
2
7
16
11
10
55
22
9
39
10
96
6
13
2
23
26
6
8
21
64
12
48
8
30
31
17
18
7
15
20
31
64
8
7
17
10
43
8
9
150
29
12
1
8
17
51
22
49
58
17
19
19
17
15
7
9
17
18
8927
14
15
107
23
17
16
36
4
12
18
12
11
12
26
14
17
11
16
262
16
14
11
15
6
18
23
46
16
25
18
22
14
5
28
21
14
34
14
11
22
12
379
14
18
10
6
13
15
21
15
16
25
13
12
51
27
46
21
23
15
5
42
563
11
184
21
12
12
26
15
17
9
19
24
5
13
17
17
37
9
23
13
15
7
57
93
21
5
23
2
20
53
54
12
21
11
34
16
24
28
37
12
16
134
31
8
37
6
13
8
4
22
9
17
72
7
11
45
22
22
58
21
27
47
13
6
7
17
10
13
665
28
13
38
26
1
48
203
15
18
34
17
5
27
8
17
8
4
27
14
14
8
11
12
24
14
6
7
6
11
2
21
15
48
40
104
10
15
10
7
16
13
16
6
5
25
3
18
20
71
19
12
14
15
15
4
7
26
26
68
19
12
16
24
26
32
30
18
29
9
11
35
12
35
10
32
19
20
9
17
27
12
58
38
9
14
11
17
41
13
14
7
13
13
24
14
15
8
16
16
8
100
63
16
9
9
17
15
15
10
9
5
15
12
54
3
16
19
131
16
10
16
31
18
25
6
9
49
34
12
17
15
12
24
6
10
20
