0
2
3
0
5
0
1
0
2
0
0
0
0
0
11
0
0
0
0
3
4
7
0
0
1
5
0
4
2
1
1
4
22
287
0
11
1
2
3
10
3
4
4
4
103
1
22
0
26
1
2
0
0
2
4
0
20
0
2
4
0
1
1
15
22
0
2
5
2
3
7
0
0
14
2
2
2
0
2
0
0
2
1
1
0
0
2
1
1
9
3
13
9
8
0
0
5
1
0
31
6
6
0
0
3
0
6
1
1
0
3
27
11
5
32
7
4
10
17
3
2
1
0
6
0
4
0
0
0
2
22
12
11
19
1
0
0
1
1
2
6
3
7
0
1
16
1
0
2
7
0
0
7
1
63
0
0
33
4
1
4
1
2
0
1
1
8
3
2
0
12
3
0
2
0
0
0
0
7
1
1
2
0
1
13
0
6
1
8
3
1
3
7
1
1
1
7
1
1
1035
1
1
10
1
0
4
2
0
4
2
10
2
0
4
8
4
1
0
3
0
0
11
4
33
3
0
32
0
0
9
0
3
8
2
3
3
0
5
0
4
2
11
0
1
7
5
0
0
2
0
0
0
15
1
1
11
0
8
49
1
1
1
1
4
2
1
0
0
0
1
35
1
0
1
1
2
0
1
0
1
4
1
5
1
1
1
0
1
16
5
60
1
0
0
1
1
1
0
2
4
5
2
0
0
0
1
7
0
0
1
0
15
0
0
2
4
1
0
1
0
0
6
2
1
0
0
16
25
1
12
0
2
3
9
0
1
3
2
2
5
0
5
4
11
0
0
0
1
2
0
2
26
1
1
38
0
8
0
13
2
0
74
1
0
19
16
2
0
4
0
2
6
0
0
1
0
6
3
0
1
0
2
0
5
1
0
1
2
0
26
1
0
0
2
0
0
0
0
2
6
0
19
5
4
11
0
1
0
0
0
6
2
0
0
4
1
2
46
1
2
0
0
0
5
1
10
1
0
106
2
0
1
2
4
2
29
10
0
1
24
2
1
1
12
0
1
1
55
8
6
0
6
0
12
2
0
6
0
91
0
0
2
1
0
45
12
1
0
0
4
17
1
50
1
0
0
7
0
0
0
278
0
191
0
8
0
0
1
2
0
3
1
0
6
1
1
1
1
7
0
0
2
3
0
5
0
1
0
2
0
0
0
0
0
11
0
0
0
0
3
4
7
0
0
1
5
0
4
2
1
1
4
22
287
0
11
1
2
3
10
3
4
4
4
103
1
22
0
26
1
2
0
0
2
4
0
20
0
2
4
0
1
1
15
22
0
2
5
2
3
7
0
0
14
2
2
2
0
2
0
0
2
1
1
0
0
2
1
1
9
3
13
9
8
0
0
5
1
0
31
6
6
0
0
3
0
6
1
1
0
3
27
11
5
32
7
4
10
17
3
2
1
0
6
0
4
0
0
0
2
22
12
11
19
1
0
0
1
1
2
6
3
7
0
1
16
1
0
2
7
0
0
7
1
63
0
0
33
4
1
4
1
2
0
1
1
8
3
2
0
12
3
0
2
0
0
0
0
7
1
1
2
0
1
13
0
6
1
8
3
1
3
7
1
1
1
7
1
1
1035
1
1
10
1
0
4
2
0
4
2
10
2
0
4
8
4
1
0
3
0
0
11
4
33
3
0
32
0
0
9
0
3
8
2
3
3
0
5
0
4
2
11
0
1
7
5
0
0
2
0
0
0
15
1
1
11
0
8
49
1
1
1
1
4
2
1
0
0
0
1
35
1
0
1
1
2
0
1
0
1
4
1
5
1
1
1
0
1
16
5
60
1
0
0
1
1
1
0
2
4
5
2
0
0
0
1
7
0
0
1
0
15
0
0
2
4
1
0
1
0
0
6
2
1
0
0
16
25
1
12
0
2
3
9
0
1
3
2
2
5
0
5
4
11
0
0
0
1
2
0
2
26
1
1
38
0
8
0
13
2
0
74
1
0
19
16
2
0
4
0
2
6
0
0
1
0
6
3
0
1
0
2
0
5
1
0
1
2
0
26
1
0
0
2
0
0
0
0
2
6
0
19
5
4
11
0
1
0
0
0
6
2
0
0
4
1
2
46
1
2
0
0
0
5
1
10
1
0
106
2
0
1
2
4
2
29
10
0
1
24
2
1
1
12
0
1
1
55
8
6
0
6
0
12
2
0
6
0
91
0
0
2
1
0
45
12
1
0
0
4
17
1
50
1
0
0
7
0
0
0
278
0
191
0
8
0
0
1
2
0
3
1
0
6
1
1
1
1
7
0
0
0
0
0
32
1
2
1
15
0
0
0
11
2
0
1
1
2
0
0
12
1
0
38
1
11
37
49
6
2
2
3
0
8
1
2
0
0
1
0
0
0
3
2
5
4
14
1
6
2
1
1
0
2
0
0
4
3
0
0
0
2
1
2
1
0
13
0
8
11
6
8
0
0
2
8
1
4
0
4
0
0
2
2
1
1
22
2
8
8
0
10
2
4
0
2
3
0
0
11
0
3
1
1
0
2
10
7
47
0
1
0
1
0
0
0
5
0
1
0
132
1
5
8
1
0
1
23
1
1
1
8
0
0
1
0
0
43
12
6
0
2
1
0
4
0
1
0
0
0
6
1
4
2
5
0
2
5
9
0
3
3
2
9
0
1
1
11
2
1
0
0
57
6
0
1
4
2
10
11
0
5
15
1
0
1
6
1
1
96
2
0
5
0
0
1
1
22
0
1
2
2
2
13
0
0
0
0
5
11
2
2
10
2
2
1
1
2
0
8
1
0
5
4
0
0
0
5
0
0
2
0
13
12
4
0
0
18
27
0
7
0
5
1
8
2
11
3
7
0
0
1
1
1
0
50
1
0
0
6
17
1
0
1
7
1
0
1
0
0
4
1
0
3
3
2
0
7
1
11
2
8
33
1
97
1
0
2
8
9
1
0
0
0
0
2
6
1
3
7
6
0
10
1
0
23
20
0
2
0
0
4
25
5
7
0
13
0
88
81
4
2
0
0
5
0
0
0
0
0
1
0
0
9
1
1
9
1
1
3
0
1
0
7
8
13
0
202
47
1
13
3
0
0
13
1
2
3
9
1
0
0
1
0
0
2
2
1
0
5
34
3
3
2
2
0
1
3
1
4
0
0
0
2
0
1
1
2
0
0
56
1
3
16
2
0
1
3
4
2
5
0
2
35
0
2
0
4
1
1
2
1
0
6
0
0
0
4
1
0
8
1
0
0
0
10
13
0
0
4
0
2
158
0
1
0
6
0
0
4
1
14
16
23
10
14
11
5
1
1
6
0
0
1
0
0
0
0
3
1
1
1
2
0
0
1
11
0
1
0
2
28
1
1
1
6
20
2
0
17
2
0
23
79
0
2
0
3
0
1
0
17
4
0
11
7
0
11
4
2
10
0
0
15
0
1
2
11
0
3
2
1
1
0
2
0
2
0
1
1
1
7
0
1
0
0
1
2
0
2
0
2
0
37
6
3
2
7
1
2
3
2
2
1
2
0
23
3
1
10
3
15
1
1
6
1
11
3
2
3
7
2
0
1
0
19
1
15
5
9
5
59
0
6039
2
0
1
0
1
0
34
0
0
1
3
3
2
3
4
2
1
4
3
5
0
1
11
0
0
1
6
3
1
2
3
0
1
1
1
8
3
0
6
0
1
121
606
2
0
0
7
15
12
0
0
0
3
1
2
2
2
16
4
0
1
0
4
3
65
3
1
5
2
0
0
0
0
1
6
2
2
14
1
0
0
0
4
1
0
2
2
3
52
5
0
0
4
0
2
0
2
1
0
0
5
0
3
1
2
0
8
1
0
4
15
6
0
1
4
7
0
0
0
5
2
1
0
2
107
1
5
44
9
3
1
14
0
0
0
0
6
3
28
37
0
0
0
1
16
1
4
12
3
1
2
0
0
2
0
4
33
13
1
6
1
0
1
0
1
4
1
2
0
0
3
0
0
0
4
0
3
1
1
64
1
1
0
0
4
0
4
0
1
7
34
0
0
22
8
2
0
1
610
2
8
1
0
0
0
0
0
1
2
1
25
0
2
0
1
38
0
0
76
3
0
2
21
13
2
0
1
2
0
0
1
1
0
5
0
1
0
1
2
1
3
0
10
3
0
0
4
4
2
13
0
1
3
3
1
3
0
0
0
1
2
19
2
0
5
2
19
1
0
0
1
10
1
3
0
7
2
0
0
0
0
8
9
3
5
3
0
0
0
0
3
1
1
13
1
3
0
6
5
1
0
0
3
0
0
6
0
4
3
3
1
0
3
0
1
0
0
4
1
0
5
6
4
2
0
19
14
14
1
4
0
0
0
0
0
2
0
4
5
570
11
11
1
5
0
1
2
1
0
0
3
2
0
1
34
3
1
0
2
0
0
167
0
0
0
6
5
1
1
1
9
0
5
0
0
0
14
11
23
0
0
5
2
2
2
1
0
0
0
3
6
0
0
0
7
1
0
7
0
0
0
1
0
0
3
0
0
0
0
0
6
1
1
3
4
1
2
0
26
2
1
0
0
2
0
0
0
1
1
0
66
4
1
14
10
2
0
2
5
8
62
37
0
1
1
1
1
24
0
17
8
0
0
28
1
4
15
1
1
1
1
0
0
1
50
8
0
0
3
0
5
3
0
1
12
3
4
0
1
1
8
13
0
1
1
1
5
5
0
0
2
3
1
2
5
0
1
1
1
0
3
0
0
0
0
2
0
1
0
7
0
7
10
1
8
11
2
0
2
16
7
4
1
1
0
0
0
0
7
2
2
0
0
0
0
2
7
2
0
0
0
53
1
0
2
3
15
0
1
17
1
2
0
0
29
0
3
3
1
6
2
0
0
0
0
0
90
2
591
3
3
1
0
2
4
5
3
0
1
3
0
0
3
4
2
0
0
0
0
3
8
16
2
13
2
2
1
1
1
1
1
13
3
13
0
6
1
4
31
4
3
1
8
33
0
0
0
2
1
0
1
0
2
0
4
0
8
1
0
0
2
0
0
0
2
0
7
0
2
2
0
0
0
0
0
13
0
2
3
5
0
0
2
0
12
0
3
12
0
0
7
0
3
10
0
0
5
0
3
0
1
0
1
5
0
0
4
2
33
1
0
15
1
0
6
1
2
3
1
4
4
1
2
1
1
18
42
1
0
1
1
1
2
13
4
18
0
0
13
1
1
1
1
1
5
1
1
2
0
4
1
0
9
2
0
0
0
3
1
135
15
0
1
253
0
2
1
0
2
1
13
0
55
7
4
21
0
0
0
0
0
0
1
0
27
1
0
1
1
12
2
0
1
0
4
22
0
3
0
0
1
1
0
5
1
2
2
0
57
0
2
1
1
5
1
1
2
4
0
2
0
29
7
0
1
6
1
10
0
0
0
0
0
2
52
1
20
0
2
56
0
0
8
1
0
1
1
1
0
0
0
0
0
3
10
0
1
0
63
0
0
0
3
2
9
0
5
19
0
4
26
1
1
7
2
19
1
15
71
20
11
0
0
0
3
0
18
10
1
2
0
3
1
1
2
1
5
3
4
2
0
1
13
7
2
0
3
1
1
0
1
1
2
0
0
6
0
0
0
1
3
5
1
0
1
0
2
0
0
1
0
1
2
1
3
4
16
0
0
2
0
1
0
4
4
0
1
0
0
120
2
0
0
12
4
0
26
1
0
3
2
4
0
2
1
3
4
1
3
2
1
1
5
1
0
1
0
0
0
1
6
2
0
1
3
4
1
0
7
3
0
11
0
0
0
2
3
1
1
3
0
0
1
1
0
1
4
0
0
1
17
0
0
0
0
114
5
18
1
9
2
1
2
0
1
0
0
1
0
3
3
4
4
0
14
1
1
0
3
1
9
0
0
0
3
2
0
26
3
1
2
1
1
1
36
12
1
0
1
0
1
0
2
6
49
6
0
5
0
0
1
0
3
1
0
1
0
0
3
1
1
1
26
4
0
0
3
11
3
5
0
0
0
9
0
2
0
6
3
0
5
0
6
0
0
0
1
0
14
0
17
0
2
34
0
8
0
2
1
15
3
0
1
4
0
3
1
3
0
0
31
0
0
2
2
0
0
3
1
5
1
0
0
2
1
5
0
0
1
6
0
2
28
0
0
5
0
2
3
2
0
1
1
95
0
0
12
2
0
8
2
0
0
2
77
0
91
3
1
0
4
4
2
3
5
3
1
12
5
3
0
0
105
2
4
0
1
33
1
2
2
6
0
1
2
0
0
0
0
2
2
1
0
1184
0
1
0
3
35
0
8
0
0
0
0
1
1
0
4
0
1
0
1
15
5
1
2
0
0
0
0
1198
19
97
1
12
2
57
0
0
0
1
4
1
0
0
1
2
19
2
12
6
3
1
6
0
0
0
2
1
0
1
1
1
0
1
5
1
3
0
12
0
2
30
0
5
0
4
1
3
76
0
0
0
0
0
1
0
0
2
20
1
2
1
0
0
8
49
9
1
0
0
0
6
2
1
4
0
6
0
8
1
3
0
0
1
0
0
0
0
3
0
5
0
0
0
2
2
1
1
1
18
8
0
2
2
19
0
4
0
3
6
1
0
11
7
5
1
10
2
1
1
11
0
1
6
0
216
0
1
1
0
0
0
0
161
4
3
1
0
2
2
0
0
0
2
0
0
0
13
0
1
1
6
1
1
0
0
0
0
0
2
5
1
50
17
1
3
9
11
17
0
14
0
18
4
9
0
3
1
66
1
0
0
0
0
1
2
3
2
1
5
7
0
222
8
8
0
0
2
2
24
3
0
3
1
1
13
123
0
2
0
0
0
2
3
7
3
8
0
4
44
0
36
0
0
6
0
9
5
0
0
0
1
2
5
2
0
1
1
0
0
6
4
2
2
78
1
8
16
21
4
4
60
8
0
8
750
8
11
3
0
0
0
9
0
0
0
0
1
0
1
22
0
6
7
0
0
0
0
4
0
0
0
0
1
37
6
8
0
0
13
6
2
18
0
22
28
7
2
4
14
0
0
17
1
3
1
1
0
3
0
25
0
0
1
3
3
43
1
40
1
23
0
0
4
2
0
4
1
27
36
0
2
0
0
2
0
2
3
1
10
18
0
1
5
23
0
0
0
10
28
7
0
0
0
1
0
4
1189
0
246
0
3
8
0
1
3
16
7
7
4
2
7
2
0
96
14
1
0
0
1
6
0
1
0
0
0
6
4
4
3
1
0
1
0
0
4
0
2
1
2
2
8
7
21
0
2
0
0
2
2
2
3
0
0
0
4
0
0
7
6
5
0
9
0
4
9
2
0
70
56
3
4
0
0
6
0
2
6
0
2
0
0
4
7
7
1
10
0
1
3
0
0
25
0
0
0
0
4
0
0
1
1
0
0
0
0
3
1
2
0
0
3
3
11
0
4
3
0
6
8
1
8
0
0
1
3
0
4
1
0
2
1
12
2
4
13
7
1
0
1
2
0
1
9
0
1
0
5
7
0
0
0
2
0
3
8
0
13
3
0
0
1
3
1
2
1
0
1
0
5
1
0
13
4
1
18
0
3
9
0
2
0
0
2
7
4
2
3
0
0
1
4
9
0
14
1
4
21
0
45
3
13
14
0
0
19
19
1
3
25
0
2
11
0
2
2
3
0
1
0
6
15
0
2
11
0
0
6
1
15
0
1
1
0
0
1
0
0
4
0
0
8
1
0
0
1
4
13
0
5
2
0
0
0
1
47
1
0
1
2
1
0
1
0
0
16
12
0
5
1
0
0
1
5
2
0
4
2
0
4
0
1
0
1
0
0
3
3
2
3
1
3
0
3
1
0
7
0
22
1
3
6
0
1
4
0
0
1
0
0
1
30
0
10
59
2
6
1
0
19
4
2
0
0
3
9
6
1
1
2
0
1
14
16
0
13
4
7
0
0
0
1
124
3
0
0
1
0
27
0
1
0
0
1
0
6
1
1
3
4
2
0
0
13
16
3
1
0
0
0
5
0
1
2
1
1
1
0
235
0
40
0
1
2
22
0
1
0
43
0
3
1
1
0
3
0
1
1
5
5
1
5
615
1
10
11
0
2
0
30
0
6
0
1
2
0
0
0
0
0
4
4
0
8
0
9
0
1
14
1
0
0
13
1
0
0
0
1
0
1
0
0
0
3
0
1
2
0
1
2
0
3
9
1
23
1
0
0
0
1
5
3
0
110
1
0
0
1
0
1
0
2
1
1
0
6
0
6
1
2
2
0
3
3
0
1
5
3
1
5
1
3
0
0
1
0
2
3
3
0
0
15
0
3
1
2
2
0
1
1
2
0
0
31
0
3
30
4
0
1
3
3
6
77
24
2
0
0
0
18
3
3
3
10
8
31
5
1
20
7
5
0
0
9
6
0
1
0
0
2
0
0
0
0
2
0
5
0
3
8
58
3
1
9
5
7
1
1
57
0
2
5
0
0
0
0
0
0
3
2
0
0
1
7
13
4
15
2
2
10
9
4
9
1
18
0
0
1
0
0
6
3
0
1
0
0
0
0
91
0
2
5
3
4
1
5
5
1
0
0
0
2
0
3
6
1
8
0
160
1
18
30
0
0
23
16
2
7
47
105
3
2
14
1
0
1
3
6
1
1
0
0
2
14
0
0
1
10
38
0
0
7
0
1
0
0
21
2
1
134
1
3
0
0
2
17
1
0
18
1
1
1
8
0
0
2
1
10
4
0
48
10
1
0
0
3
0
42
6
0
2
1
0
0
9
3
3
5
4
0
4
11
1
4
0
1
7
1
1
1
0
1
0
0
10
3
2
0
2
2
2
7
7
5
0
1
0
4
10
2
2
0
27
0
4
2
1
1
0
5
0
0
15
2
3
4
1
15
0
0
32
5
1
3
0
0
1
8
12
0
2
0
1
0
4
5
0
0
3
22
1
255
0
3
0
1
1
0
0
3
0
3
1
16
1
5
0
5
4
0
0
15
1
0
1
1
2
0
32
4
0
0
2
2
12
4
7
11
0
2
1
5
0
7
6
5
1
0
0
1
0
54
0
5
4
1
16
3
18
3
0
4
0
2
1
96
1
1
0
0
0
28
1
3
6
3
3
8
2
3
0
1
0
45
3
13
7
1
0
2
1
0
7
0
3
2
36
4
0
0
0
3
0
148
0
0
0
1
2
0
0
0
3
2
0
72
3
34
8
2
5
17
0
4
2
0
1
5
3
21
0
3
0
0
2
1
0
0
6
9
1
0
2
0
3
23
9
1
0
0
1
1
1
1
3
4
0
0
0
10
0
5
9
0
0
8
4
10
1
8
1
1
2
2
0
0
1
40
0
2
915
0
1
1
3
2
2
1
1
4
7
0
0
2
25
1
2
0
19
0
1
2
0
4
0
5
16
0
2
0
8
0
4
1
0
0
1
0
0
0
1
0
0
1
25
0
12
1
7
3
23
0
0
2
11
0
6
0
2
0
0
0
0
1
2
0
1
7
1
0
2
5
0
1
0
0
1
0
6
0
0
9
6
1
3
0
6
9
0
1
0
130
22
8
11
2
4
4
3
5
0
0
1
1
0
10
1
8
0
4
2
0
44
0
0
5
2
11
1
0
0
0
1
1
0
8
1
1
0
0
0
0
0
35
1
0
3
0
0
2
0
0
9
0
81
0
27
0
1
15
6
27
3
1
2
0
0
4
8
5
0
14
0
1
14
2
0
14
0
2
3
1
37
0
0
0
11
2
20
5
4
5
0
0
0
4
0
3
6
0
1
0
0
3
6
4
1
6
0
0
1
3
1
1
5
35
0
0
1
0
1
0
2
13
0
12
18
0
70
0
1
6
0
4
40
2
0
515
1
6
0
0
3
40
1
1
0
9
0
2
1
1
1
7
1
0
6
1
7
8
0
1
0
0
1
1
0
0
1
18
1
3
0
1
0
2
3
0
0
14
1
11
9
7
0
3
22
1
6
4
0
2
0
0
0
0
3
0
0
1
6
0
0
4
0
1
0
1
4
0
13
7
4
1
0
2
2
3
3
2
1
2
1
0
1
0
93
1
6
126
1
2
1
0
9
2
2
14
48
0
1
1
0
2
25
2
59
5
3
0
14
0
8
12
1
0
0
53
0
1
2
0
2
8
10
0
2
0
1
24
1
9
1
5
0
1
1
7
0
0
0
3
110
18
0
0
1
0
6
1
8
3
3
0
3
3
0
1
2
2
3
0
0
16
26
0
0
6
4
2
2
1
5
0
1
2
1
0
2
2
1
0
2
9
0
1
1
8
0
7
4
0
14
7
1
13
0
10
0
0
3
0
0
0
1
0
1
2
3
0
4
22
5
1
4
4
11
1
3
2
0
3
0
3
0
0
0
1
3
5
25
0
0
0
3
3
3
0
1
5
5
9
8
1
0
5
12
0
0
5
33
19
1
3
88
1
14
2
0
6
0
4
2
1
0
0
4
49
1
3
2
0
12
0
0
0
1
1
2
11
0
3
0
0
0
0
1
20
1
6
0
0
1
2
15
48
8
2
7
2
23
0
14
0
9
3
1
0
63
3
2
2
8
0
6
0
18
1
0
0
1
2
19
1
1
1
0
3
0
1
0
0
1
16
0
0
17
0
0
2
13
0
1
2
0
4
9
4
3
0
1
5
0
2
3
0
7
0
0
4
1
0
1
0
0
0
0
1
2
3
0
0
0
1
1
9
7
0
5
1
1
125
0
1
0
2
3
0
0
0
2
0
1
0
6
0
0
0
1
2
11
5
0
46
2
0
1
16
4
3
9
4
1
0
0
2
5
4
0
0
12
3
3
5
8
2
3
0
0
0
8
9
0
0
3
3
1
2
0
1
18
14
4
0
2
3
4
9
7
4
14
1
1
1
2
1
3
267
0
1
10
0
0
150
51
0
4
1
13
25
1
53
6
0
0
1
5
5
5
5
0
3
0
3
1
0
0
0
1
3
1
2
2
6
2
9
0
0
1
3
1
7
6
0
0
0
2
13
0
0
0
2
2
5
0
2
0
8
4
2
1
1
1
4
13
3
259
1
0
0
1
0
47
0
2
2
1
0
8
0
0
0
1
0
151
3
1
58
0
2
1
0
0
5
1
6
2
7
1
0
29
0
5
5
52
1
17
0
0
3
4
1
3
1
2
3
0
5
1
4
1
0
3
0
1
0
0
0
0
2
15
4
15
4
4
0
56
0
7
0
7
1
1
2
4
1
1
3
0
4
2
0
1
1
0
1
7
27
1
4
2
0
0
0
0
1
1
0
1
1
3
0
0
0
0
14
9
0
6
2
0
4
3
60
0
1
6
6
7
0
6
1
7
6
0
59
10
4
0
0
1
3
3
7
1
1
1
772
1
0
4
5
1
0
1
2
2
0
1
0
1
3
2
1
0
15
2
0
3
0
1
4
92
0
0
7
0
0
2
8
3
1
1
4
4
5
1
1
1
0
9
0
0
49
1
1
2
2
2
12
82
2
1
1
6
1
1
0
0
1
8
2
38
0
9
1
1
0
37
3
0
0
2
0
1
0
4
1
7
2
0
0
0
4
1
0
0
0
1
0
9
6
9
2
0
1
13
8
2
1
284
0
0
1
1
1
0
8
1
0
0
1
1
0
3
0
1
2
0
6
0
3
18
0
0
2
1
1
3
5
44
15
4
16
0
1
7
0
10
0
0
11
5
18
0
4
4
0
0
5
0
0
20
0
1
2
100
3
4
0
0
6
1
0
15
22
1
1
4
12
0
6
0
3
0
4
2
0
5
2
0
9
0
1
4
13
1
2
8
0
0
1
3
0
0
6
2
0
0
5
8
4
2
0
0
32
4
0
1
1
0
15
1
0
0
2
0
0
35
3
1
2
3
33
0
43
1
6
1
0
1
4
13
1
1
0
0
0
0
3
3
4
1
1
1
0
22
1
0
7
4
0
1
1
5
0
4
0
10
2
1
7
1
18
12
1
8
1
2
0
1
2
4
1
3
4
1
1
1
0
2
0
0
0
1
0
1
0
1
4
0
1
11
4
1
0
9
2
4
10
4
1
66
0
892
0
0
0
0
10
4
1
1
0
37
0
0
13
13
1
2
1
1
1
6
0
5
16
0
95
0
0
0
3
5
0
100
6
3
0
1
0
1
4
2
5
0
1
5
2
2
8
0
0
5
3
1
2
1
5
1
2
5
1
15
1
5
9
0
0
5
1
0
4
2
1
2
0
0
1
1
4
2
33
2
8
4
1
1
0
7
3
5
1
68
2
8
85
2
0
3
2
47
3
0
0
7
6
0
0
0
0
0
3
2
2
4
1
0
0
6
5
35
0
4
0
4
2
6
0
0
3
0
1
4
0
2
0
0
6
1
2
1
122
0
1
2
2
1
0
19
11
37
41
0
15
0
0
4
29
4
0
8
0
0
0
1
31
0
0
0
0
2
0
1
14
0
1
4
1
0
4
2
6
0
0
0
2
1
0
0
3
4
2
21
1
7
0
10
2
3
5
12
3
1
0
0
0
3
4
35
0
0
0
3
1
2
0
0
0
3
2
0
1
0
0
0
1
0
1
1
46
4
0
1
39
0
2
4
13
4
2
7
3
0
2
3
2
1
2
1
0
0
2
0
5
1
1
2
11
3
2
3
3
2
0
0
0
24
1
1
2
2
2
677
0
1
2
0
2
5
1
1
0
1
4
0
0
35
1
0
0
0
5
9
0
1
0
0
3
2
36
1
1
2
0
0
0
0
0
0
2
1
0
4
2
0
3
2
2
8
3
1
0
0
8
3
3
3
1
3
2
9
154
0
0
2196
11
4
0
5
0
11
1
2
0
0
1
30
6
2
4
0
1
0
5
1
0
1
0
5
4
2
0
30
0
0
192
0
0
3
0
71
2
0
2
0
1
3
2
88
1
15
2
171
3
8
3
4
1
1
0
63
1
0
0
1
0
20
2
5
1
6
6
0
0
2
0
1
14
0
0
0
2
2
1
3
0
1
2
2
0
634
4
27
0
1
9
1
6
3
0
1
3
3
0
1
1
0
0
7
10
5
0
1
6
0
6
0
0
12
0
3
0
1
2
0
2
55
35
5
2
1
0
1
0
0
0
4
0
0
0
9
2
14
3
0
1
0
0
0
0
1
1
0
0
0
0
2
37
5
1
3
4
0
6
4
177
0
0
0
5
0
9
2
0
7
0
0
3
0
0
0
4
1
3
22
3
12
1
0
9
6
66
0
1
3
0
2
0
0
2
12
4
0
3
0
2
0
339
1
8
213
1
5
28
0
2
1
1
2
4
3
2
0
0
22
3
4
0
1
28
2
0
0
2
0
4
11
4
3
10
1
2
1
0
3
5
9
8
3
36
3
3
0
0
0
2
2
2
5
1
1
0
18
6
12
7
0
9
5
0
3
0
1
7
3
3
2
9
1
15
16
2
1
0
12
0
0
2
5
1
0
2
109
0
5
0
0
0
0
0
0
0
8
10
2
25
2
0
5
4
0
8
7
0
1
0
0
0
1
4
1
6
0
1
3
1
2
0
1
0
2
3
2
0
10
44
4
2
1
9
0
2
1
1
4
0
4
2
0
0
1
21
0
5
1
1
1
2
1
2
1
5
0
1
49
2
3
0
0
193
4
3
1
0
1
0
0
6
0
0
970
1
6
9
1
0
2
45
663
1
2
2
3
0
19
0
4
384
1
2
2
0
247
0
0
0
0
0
0
3
2
0
4
0
0
0
0
1
9
1
1
2
0
1
0
2
3
10
0
1
8
2
0
27
0
3
2
0
1
1
1
0
0
2
14
2
1
1
4
12
5
0
1
0
3
1
5
7
0
1
5
38
0
0
64
1
8
0
0
2
0
0
4
2
0
1
1
0
1
98
2
6
0
11
17
3
3
11
4
3
8
14
28
2
18
1
0
4
1
16
2
0
1
54
2
2
6
13
2
0
1
2
12
10
0
5
0
0
5
4
0
0
3
0
0
7
1
4
6
5
26
0
1
3
0
2
0
22
0
2
0
7
126
0
0
9
0
2
7
1
1
4
2
13
2
3
0
0
5
0
4
3
0
0
1
0
0
1
4
0
25
12
0
15
13
1
0
0
0
0
0
0
6
2
1
1
3
0
0
1
8
0
2
9
3
0
0
3
1
0
1
0
4
5
13
0
1
6
1
2
0
0
0
0
5
0
1
14
1
2
1
0
2
6
0
10
1
0
3
0
6
1
9
2
11
0
10
5
0
1
5
2
2
0
0
1
9
0
0
1
0
2
1
0
0
0
1
2
1
0
1
22
0
1
1
2
2
12
0
0
0
2
39
0
0
0
0
13
0
1
1
0
135
14
0
1
0
25
0
3
1
0
1
0
6
1
34
1
25
0
2
2
0
1
4
0
4
1
0
1
0
1
0
1
7
0
3
5
0
4
3
4
1
0
0
1
1
6
1
47
2
1
1
0
5
0
1
6
2
1
4
7
3
0
2
0
2
0
16
1
9
0
0
55
4
1
1
1
3
115
0
0
0
1
0
4
0
1
0
1
0
0
2
11
5
0
2
9
2
0
0
0
8
0
1
4
9
0
1
0
8
15
18
0
1
0
2
1
1
0
0
1
0
1
0
0
0
8
1
0
3
0
1
1
431
0
16
8
0
0
1
16
0
5
0
0
0
3
0
44
0
0
0
1
10
0
2145
0
0
0
46
5
0
187
18
6
1
0
4
0
7
0
0
12
497
1
2
6
5
6
4
0
0
9
0
1
0
1
0
0
1
0
0
1
3
1
0
0
0
44
0
1
0
4
0
1
0
0
0
1
0
0
2
2
2
1
2
2
4
2
5
111
1
1
1
1
2
0
1
1
3
11
0
0
2
1
1
7
1
0
0
0
3
5
1
69
3
0
320
0
1
0
0
1
21
4
3
3
1
0
4
1
2
1
0
0
9
6
0
2
0
0
0
0
0
0
3
2
1
0
1
1
1
0
13
4
1
1
9
2
9
3
2
0
4
0
0
0
2
1
1
0
0
0
0
0
7
0
8
5
0
1
0
2
0
4
1
1
1
13
0
0
16
0
4
1
0
57
6
0
22
2
1
50
0
11
1
7
0
5
2
0
1
1
10
0
1
2
0
3
0
0
0
72
0
0
7
10
0
2
1
0
4
1
0
0
0
2
0
11
2
4
1
69
0
3
2
3
5
0
6
1
3
7
1
17
5
3
16
1
0
0
15
2
2
0
6
1
1
2
0
1
0
0
2
1
2
1
0
1
1
4
0
9
1
3
238
4
1
7
3
8
0
3
0
2
0
5
0
0
0
1
5
23
0
1
0
11
1
10
3
1
3
3
1
1
0
0
4
0
0
0
9
2
43
1
0
51
114
21
0
4
53
0
1
1
12
0
0
1
0
2
7
3
1
2
0
1
4
67
0
2
1
1
8
2
0
0
0
4
0
0
3
0
1
2
14
0
10
1
1
0
1
8
20
2
0
0
2
1
3
2
7
18
5
3147
0
3
1
1
9
4
1
6
11
0
7
1
20
0
5
10
6
0
1
2
1
0
0
1
5
0
0
1
0
12
110
2
5
1
0
2
11
0
0
20
13
0
1
1
5
57
0
12
1
122
24
0
1
11
0
3
1
4
3
2
1
7
14
0
6
2
36
0
4
6
6
2
0
249
1
0
3
1
1
9
24
1079
0
2
2
3
26
0
1
0
0
0
0
13
31
0
0
7
1
3
1
3
2
0
1
1
25
4
6
0
0
12
22
0
0
0
1
0
58
2
1
1
12
18
0
5
102
0
21
0
1
13
0
1
1
0
2
0
1
1
0
0
1
1
0
0
1
0
16
0
8
2
25
3
0
0
30
1
0
4
0
3
1
0
0
3
7
3
0
0
17
1
1
2
0
0
5
2
2
1
6
0
2
4
8
17
7
0
4
0
0
1
7
2
12
0
1
0
3
6
1
15
0
0
9
0
12
15
5
0
0
1
0
0
0
0
1
22
0
1
0
1
4
15
116
4
0
0
0
2
8
58
1
2
0
0
36
0
0
4
1
4
12
0
0
0
3
0
6
0
0
15
12
13
41
0
0
0
1
3
3
0
6
4
0
4
9
2
1
1
6
0
6
3
1
1
1
0
1
0
198
0
0
2
12
0
2
0
31
117
20
0
1
2
4
0
3
1
4
3
3
2
193
1
1
5
0
0
2
4
1
1
2
1
83
4
4
1
0
0
20
4
79
7
4
0
0
11
4
0
2
0
1
1
0
0
2
6
1
0
3
0
1
0
4
0
0
0
0
0
0
0
0
1
7
8
33
10
0
5
0
6
2
0
1
4
0
96
1
149
1
0
0
25
1
0
1
3
42
0
0
0
1
0
0
0
3
0
2
6
0
0
20
15
5
3
0
0
0
1
3
0
4
0
1
1
0
1
0
0
1
0
4
4
1
0
0
0
0
0
1
5
1
0
5
8
1
0
0
2
1
3
1
4
0
17
1
1
15
1
1
41
41
0
1
2
0
0
0
4
14
2
0
0
3
8
4
0
2
16
4
4
0
1
55
5
0
11
217
0
4
0
1
6
3
5
0
4
2
15
3
9
2
0
0
2
0
1
1
182
7
2
0
31
0
3
7
20
5
0
2
5
9
0
0
9
7
0
8
3
6
4
1
0
7
0
2
6
0
1
0
3
1
8
12
0
3
10
3
0
295
29
1
6
13
4
0
3
0
1
0
2
5
0
1
4
2
0
72
2
2
1
1
2
5
3
1
6
1
0
0
6
4
20
604
2
12
0
0
7
0
1
2
0
1
0
0
0
0
0
0
3
1
0
18
2
1
24
1
0
3
0
1
6
0
2
2
0
0
7
1
5
0
0
0
0
0
0
0
0
12
10
1
0
0
1
2
0
154
1
18
6
1
0
0
5
1
7
0
6
18
2
3
1
4
29
3
149
0
2
0
1
0
36
19
0
0
6
11
2
0
47
7
0
0
5
0
2
2
0
0
0
0
2
2
2
29
0
0
0
0
0
10
0
1
2
6
2
9
1
0
2
9
3
2
0
0
24
0
322
7
0
25
0
3
1
3
0
2
0
0
0
0
0
3
7
1
8
1
4
1
1
0
0
1
1
0
12
0
6
1
2
1
1
1
0
10
0
2
4
3
12
0
21
4
2
7
8
1
1
3
1
0
5
66
1
2
0
4
0
0
1
1
6
0
0
0
8
1
0
4
2
0
0
6
9
9
12
2
0
4
0
3
6
18
1
2
3
34
2
0
0
3
2
1
0
0
1
1
2
4
4
0
0
6
0
0
1
0
16
1
1
12
1
1
8
1
0
1
0
11
0
0
1
0
2
2
14
0
0
2
10
1
1
15
4
5
1
1
8
0
5
17
0
1
0
10
1
1
0
1
3
0
10
1
1
0
1
7
0
9
5
4
0
10
1
3
0
0
0
3
15
0
10
68
1
0
1
1
1
2
4
0
4
0
1
12
3
0
5
0
0
1
2
1
1
1
1
1
0
1
1
0
105
0
0
2
0
0
0
16
0
0
0
0
0
0
1
4
2
0
1
0
4
0
0
1
2
0
0
0
0
1
1
0
1
2
2
5
1
2
19
8
0
1
1
0
2
1
1
13
17
4
0
3
0
7
0
3
1
0
216
0
3
2
1
0
1
11
4
0
3
12
1
18
11
76
4
1
2
32
4
0
0
7
0
1
6
0
0
3
0
0
0
0
1
0
3
2
0
1
1
2
1
2
3
6
0
0
7
1
3
1
1
1
1
2
3
0
16
1
1
2
6
2
0
0
1
1
0
0
18
0
0
13
1
1
23
1
9
6
2
1
0
0
372
1
0
2
0
12
0
1
27
15
3
0
2
1
2
1
3
0
0
0
0
1
3
2
0
1
0
0
2
6
1
0
9
1
30
0
4
0
0
0
1
0
0
0
1
50
0
0
2
0
1
30
3
2
0
0
0
2
0
1
1
0
4
1
0
1
67
0
1
2
2
2
4
0
1
0
12
28
5
3
1
22
0
0
194
1
0
4
1
23
103
0
2
2
0
0
1
0
6
19
8
2
4
4
4
0
1
23
5
0
3
0
2
0
0
6
5
2
1
0
1
3
0
3
2
3
1
1
1
8
1
0
0
0
27
0
28
15
1
0
240
0
0
5
157
0
1
0
3
5
4
1
0
1
3
2
0
19
0
0
13
1
0
1
2
0
0
0
4
3
1
0
2
0
1
0
3
2
6
1
0
1
42
1
2
0
0
1
5
19
3
10
3
0
86
7
0
0
2
0
0
2
5
8
2
4
3
6
6
2
1
1
1
5
0
3
0
16
1
0
0
17
4
0
3
2
0
42
4
27
0
0
0
12
5
2
2
1
0
0
0
25
3
2
4
1
1
10
2
0
1
5
2
0
1
0
0
1
158
0
1
0
2
5
0
2
0
1
0
0
3
1
6
0
20
0
12
1
1
2
0
0
11
1
0
1
2
4
0
2
1
0
0
4
5
13
1
1
0
2
0
0
0
5
0
0
0
0
0
19
0
1
0
66
0
0
4
0
0
0
0
0
0
0
59
1
0
2
2
5
0
5
2
4
0
7
0
0
2
0
0
0
0
0
0
1
6
0
1
0
2
0
0
0
0
0
0
0
1
7
2
0
0
0
0
0
1
5
0
7
2
122
3
2
0
1
1
6
13
1
2
6
1
2
2
3
2
0
0
0
1
17
0
9
0
10
4
0
1
3
1
0
2
3
0
5
0
1
0
2
0
0
0
0
0
11
0
0
0
0
3
4
7
0
0
1
5
0
4
2
1
1
4
22
287
0
11
1
2
3
10
3
4
4
4
103
1
22
0
26
1
2
0
0
2
4
0
20
0
2
4
0
1
1
15
22
0
2
5
2
3
7
0
0
14
2
2
2
0
2
0
0
2
1
1
0
0
2
1
1
9
3
13
9
8
0
0
5
1
0
31
0
4
0
3
1
0
0
2
4
0
0
2
0
1
1
2
0
2
3
16
5
2
6
5
0
4
9
3
0
46
0
8
7
8
0
1
1
0
14
0
9
15
2
0
1
6
2
0
8
2
2
0
4
4
0
37
9
0
0
11
1
0
3
19
1
2
0
18
14
0
18
1
4
1
0
0
0
1
3
0
0
6
403
2
3
1
1
2
7
0
1
0
4
0
3
0
0
0
0
0
1
0
0
73
2
0
4
0
4
1
0
3
0
20
0
0
3
0
0
1
3
1
0
11
3
1
7
1
44
0
1
0
3
1
0
0
1
14
1
9
0
5
5
1
4
0
0
1
3
12
0
1
0
1
9
0
2
48
7
2
0
0
1
17
0
11
16
2
6
1
2
0
0
0
4
1
5248
0
2
39
1
2
1
11
0
0
0
1
0
0
4
0
2
0
0
128
1
4
0
1
1
0
2
11
3
3
0
1
2
0
6
2
0
1
2
1
1
4
188
1
2
0
1
1
2
4
4
2
2
1
0
11
3
14
1
5
0
0
8
259
1
63
1
1
0
5
1
2
0
0
13
1
1
1
2
4
0
3
3
0
0
25
40
4
2
2
0
2
13
11
1
2
0
2
2
1
3
7
0
1
38
7
1
9
1
1
0
0
0
1
1
12
0
1
11
1
2
19
4
3
12
2
0
0
5
0
1
288
6
1
8
6
0
14
104
1
0
17
1
0
7
0
0
2
1
2
2
0
0
1
1
4
0
0
1
0
1
0
3
0
8
13
20
0
1
1
0
1
0
1
1
0
3
1
0
1
26
2
0
0
2
1
0
0
4
5
13
0
1
2
1
6
4
1
1
1
0
0
15
0
2
3
10
4
0
1
2
8
1
22
10
0
0
2
0
8
0
2
0
1
1
1
1
2
0
0
3
1
32
18
0
1
1
2
0
2
0
0
0
1
1
14
0
2
1
59
1
2
1
6
1
2
0
0
12
6
0
2
0
0
10
0
0
2
