11
100
5
9
6
8
4
7
6
25
10
12
3
6
26
32
14
8
12
13
3
18
192
5
21
13
3
18
3
3
17
11
12
11
3
23
1
14
7
5
3
12157
10
41
61
2
12
19
9
7
11
8
18
7
6
14
13
87
26
12
28
9
5
6
6
3
21
21
10
11
4
9
3
71
11
17
9
8
6
9
7
3
7
22
12
11
3
8
22
18
10
41
7
5
118
9
19
5
6
11
8
26
7
4
0
13
6
4
4
16
3
18
12
15
15
11
12
9
16
14
16
5
7
14
9
7
9
9
22
20
1
10
7
15
3
9
16
43
6
7
19
14
20
15
4
6
14
19
15
8
16
5
7
1947
9
8
15
2
14
12
5
6
8
9
10
7
17
10
8
13
20
13
0
11
6
4
2
7
9
8
2
16
23
5
1
22
30
19
5
9
14
17
4
12
11
22
14
4
18
8
3
4
6
23
9
13
15
4
38
16
16
33
23
9
19
13
132
8
5
6
22
1
10
8
8
30
8
6
22
3
5
18
180
5
27
30
22
14
5
11
9
8
7
7
20
12
0
15
13
3
13
33
5
11
27
13
7
35
62
7
9
4
14
12
31
52
18
15
9
125
22
5
37
1
7
46
2
3
14
5
13
19
17
11
11
17
12
11
135
5
15
2
40
2
16
18
31
23
6
0
7
9
3
39
5
8
22
47
12
9
7
16
13
2
5
18
3
19
8
4
8
4
26
2
2
5
6
11
36
6
5
5
5
13
12
2
15
24
22
16
15
10
26
11
13
9
4
1
15
6
4
7
14
12
30
26
4
20
1
5
13
8
10
7
5
2
8
11
110
2
18
21
7
8
9
12
6
15
4
5
72
9
1
7
15
28
267
16
7
2
21
11
34
6
5
4
7
12
13
19
4
14
4
4
13
3
13
10
8
29
4
10
9
26
12
4
10
5
7
5
16
9
2
1
3
3
17
23
30
13
14
7
9
16
36
10
10
19
8
58
19
5
9
6
6
6
7
3
5
5
137
7
15
3
7
7
17
103
63
40
7
65
3
12
39
6
11
16
57
11
17
9
5
31
0
8
16
13
12
6
78
2
6
13
13
2
15
0
3
8
4
45
12
15
17
14
14
7
23
7
11
100
5
9
6
8
4
7
6
25
10
12
3
6
26
32
14
8
12
13
3
18
192
5
21
13
3
18
3
3
17
11
12
11
3
23
1
14
7
5
3
12157
10
41
61
2
12
19
9
7
11
8
18
7
6
14
13
87
26
12
28
9
5
6
6
3
21
21
10
11
4
9
3
71
11
17
9
8
6
9
7
3
7
22
12
11
3
8
22
18
10
41
7
5
118
9
19
5
6
11
8
26
7
4
0
13
6
4
4
16
3
18
12
15
15
11
12
9
16
14
16
5
7
14
9
7
9
9
22
20
1
10
7
15
3
9
16
43
6
7
19
14
20
15
4
6
14
19
15
8
16
5
7
1947
9
8
15
2
14
12
5
6
8
9
10
7
17
10
8
13
20
13
0
11
6
4
2
7
9
8
2
16
23
5
1
22
30
19
5
9
14
17
4
12
11
22
14
4
18
8
3
4
6
23
9
13
15
4
38
16
16
33
23
9
19
13
132
8
5
6
22
1
10
8
8
30
8
6
22
3
5
18
180
5
27
30
22
14
5
11
9
8
7
7
20
12
0
15
13
3
13
33
5
11
27
13
7
35
62
7
9
4
14
12
31
52
18
15
9
125
22
5
37
1
7
46
2
3
14
5
13
19
17
11
11
17
12
11
135
5
15
2
40
2
16
18
31
23
6
0
7
9
3
39
5
8
22
47
12
9
7
16
13
2
5
18
3
19
8
4
8
4
26
2
2
5
6
11
36
6
5
5
5
13
12
2
15
24
22
16
15
10
26
11
13
9
4
1
15
6
4
7
14
12
30
26
4
20
1
5
13
8
10
7
5
2
8
11
110
2
18
21
7
8
9
12
6
15
4
5
72
9
1
7
15
28
267
16
7
2
21
11
34
6
5
4
7
12
13
19
4
14
4
4
13
3
13
10
8
29
4
10
9
26
12
4
10
5
7
5
16
9
2
1
3
3
17
23
30
13
14
7
9
16
36
10
10
19
8
58
19
5
9
6
6
6
7
3
5
5
137
7
15
3
7
7
17
103
63
40
7
65
3
12
39
6
11
16
57
11
17
9
5
31
0
8
16
13
12
6
78
2
6
13
13
2
15
0
3
8
4
45
12
15
17
14
14
7
23
7
6
16
2
21
23
14
13
7
17
8
5
14
9
67
25
9
4
23
16
2
23
102
3
8
10
6
6
7
5
2
10
8
17
11
54
35
947
4
44
9
2
9
7
38
12
13
3
3
5
1
31
8
8
20
7
16
11
3
15
7
9
9
12
21
41
22
4
12
17
15
9
80
9
21
12
30
18
3
9
11
11
13
8
4
38
19
22
10
5
10
28
3
21
1
72
1
15
1
22
10
39
6
8
41
43
3
42
8
15
8
15
5
8
27
8
24
16
0
11
22
9
114
3
6
8
3
10
10
20
9
9
13
6
47
19
15
5
12
13
20
7
60
14
2
10
12
16
5
11
6
12
31
3
34
46
6
7
1
5
6
9
30
15
3
108
8
20
3
4
29
15
10
14
15
7
16
32
6
12
1
6
6
7
7
10
5
5
30
8
8
19
13
4
10
99
11
14
7
16
16
29
2
14
12
5
7
7
5
14
10
7
7
15
13
12
35
12
11
6
3
4
8
35
11
4
97
6
4
9
9
5
20
7
20
96
4
16
43
5
4
7
19
78
14
16
4
9
20
12
21
3
7
10
16
6
9
9
31
6
47
6
29
12
5
11
12
9
432
97
2
16
3
23
6
9
21
6
11
15
10
11
22
18
12
10
38
3
19
8
26
19
7
5
23
7
33
10
8
22
12
18
17
10
3
4
6
13
2
13
4
24
4
16
8
10
2
2
2
41
26
4
8
1
15
15
10
10
6
14
8
2
16
9
9
19
8
10
4
8
9
5
11
8
11
12
9
24
8
9
5
0
5
10
16
3
5
9
26
8
17
2
8
15
5
10
6
6
8
2
8
4
7
2
13
1
6
1
7
9
9
4
31
5
16
8
5
4
5
7
5
32
7
2
6
16
16
15
5
6
10
7
18
21
1
20
11
10
17
44
6
11
8
8
7
6
11
17
15
4
16
8
18
25
9
5
1
15
7
5
5
6
12
18
18
33
6
17
10
7
7
18
135
11
5
7
18
7
10
9
9
13
174
8
3
6
4
22
11
15
12
9
14
20
9
4
14
10
11
39
43
136
41
12
2
10
3
9
44
12
12
63
8
6
17
5
5
7
7
6
2
9
11
4
13
12
1
6
17
77
6
12
43
14
10
6
12
3
3
22
6
16
6
1
5
0
30
6
5
5
3
21
2
7
8
14
7
16
9
7
17
10
4
12
13
6
15
3
7
4
10
1
6
9
6
11
13
10
22
9
6
18
8
10
15
57
4
3
6
15
7
4
16
17
14
1451
4
6
11
7
14
8
15
287
5
5
28
15
7
75
4
3
5
13
7
8
63
7
4
7
2
6
9
9
23
11
10
13
4
4
12
12
9
21
13
5
12
5
30
11
4
8
5
16
6
13
8
17
8
5
11
14
5
4
5
3
35
16
9
16
22
10
12
57
2
9
3
11
2
11
7
6
0
3
456
12
10
51
33
18
2
9
10
39
4
2
2
10
2
21
4
24
21
7
3
8
24
26
2
11
8
14
36
10
22
17
13
14
23
7
3
8
5
11
17
7
13
33
7
33
13
3
3
3
1
10
6
41
6
8
7
7
35
48
5
2
78
4
8
2
4
2
8
19
32
33
13
14
3
18
11
35
8
5
8
5
12
30
14
57
7
21
18
13
15
19
27
12
7
42
3
10
5
27
3
10
6
14
16
6
6
6
21
4
11
14
21
23
9
17
5
2
6
8
45
11
9
3
13
27
2
9
7
7
26
184
6
49
8
3
10
2
11
5
21
10
9
10
15
5
4
7
7
28
17
3
13
18
28
8
31
25
8
4
3
17
6
8
15
13
16
5
6
7
7
15
5
23
26
14
7
3
12
8
30
13
16
20
6
8
12
10
14
221
4
11
4
11
11
8
25
21
4
34
10
8
3
17
9
11
17
13
11
19
13
11
12
3
3
15
9
5
12
6
10
4
4
6
10
1
101
19
8
11
7
6
23
4
13
6
10
3
20
24
13
6
11
13
16
13
21
5
14
14
9
7
7
12
7
22
9
6
11
21
5
10
18
11
15
5
9
3
9
2
9
10
3
10
171
2
1
7
6
5
11
0
7
21
13
14
8
4
286
1
6
6
10
28
12
12
2
58
13
18
7
11
6
20
14
8
17
4
14
5
4
6
14
10
11
6
100
4
5
12
6
7
6
11
7
3
7
8
10
3
104
10
25
6
54
34
11
3
15
8
6
7
29
6
228
14
5
14
6
2
10
14
12
15
1
15
10
5
28
10
15
26
3
19
9
4
12
11
12
18
18
1
13
10
16
37
21
12
9
6
3
11
10
1
4
4
24
55
6
13
13
1
2
11
10
6
13
9
8
22
32
16
5
42
5
12
2
10
6
5
3
4
8
108
8
3
60
18
12
6
1
9
3
6
4
15
56
13
5
5
2
6
40
3
4
8
5
12
18
8
2
12
5
11
16
7
3
10
8
4
26
4
53
6
1
5
205
23
9
7
7
23
12
50
10
27
30
1
4
10
9
3
14
6
28
14
2
11
1
16
9
4
4
2
17
21
8
29
6
6
5
6
1
13
5
5
12
5
21
8
6
2
14
119
44
6
4
9
13
0
4
7
16
18
36
13
11
21
19
25
5
11
5
16
13
6
20
4
6
16
23
0
5
3
10
9
33
39
10
5
2
8
15
28
8
2
20
26
3
12
90
82
32
22
8
25
14
10
4
3
21
12
17
56
236
1
8
8
14
13
12
12
5
4
19
14
7
3
24
3
12
6
5
29
4
9
6
5
7
23
11
6
4
4
18
8
12
197
8
13
12
63
27
3
4
1
20
12
14
24
4
15
9
2
3
3
49
10
6
14
3
7
2
27
10
11
29
10
5
10
8
2
144
13
11
13
18
42
49
8
4
6
151
6
11
42
6
8
9
5
21
4
10
6
8
14
11
5
10
5
23
27
9
5
2
140
1
6
5
7
18
9
41
5
14
42
17
6
9
13
5
14
11
3
8
5
10
13
7
3
8
6
11
6
35
12
37
7
72
10
6
17
5
7
9
5
7
9
8
14
4
15
8
16
11
23
6
9
20
6
7
3
7
5
5
23
30
55
10
9
37
6
8
23
68
6
15
22
9
9
8
21
20
9
20
13
4
24
10
7
5
4
10
6
8
6
37
29
11
11
7
97
6
7
9
7
7
8
32
21
23
5
9
12
44
6
9
4
25
5
69
3
9
42
5
19
22
7
28
7
2
20
3
14
18
11
23
6
9
6
5
38
3
6
54
7
21
8
3
2
19
11
43
24
5
3
14
2
8
5
15
658
5
5
14
10
9
11
10
19
13
7
11
5
10
354
6
21
10
15
8
6
7
12
4
10
41
26
1
5
7
4
2
6
19
7
9
15
8
19
4
4
7
19
7
8
4
7
15
6
8
14
106
4
10
8
2
12
6
7
5
7
8
112
9
16
17
15
51
17
2
21
15
10
13
4
8
6
12
6
11
28
23
8
8
30
5
56
37
5
11
3
0
17
7
6
16
16
4
8
10
6
13
16
7
12
22
4
9
1
10
17
15
32
8
10
4
8
6
13
19
22
8
14
11
5
10
9
19
5
5
28
76
11
6
16
18
7
34
73
26
7
8
10
3
5
11
7
8
7
11
6
4
7
16
4
15
9
5
7
4
15
16
3
11
13
11
15
13
12
23
22
4
11
13
14
6
334
13
18
5
11
25
16
4
11
5
16
10
1
10
11
5
12
3
10
25
6
6
2
19
4
35
12
2
4
7
61
34
3
8
13
9
73
8
5
5
7
19
14
14
5
0
3
6
7
13
12
2
7
30
5
85
13
47
11
17
5
15
3
30
9
10
19
11
5
14
15
6
4
2
128
3803
4
6
3
8
8
5
18
11
16
13
5
7
10
10
24
3
13
33
1
183
4
3
7
7
34
9
5
18
11
7
56
7
14
2
4
18
4
1
130
20
10
53
5
2
5
12
6
20
9
7
1
16
11
13
9
15
22
9
11
6
9
4
23
7
44
9
5
12
6
7
42
15
8
2
8
54
15
11
6
8
5
11
8
6
4
34
9
9
10
10
10
13
11
12
49
12
11
4
3
10
44
25
2
19
15
169
14
17
6
4
7
7
48
290
1
13
9
0
25
2
7
11
7
6
10
12
4
8
5
68
2
13
8
148
3
13
6
7
21
29
8
17
17
13
17
7
6
4
6
2
6
6
10
30
8
9
4
8
160
8
17
13
0
1
12
5
11
4
3
85
33
5
9
13
1
18
5
6
8
4
5
56
7
3
18
18
27
17
10
56
17
1
27
6
5
10
8
7
8
6
39
9
12
18
26
19
10
6
9
19
13
13
5
119
8
25
8
4
10
5
10
6
13
37
1
4
13
17
1
6
43
12
37
21
3
8
9
2
28
25
3
26
13
28
2
10
8
4
23
5
8
12
77
3
8
9
8
25
15
41
1
10
4
8
14
0
3
34
13
15
22
24
34
9
7
5
14
6
22
8
40
7
8
87
10
4
11
7
86
8
21
6
3
6
12
11
14
5
3
20
2
11
9
14
7
18
13
8
5
84
3
27
10
5
7
6
19
3
6
6
3
7
2
77
3
1
13
7
13
10
75
8
11
8
6
10
71
4
3
31
12
10
2
5
0
8
14
9
14
13
7
26
5
8
59
6
50
17
4
20
14
3
15
11
8
22
7
12
35
1
20
31
9
28
51
6
9
16
6
16
14
24
12
2
6
32
27
5
6
2
1
13
9
3
25
9
13
2
4
12
6
5
6
15
10
19
2
14
24
8
90
81
23
13
4
4
5
5
6
15
11
13
405
7
92
26
18
42
4
26
14
12
31
13
11
14
7
2
9
7
34
7
6
5
28
6
314
10
1
13
4
20
39
1013
9
11
16
2
21
12
8
15
98
77
6
27
8
8
17
153
15
18
11
81
11
25
13
8
7
98
22
9
80
6
22
0
6
16
6
32
27
14
2
4
7
1
5
14
4
4
22
13
16
1
8
24
8
3
8
15
207
25
10
8
68
11
7
3
6
65
5
15
6
10
4
19
4
12
9
24
74
3
4
6
4
0
11
3
15
7
4
14
1
10
8
43
28
64
8
29
16
13
6
7
20
5
13
3
1
20
17
42
14
109
11
9
5
8
3
1
5
21
17
9
15
25
3
2
23
8
11
11
12
5
45
7
15
36
20
4
13
10
12
5
6
16
27
5
1
4
14
3
5
5
13
6
24
35
5
7
14
5
7
3
12
13
6
9
7
2
5
27
15
25
9
4
11
9
22
14
44
10
15
21
9
9
14
7
9
12
8
7
7
2
19
12
5
14
180
23
80
7
4
11
48
12
8
8
11
8
27
6
7
7
3
9
34
14
15
6
9
12
7
15
65
19
29
6
19
14
7
12
21
7
14
1
12
30
6
6
6
25
9
5
24
2
5
47
6
34
3
13
7
9
6
7
14
18
7
3
9
44
9
5
9
797
7
3
19
3
13
12
15
20
9
13
13
4
18
21
7
3
12
14
53
22
7
79
42
16
10
6
7
15
10
13
116
14
4
6
7
5
8
13
10
22
7
3
32
46
8
15
8
11
4
4
8
11
3
0
10
7
1
57
11
0
51
5
14
16
17
6
6
11
134
7
35
2
7
14
3
5
8
10
10
68
3
5
9
7
10
8
13
2
12
6
5
2
15
14
16
14
68
102
14
49
11
12
8
6
19
15
11
10
3
9
5
7
8
18
5
12
36
41
14
3
5
5
216
2
49
74
5
10
16
8
3
4
13
15
106
52
2
16
11
14
32
9
10
5
6
2
8
25
2
9
9
37
15
12
19
22
12
16
45
4
2
12
30
31
12
8
5
19
66
15
4
10
10
8
20
18
4
5
7
15
13
9
18
12
2
11
8
22
9
9
9
105
5
6
5
28
10
10
22
8
5
3
4
18
11
15
17
5
8
6
4
20
22
3
2
5
13
7
8
2
8
18
20
39
12
2
0
12
8
12
3
6
7
29
6
14
655
9
5
15
17
6
10
16
8
37
12
16
28
40
17
15
31
11
26
11
34
17
23
29
30
11
13
4
5
3
34
18
4
3
5
3
7
9
13
10
20
11
5
11
6
16
9
11
33
2
14
9
11
4
8
7
1
3
9
4
13
9
4
9
8
9
19
17
76
23
5
4
4
17
18
11
7
7
10
10
40
33
18
9
16
2
11
5
6
7
9
8
11
7
9
7
11
18
10
10
3
10
23
7
6
5
9
9
14
18
6
20
4
4
2
10
28
18
5
20
10
9
7
5
9
30
56
15
11
10
3
18
24
32
10
2
30
34
5
9
11
7
4
6
9
4
11
18
8
18
9
13
25
25
28
15
18
8
16
9
0
8
10
9
5
12
16
35
10
10
7
7
6
1
35
30
27
40
4
6
8
7
12
15
51
42
6
11
6
10
14
12
11
30
5
11
80
5
13
5
12
31
8
17
14
7
31
21
11
12
1
2
13
25
12
11
6
16
5
10
40
5
6
6
3
8
5
7
13
10
9
14
25
9
7
4
1
26
6038
16
11
5
5
10
36
6
5
9
20
6
9
77
21
17
9
5
5
9
10
7
23
28
25
17
6
7
16
5
25
8
13
6
10
15
9
40
12
4
10
8
10
5
7
7
18
26
12
4
7
6
7
5
5
30
9
26
2
20
3
3
28
7
3
17
47
6
9
8
8
3
7
14
6
17
8
7
7
14
19
13
9
3
7
48
22
7
6
10
38
4
4
15
2
24
16
3
31
13
11
6
4
11
19
6
14
4
12
11
12
4
11
4
14
6
9
26
12
6
12
13
53
10
3
14
13
12
5
7
10
6
17
12
1
8
0
5
14
35
13
13
46
45
20
4
10
3
14
14
7
40
5
8
48
13
12
63
11
13
39
22
3
1
6
6
24
11
5
10
12
10
9
28
3
9
4
14
11
6
22
2
7
26
7
10
50
12
6
9
16
20
49
4
6
6
19
6
9
7
9
4
7
1
77
47
6
5
3
35
16
8
14
9
12
19
7
9
9
30
16
6
21
6
10
79
38
7
13
6
103
4
7
25
12
4
9
10
18
7
287
8
5
14
5
9
8
5
12
72
10
30
4
5
13
2
10
21
23
101
4
7
4
11
9
32
3
17
13
5
19
745
7
47
8
9
4
5
8
9
3
20
10
26
12
1
12
0
32
6
18
15
23
22
49
12
4
3
15
2
8
104
6
10
6
9
13
5
16
4
31
12
11
6
5
26
10
10
1
5
2
49
8
7
11
14
10
8
17
6
98
14
22
34
6
5
7
1
13
2
6
6
13
11
6
3
6
226
15
37
8
6
12
7
36
18
14
1
18
12
57
9
7
8
14
4
5
5
45
7
5
8
5
19
3
29
70
13
8
2
8
2
10
42
0
5
5
4
4
3
9
36
11
3
14
8
15
7
20
1
3
33
3
14
8
6
4
7
1
3
6
20
4
23
11
39
12
8
4
8
13
24
1
4
66
16
16
8
7
23
23
38
27
12
6
7
15
11
10
4
1
3
9
27
25
4
1
10
7
3
14
8
2
107
4
23
10
29
19
5
7
7
33
5
5
12
11
22
3
28
40
4
4
33
9
20
58
27
11
4
8
6
5
6
8
3
7
10
6
3
12
7
50
7
8
47
9
4
2
4
0
3
2
5
16
4
7
27
9
18
9
4
5
14
25
7
10
2
8
4
16
21
13
86
10
12
2
18
17
21
5
3
17
2
19
8
7
34
5
5
77
50
5
8
14
1
3
7
11
7
8
11
16
20
5
29
8
8
5
4
9
24
21
15
17
6
21
27
6
13
21
73
2
9
0
29
17
19
8
35
14
4
92
7
9
10
17
8
5
8
16
12
5
6
6
14
16
5
7
30
13
5
7
41
18
7
8
2
6
16
2
10
310
12
9
14
2
6
3
5
7
24
15
14
30
7
5
20
14
5
22
10
34
6
10
5
16
20
5
20
6
3
8
21
11
10
7
13
8
23
54
13
8
4
11
11
8
4
12
3
6
156
8
11
17
14
13
75
14
9
6
8
6
22
4
9
32
50
12
9
28
4
90
5
12
21
3
20
15
11
12
6
32
12
36
8
12
2
7
29
3
3
7
40
9
11
14
11
11
11
4
21
6
55
5
8
8
881
7
4
8
15
8
14
34
8
17
17
9
7
11
17
9
3
22
26
8
12
9
6
9
6
14
22
6
4
17
19
3
9
5
4
22
8
8
14
11
41
6
9
8
5
5
40
20
3
14
222
13
4
2
25
21
3
4
7
7
4
14
7
6
4
18
12
4
27
8
30
125
15
15
60
6
11
10
26
14
34
18
33
1
1
4
19
5
9
8
14
7
9
13
78
5
13
5
17
5
5
5
8
2
12
17
6
31
17
9
3
5
22
0
8
17
18
9
8
7
905
12
3
4
14
17
7
27
27
49
36
6
38
40
9
6
6
7
8
1
15
11
15
5
11
19
39
33
3
9
3
7
17
6
93
10
13
2
6
8
128
9
5
24
14
7
44
119
2
29
3
11
6
13
18
15
40
7
7
37
4
6
12
10
14
11
4
22
14
3
8
8
67
11
8
8
10
6
3
8
14
18
9
2
2
4
5
42
3
4
6
4
10
14
25
7
11
9
7
5
1
8
26
9
5
3
17
16
14
25
9
9
16
6
14
45
5
3
9
2
5
59
8
16
4
17
1
8
5
60
14
26
4
46
5
8
15
2
13
6
1
29
18
9
4
7
3
16
9
4
4
9
5
7
30
2
5
2
6
6
14
41
4
8
10
8
5
15
4
49
15
14
3
15
6
8
17
7
18
13
36
23
4
10
9
9
6
29
26
7
87
39
2
25
18
13
6
15
11
5
8
16
13
41
2
5
42
23
13
8
19
7
21
1
27
6
14
200
0
8
4
19
28
15
2
13
11
7
10
8
1
7
134
12
15
19
7
35
1
13
7
11
10
68
14
6
34
43
67
1
10
6
5
27
12
6
9
15
1
8
11
13
4
1
52
18
20
17
4
11
4
13
5
7
47
23
6
4
7
36
5
8
19
5
5
56
16
3
13
4
2
8
6
6
10
15
50
8
9
7
10
2
9
11
38
7
3
11
3
2
3
9
10
51
15
8
10
6
9
22
15
17
0
14
13
6
26
3
10
11
21
7
160
52
9
2
11
8
35
4
10
5
15
12
11
32
7
6
17
13
13
49
85
20
13
3
8
279
8
8
6
411
4
13
7
8
3
4
3
12
6
34
7
32
4
15
10
26
41
1
28
227
2
22
5
5
0
7
15
276
12
0
4
7
12
14
8
11
2
12
3
193
11
15
5
21
21
53
19
4
25
5
5
21
8
21
8
8
7
25
87
11
15
11
22
1
825
7
27
83
141
6
15
13
23
31
22
17
17
40
47
3
5
6
21
40
5
10
12
6
40
10
3
22
10
56
9
7
1
5
8
26
14
14
9
3
14
11
8
27
6
9
5
14
2
9
7
3
39
6
8
1
5
6
5
6
0
16
10
7
1
3
29
8
3
6
2
7
15
31
18
10
7
13
48
8
9
58
23
10
4
10
23
14
8
4
13
16
9
22
16
10
3
27
4
5
52
19
3
6
22
7
19
8
19
37
42
25
3
53
16
5
49
16
23
10
3
12
3
6
11
19
8
5
8
10
10
23
3
6
7
6
405
23
2
6
5
30
2
26
5
21
2
1
65
7
13
6
10
2
4
10
10
16
13
6
7
24
4
8
20
72
10
58
3
16
21
9
6
3
4
7
4
179
7
16
4
6
3
22
7
10
6
13
5
8
33
12
9
3
6
3
3
3
2
37
4
26
27
12
6
10
54
12
1
36
20
3
65
3
29
196
37
9
4
7
17
8
57
49
5
5
12
4
16
18
4
9
15
5
2
20
3
15
8
5
361
2
12
11
7
31
19
18
6
28
14
37
7
45
14
88
8
27
12
13
7
3
9
9
14
40
11
10
7
4
11
13
11
9
3
11
16
6
9
8
5
17
26
18
7
4
40
19
4
10
14
40
12
7
14
10
5
4
4
8
16
9
5
3
22
4
15
6
14
8
4
19
9
22
11
3
7
13
23
15
4
7
26
5
7
3
6
12
13
8
6
11
86
21
9
34
62
18
5
3
9
13
16
9
7
26
9
20
9
5
14
20
3
20
8
5
9
198
11
4
5
8
13
12
14
18
20
254
9
12
7
40
12
11
16
9
30
47
3
20
16
9
8
13
36
16
2
33
29
13
16
14
27
2
8
29
15
11
35
4
7
15
41
17
4
7
19
6
3
22
6
74
37
13
25
9
9
9
6
29
14
34
4
68
10
7
19
2
24
4
12
6
8
20
11
4
15
4
13
7
2
8
6
8
13
56
3
12
8
8
14
4
10
11
11
2
73
3
24
671
34
12
6
8
11
22
31
2
7
11
36
22
6
2
6
4
25
8
10
33
612
29
105
553
4
13
11
2
7
13
20
4
2
5
18
20
12
8
15
10
3
2
5
8
15
9
6
8
13
23
9
5
7
3
5
9
10
8
12
4
20
6
13
2
15
10
6
12
5
8
6
9
4
4
5
17
26
9
4
15
7
16
81
18
9
2
40
16
3
76
13
7
7
25
5
10
33
22
5
14
7
19
16
5
7
39
10
8
6
8
2
5
32
426
70
8
3
7
28
16
2
17
6
7
45
3
3
2
10
48
4
5
60
12
5
5
18
17
59
3
13
3
8
8
12
13
6
3
10
4
12
29
2
3
14
25
141
13
7
6
7
48
36
31
41
18
8
5
17
13
13
12
29
1
3
1
11
11
187
38
8
7
3
20
13
5
5
20
4
4
6
7
6
6
5
8
15
31
8
4
14
1
13
22
9
2
9
37
7
8
11
2
1
5
30
8
3
5
12
3
20
4
15
9
5
29
4
2
5
11
5
23
7
10
9
8
11
19
28
19
11
2
17
77
7
32
13
24
2
4
2
24
8
10
52
6
27
6
7
1
18
7
9
6
9
8
13
8
19
2
11
10
26
27
4
6
12
14
13
10
33
34
16
13
26
16
9
9
636
1
7
2
3
0
18
3
5
10
9
3
11
23
6
2
4
6
10
4
13
1
22
4
13
5
10
8
8
7
17
12
53
8
10
6
3
8
7
8
3
13
24
6
9
6
14
8
16
9
14
50
16
6
8
8
43
6
12
6
8
19
36
8
5
19
8
2
6
28
108
3
6
4
36
57
13
5
10
12
9
3
2
4
11
12
0
22
41
8
30
7
7
7
11
27
6
13
22
8
10
3
3
17
133
28
3
2
9
18
2
30
0
6
23
14
4
5
7
17
5
5
8
11
30
13
10
25
21
13
24
1
2
12
8
8
102
10
15
11
9
13
8
15
3
8
36
4
12
7
7
11
2
17
10
12
7
8
3
20
22
8
3
41
12
5
6
2
4
5
14
20
4
47
4
5
6
14
16
2
89
0
6
5
13
6
23
2
11
3
6
13
7
23
6
25
72
12
9
9
9
22
15
5
24
20
5
6
6
19
5
4
10
13
21
8
4
34
9
7
121
12
22
9
12
6
8
4
17
8
16
81
3
224
6
30
8
9
5
16
2
2
7
4
15
4
10
34
9
5
8
15
30
10
3
3
3
20
14
12
15
12
9
106
3
8
62
2
18
16
7
7
21
14
28
4504
10
6
17
8
5
15
6
3
9
5
5
2
7
30
12
4
15
5
18
23
29
10
6
15
10
25
6
4
21
6
6
23
10
2
2
7
5
14
6
11
3
26
15
10
16
12
27
14
15
5
6
8
11
5
207
2
11
34
11
5
21
7
2
7
3
2
21
16
16
41
31
16
3
10
21
10
4
4
6
4
3
4
7
12
22
7
7
4
3
6
18
25
13
5
15
10
75
7
16
15
8
4
7
2
18
22
23
8
10
38
10
5
6
3
7
8
79
2
8
2
9
9
9
7
28
3
5
15
6
2
8
17
8
3
7
32
24
74
25
12
748
39
14
8
3
6
20
74
7
7
17
11
44
7
503
10
3
10
5
5
1
4
308
14
16
18
13
10
6
7
16
5
9
35
29
9
14
73
8
13
7
1
16
7
13
2
7
15
8
58
9
7
5
4
4
5
4
12
17
12
27
16
3
17
3
3
5
25
168
2
3
31
6
12
37
21
6
2
14
26
13
8
11
13
4
8
6
12
2
13
11
7
49
9
12
36
11
14
2
24
12
8
4
12
12
2
11
3
13
91
7
9
7
25
21
14
11
33
5
9
61
17
9
9
0
7
20
16
12
5
21
1
9
90
18
8
4
155
13
6
14
5
7
6
18
24
1
28
6
8
4
17
12
12
3
19
18
25
10
10
9
16
4
12
14
4
6
75
3
11
21
11
5
6
23
4
4
12
2
8
12
27
7
3
21
15
18
4
1
6
6
22
3
16
19
5
9
17
51
5
20
4
16
18
86
17
367
11
7
13
3
9
6
35
7
17
10
15
17
6
4
13
6
3
10
13
14
5
7
19
32
10
5
7
29
3
7
49
6
6
6
15
16
12
7
3
14
15
7
15
5
81
1
8
11
13
9
16
8
15
13
8
33
15
1
431
8
11
59
6
6
31
6
29
11
24
5
12
17
13
40
5
14
16
37
10
16
14
17
5
17
5
4
3
24
13
997
17
14
8
7
15
9
4
3
10
45
15
21
2
8
7
18
9
50
6
13
9
15
6
3
21
27
10
12
8
13
16
8
8
6
25
31
21
49
18
9
0
20
34
10
11
13
7
5
18
4
5
12
6
9
6
4
87
4
28
9
3
21
5
22
11
5
5
5
26
35
8
5
3
8
30
9
4
10
1
11
161
36
15
6
18
9
72
12
38
8
9
2
16
3
10
1
277
3
5
4
28
4
13
15
15
7
39
7
5
13
12
20
9
24
12
9
48
69
10
4
19
8
10
21
7
11
11
3
4
16
2
3
11
105
6
14
22
8
42
3
12
7
26
11
8
11
14
52
17
25
11
17
47
13
7
4
11
12
10
3
11
10
0
1
103
6
7
16
26
13
2
7
78
16
5
12
22
17
11
10
52
7
41
14
9
12
2
7
4
14
13
4
4
15
16
3
8
6
16
12
10
9
2
9
32
146
17
7
13
9
11
32
15
8
12
3
31
19
14
6
13
14
18
4
21
15
4
4
12
9
17
11
12
8
19
2
16
8
13
6
32
16
5
26
60
7
5
21
10
26
7
28
4
9
7
9
9
4
17
19
17
10
39
7
20
5
9
11
13
3
21
8
12
97
6
9
6
18
4
16
4
13
7
497
33
5
9
4
30
3
18
10
5
4
11
132
45
13
1
14
5
8
3
50
5
7
7
9
4
9
13
12
7
5
7
8
10
19
1
9
8
28
14
21
3
26
8
14
5
8
34
4
9
2
4
2
15
8
6
17
9
11
2
20
36
2
6
7
23
13
5
5
13
9
4
12
10
3
5
19
4
5
24
16
6
7
34
6
3
11
0
24
17
16
8
6
12
2
6
14
10
7
7
17
21
240
37
3
6
10
76
9
7
8
7
14
5
10
7
178
2
15
5
62
8
16
9
13
8
57
6
64
11
11
7
11
9
9
35
9
68
5
37
35
6
12
1
4
16
9
11
4
14
28
16
11
25
6
12
3
4
3
7
7
4
14
16
10
25
6
16
29
24
4
4
16
2
22
12
4
20
13
3
12
26
31
6
11
8
1
5
5
6
9
11
24
16
8
77
10
10
12
5
5
14
35
94
17
3
6
11
5
10
2
219
19
17
14
16
2
6
1
7
14
10
3
10
16
10
15
9
24
12
5
16
11
13
4
13
35
7
4
8
11
16
4
45
6
36
22
13
4
5
31
96
61
9
16
7
20
4
7
5
4
7
6
14
10
18
45
18
80
43
10
7
5
3
11
5
13
4
2
14
8
6
8
8
5
17
5
12
14
10
11
14
4
19
9
6
21
25
8
11
9
8
1
3
3
18
5
24
25
3
6
33
16
16
20
10
6
20
27
197
18
6
9
26
6
7
10
21
5
6
6
9
7
5
9
14
23
7
7
10
3
6
13
6
5
5
8
17
32
11
11
15
19
7
8
10
13
25
23
12
12
8
25
67
5
7
8
40
5
3
16
2
16
9
12
44
23
0
3
4
11
24
8
46
1
7
24
8
9
5
4
40
13
7
3
17
3
15
8
13
15
3
30
13
5
10
6
6
9
17
78
17
7
12
29
35
3
10
130
10
55
97
2
5
2
5
21
4
8
18
1
8
11
10
19
10
9
16
4
9
5
14
34
5
8
11
3
7
7
15
13
19
6
3
29
17
11
11
9
10
1
24
12
5
19
9
36
14
15
44
1
4
19
9
49
143
3
8
6
7
10
13
40
37
7
6
4
37
8
9
15
5
15
4
8
9
2
40
20
3
60
6
11
49
2
7
13
6
35
14
7
9
8
0
5
37
15
9
61
8
17
18
12
6
19
6
34
15
74
3
11
9
19
24
12
91
24
5
5
11
1
2
12
11
6
20
27
13
10
22
6
2
10
10
13
2
13
8
25
11
7
9
6
15
8
14
10
11
69
12
19
5
4
15
7
8
10
14
3
30
10
35
23
30
6
10
9
5
11
10
2
22
4
8
33
17
23
17
13
1
21
7
7
6
2
20
15
10
11
19
7
14
10
3
25
8
5
25
6
10
96
8
15
18
21
4
58
7
11
1
19
3
11
252
16
9
15
8
8
51
34
11
23
36
16
38
4
3
6
13
9
25
21
2
3
18
12
4
17
5
18
11
8
7
9
16
12
39
5
14
20
21
75
6
5
3
9
4
5
13
2
7
24
22
30
11
12
2
7
58
0
5
7
24
11
3
6
21
5
27
26
6
9
8
4
4
22
19
7
17
73
14
19
46
16
1
50
14
3
6
17
112
4
15
9
6
9
245
2
3
15
15
10
7
4
7
24
19
7
21
5
21
5
14
6
2
37
4
7
14
8
24
14
12
8
5
32
4
40
13
23
14
23
8
59
32
5
13
31
9
7
6
52
8
17
10
7
8
6
11
78
10
12
2
16
21
16
12
7
15
2
11
2
0
2
21
12
42
16
24
4
4
11
27
20
4
52
9
12
1077
30
9
6
4
9
4
5
4
10
12
5
57
1
16
4
4
27
72
10
5
10
69
25
12
12
28
5
5
23
21
2
17
5
15
3
4
3
75
12
7
34
93
3
4
13
8
6
16
20
5
9
66
4
8
22
101
18
40
58
6
7
12
14
9
7
2
7
9
21
9
7
4
13
13
9
4
10
13
24
13
27
14
0
9
14
17
5
17
6
7
15
8
12
26
7
5
10
14
14
6
88
26
8
6
18
7
14
12
14
633
7
4
6
10
11
17
11
12
13
3
6
11
4
8
13
7
24
2
25
5
8
5
1
4
22
6
7
10
5
10
10
22
12
5
6
14
73
11
1
19
7
19
8
5
16
7
2
9
23
151
6
3
3
6
22
8
20
12
473
1
6
24
3
2
6
16
3
66
13
8
13
20
9
6
7
7
3
9
6
4
6
2
2
6
16
1
4
2
43
9
11
12
8
51
7
9
8
4
5
20
0
3
39
9
32
12
4
3
4
2
10
4
3
35
54
26
62
19
9
58
6
11
8
31
11
14
19
20
27
14
10
27
4
5
12
8
4
7
5
6
14
52
30
8
9
10
14
4
12
8
18
84
16
5
2
241
14
9
4
14
10
4
40
20
13
38
0
11
14
10
14
13
6
9
6
38
6
10
31
7
12
414
3
14
8
4
7
12
56
11
2
3
7
21
6
1
8
16
5
8
5
5
10
3
11
26
10
7
6
11
100
5
9
6
8
4
7
6
25
10
12
3
6
26
32
14
8
12
13
3
18
192
5
21
13
3
18
3
3
17
11
12
11
3
23
1
14
7
5
3
2
19
13
5
7
4
13
3
23
7
5
15
11
8
348
53
7
7
24
9
12
6
5
7
3
11
11
59
8
18
8
54
12
4
7
5
16
4
2
53
16
21
2
16
3
11
16
9
14
8
8
14
16
32
0
2
11
35
23
52
4
5
11
10
5
11
24
25
2
8
8
9
13
9
10
1
5
8
2
11
6
0
3
10
12
12
22
8
4
7
5
101
6
9
6
3
4
20
6
12
2
18
13
19
24
18
6
3
4
12
4
11
7
38
74
12
11
15
58
11
13
21
8
9
5
24
3
8
22
53
10
54
1
2
0
2
7
11
71
4
12
18
5
23
6
4
15
9
6
3
9
30
9
7
3
7
9
7
10
38
13
10
55
12
9
21
9
4
8
8
1
22
3
20
10
57
12
13
9
8
49
9
9
3
54
20
19
3
12
15
5
50
5
11
19
6
9
20
9
75
14
8
11
4
6
4
9
3
13
20
11
17
1
11
31
11
9
1
15
19
2
6
7
16
12
8
7
12
19
29
6
9
49
14
1
8
8
72
0
4
9
11
10
3
26
10
25
15
12
5
19
8
9
24
13
15
25
45
9
9
6
9
14
31
12
21
15
12
3
4
8
6
2
16
6
11
12
9
7
19
3
10
16
29
21
0
10
10
2
17
15
4
10
10
10
12
6
6
10
7
8
6
16
9
22
7
5
9
0
7
8
15
10
4
7
19
55
15
27
12
4
7
14
9
36
8
11
6
15
22
11
9
5
7
6
16
12
33
12
4
5
8
7
17
40
12
13
3
9
44
4
13
4
11
1
187
5
10
6
7
7
9
7
5
5
29
8
54
14
22
4
30
32
1
9
19
17
10
11
1
10
6
24
6
7
13
12
6
32
204
4
11
9
8
25
4
13
2
5
18
6
14
16
13
3
9
13
6
132
12
6
6
5
8
5
8
18
5
2
7
14
31
18
17
6
14
13
3
6
28
4
35
3
9
9
15
5
6
2
12
2
9
22
11
24
9
5
4
7
10
10
2
5
10
8
7
9
30
5
