3
11
8
5
19
0
3
3
8
10
4
8
0
3
34
6
4
3
5
7
11
19
5
4
7
10
6
13
10
12
4
12
61
488
5
34
6
6
15
29
15
14
17
9
186
10
53
0
46
8
9
5
15
23
13
5
63
4
9
17
1
7
8
40
42
3
7
14
12
8
38
10
3
43
17
8
11
6
7
2
4
7
3
6
3
6
5
1
6
18
15
55
23
42
7
2
16
4
6
52
22
18
3
6
11
4
18
5
11
4
8
59
34
17
66
23
16
31
39
14
11
15
5
23
1
22
2
8
4
10
32
37
45
46
5
6
6
6
3
18
16
19
21
4
7
43
13
1
10
18
4
3
26
6
103
8
5
86
14
5
14
9
7
7
3
12
27
10
16
1
22
19
5
12
4
8
14
4
20
5
11
8
3
5
40
2
13
7
25
10
6
14
24
7
6
3
16
5
8
1552
6
3
22
3
5
11
13
7
14
7
26
9
7
16
17
18
4
4
5
1
8
30
15
60
7
7
52
14
8
22
5
14
19
5
7
27
8
11
5
17
3
26
8
5
19
28
9
5
3
2
5
1
54
6
9
25
3
18
105
2
15
10
7
10
3
11
8
7
2
14
69
8
2
5
15
6
8
12
2
14
13
10
22
3
2
23
13
6
59
10
129
5
3
6
7
7
5
7
6
8
13
12
1
8
2
8
16
4
4
6
9
37
3
10
9
13
7
3
6
4
1
22
6
12
3
1
33
63
9
35
6
5
12
24
9
10
12
9
10
28
10
17
12
28
1
0
1
4
13
5
15
63
4
9
64
2
12
1
30
6
0
154
3
0
46
31
8
0
20
7
11
24
1
5
7
3
20
7
0
8
2
16
1
16
7
6
11
17
6
61
8
9
3
8
1
1
8
7
15
19
2
44
10
12
19
2
3
6
2
2
26
4
3
4
10
3
9
99
9
6
4
10
3
25
6
22
2
9
172
5
3
2
7
18
7
65
25
10
5
62
15
17
3
29
5
3
12
104
22
18
3
20
4
21
22
1
13
3
176
2
5
15
14
0
98
19
7
2
4
14
58
7
115
5
6
5
33
0
2
2
453
4
326
2
17
3
4
11
9
5
10
11
7
17
11
13
8
7
23
3
3
11
8
5
19
0
3
3
8
10
4
8
0
3
34
6
4
3
5
7
11
19
5
4
7
10
6
13
10
12
4
12
61
488
5
34
6
6
15
29
15
14
17
9
186
10
53
0
46
8
9
5
15
23
13
5
63
4
9
17
1
7
8
40
42
3
7
14
12
8
38
10
3
43
17
8
11
6
7
2
4
7
3
6
3
6
5
1
6
18
15
55
23
42
7
2
16
4
6
52
22
18
3
6
11
4
18
5
11
4
8
59
34
17
66
23
16
31
39
14
11
15
5
23
1
22
2
8
4
10
32
37
45
46
5
6
6
6
3
18
16
19
21
4
7
43
13
1
10
18
4
3
26
6
103
8
5
86
14
5
14
9
7
7
3
12
27
10
16
1
22
19
5
12
4
8
14
4
20
5
11
8
3
5
40
2
13
7
25
10
6
14
24
7
6
3
16
5
8
1552
6
3
22
3
5
11
13
7
14
7
26
9
7
16
17
18
4
4
5
1
8
30
15
60
7
7
52
14
8
22
5
14
19
5
7
27
8
11
5
17
3
26
8
5
19
28
9
5
3
2
5
1
54
6
9
25
3
18
105
2
15
10
7
10
3
11
8
7
2
14
69
8
2
5
15
6
8
12
2
14
13
10
22
3
2
23
13
6
59
10
129
5
3
6
7
7
5
7
6
8
13
12
1
8
2
8
16
4
4
6
9
37
3
10
9
13
7
3
6
4
1
22
6
12
3
1
33
63
9
35
6
5
12
24
9
10
12
9
10
28
10
17
12
28
1
0
1
4
13
5
15
63
4
9
64
2
12
1
30
6
0
154
3
0
46
31
8
0
20
7
11
24
1
5
7
3
20
7
0
8
2
16
1
16
7
6
11
17
6
61
8
9
3
8
1
1
8
7
15
19
2
44
10
12
19
2
3
6
2
2
26
4
3
4
10
3
9
99
9
6
4
10
3
25
6
22
2
9
172
5
3
2
7
18
7
65
25
10
5
62
15
17
3
29
5
3
12
104
22
18
3
20
4
21
22
1
13
3
176
2
5
15
14
0
98
19
7
2
4
14
58
7
115
5
6
5
33
0
2
2
453
4
326
2
17
3
4
11
9
5
10
11
7
17
11
13
8
7
23
3
1
5
6
1
62
15
13
17
54
4
9
9
56
10
6
5
4
12
7
1
33
5
3
64
12
29
100
99
13
7
9
17
1
18
8
14
4
5
2
12
5
12
7
7
18
18
41
12
15
10
7
9
4
12
5
5
12
8
4
3
4
11
7
13
5
3
31
4
16
33
14
20
4
1
5
22
6
15
3
15
6
5
10
7
11
15
45
13
21
29
0
35
8
11
4
4
6
6
3
29
8
14
6
11
0
15
23
15
101
3
10
2
6
4
3
9
22
3
7
8
259
10
16
14
8
0
3
40
7
9
10
22
5
4
4
1
1
97
25
17
1
9
15
5
16
4
10
4
7
0
19
9
10
5
21
7
9
15
15
3
13
7
10
16
4
9
6
34
9
6
3
6
126
18
4
4
9
9
30
24
3
16
24
10
5
9
15
9
8
177
7
1
21
7
7
4
6
43
9
7
9
12
13
51
3
1
1
12
12
39
13
9
28
4
14
6
5
12
3
26
9
6
17
13
8
4
2
23
0
4
7
6
27
26
7
2
4
49
56
1
13
0
14
9
26
14
17
10
21
7
4
3
8
11
6
121
10
4
5
12
37
14
8
10
22
10
8
18
0
6
16
7
4
7
12
4
3
17
6
29
8
15
68
9
162
10
3
10
28
28
16
2
4
2
4
17
18
1
23
30
21
4
19
8
10
57
37
1
4
8
4
11
55
20
27
5
44
6
172
185
14
9
14
5
15
1
1
3
5
3
7
11
5
34
9
7
44
3
8
10
2
2
3
27
34
27
6
344
74
1
37
3
2
2
50
7
10
18
24
5
6
6
13
3
6
7
11
5
8
11
69
9
18
7
7
5
13
8
8
12
9
4
3
13
4
5
5
16
5
11
118
8
16
34
3
2
10
10
12
11
13
3
8
60
4
9
12
20
11
3
11
11
0
17
3
2
3
11
7
4
28
11
2
4
3
26
35
7
1
14
4
10
303
6
6
2
13
1
7
12
3
45
59
45
29
35
24
14
4
13
22
4
5
7
4
5
2
1
17
6
3
10
10
6
7
4
37
4
6
2
16
86
11
11
6
15
51
12
2
34
12
9
38
150
2
11
4
8
3
3
3
62
8
2
30
14
3
17
19
9
30
5
3
36
4
6
17
31
5
20
15
8
8
8
11
2
15
1
7
8
8
36
3
9
1
6
5
6
5
13
4
9
1
83
29
13
11
18
7
12
10
11
11
4
6
0
45
9
7
28
13
43
3
7
19
8
29
12
8
12
16
7
0
5
5
49
4
28
10
24
17
118
3
8779
5
7
3
2
5
9
74
0
6
10
7
10
11
9
18
7
5
15
10
20
3
20
34
2
5
5
11
9
7
7
14
2
5
6
7
30
9
8
15
4
15
207
896
10
7
7
15
42
28
14
4
7
12
5
16
4
12
41
11
10
3
6
18
15
120
8
10
19
9
2
2
8
3
5
26
6
5
37
8
10
7
5
23
4
5
5
5
15
102
13
6
4
11
3
6
7
11
6
2
5
14
5
18
21
5
5
18
6
6
10
35
17
7
6
18
22
3
3
1
9
8
4
2
11
174
5
13
86
26
9
11
32
5
6
3
2
13
9
75
93
6
7
2
5
29
9
15
38
12
7
8
6
6
10
3
9
82
22
7
17
3
2
7
6
4
19
9
10
3
10
12
9
1
4
30
3
9
6
6
120
6
5
5
3
11
5
5
6
7
25
56
1
8
59
36
5
4
7
913
6
18
5
12
2
2
3
6
8
11
8
52
11
16
3
1
97
11
6
123
9
2
5
51
32
8
8
6
10
7
5
7
8
2
15
4
5
6
16
8
5
18
2
27
13
0
6
15
17
10
33
5
8
12
11
11
14
9
0
5
10
15
47
16
3
24
13
34
10
6
3
4
37
7
7
5
17
8
0
1
2
3
21
21
7
6
7
2
5
4
7
12
13
6
26
3
11
3
19
16
7
6
7
10
3
4
21
2
6
11
8
3
4
10
6
7
1
12
18
5
6
21
21
13
15
6
38
31
48
6
6
2
6
1
0
8
11
3
16
20
1010
30
38
6
16
3
11
10
7
4
1
10
7
2
7
75
10
13
7
12
1
5
283
4
6
2
31
21
6
1
7
23
0
9
6
10
3
41
20
33
5
2
21
9
6
12
5
4
4
3
11
24
1
3
5
19
8
9
9
10
4
2
7
15
6
8
6
5
1
1
0
18
6
10
6
11
7
6
4
57
13
9
2
3
7
3
5
3
5
10
4
109
16
7
20
29
5
6
10
19
22
103
68
5
4
9
11
17
52
2
35
29
6
3
57
8
14
36
12
4
9
10
2
4
8
115
25
3
4
13
1
21
11
4
8
31
10
9
7
10
3
19
32
5
8
7
7
16
15
1
3
13
19
7
9
18
9
7
2
9
4
14
6
2
4
1
10
4
3
2
12
0
25
24
10
24
22
15
1
5
27
26
13
11
6
3
2
8
9
25
3
7
2
7
8
4
15
16
15
2
5
2
91
6
5
9
14
38
2
13
46
7
19
6
5
61
1
6
19
6
31
9
2
8
3
7
12
157
7
975
9
13
7
4
9
13
21
14
6
9
9
7
1
9
14
3
4
6
2
2
12
39
43
15
30
7
7
2
6
6
14
5
22
8
35
2
15
8
18
52
14
7
6
15
74
3
2
6
5
7
5
3
2
12
0
14
0
18
3
1
3
5
3
2
7
12
2
24
6
4
7
2
2
2
9
2
28
5
13
14
16
4
2
6
1
31
7
12
29
2
7
19
1
7
19
6
5
12
7
16
3
4
9
8
20
11
6
14
10
107
7
3
40
9
5
8
5
12
9
11
13
8
1
6
4
7
47
76
9
6
12
12
5
9
34
14
29
2
0
28
9
3
17
2
8
21
5
4
7
2
24
3
4
23
11
2
5
1
9
11
244
35
8
7
450
2
14
4
10
11
6
25
5
87
26
9
38
2
2
3
2
10
2
8
3
69
9
6
5
8
26
7
3
10
6
7
47
6
24
4
5
9
10
3
18
6
18
12
4
120
2
8
7
3
19
9
6
15
17
7
10
3
77
25
4
4
18
4
32
3
0
7
3
5
6
110
6
38
1
5
81
3
10
18
9
0
6
8
14
3
2
8
6
1
10
36
1
14
9
113
3
1
2
8
10
33
2
14
42
4
10
48
14
6
26
12
57
6
39
139
39
29
1
5
2
15
1
42
27
11
10
5
7
10
3
8
13
12
11
17
8
3
4
37
16
13
5
18
8
10
3
4
8
4
3
9
15
3
4
3
10
10
14
7
5
7
5
16
1
8
7
7
5
13
10
14
8
43
10
2
12
2
10
1
9
15
1
6
2
2
231
5
6
4
28
15
9
70
8
3
10
17
9
15
14
4
19
26
7
19
5
7
3
14
8
4
3
2
4
4
4
15
15
2
4
16
8
8
5
20
24
9
30
5
6
6
10
31
7
5
7
4
2
6
6
5
6
15
5
7
3
53
12
4
2
3
215
25
47
2
28
5
9
4
3
5
3
7
7
5
8
16
18
13
3
31
10
7
5
16
4
23
6
1
3
10
8
6
63
8
10
12
6
3
12
92
35
10
3
13
7
8
9
8
16
104
30
2
11
3
5
11
5
8
9
10
6
14
5
7
3
1
4
50
17
6
3
10
26
9
29
8
6
1
19
0
8
12
19
13
15
27
1
25
1
7
2
4
2
23
3
49
6
10
57
8
18
4
7
6
50
15
11
7
9
8
12
6
7
5
8
77
4
4
15
9
4
5
12
11
19
6
11
3
20
7
12
4
1
7
35
6
11
69
4
6
17
0
2
15
4
6
7
9
171
12
2
30
14
8
31
20
2
5
9
133
3
138
12
5
4
14
12
7
10
15
15
3
33
18
15
8
3
216
12
26
4
6
64
8
10
8
13
4
4
9
5
5
4
8
4
7
6
2
1641
0
7
3
8
69
5
16
5
1
4
2
6
2
2
9
8
8
6
5
51
13
7
9
2
3
9
7
1971
44
188
9
34
13
100
3
1
5
4
27
3
7
5
6
15
37
10
40
22
13
5
23
2
2
14
12
5
9
6
11
6
3
7
11
4
22
12
27
3
19
65
1
9
5
10
5
12
172
9
2
5
3
2
11
3
1
9
28
6
9
5
1
3
20
108
29
1
7
1
5
25
3
3
17
4
28
6
43
8
19
4
2
9
3
9
4
2
14
2
15
4
5
3
5
7
12
5
6
51
19
3
8
11
36
7
11
1
10
29
10
8
34
25
15
4
20
9
5
8
23
1
4
14
5
302
2
3
9
5
10
6
2
314
15
9
9
1
7
12
8
6
4
7
1
1
4
28
1
4
9
18
5
2
3
6
5
5
5
8
11
8
109
29
12
13
21
17
51
7
38
2
38
15
20
7
7
9
88
3
1
2
3
5
4
9
16
13
12
18
20
10
365
15
28
3
3
11
8
40
14
6
8
4
11
21
212
3
18
5
1
3
18
6
17
17
23
4
11
88
3
83
2
4
16
1
20
26
12
1
5
8
6
21
5
4
9
8
3
3
20
14
16
13
154
4
32
31
54
16
10
101
15
7
24
1116
21
47
8
4
6
6
26
7
1
2
2
14
2
6
41
9
21
20
9
3
7
8
11
1
4
3
7
12
64
12
16
1
5
37
13
13
50
5
51
71
15
7
19
42
9
7
26
19
13
2
3
8
13
6
64
2
5
3
11
16
102
9
89
15
48
0
1
16
4
2
7
13
78
90
5
10
3
2
14
3
6
23
3
29
53
1
8
15
45
9
5
1
24
52
22
1
6
2
8
2
14
1586
4
497
6
11
32
16
5
16
41
22
15
20
7
21
11
5
209
36
5
8
7
6
20
5
3
8
2
5
12
20
13
10
6
6
4
9
1
14
3
5
13
14
11
25
39
47
4
9
0
5
4
13
8
11
5
3
12
13
4
3
26
22
11
7
27
3
16
21
10
3
131
96
14
10
5
3
22
3
9
30
1
5
7
6
9
19
11
3
29
6
6
15
6
6
50
5
1
10
3
8
4
7
6
5
5
10
5
3
9
9
7
3
4
12
14
38
2
5
18
6
23
21
10
21
2
0
4
12
3
12
9
8
16
17
31
10
22
49
15
13
8
9
15
1
5
22
4
11
6
13
15
4
14
1
17
10
9
26
12
40
12
3
2
7
12
8
6
6
0
8
3
16
11
8
40
10
4
42
2
13
27
3
13
7
2
10
28
14
19
13
2
6
5
18
23
7
40
6
9
36
7
109
28
40
42
4
2
42
41
3
16
51
3
8
29
3
4
5
12
0
6
3
14
44
5
7
32
2
10
18
13
42
8
5
10
3
6
4
4
1
10
1
5
23
3
5
3
5
12
24
4
19
6
7
2
11
4
80
7
4
7
6
8
25
9
4
3
41
33
7
14
14
2
6
12
19
7
3
18
6
9
20
4
7
3
5
2
2
15
8
8
17
11
12
2
8
16
4
27
0
56
8
11
34
5
11
17
5
2
9
3
2
11
79
2
28
116
8
30
7
5
47
14
16
5
8
12
30
14
7
4
8
8
10
36
30
3
40
13
25
6
3
6
5
200
7
8
6
11
2
53
1
6
0
6
4
4
13
24
8
8
17
4
8
1
58
39
6
6
1
3
6
22
5
17
6
2
15
4
4
387
1
79
2
3
8
44
3
7
1
82
0
10
11
5
0
12
6
3
5
15
23
8
8
977
7
36
30
9
7
9
84
2
9
1
5
5
3
5
2
2
3
13
14
0
28
9
20
11
9
31
5
5
0
43
6
3
6
1
9
3
10
3
3
1
12
5
9
5
1
12
13
2
11
42
7
45
6
3
4
4
4
15
7
2
203
7
8
2
10
3
16
2
4
7
9
5
13
2
28
5
8
8
3
9
17
3
6
15
15
4
21
8
15
7
3
7
1
20
6
9
6
1
45
5
8
11
20
13
3
6
9
17
5
11
62
1
9
53
11
3
5
7
21
25
107
43
4
3
2
2
45
15
12
9
28
12
66
19
6
64
19
16
7
6
17
18
7
6
4
10
2
1
2
7
5
9
2
16
2
6
21
113
11
9
32
18
23
13
9
116
2
6
18
2
1
5
5
0
8
16
10
5
6
8
30
21
10
44
10
6
33
24
21
23
8
36
1
4
11
2
7
27
7
2
5
6
4
7
5
149
3
3
27
15
7
12
18
11
4
5
3
7
6
4
7
23
11
30
9
316
9
40
51
7
7
49
50
5
27
91
177
17
5
38
6
15
12
5
12
6
7
7
9
5
29
2
6
8
35
66
3
5
22
4
8
13
3
51
8
7
211
9
9
10
5
19
46
9
3
26
10
2
5
22
4
7
4
5
31
14
6
81
18
4
8
3
9
3
96
19
2
14
3
2
2
25
9
23
30
23
5
13
22
1
8
4
19
32
8
7
1
1
4
4
0
26
13
16
4
8
12
8
22
35
16
3
8
11
13
22
9
13
2
57
5
8
7
6
8
5
21
6
1
37
17
11
17
4
25
6
7
83
13
10
18
4
2
3
26
33
3
11
2
6
5
14
13
3
11
9
49
6
402
3
9
3
6
8
4
7
10
3
14
8
41
10
17
3
12
13
2
3
48
13
3
7
3
8
8
69
17
0
1
13
8
35
9
41
31
7
8
2
11
4
15
13
19
14
2
2
7
6
92
2
22
18
3
50
13
48
16
7
9
4
2
14
147
9
12
4
5
9
59
12
10
15
10
9
25
11
8
2
5
13
78
19
36
17
3
5
8
10
2
23
4
9
8
65
15
8
7
0
18
2
288
8
2
7
14
9
2
3
4
17
12
4
138
6
83
20
10
19
42
2
17
8
10
8
15
9
46
3
10
16
6
9
5
3
5
24
29
18
6
11
4
13
50
27
12
0
1
11
2
4
6
6
11
1
4
14
34
1
13
14
4
2
22
19
29
11
32
8
5
14
5
1
9
8
71
9
12
1354
5
10
4
12
10
6
3
4
18
15
1
5
7
61
7
10
3
44
6
10
11
4
22
1
12
39
15
8
2
28
5
14
4
0
1
12
3
2
10
10
4
6
11
50
0
52
9
24
9
65
2
3
21
35
6
28
12
10
16
0
4
2
4
15
2
13
13
3
4
7
28
2
6
3
2
5
6
17
3
1
38
23
9
9
4
17
19
7
6
2
184
54
11
31
11
25
18
18
12
3
13
11
9
4
20
8
17
2
11
15
4
85
7
4
14
5
22
4
6
9
8
9
19
3
25
10
10
5
3
6
6
3
55
6
2
12
1
3
12
3
3
33
10
164
1
42
1
7
31
31
68
24
7
10
2
5
11
13
25
5
50
2
4
33
29
3
30
8
4
13
9
95
0
3
3
23
6
54
17
13
23
5
2
7
20
3
15
17
2
12
2
3
8
20
14
9
26
7
5
7
12
8
4
30
66
7
1
7
6
2
11
18
23
5
42
37
7
123
12
4
21
5
11
75
9
4
927
4
17
14
10
6
92
7
8
0
23
0
12
11
10
2
22
5
2
20
12
24
26
4
6
7
3
6
18
2
0
9
38
4
8
1
5
8
10
12
2
6
26
8
27
29
38
2
17
46
10
15
18
4
12
1
5
6
8
9
12
3
5
22
2
0
12
1
9
3
8
14
2
26
19
9
7
4
9
9
11
9
10
5
5
9
1
7
2
220
7
26
244
9
9
7
3
30
3
11
47
85
1
9
4
2
15
59
9
113
15
7
2
49
1
28
36
6
1
6
84
1
12
13
9
9
33
26
2
10
6
13
38
3
28
10
23
3
5
6
22
5
9
5
13
243
38
6
2
10
2
16
4
24
15
8
2
24
10
5
6
6
9
9
2
9
31
40
8
2
17
11
3
11
8
28
8
2
12
4
4
9
10
15
4
7
24
5
3
4
20
2
18
9
5
34
26
8
32
6
32
11
2
9
4
4
6
10
1
7
7
8
11
11
52
12
7
14
18
23
6
10
7
7
11
4
16
3
4
2
6
12
14
49
4
3
1
12
17
16
3
5
23
12
28
21
6
12
14
25
0
3
17
55
49
11
9
193
8
40
13
7
17
3
10
24
5
11
2
13
86
10
15
4
4
31
3
8
0
6
7
11
41
5
12
7
2
4
2
6
40
18
25
3
5
16
6
26
114
27
6
16
8
46
11
41
3
23
6
7
3
107
10
4
11
16
1
19
5
39
10
3
3
4
6
51
5
13
4
4
15
4
5
3
2
9
62
4
8
36
6
4
7
46
6
4
7
3
24
22
11
11
8
7
20
6
12
14
2
22
3
4
11
6
8
9
2
5
6
4
9
12
9
6
1
3
10
6
18
26
5
15
15
5
207
1
17
2
12
12
3
10
1
6
1
8
2
28
9
8
11
3
11
20
11
2
73
16
2
7
42
10
12
24
9
8
13
5
7
22
13
4
7
28
10
20
9
23
6
8
5
5
4
25
14
17
0
25
19
4
6
2
3
37
30
16
14
26
14
15
40
18
14
46
7
4
11
4
8
13
469
1
8
32
6
8
243
84
4
10
9
61
52
3
114
25
4
3
6
19
12
14
18
9
11
9
15
10
2
7
9
8
9
12
14
14
15
7
17
2
3
8
8
6
17
18
0
3
4
6
40
2
7
6
9
5
9
4
8
5
20
7
4
6
8
13
17
19
8
382
2
2
6
11
3
108
1
8
4
4
1
24
3
3
6
4
4
273
9
14
101
8
6
12
7
4
21
11
26
13
24
5
5
53
1
21
16
75
8
42
0
4
10
11
6
10
5
11
16
9
20
6
10
11
0
11
3
16
7
3
4
1
8
49
22
33
16
17
4
126
9
16
6
23
11
10
4
13
4
14
20
3
23
7
7
9
3
2
6
16
41
7
23
7
11
5
2
5
7
5
8
3
9
23
4
2
8
7
43
17
6
13
11
8
13
11
102
1
14
16
38
25
10
33
4
14
26
9
140
22
21
3
8
8
17
9
20
10
2
8
1103
8
7
21
22
10
6
6
15
3
0
7
3
5
11
7
2
0
48
7
13
18
2
11
18
198
0
6
22
8
6
11
49
13
4
6
14
10
14
8
3
5
9
24
2
4
120
6
3
7
11
13
26
139
10
4
1
24
4
9
3
3
7
25
7
103
1
34
3
12
4
82
8
3
12
6
5
8
1
12
3
14
12
11
4
8
23
11
3
4
6
5
0
36
13
30
9
6
8
33
31
6
2
421
2
9
11
13
14
4
20
8
4
7
11
3
5
9
3
7
7
3
34
4
8
48
8
3
13
7
9
10
14
73
33
13
40
6
3
20
8
25
8
1
27
15
42
12
9
11
8
6
19
0
0
35
1
4
19
152
10
9
4
5
21
5
7
40
50
5
9
12
38
5
13
6
12
2
15
7
1
14
3
8
30
1
8
27
32
5
12
26
1
7
4
17
4
5
13
9
4
4
16
33
21
9
4
2
66
12
4
13
7
1
44
5
6
14
5
6
5
84
7
13
13
14
60
1
85
4
18
14
4
11
15
43
13
3
0
0
1
7
8
12
13
9
8
4
6
63
17
6
17
21
4
11
2
16
4
19
7
26
16
7
28
6
42
56
6
16
10
5
12
9
8
22
13
10
17
7
4
8
2
16
4
5
5
5
4
3
6
4
15
3
8
27
7
6
8
24
8
9
22
16
6
126
7
1571
3
3
3
5
25
19
11
5
7
71
4
5
35
22
10
9
6
9
12
19
5
11
41
1
176
2
11
3
15
18
5
185
13
12
9
8
3
5
15
7
16
1
5
11
5
7
24
7
3
21
14
7
10
10
18
5
12
13
4
27
3
13
23
9
3
11
9
8
14
5
3
18
9
5
3
19
14
10
69
9
25
17
8
8
2
18
12
17
10
128
10
21
138
11
4
10
5
129
14
4
3
16
14
4
6
4
5
5
15
15
8
23
6
5
6
21
16
75
3
12
5
9
10
30
2
1
11
7
19
17
4
9
2
8
14
6
9
8
211
3
6
6
5
11
2
49
24
67
84
8
43
1
1
21
53
12
2
44
1
4
3
6
76
3
2
5
2
8
1
6
28
5
4
8
11
3
13
10
14
1
3
7
10
14
2
5
24
12
20
57
7
21
3
20
7
12
13
25
23
5
1
2
2
16
12
69
12
1
5
13
5
25
2
11
2
6
28
5
17
14
3
2
8
5
12
12
131
20
2
5
90
0
9
11
26
16
5
17
13
3
5
13
8
10
13
10
1
0
13
10
14
6
5
7
23
12
7
13
7
5
2
3
4
44
2
16
12
10
13
941
1
5
9
5
12
16
8
7
3
8
16
3
1
86
7
11
6
5
9
13
6
13
6
1
21
11
83
14
5
10
0
2
5
3
2
6
10
9
5
18
10
4
10
11
23
24
12
3
4
3
25
15
17
9
1
6
14
15
255
2
5
3055
28
20
5
18
6
30
17
4
6
7
5
57
8
8
16
5
5
1
20
6
3
12
5
26
13
11
7
58
2
1
391
1
5
16
2
130
13
0
9
6
5
9
10
169
5
45
9
279
10
32
7
14
5
6
5
96
3
5
4
8
7
39
13
16
13
15
19
3
5
5
3
10
39
5
2
8
6
2
16
16
5
5
12
12
0
1191
13
58
2
6
20
8
33
12
7
6
15
11
3
13
3
11
5
19
19
20
5
2
10
2
23
4
3
28
1
7
7
6
14
2
9
91
95
18
7
10
8
5
8
2
2
23
5
9
3
27
6
47
12
2
2
0
1
0
8
14
3
1
5
4
4
6
67
20
11
15
7
1
14
21
290
3
3
1
16
1
35
9
2
12
4
3
19
9
0
6
7
7
9
47
12
52
5
4
31
19
139
1
6
30
3
4
4
8
16
31
21
3
4
2
8
5
525
14
23
340
2
7
58
6
7
3
4
7
21
11
11
6
3
41
17
19
14
5
45
4
3
3
12
2
7
51
13
10
25
8
5
8
3
12
16
24
20
9
75
17
9
3
2
8
5
4
7
15
6
4
7
51
27
26
22
6
28
16
4
14
8
12
16
16
8
9
23
9
44
37
8
9
2
38
2
4
10
17
8
0
12
180
6
16
2
2
0
0
8
3
11
15
33
6
50
6
7
24
11
0
31
30
4
5
2
7
4
3
15
4
27
0
8
7
12
10
7
4
2
17
14
18
4
22
105
17
13
10
30
7
7
8
6
17
1
14
13
4
10
8
45
1
14
5
6
4
11
12
18
2
12
8
4
107
7
18
4
1
306
30
10
11
9
8
6
3
14
7
3
1372
3
15
30
2
8
12
70
1205
6
12
11
7
3
51
8
11
619
8
23
24
0
400
6
2
11
8
6
4
15
9
3
15
4
3
7
7
10
30
6
4
4
5
7
3
7
22
28
6
18
19
12
5
60
2
12
4
1
6
9
6
6
6
5
30
17
5
5
7
33
13
2
5
2
6
8
11
25
0
7
11
72
3
2
187
9
26
3
4
21
8
6
7
17
1
4
6
1
10
183
8
15
2
29
45
12
12
36
15
6
17
26
65
6
34
7
5
9
11
44
4
6
2
93
6
9
14
41
13
6
5
12
32
35
0
13
5
2
25
14
16
4
8
0
3
13
7
12
11
19
67
4
7
11
1
21
3
42
5
12
3
30
268
1
6
22
7
4
24
9
8
7
7
22
7
8
5
2
18
5
16
9
7
2
5
13
4
9
20
3
56
30
5
37
29
5
13
2
6
9
5
4
11
11
5
18
17
2
8
7
28
7
5
24
13
5
2
10
10
4
8
8
15
12
32
3
6
14
5
9
3
4
3
2
11
3
8
39
7
15
4
0
6
11
4
39
4
3
16
3
16
9
28
13
26
2
21
13
3
11
33
16
11
3
20
9
23
5
2
5
1
4
8
5
5
3
4
6
12
7
6
64
4
8
6
21
4
34
4
12
1
7
92
5
1
3
1
43
4
3
6
2
225
44
4
12
5
47
1
14
6
0
6
1
24
2
77
17
60
0
6
10
3
7
16
3
13
7
5
10
4
9
3
7
25
1
12
12
4
12
11
13
10
1
0
9
6
19
14
113
7
9
8
2
19
4
6
22
9
9
14
27
12
8
11
5
7
2
31
5
21
5
3
121
11
4
10
7
8
171
9
8
7
4
5
10
5
1
5
9
10
2
7
31
15
2
10
14
12
2
12
7
42
4
5
12
20
5
7
8
20
33
42
8
11
0
4
3
7
10
6
13
8
6
3
4
6
37
2
5
10
5
13
13
771
4
29
15
7
3
17
47
4
25
1
4
3
9
2
123
2
1
9
7
27
5
3191
11
0
9
100
11
7
301
28
19
5
5
14
3
11
7
3
32
714
7
10
14
13
25
18
2
9
20
1
9
8
3
10
9
4
2
1
5
8
11
4
5
2
94
6
8
7
23
0
10
8
4
5
3
5
7
13
13
9
3
7
7
16
6
14
188
6
9
6
14
5
1
10
7
17
28
2
5
3
15
1
16
9
2
5
7
11
16
12
137
13
4
503
1
5
7
6
8
41
11
22
11
6
4
15
6
5
4
5
0
22
29
2
12
6
4
6
3
3
2
7
24
5
2
3
9
14
4
33
14
8
11
23
19
33
14
4
7
7
4
2
1
10
2
10
2
6
5
4
8
23
6
31
20
4
5
10
15
3
26
9
4
3
33
7
3
32
2
11
5
0
133
14
3
66
12
4
81
3
34
3
22
4
15
5
1
10
7
31
5
6
10
2
11
6
0
2
140
5
1
17
33
5
5
6
1
14
3
8
0
2
7
5
41
2
9
9
112
1
13
12
21
12
6
24
8
13
32
9
50
15
5
31
2
0
4
26
8
7
2
22
7
3
10
2
3
5
5
9
9
9
6
15
6
5
11
11
33
6
15
415
10
8
24
16
20
4
15
0
8
2
18
2
5
5
9
9
47
9
12
5
24
10
23
16
4
7
18
11
9
7
3
21
4
7
7
29
7
82
7
1
92
205
57
3
24
110
3
9
9
32
4
2
8
3
6
22
12
13
7
6
8
26
149
0
14
6
8
17
9
3
5
1
16
3
5
16
3
9
10
33
3
31
19
8
1
6
37
49
5
7
8
13
4
20
12
32
30
23
4488
0
20
2
4
28
10
3
22
26
1
21
10
47
4
22
19
20
1
8
8
11
4
4
10
16
5
6
8
1
29
223
10
15
9
2
6
32
9
2
44
33
4
10
7
11
99
3
33
6
191
68
4
3
23
3
14
3
10
34
11
8
33
49
4
18
7
82
17
22
14
22
15
2
386
8
1
8
8
8
20
54
1500
2
12
10
10
55
4
7
0
5
1
6
36
63
0
3
15
4
10
4
15
5
0
10
5
46
18
20
4
1
41
52
3
8
3
12
2
95
7
7
3
18
36
2
19
191
6
53
3
8
31
2
5
5
0
6
6
9
3
1
6
10
7
5
0
14
3
38
2
18
16
52
13
2
2
48
7
7
15
8
7
3
6
1
8
13
15
3
2
39
5
12
11
9
1
12
13
15
7
9
2
12
14
17
29
16
3
19
5
4
6
27
4
27
2
8
0
13
17
11
45
4
10
22
2
38
27
16
3
2
3
10
0
6
1
19
49
6
3
2
9
23
28
230
10
0
3
6
9
32
129
13
3
7
3
66
2
1
17
7
13
46
2
7
9
13
3
24
3
14
40
29
31
94
3
0
4
12
12
10
1
22
9
2
15
25
14
6
7
12
3
19
19
5
6
7
4
7
1
359
8
2
9
28
3
12
3
62
201
54
1
11
5
18
3
8
11
14
9
15
9
328
13
5
20
4
2
13
8
6
3
10
12
186
22
19
8
3
4
48
10
108
19
24
6
4
31
10
5
9
1
2
4
17
3
10
14
4
5
11
0
4
1
7
6
10
3
2
5
1
2
2
6
30
23
79
43
5
13
2
19
9
6
2
15
0
188
6
259
8
2
8
55
7
2
8
5
93
3
3
8
3
8
9
4
14
1
9
18
4
10
36
20
15
13
3
3
8
7
7
1
10
3
7
5
6
4
6
3
8
7
18
9
5
6
8
5
8
1
11
17
4
4
21
15
7
3
1
12
6
12
9
15
3
32
6
7
40
5
5
67
103
4
7
8
1
10
1
11
37
8
5
9
11
18
20
5
3
51
15
8
10
7
93
10
3
24
413
3
23
2
9
18
10
14
2
8
10
40
11
23
19
5
5
12
5
3
3
333
23
3
5
82
1
7
22
41
7
3
7
14
43
8
2
27
22
3
19
9
18
9
4
2
13
15
13
21
5
2
4
13
4
24
24
7
11
19
15
10
436
57
4
17
33
14
3
8
5
11
3
8
17
6
6
8
11
8
116
9
7
8
4
10
14
12
11
15
13
2
1
19
14
48
1066
6
34
9
3
14
5
5
10
2
8
3
5
10
3
3
1
9
18
2
35
8
7
50
9
5
15
1
8
24
4
11
4
3
6
18
10
25
7
5
0
1
11
2
4
10
24
16
12
4
6
11
9
5
278
18
50
13
6
3
7
30
6
29
15
24
34
10
22
4
10
64
6
241
7
11
3
9
7
75
52
5
5
18
35
9
3
75
31
1
0
17
6
7
8
2
9
4
6
18
12
9
55
2
3
5
4
0
28
5
7
10
19
13
33
3
2
20
17
7
9
1
8
57
3
535
27
3
71
4
10
4
16
2
7
4
3
12
2
1
11
24
8
10
5
15
6
7
3
5
11
9
7
21
5
14
12
8
6
7
6
0
29
14
14
18
11
41
3
45
14
9
34
18
4
7
11
9
4
28
120
9
10
3
7
8
4
6
4
20
2
4
5
18
3
7
12
17
22
1
27
18
47
25
7
3
21
8
11
14
40
3
6
11
68
14
5
7
16
12
5
3
3
7
6
12
15
18
2
5
22
3
5
10
1
52
6
9
27
3
5
41
3
6
8
7
32
6
2
7
6
13
10
31
5
5
6
29
1
5
32
19
30
12
13
19
2
22
40
2
4
7
41
5
8
6
12
9
8
30
7
3
1
11
20
13
36
17
13
7
33
7
14
4
5
6
6
31
3
31
123
8
11
7
9
3
7
19
2
27
4
7
42
16
6
8
4
1
6
7
5
7
7
2
9
4
9
8
1
155
3
4
23
1
5
1
40
1
8
1
4
2
3
16
9
8
1
13
4
10
2
9
17
9
3
5
7
5
14
9
8
8
11
6
16
11
7
56
30
12
2
11
0
11
3
4
36
40
14
3
5
3
14
2
17
9
0
371
2
14
8
10
3
6
22
7
3
13
43
4
48
29
187
12
10
17
82
9
6
1
30
4
8
11
5
3
9
6
2
2
3
6
2
7
12
0
5
6
6
10
10
12
22
4
8
24
19
6
8
10
3
12
12
6
15
44
6
4
9
20
13
1
12
5
14
1
6
47
5
21
44
7
6
58
7
19
22
11
17
4
1
628
12
13
9
8
24
7
10
44
38
9
6
7
10
17
14
9
3
5
5
7
4
10
8
7
6
1
6
8
22
14
3
37
12
64
4
20
4
1
8
3
3
4
2
8
65
3
6
14
6
4
67
9
14
2
5
6
11
1
3
5
3
19
10
4
2
147
7
13
10
6
10
12
1
2
14
36
59
18
12
8
47
2
2
304
5
3
7
9
61
211
11
23
7
11
3
9
5
19
47
17
8
18
11
10
8
7
47
8
5
10
4
15
7
4
22
19
8
6
12
10
11
6
10
11
10
8
3
3
19
6
5
2
7
66
7
36
32
4
4
473
5
5
17
294
5
5
2
18
18
19
2
8
8
12
15
13
33
4
3
33
8
7
17
11
0
6
4
16
14
5
3
16
7
8
1
20
13
21
7
3
5
109
10
9
4
2
3
14
44
10
31
10
2
138
21
4
5
11
3
8
13
19
19
10
20
11
12
18
7
11
10
7
12
3
12
4
37
12
0
1
36
12
5
17
9
4
99
29
60
6
8
2
26
17
6
7
11
0
8
5
82
11
8
22
4
6
46
11
2
9
15
14
10
17
4
1
5
289
4
5
4
9
10
1
11
2
7
0
7
12
11
13
6
51
0
30
6
6
7
4
3
30
11
5
5
6
7
5
9
11
9
1
8
17
31
6
6
6
10
0
0
3
16
1
6
8
3
4
46
9
4
13
129
5
7
19
3
2
1
4
8
12
13
105
3
0
7
6
18
1
13
14
9
7
27
7
3
14
7
4
1
3
0
6
3
21
7
15
1
16
5
5
4
6
3
2
8
6
20
8
5
1
4
12
7
4
12
6
15
14
169
12
13
1
6
16
23
30
9
11
16
4
10
9
9
10
7
3
5
6
49
8
19
4
42
18
2
6
14
7
3
11
8
5
19
0
3
3
8
10
4
8
0
3
34
6
4
3
5
7
11
19
5
4
7
10
6
13
10
12
4
12
61
488
5
34
6
6
15
29
15
14
17
9
186
10
53
0
46
8
9
5
15
23
13
5
63
4
9
17
1
7
8
40
42
3
7
14
12
8
38
10
3
43
17
8
11
6
7
2
4
7
3
6
3
6
5
1
6
18
15
55
23
42
7
2
16
4
6
52
1
19
2
8
6
2
3
13
14
2
5
11
8
4
5
17
3
12
11
44
21
8
11
15
9
13
21
11
8
76
2
34
28
21
3
23
3
8
31
1
19
32
11
4
2
27
12
1
40
12
14
4
10
10
4
71
25
6
3
29
8
3
10
44
7
15
8
54
45
2
30
15
16
3
11
2
7
12
3
1
1
19
685
13
10
3
3
14
12
1
5
3
21
1
16
3
8
7
7
3
2
1
7
165
13
6
10
0
23
6
9
7
7
48
10
2
11
7
0
3
9
9
3
36
13
6
19
5
77
2
3
0
14
14
2
2
11
43
8
34
3
15
14
10
10
1
9
12
20
48
4
6
6
5
28
2
4
122
22
7
1
3
8
37
13
41
38
13
13
5
9
5
3
2
11
10
7875
9
10
79
11
9
7
33
1
6
9
5
3
4
16
7
12
2
7
225
8
10
3
9
2
9
14
31
11
18
8
12
7
1
19
15
7
17
8
5
7
9
325
9
5
3
1
8
6
18
9
7
14
5
2
37
16
30
14
14
3
0
31
463
6
140
5
5
5
20
7
10
5
11
18
2
7
5
11
22
7
10
8
8
3
48
75
14
3
13
1
12
38
42
6
10
7
22
8
14
17
21
7
3
94
21
4
27
4
6
3
3
10
4
11
47
3
7
28
10
12
40
11
11
24
5
2
4
11
5
6
542
22
8
19
16
0
37
179
5
8
24
9
0
21
3
6
7
3
14
8
5
8
6
6
18
6
3
5
2
4
0
11
6
29
29
68
3
5
3
2
6
4
9
1
1
11
1
10
9
53
13
5
9
11
12
2
2
13
17
42
12
6
7
13
16
15
16
6
14
3
6
23
6
18
5
18
17
8
6
12
15
4
46
23
6
3
7
8
25
8
10
6
6
9
13
6
8
1
10
10
3
75
46
8
4
5
11
6
9
5
7
3
6
4
33
0
9
10
106
7
5
7
15
4
15
4
3
30
15
8
11
11
4
15
4
1
14
