0
54
0
1
2
0
0
0
0
11
4
3
0
2
8
20
8
4
3
0
0
4
128
1
6
5
0
3
0
1
7
3
6
4
0
11
1
2
1
1
1
9552
0
22
24
0
2
9
2
1
1
1
5
3
1
2
5
58
15
5
10
3
2
3
0
1
3
10
6
3
0
2
1
41
2
6
2
2
0
2
1
0
2
12
4
3
1
4
13
1
3
20
2
2
74
1
7
0
1
3
1
13
1
1
0
3
2
1
1
6
0
5
5
7
3
4
6
2
6
2
2
1
2
7
2
1
2
3
6
7
0
1
1
5
2
1
4
24
1
2
6
3
7
3
0
0
4
5
5
2
7
1
1
1535
0
1
6
0
5
1
0
1
3
4
3
3
5
0
3
6
5
3
0
4
2
0
0
0
3
1
1
6
6
0
0
6
10
11
0
4
4
5
0
4
2
8
1
0
6
3
1
0
2
16
2
2
9
0
16
7
3
13
7
2
11
3
80
1
0
0
7
0
2
3
3
11
0
1
4
0
0
7
108
1
9
17
9
2
1
0
3
1
0
2
4
4
0
3
6
1
3
14
2
1
11
6
5
17
39
2
0
2
7
2
7
31
4
8
2
89
8
1
13
0
1
18
0
3
7
1
5
6
8
4
0
4
6
4
85
0
4
1
19
0
7
3
18
10
0
0
4
1
0
18
1
4
12
27
6
3
0
4
4
2
2
10
0
5
1
0
2
1
6
0
1
3
2
1
20
0
0
1
3
4
5
0
5
8
15
2
5
3
14
4
2
1
1
0
5
0
0
0
8
7
13
6
0
5
0
0
3
3
2
0
2
1
2
2
77
1
7
7
2
3
4
2
1
7
1
0
36
3
1
0
3
5
179
2
1
0
9
3
20
2
2
0
0
4
6
9
1
3
0
1
1
0
5
4
2
15
0
2
3
14
2
0
4
1
1
3
7
0
1
0
1
0
2
8
17
7
7
2
2
6
13
3
1
7
3
33
6
1
5
1
0
1
3
1
1
0
79
1
9
0
1
2
11
55
30
17
0
41
1
4
18
0
3
4
31
3
4
3
2
9
0
1
6
5
3
3
63
0
0
4
6
0
6
0
1
2
1
23
2
5
7
2
4
2
13
2
0
54
0
1
2
0
0
0
0
11
4
3
0
2
8
20
8
4
3
0
0
4
128
1
6
5
0
3
0
1
7
3
6
4
0
11
1
2
1
1
1
9552
0
22
24
0
2
9
2
1
1
1
5
3
1
2
5
58
15
5
10
3
2
3
0
1
3
10
6
3
0
2
1
41
2
6
2
2
0
2
1
0
2
12
4
3
1
4
13
1
3
20
2
2
74
1
7
0
1
3
1
13
1
1
0
3
2
1
1
6
0
5
5
7
3
4
6
2
6
2
2
1
2
7
2
1
2
3
6
7
0
1
1
5
2
1
4
24
1
2
6
3
7
3
0
0
4
5
5
2
7
1
1
1535
0
1
6
0
5
1
0
1
3
4
3
3
5
0
3
6
5
3
0
4
2
0
0
0
3
1
1
6
6
0
0
6
10
11
0
4
4
5
0
4
2
8
1
0
6
3
1
0
2
16
2
2
9
0
16
7
3
13
7
2
11
3
80
1
0
0
7
0
2
3
3
11
0
1
4
0
0
7
108
1
9
17
9
2
1
0
3
1
0
2
4
4
0
3
6
1
3
14
2
1
11
6
5
17
39
2
0
2
7
2
7
31
4
8
2
89
8
1
13
0
1
18
0
3
7
1
5
6
8
4
0
4
6
4
85
0
4
1
19
0
7
3
18
10
0
0
4
1
0
18
1
4
12
27
6
3
0
4
4
2
2
10
0
5
1
0
2
1
6
0
1
3
2
1
20
0
0
1
3
4
5
0
5
8
15
2
5
3
14
4
2
1
1
0
5
0
0
0
8
7
13
6
0
5
0
0
3
3
2
0
2
1
2
2
77
1
7
7
2
3
4
2
1
7
1
0
36
3
1
0
3
5
179
2
1
0
9
3
20
2
2
0
0
4
6
9
1
3
0
1
1
0
5
4
2
15
0
2
3
14
2
0
4
1
1
3
7
0
1
0
1
0
2
8
17
7
7
2
2
6
13
3
1
7
3
33
6
1
5
1
0
1
3
1
1
0
79
1
9
0
1
2
11
55
30
17
0
41
1
4
18
0
3
4
31
3
4
3
2
9
0
1
6
5
3
3
63
0
0
4
6
0
6
0
1
2
1
23
2
5
7
2
4
2
13
2
0
4
0
9
7
5
3
0
8
2
2
7
3
40
11
5
0
6
5
1
8
61
1
1
3
0
2
3
0
0
1
4
5
2
31
18
667
1
18
3
0
2
3
22
2
2
1
0
1
0
16
1
1
7
0
3
3
0
7
3
0
3
1
6
24
14
1
5
6
4
2
42
3
5
7
11
8
2
1
2
3
3
1
0
15
7
13
3
0
2
7
1
10
0
40
1
3
0
10
3
23
0
1
23
17
0
20
3
6
2
6
0
0
15
1
16
10
0
5
8
3
62
0
0
2
2
2
2
7
1
6
6
1
24
9
6
0
3
1
10
6
36
3
1
3
3
3
2
4
1
6
9
0
12
22
2
0
0
0
0
6
14
4
1
58
4
3
2
0
4
3
0
8
5
0
0
18
3
3
0
1
1
2
2
2
0
0
20
1
3
7
4
1
3
62
4
3
0
10
6
12
0
3
7
0
3
0
0
4
3
0
1
6
1
3
13
7
2
0
0
2
0
20
2
1
60
1
0
2
2
0
11
1
6
41
0
7
16
2
1
0
14
40
5
5
1
2
8
3
9
2
1
0
5
1
6
2
14
4
18
2
13
3
1
6
6
2
271
57
0
5
0
14
2
2
5
0
2
4
3
2
8
11
4
3
16
0
9
0
12
3
1
0
6
3
6
4
2
11
2
5
9
2
0
0
0
6
1
2
0
8
1
5
4
4
1
0
0
34
12
0
2
0
4
5
2
3
0
2
4
0
3
5
2
8
0
4
2
4
5
1
3
3
3
2
0
5
2
0
0
0
0
3
7
0
0
0
6
3
11
1
4
7
1
6
1
4
1
0
2
0
2
0
3
0
2
0
0
2
3
0
10
0
9
1
1
0
0
2
1
14
0
1
0
2
13
7
1
1
6
3
10
5
0
8
1
3
8
16
1
5
0
1
3
1
2
8
7
1
5
1
5
5
1
1
0
6
1
2
3
1
4
8
12
11
0
3
0
1
1
14
86
5
1
3
4
0
0
1
1
4
132
0
1
1
0
9
3
6
2
0
5
10
1
1
5
4
4
22
26
90
17
3
1
1
1
2
30
4
7
31
0
3
5
1
1
1
1
0
0
1
6
2
4
6
0
0
4
47
0
3
26
4
3
0
1
0
1
9
0
5
2
0
1
0
12
3
1
1
1
10
1
1
1
3
1
6
1
2
6
2
0
6
5
2
4
0
0
1
4
0
3
0
0
4
7
3
9
4
1
4
2
1
5
25
0
0
2
5
1
1
8
6
2
1081
1
0
2
2
4
0
6
203
0
0
15
6
1
40
0
0
0
5
3
0
31
0
1
3
0
0
1
4
12
2
5
6
0
0
2
5
3
7
3
0
4
2
10
3
1
0
1
6
1
7
2
9
2
1
2
4
1
0
0
0
16
4
3
7
7
2
1
34
0
3
0
4
1
0
2
1
0
2
341
4
2
28
14
6
0
3
3
20
1
1
0
1
0
9
2
8
6
1
0
1
9
16
1
4
1
3
16
4
14
9
7
3
6
3
0
1
1
2
4
1
6
16
1
17
5
0
0
0
0
4
1
22
1
1
3
1
21
30
1
0
42
3
3
0
3
0
5
9
11
13
4
4
0
8
2
15
0
0
0
1
7
13
0
32
0
6
10
4
3
8
14
3
3
26
0
2
0
15
0
3
1
1
8
2
2
0
8
0
2
1
10
8
2
4
1
1
1
1
18
3
4
0
2
12
0
2
3
2
8
124
0
24
1
2
4
0
4
1
8
3
4
5
3
1
1
1
0
8
3
1
5
14
14
3
18
12
5
0
0
6
1
3
7
5
2
1
2
2
1
5
1
8
15
5
1
1
1
0
8
4
4
9
0
1
5
3
5
140
1
6
0
1
5
1
15
10
2
15
0
3
0
6
1
3
8
2
4
11
4
3
2
2
0
5
1
0
2
0
3
1
0
3
4
0
62
8
1
1
2
1
7
2
2
2
1
0
7
2
0
3
5
7
6
1
6
0
5
10
2
1
2
4
1
8
8
1
5
5
0
2
7
6
4
0
1
0
3
0
4
5
1
1
92
0
0
1
0
2
3
0
0
10
3
7
0
0
224
0
1
2
2
11
2
4
0
28
4
4
1
8
3
8
6
0
4
0
7
1
2
4
5
6
6
0
64
1
2
6
3
1
1
4
2
0
2
1
0
1
70
5
11
1
20
20
2
2
1
5
0
1
8
3
164
3
1
5
1
0
6
5
5
5
0
5
2
1
13
2
6
13
0
4
1
1
1
2
3
4
8
0
2
2
6
17
7
4
1
2
0
3
1
0
0
1
13
34
1
2
1
0
0
3
2
1
1
4
0
9
18
4
0
20
1
3
1
2
1
2
2
0
1
71
3
1
39
4
3
1
1
1
1
0
2
4
36
6
1
2
0
2
24
1
1
1
1
3
13
2
0
3
1
1
6
2
2
3
1
1
12
2
23
1
0
0
155
15
3
2
1
7
8
33
5
13
19
0
1
5
1
1
6
0
15
5
0
4
0
6
3
1
1
0
7
7
4
20
1
1
0
4
0
4
2
0
4
0
6
3
0
1
2
86
22
0
3
0
0
0
0
0
6
7
18
9
4
10
10
7
2
1
1
7
3
1
7
0
0
9
9
0
1
0
5
5
8
13
2
1
1
1
2
12
1
0
5
11
0
1
61
59
13
8
2
15
3
4
0
0
7
6
5
27
178
0
3
1
9
6
5
1
3
2
3
3
2
2
12
0
3
0
0
5
3
4
1
1
1
11
5
2
1
1
6
1
5
133
1
6
6
31
9
0
0
0
4
5
6
7
1
7
1
0
0
0
28
3
3
3
1
1
0
16
4
5
16
4
0
6
1
0
91
5
5
7
7
16
23
2
1
1
102
3
6
24
0
2
3
0
5
0
1
1
4
2
1
0
4
0
10
13
0
0
1
81
0
0
1
1
5
3
27
1
9
19
7
0
1
2
0
5
3
0
0
1
2
0
0
1
3
2
4
1
17
4
17
1
40
3
1
9
0
3
1
0
1
2
0
4
1
6
3
4
1
7
1
1
7
2
2
0
2
0
0
7
14
40
3
2
13
2
1
15
45
1
8
7
3
2
3
6
9
3
7
5
1
6
2
2
2
0
1
1
1
2
23
14
4
6
2
44
3
2
3
2
1
2
15
5
10
2
2
2
24
1
4
0
9
1
44
0
4
20
2
4
8
0
6
3
0
3
1
6
6
3
14
0
4
1
0
20
1
0
26
2
12
3
0
0
9
3
23
12
1
0
4
0
3
1
3
533
1
0
10
2
4
3
3
5
5
1
4
2
5
241
1
4
4
3
4
1
2
2
1
2
11
11
0
1
3
0
0
1
4
3
1
5
2
9
1
1
2
5
1
0
1
0
6
0
0
4
65
1
4
2
0
4
1
1
1
0
0
76
2
6
5
2
27
8
1
7
5
3
1
0
1
0
7
4
7
15
6
0
2
12
2
28
17
1
3
1
0
7
0
3
6
7
0
1
3
1
7
3
2
2
12
0
2
0
8
4
5
19
2
4
1
2
0
5
6
5
1
3
3
0
3
2
6
3
1
13
39
2
2
7
7
1
17
37
13
0
1
2
2
2
3
2
0
1
3
3
0
4
1
0
6
1
1
1
1
6
5
1
2
1
2
4
6
3
7
15
0
0
6
4
0
214
2
4
3
2
12
7
0
1
0
4
2
0
1
5
1
3
1
1
5
2
3
0
6
0
25
4
1
0
3
27
13
1
2
4
1
37
2
2
1
1
9
8
6
1
0
0
2
2
6
7
0
0
22
1
49
3
29
5
8
1
2
0
8
6
3
8
8
0
4
6
1
0
0
58
3092
1
1
0
2
3
0
1
6
5
4
1
0
1
5
11
0
7
7
0
120
1
0
2
3
14
2
0
7
5
2
29
0
3
0
0
8
0
0
72
7
2
27
1
0
0
1
1
9
3
4
0
5
5
5
1
1
5
3
5
1
4
0
11
2
13
2
1
3
1
2
19
5
1
0
1
31
3
0
4
0
0
7
1
0
1
12
1
1
1
2
1
5
4
2
36
3
1
1
0
2
18
6
0
7
3
98
5
5
0
1
1
1
20
184
0
2
2
0
3
0
1
4
1
1
3
5
1
2
0
42
0
4
3
95
0
8
2
2
6
10
1
5
9
8
4
2
0
0
1
0
3
0
2
9
3
0
1
1
92
2
4
1
0
0
6
1
5
2
0
54
17
0
2
7
0
2
0
0
2
3
1
30
1
0
7
7
13
9
3
31
4
0
14
1
1
2
3
4
4
2
25
3
2
8
8
11
2
1
1
9
2
4
2
81
3
13
2
0
3
1
1
2
2
15
0
1
5
7
1
0
24
6
21
8
0
3
3
0
9
8
0
9
1
7
1
4
1
0
13
1
0
4
41
1
2
3
1
13
5
22
0
4
1
1
3
0
1
21
5
6
9
13
20
3
3
1
4
2
6
2
14
2
2
59
2
0
2
1
58
2
10
2
0
2
5
5
6
1
1
9
0
4
1
4
0
9
5
2
0
45
1
17
3
0
3
3
8
0
4
5
0
1
1
42
0
0
4
1
7
0
50
2
3
1
1
2
42
0
1
10
7
3
0
0
0
0
9
2
8
1
2
16
1
0
33
1
24
2
0
10
7
2
1
5
4
8
5
3
17
0
4
16
0
18
20
0
2
4
1
3
3
6
3
0
2
13
12
3
1
1
1
3
5
1
7
4
8
0
2
2
3
2
0
4
3
9
0
5
8
4
65
56
10
2
0
1
1
0
0
3
2
4
290
1
59
13
4
21
2
6
3
5
18
4
5
8
1
1
6
1
18
2
1
1
19
1
196
4
0
6
0
5
20
761
5
5
5
0
9
1
5
4
50
52
1
14
2
1
8
99
3
8
6
45
5
8
11
2
2
59
5
7
49
1
9
0
2
8
1
13
9
5
0
4
3
0
0
5
2
0
6
1
5
0
1
9
0
3
1
5
139
10
6
2
30
3
2
0
2
39
3
5
1
3
0
9
1
1
1
8
47
1
1
0
0
0
1
0
4
1
1
2
0
2
0
23
8
26
4
18
8
2
1
4
8
4
3
1
0
10
6
17
0
57
2
0
0
1
0
1
1
10
6
4
4
5
1
0
9
3
4
3
2
1
29
0
10
20
5
0
3
2
4
0
1
8
14
2
0
0
3
1
2
1
3
2
6
24
1
2
3
0
2
2
2
3
0
3
2
0
2
13
6
5
2
0
7
3
12
4
16
4
10
12
0
4
6
1
1
4
2
1
0
0
10
1
0
3
127
9
40
0
2
2
27
1
2
3
2
3
5
3
3
3
1
3
19
5
5
4
1
3
1
6
50
8
12
1
6
2
2
6
10
5
5
0
4
15
0
1
0
9
3
0
11
1
1
21
1
17
0
2
1
3
0
1
3
6
1
1
4
19
1
1
0
584
0
0
10
1
5
3
4
7
3
3
6
0
9
6
1
1
2
3
30
8
2
52
24
8
5
3
2
5
2
1
74
4
0
2
1
1
3
7
2
5
3
1
15
24
1
3
3
3
2
1
3
2
0
0
3
1
0
31
9
0
27
1
9
7
7
1
3
4
73
1
13
1
1
4
0
1
1
2
2
37
1
1
3
1
3
3
4
0
4
1
2
0
8
2
9
3
32
65
4
23
1
2
2
0
7
2
1
2
0
1
0
3
1
6
2
5
21
18
0
0
2
0
131
1
30
37
2
4
3
4
0
1
4
6
61
27
0
9
2
2
12
2
3
2
1
0
0
15
1
1
0
24
9
4
4
13
6
8
21
0
0
6
15
17
3
2
1
9
38
5
1
1
2
1
6
9
3
1
2
6
4
2
6
2
0
2
4
15
2
5
4
52
1
3
2
16
4
4
9
2
1
0
1
3
4
10
1
0
1
3
0
11
6
0
0
1
4
1
1
0
0
9
5
14
3
0
0
4
2
4
1
3
1
18
0
5
484
2
1
5
6
3
3
4
0
17
4
6
17
13
7
3
17
5
16
4
21
4
6
13
12
2
4
2
1
0
15
6
1
0
2
0
0
2
5
2
6
1
0
3
0
3
2
1
14
0
5
3
3
1
1
3
1
2
4
1
2
4
1
2
3
3
6
3
35
15
2
0
3
9
11
3
0
0
4
4
16
14
10
4
5
0
3
1
2
4
3
2
2
1
2
3
0
10
0
3
0
2
7
1
3
1
1
0
5
6
3
6
3
0
0
3
13
5
2
7
1
1
2
0
2
19
32
4
2
3
2
4
16
17
1
1
16
20
1
1
5
1
0
3
6
0
0
7
4
9
5
3
10
10
19
5
5
0
7
2
0
1
0
4
0
3
8
17
2
1
2
1
2
0
19
7
8
15
0
1
4
1
2
4
24
23
1
4
1
3
5
2
0
8
1
2
49
0
6
2
7
17
2
5
3
0
17
10
5
4
0
1
3
9
5
6
4
3
1
2
18
0
1
0
0
3
0
1
1
3
3
9
9
1
1
0
0
12
4781
8
2
2
2
5
12
2
0
2
5
3
2
47
9
6
2
1
2
4
4
2
11
9
14
6
1
1
4
1
11
2
7
0
1
6
1
28
1
1
7
1
2
1
2
2
10
18
4
2
1
2
2
0
2
8
2
12
0
9
0
0
11
3
1
8
22
0
2
0
3
1
0
3
4
4
1
0
1
5
6
6
4
1
0
24
4
2
4
5
18
1
1
6
0
10
4
0
18
5
4
4
0
4
9
2
4
1
4
1
5
3
6
2
5
1
4
12
5
0
5
4
30
5
0
5
5
2
1
0
5
1
7
1
1
3
0
1
2
17
3
6
19
27
5
0
2
1
5
4
1
20
0
2
22
6
3
42
4
7
21
5
0
0
2
1
7
6
2
2
5
3
2
16
1
4
1
5
1
3
9
0
4
12
2
3
28
6
2
2
5
7
33
0
2
0
11
1
1
0
3
0
1
0
40
27
0
2
0
23
2
4
11
2
4
8
1
2
3
8
7
1
10
2
2
52
20
2
6
1
42
0
4
13
6
2
2
1
6
0
218
4
1
5
0
1
1
0
3
39
2
17
0
0
4
0
2
12
14
56
1
2
0
6
0
16
2
12
1
1
9
556
1
24
3
1
2
0
1
1
0
6
0
11
6
1
3
0
15
1
7
6
10
11
24
5
0
2
2
0
1
69
0
3
1
2
6
1
4
1
15
7
4
2
0
12
4
2
0
2
1
34
1
3
2
9
3
1
5
1
63
3
3
18
2
1
0
0
3
0
2
1
5
6
2
0
1
158
6
15
2
2
3
1
19
7
7
0
4
4
31
0
2
2
6
0
2
3
20
1
4
3
1
4
0
14
36
8
2
0
2
0
3
22
0
0
0
0
0
0
3
18
2
1
2
2
3
0
10
0
1
24
0
4
1
2
0
1
0
0
3
6
1
7
5
18
0
1
0
0
5
14
0
0
31
7
6
1
0
9
12
22
13
2
2
1
4
3
2
0
0
1
3
12
10
1
0
5
2
1
4
2
0
64
1
9
2
14
9
2
1
1
16
1
3
3
4
5
1
22
21
0
1
12
1
9
28
11
0
2
0
1
2
2
1
0
3
2
1
0
2
2
32
1
2
24
3
2
2
0
0
0
0
0
6
1
2
11
1
5
0
1
1
2
6
0
4
1
1
2
4
9
5
53
3
2
0
7
10
4
1
1
4
0
10
1
3
19
1
1
57
28
2
1
6
0
2
0
6
0
1
4
7
7
4
15
0
0
0
1
2
12
12
5
7
0
3
7
0
3
7
35
0
3
0
17
10
6
3
17
4
2
55
1
4
2
4
2
1
3
2
3
2
1
6
6
7
0
2
7
5
1
0
25
6
0
2
0
2
7
0
2
200
3
1
4
1
1
1
2
3
9
2
6
12
0
1
3
6
4
9
1
22
2
1
2
7
6
3
6
0
0
2
8
3
3
3
4
0
15
35
8
3
0
3
3
3
1
5
2
0
71
1
3
6
5
8
33
9
2
1
3
1
5
1
1
15
34
5
3
7
0
56
0
2
4
0
9
4
2
5
1
12
2
15
2
6
0
3
14
0
0
1
14
2
5
1
1
0
2
0
5
2
23
0
0
1
736
3
1
1
3
1
7
14
1
3
6
1
1
5
4
1
0
8
6
2
5
4
2
4
3
8
10
1
1
7
7
0
5
0
1
8
0
0
2
3
23
0
0
1
1
0
20
10
1
6
136
2
0
0
9
9
2
1
1
3
1
6
1
3
0
5
5
1
11
2
7
66
3
3
29
1
3
3
18
7
25
9
13
0
0
0
5
0
3
1
4
1
2
4
52
2
4
2
9
0
0
1
2
1
8
6
1
19
3
2
0
3
11
0
0
7
6
6
0
4
663
3
0
1
4
2
2
6
9
35
20
0
20
20
1
1
1
2
2
0
8
4
8
2
3
7
26
19
0
1
0
0
4
1
50
0
5
0
1
1
72
4
0
9
5
2
22
84
0
20
1
6
1
3
6
9
26
0
0
20
1
1
3
1
2
2
1
15
5
0
1
3
31
7
3
2
7
0
1
3
4
7
2
0
0
1
0
20
0
1
0
1
2
4
10
2
1
4
1
2
0
1
9
3
1
0
7
5
2
10
4
1
9
2
5
20
1
0
2
0
1
43
4
3
1
6
0
1
0
34
7
9
0
24
1
3
10
1
2
0
0
17
6
0
0
3
1
5
2
0
1
4
0
3
14
1
2
0
1
2
8
20
1
3
6
2
0
1
1
20
5
6
1
4
1
4
4
2
5
4
12
13
0
4
2
2
3
14
10
1
51
20
0
10
4
5
1
9
2
1
2
9
4
14
0
1
23
4
0
4
5
2
11
0
16
0
3
123
0
0
0
10
7
5
0
3
3
1
2
2
1
2
84
3
4
7
0
10
0
6
2
2
5
35
5
1
10
16
31
1
3
2
1
11
4
1
2
2
0
1
2
2
0
0
30
7
12
5
1
4
1
6
0
0
25
8
1
1
1
19
4
3
5
1
0
28
8
1
1
0
0
0
0
4
5
4
27
1
2
3
2
1
4
1
19
2
0
2
1
0
0
2
2
28
7
3
2
0
0
10
4
5
0
1
3
2
11
0
2
3
6
3
108
33
3
0
3
3
19
2
1
0
7
3
2
14
2
2
8
5
6
23
51
10
4
0
3
191
0
1
2
270
1
5
0
2
0
2
1
4
0
14
3
18
1
6
3
11
20
0
13
158
0
12
1
0
0
3
2
181
3
0
1
0
5
5
2
4
0
4
1
140
3
8
1
8
7
40
6
0
8
1
1
6
4
6
2
0
3
12
53
4
7
6
9
0
622
3
11
41
92
2
2
5
13
12
8
4
5
18
24
0
0
2
6
28
0
3
2
0
21
2
0
11
1
28
3
1
0
2
1
9
4
1
1
0
3
3
1
12
0
4
1
5
1
2
3
1
17
2
3
0
0
3
1
1
0
6
4
1
0
0
7
3
1
0
0
1
5
17
11
1
0
4
29
2
2
29
8
6
0
4
10
4
3
3
5
5
0
10
4
0
1
12
0
0
23
6
0
3
10
0
5
3
8
19
19
8
0
25
4
0
31
5
4
0
1
1
2
2
3
5
0
1
2
4
2
12
0
3
1
2
248
6
0
2
2
6
0
5
2
11
0
0
49
2
4
2
5
0
0
4
1
3
3
1
1
14
1
4
7
38
2
27
0
1
9
3
0
1
1
4
1
117
0
5
2
1
0
10
2
2
1
4
0
2
14
1
1
0
2
0
2
1
1
16
1
11
14
2
1
2
31
3
0
25
10
1
29
1
12
122
13
2
0
1
4
2
26
31
0
0
2
0
6
8
0
1
7
0
0
11
0
1
1
0
266
1
3
2
4
9
6
1
1
10
3
23
2
22
2
54
1
7
1
1
2
0
1
3
3
24
0
1
2
0
4
5
3
5
0
4
7
2
1
4
3
6
13
3
1
1
32
9
1
2
1
19
3
2
5
1
0
0
0
2
3
3
3
0
3
0
3
0
2
1
0
12
2
8
3
0
1
4
9
2
1
1
16
0
2
0
1
4
8
2
2
2
54
7
0
11
34
2
2
0
2
4
2
0
1
6
3
12
2
0
6
5
0
9
0
0
1
136
0
0
0
2
5
2
3
7
7
183
2
4
1
16
3
5
5
1
10
26
0
8
6
1
1
1
18
4
0
22
16
3
8
4
18
0
3
11
2
7
12
2
1
9
29
1
1
0
3
3
0
8
0
48
23
0
10
2
4
1
1
12
3
24
0
28
3
2
5
0
11
2
4
1
4
6
2
2
5
1
3
2
0
1
1
2
7
30
0
3
2
2
7
0
5
7
0
0
44
0
11
467
11
2
0
2
3
8
12
0
1
2
18
6
2
1
0
0
8
2
1
15
424
7
77
481
2
4
2
1
1
8
6
0
0
1
5
7
2
3
2
4
1
1
1
3
3
5
0
2
7
12
5
1
0
1
0
2
3
2
4
2
6
0
4
0
2
5
1
2
2
4
0
1
0
0
2
7
12
3
1
3
3
6
48
3
3
0
14
6
0
40
5
3
3
10
3
2
15
10
0
3
3
9
3
2
1
17
1
1
2
1
0
0
18
304
39
3
0
2
10
7
1
5
0
1
17
0
0
0
1
24
1
1
40
6
0
2
6
6
30
1
2
0
8
0
6
3
0
0
2
0
5
11
0
1
4
11
106
2
1
0
2
30
21
11
17
9
3
2
5
4
3
2
21
0
0
0
3
3
135
16
2
2
0
10
9
1
1
6
1
0
0
1
2
2
0
1
5
12
2
2
2
0
4
7
2
0
0
14
1
2
4
0
0
0
21
2
1
1
4
1
11
1
6
0
0
10
1
1
1
3
4
11
0
2
1
1
3
10
18
10
1
0
1
42
0
17
6
12
0
0
0
12
4
4
23
0
8
2
4
1
4
1
3
0
2
4
2
1
4
1
9
5
9
8
0
1
2
3
1
3
20
13
8
1
15
5
4
3
445
0
6
0
0
0
4
1
1
3
2
0
2
6
2
0
1
0
4
1
5
1
8
2
3
0
4
2
0
2
12
2
25
0
2
2
1
2
2
0
1
3
11
1
4
0
3
3
3
3
7
27
1
3
1
4
15
0
3
0
1
7
19
1
0
7
2
0
2
11
68
1
0
0
19
30
3
2
3
3
2
1
1
0
7
4
0
7
20
0
15
3
1
1
2
10
1
4
11
3
3
0
0
7
93
9
0
0
0
4
0
9
0
2
8
8
1
0
1
3
0
1
3
1
13
6
0
6
8
6
11
1
0
6
1
1
63
6
4
4
3
4
1
8
1
3
13
0
2
3
3
4
1
4
2
2
1
1
0
7
7
4
0
21
7
0
0
0
1
0
6
10
2
25
1
0
3
5
4
0
72
0
2
2
1
2
11
0
1
1
1
6
1
9
0
14
44
4
1
4
3
10
2
2
12
5
0
1
4
5
3
2
2
6
8
2
0
20
1
1
75
3
9
1
4
0
3
2
6
2
3
54
0
150
2
11
1
2
1
6
0
0
4
0
6
0
4
17
5
1
1
5
16
3
0
0
0
7
5
2
2
5
4
68
1
3
45
0
10
5
1
1
7
4
9
3448
6
2
6
2
0
5
1
0
0
0
1
0
0
9
1
0
5
2
8
5
17
3
0
7
1
15
0
0
7
2
1
12
2
0
0
0
1
3
2
2
1
12
6
2
3
5
10
4
7
2
1
3
2
1
116
0
3
20
4
0
7
3
1
3
0
0
9
6
4
17
19
5
1
1
8
5
0
1
2
0
0
0
3
1
6
0
2
1
1
0
9
22
5
2
4
2
38
0
6
4
2
2
3
0
9
8
11
0
2
27
2
2
1
0
2
1
42
0
1
1
3
3
3
0
9
0
0
3
0
0
0
7
1
1
1
18
7
42
11
2
489
26
5
0
1
2
9
46
1
1
8
4
22
1
334
2
1
3
0
1
0
1
205
7
6
7
1
3
2
1
7
1
2
22
13
6
4
45
3
6
1
0
8
0
4
1
0
7
1
31
4
1
1
0
0
3
0
4
3
3
18
6
1
5
0
1
0
12
90
0
1
6
0
1
20
5
1
0
10
16
2
3
6
4
0
3
2
3
0
5
2
2
44
2
3
17
4
0
0
12
7
1
0
2
4
0
4
0
6
58
1
2
2
12
12
5
3
20
2
1
43
7
1
3
0
0
4
7
4
1
9
1
1
46
4
1
0
109
1
2
4
3
4
2
5
8
0
14
3
3
0
3
2
3
0
12
11
7
0
1
3
5
1
7
6
1
1
32
0
4
5
2
0
1
8
0
1
5
0
3
3
6
1
2
9
3
6
0
0
2
0
6
1
6
8
0
1
3
24
0
4
0
7
5
51
4
250
1
2
4
0
0
1
18
2
8
2
6
6
3
0
3
1
0
2
2
4
0
3
5
14
2
1
2
15
0
1
23
1
1
0
2
8
4
1
1
3
2
3
9
4
35
0
2
4
3
4
8
5
4
4
1
14
2
0
306
2
2
23
0
0
15
2
9
6
14
0
0
5
4
21
2
6
4
25
1
9
9
6
0
6
0
1
0
8
3
752
6
4
2
3
3
3
0
0
2
22
6
5
0
1
4
7
2
25
0
6
0
6
2
0
12
12
4
4
1
2
9
3
1
0
12
16
8
26
6
1
0
3
13
0
1
5
4
1
9
0
2
3
1
5
1
0
60
0
9
0
0
9
1
7
3
2
0
1
10
19
2
1
0
1
15
2
2
0
0
4
88
20
8
2
4
0
42
3
30
4
3
0
4
0
1
0
179
0
1
0
15
0
4
5
3
0
16
1
1
7
3
7
4
10
1
3
26
43
1
0
6
0
1
6
0
5
3
0
0
8
0
0
1
62
0
5
10
1
18
0
4
0
10
4
2
1
3
20
5
8
4
4
25
5
0
1
4
3
2
0
6
3
0
0
68
0
2
7
11
8
0
0
57
5
1
3
13
7
5
4
24
1
18
6
1
0
2
2
0
9
4
3
2
2
8
0
4
1
10
4
4
2
1
3
16
113
8
0
4
2
1
14
4
3
4
1
10
3
5
0
4
3
9
0
8
4
1
2
2
3
5
3
3
3
5
0
5
1
3
5
14
2
2
11
37
1
0
10
3
14
3
14
1
3
3
0
3
0
6
12
10
2
19
1
10
0
1
1
2
0
7
3
4
65
1
0
3
2
1
6
0
8
3
320
18
0
4
0
22
0
2
4
0
2
3
70
31
6
0
5
1
0
0
32
1
4
0
2
1
0
2
6
1
0
0
1
4
8
0
0
1
13
3
9
0
12
4
8
0
2
16
0
2
0
0
0
2
0
2
3
3
3
1
6
16
0
2
3
7
6
1
0
3
1
1
6
2
0
0
10
0
0
8
3
3
0
15
2
2
5
0
7
6
8
2
2
4
0
1
7
0
2
3
2
8
148
20
0
2
1
41
3
2
3
1
6
0
3
2
118
0
5
2
34
2
8
2
3
3
35
2
28
5
3
1
5
2
2
15
4
39
1
16
11
2
5
0
2
3
3
3
0
6
7
3
3
14
1
7
0
1
0
3
1
1
2
4
3
13
3
4
11
1
3
0
9
0
9
1
0
9
5
2
5
8
18
1
2
1
0
2
0
1
4
1
14
10
1
49
4
1
5
2
2
5
12
54
6
0
1
3
2
3
1
132
7
7
6
2
0
0
0
1
4
3
0
0
6
1
5
1
8
1
1
3
6
3
2
4
21
3
1
6
2
6
1
27
0
18
8
4
1
1
12
66
34
1
5
5
10
1
2
1
0
3
1
10
0
4
12
6
55
20
1
1
1
0
6
0
5
1
0
5
4
0
2
1
1
2
2
2
4
1
3
3
1
14
4
1
12
11
2
3
3
4
0
0
0
0
1
9
9
1
2
15
5
4
11
1
0
7
6
127
7
1
2
15
0
4
3
11
1
2
0
2
3
0
4
4
6
1
0
0
0
1
5
4
1
0
2
9
13
4
1
6
6
1
1
1
3
10
5
0
5
1
9
39
1
2
2
21
0
0
7
1
6
2
6
27
5
0
0
3
3
10
2
30
0
4
11
1
3
0
0
25
3
1
0
5
0
6
7
4
5
0
6
2
0
3
1
0
1
8
38
6
1
2
20
21
0
1
84
1
40
51
0
0
0
1
7
0
2
11
0
2
2
4
11
3
0
2
0
1
0
1
17
2
1
4
0
0
0
8
2
6
0
0
17
6
1
4
2
1
0
13
4
0
7
2
25
5
4
29
0
1
9
1
39
78
1
3
3
2
3
1
17
20
0
0
3
14
2
5
3
3
11
1
5
2
1
18
6
0
47
1
1
30
0
2
4
0
12
4
1
2
4
0
1
19
3
1
38
2
7
7
3
0
9
2
20
4
42
0
5
2
3
9
4
46
12
0
1
1
0
0
0
4
1
7
14
1
1
6
0
0
0
4
0
0
9
3
13
4
1
2
2
4
3
2
0
5
38
4
10
2
2
3
3
3
1
4
1
18
2
13
13
20
0
4
4
2
6
6
0
7
0
0
12
9
5
11
3
0
5
2
1
4
0
2
4
1
1
8
0
1
3
1
8
1
0
8
2
2
45
1
3
7
12
0
29
1
3
0
5
3
1
184
8
3
2
6
1
38
15
2
9
21
9
20
1
1
1
8
1
11
12
0
1
6
0
1
7
0
3
3
2
3
1
3
6
17
2
3
4
5
38
2
0
1
1
0
3
5
0
0
9
9
18
4
7
0
2
37
0
0
2
11
2
0
1
9
1
10
9
0
2
0
2
0
9
7
1
8
41
6
11
26
6
0
36
3
2
1
9
61
0
3
4
3
3
155
0
0
0
3
2
0
0
1
12
3
3
7
0
8
0
4
2
0
20
2
1
5
0
14
4
4
0
0
16
0
16
7
3
4
8
0
23
16
0
4
18
4
2
1
25
1
8
1
0
1
1
1
46
1
4
0
2
8
7
3
1
5
1
3
0
0
2
2
2
14
7
10
0
0
3
10
3
0
34
3
4
771
17
1
2
0
3
1
1
0
3
2
0
35
0
7
2
0
11
30
4
1
7
42
9
5
5
11
0
0
5
8
1
7
0
7
0
1
0
47
3
3
14
60
0
2
3
2
0
5
7
2
1
33
0
0
13
69
10
23
43
0
1
3
5
3
2
0
1
0
11
3
3
1
2
4
3
1
2
4
11
4
17
3
0
5
3
6
0
5
1
0
2
1
6
5
0
0
2
2
4
2
69
11
3
0
8
2
5
1
5
430
1
0
2
2
3
5
6
4
3
1
2
4
0
4
5
2
4
0
9
0
1
1
0
0
7
0
0
2
1
3
2
5
6
0
4
1
39
4
0
9
1
5
4
0
3
3
0
4
7
117
0
2
1
0
13
5
6
4
313
0
1
10
1
0
1
5
1
34
2
4
3
12
4
2
4
0
1
2
0
1
2
0
0
1
8
1
0
0
18
6
1
3
2
19
3
2
0
3
2
4
0
1
18
2
12
2
1
2
0
0
5
1
0
15
25
11
35
7
2
19
1
5
0
17
2
11
6
10
10
3
2
7
2
1
4
3
0
1
0
1
5
29
8
2
2
2
2
1
6
1
2
47
2
3
0
168
3
2
0
0
2
0
24
9
5
20
0
1
3
3
4
6
1
2
0
23
1
4
16
3
2
282
1
4
1
1
2
1
38
2
0
0
1
10
1
0
1
4
0
3
1
1
2
0
1
13
1
3
1
0
54
0
1
2
0
0
0
0
11
4
3
0
2
8
20
8
4
3
0
0
4
128
1
6
5
0
3
0
1
7
3
6
4
0
11
1
2
1
1
1
0
6
3
2
2
2
4
1
7
4
2
7
2
0
244
31
1
0
11
2
3
2
1
6
0
4
4
31
3
6
3
11
8
0
3
1
7
0
0
45
6
13
0
4
0
2
5
1
8
2
5
3
6
15
0
0
3
13
9
32
1
0
6
3
2
4
6
6
0
2
1
6
2
1
1
0
1
4
0
2
2
0
0
0
4
5
12
3
2
2
1
63
0
1
1
0
1
13
0
4
0
6
8
8
11
6
1
2
0
4
0
0
2
18
45
3
1
5
37
6
2
10
0
0
2
7
0
0
3
24
2
22
0
0
0
0
3
2
50
1
2
4
2
6
1
1
5
4
0
1
4
15
0
2
0
1
0
2
4
23
7
2
32
3
5
13
5
0
3
0
0
14
0
7
3
29
6
4
3
2
24
3
3
0
29
5
5
2
9
4
1
29
1
2
6
2
3
7
0
47
8
3
2
0
0
1
0
0
2
8
6
8
0
2
17
3
5
0
8
7
0
0
2
10
6
2
5
1
7
14
1
3
26
3
0
1
2
33
0
0
3
4
0
0
15
4
8
0
5
2
11
1
1
9
4
7
11
24
3
3
1
1
6
9
3
6
11
3
0
0
2
1
0
5
3
2
7
0
0
8
1
2
5
15
9
0
4
4
0
6
1
2
2
1
3
3
2
0
4
0
1
0
8
5
7
0
0
1
0
3
2
3
1
0
2
6
33
3
8
1
1
2
3
5
16
1
2
4
4
9
3
3
1
2
0
12
5
9
2
0
0
2
0
4
26
2
4
0
2
24
1
2
0
4
0
133
0
3
0
0
1
2
0
0
0
16
1
31
4
9
1
15
25
0
3
6
6
2
3
0
0
0
9
1
3
0
4
0
15
129
0
1
2
1
10
0
2
1
1
5
0
4
4
3
1
2
4
1
87
6
1
0
0
2
0
4
4
3
1
2
4
15
4
10
0
4
4
1
1
6
1
15
0
4
3
5
0
1
1
3
0
0
4
7
10
0
0
0
3
1
2
0
1
2
3
4
0
16
3
