1
3
5
1
11
0
1
1
4
3
1
3
0
0
19
1
0
0
1
6
6
10
1
1
1
6
1
9
5
3
3
6
31
354
1
19
2
2
8
14
5
4
7
5
127
5
29
0
34
1
4
0
2
5
4
2
33
1
2
4
0
3
2
27
31
0
3
7
5
3
13
3
0
24
8
3
3
0
3
0
0
5
1
4
0
0
2
1
3
10
5
30
13
17
1
0
8
2
0
39
8
8
0
0
3
1
10
1
3
1
3
40
16
10
40
12
7
16
24
8
4
2
1
10
1
10
0
1
1
3
24
17
19
29
3
1
2
1
1
4
6
4
9
1
2
25
1
0
2
11
1
0
15
1
78
3
1
50
7
1
5
1
3
1
1
1
13
5
8
0
14
6
0
3
0
3
2
0
12
2
4
3
0
4
21
1
8
2
8
4
3
7
12
3
2
1
10
1
2
1227
1
1
12
1
1
8
3
1
9
3
13
4
0
6
10
7
1
1
3
0
0
21
6
40
3
2
37
3
2
13
2
4
10
4
4
7
2
6
1
6
2
16
1
1
9
9
2
2
2
0
0
0
27
1
2
15
0
12
67
1
2
2
4
5
2
4
1
2
1
6
43
1
0
2
5
3
1
2
0
4
7
3
10
1
1
7
6
2
25
7
84
2
1
0
2
4
1
3
3
5
6
4
1
1
1
3
9
2
2
4
1
22
1
3
3
6
1
0
3
0
0
12
2
4
1
0
22
35
2
18
0
2
5
15
1
1
5
4
3
16
2
8
6
19
0
0
0
2
4
1
4
39
1
2
44
0
8
1
21
4
0
95
2
0
26
19
3
0
8
1
3
13
0
1
2
1
9
4
0
2
0
2
0
7
1
1
2
6
3
38
3
2
0
3
0
0
4
0
4
10
0
29
6
5
13
0
2
1
1
0
12
2
1
0
6
2
2
64
2
2
0
3
0
11
1
14
1
2
135
2
0
1
3
8
4
39
13
3
2
30
4
4
1
21
0
2
4
71
14
10
0
10
0
12
5
0
8
0
114
0
1
5
3
0
59
13
3
0
0
9
29
2
68
1
1
0
14
0
1
0
340
1
232
0
12
0
0
3
3
1
4
2
1
11
2
3
4
1
13
2
1
3
5
1
11
0
1
1
4
3
1
3
0
0
19
1
0
0
1
6
6
10
1
1
1
6
1
9
5
3
3
6
31
354
1
19
2
2
8
14
5
4
7
5
127
5
29
0
34
1
4
0
2
5
4
2
33
1
2
4
0
3
2
27
31
0
3
7
5
3
13
3
0
24
8
3
3
0
3
0
0
5
1
4
0
0
2
1
3
10
5
30
13
17
1
0
8
2
0
39
8
8
0
0
3
1
10
1
3
1
3
40
16
10
40
12
7
16
24
8
4
2
1
10
1
10
0
1
1
3
24
17
19
29
3
1
2
1
1
4
6
4
9
1
2
25
1
0
2
11
1
0
15
1
78
3
1
50
7
1
5
1
3
1
1
1
13
5
8
0
14
6
0
3
0
3
2
0
12
2
4
3
0
4
21
1
8
2
8
4
3
7
12
3
2
1
10
1
2
1227
1
1
12
1
1
8
3
1
9
3
13
4
0
6
10
7
1
1
3
0
0
21
6
40
3
2
37
3
2
13
2
4
10
4
4
7
2
6
1
6
2
16
1
1
9
9
2
2
2
0
0
0
27
1
2
15
0
12
67
1
2
2
4
5
2
4
1
2
1
6
43
1
0
2
5
3
1
2
0
4
7
3
10
1
1
7
6
2
25
7
84
2
1
0
2
4
1
3
3
5
6
4
1
1
1
3
9
2
2
4
1
22
1
3
3
6
1
0
3
0
0
12
2
4
1
0
22
35
2
18
0
2
5
15
1
1
5
4
3
16
2
8
6
19
0
0
0
2
4
1
4
39
1
2
44
0
8
1
21
4
0
95
2
0
26
19
3
0
8
1
3
13
0
1
2
1
9
4
0
2
0
2
0
7
1
1
2
6
3
38
3
2
0
3
0
0
4
0
4
10
0
29
6
5
13
0
2
1
1
0
12
2
1
0
6
2
2
64
2
2
0
3
0
11
1
14
1
2
135
2
0
1
3
8
4
39
13
3
2
30
4
4
1
21
0
2
4
71
14
10
0
10
0
12
5
0
8
0
114
0
1
5
3
0
59
13
3
0
0
9
29
2
68
1
1
0
14
0
1
0
340
1
232
0
12
0
0
3
3
1
4
2
1
11
2
3
4
1
13
2
0
0
0
0
40
3
5
3
25
0
4
1
23
3
1
3
3
5
2
0
17
1
0
42
2
16
53
63
7
3
2
6
0
11
4
7
1
1
1
1
1
3
4
3
7
7
24
1
7
4
2
2
0
3
2
2
6
4
0
0
0
4
1
4
2
0
17
1
12
20
8
13
2
0
3
13
2
6
1
8
0
1
5
5
5
4
27
6
11
14
0
15
3
6
1
2
4
1
1
16
0
4
3
2
0
4
13
10
68
0
2
0
1
1
1
3
8
0
1
1
172
3
6
9
3
0
1
28
3
3
2
11
1
0
2
0
0
55
16
10
0
3
8
0
6
0
4
0
4
0
10
4
6
2
10
0
3
6
9
0
4
5
3
10
0
5
1
17
3
3
2
0
80
10
2
2
5
4
16
16
1
7
17
2
2
2
10
5
2
121
3
0
8
1
0
1
5
27
1
2
2
2
4
22
0
0
0
2
7
21
6
4
16
2
5
1
2
3
0
9
3
0
7
8
1
0
0
8
0
0
5
1
15
19
5
1
0
30
32
0
11
0
6
4
13
9
12
5
13
0
3
1
1
2
1
70
2
0
0
7
21
7
1
3
11
3
0
5
0
1
5
6
1
3
4
2
1
11
1
15
4
10
46
1
118
5
0
3
13
14
5
0
0
0
1
5
9
1
9
11
11
1
11
4
1
34
24
0
2
0
0
6
36
8
11
0
21
1
120
116
7
4
4
1
5
0
0
0
1
1
4
2
1
13
1
2
19
1
3
3
0
1
1
14
19
16
1
256
55
1
21
3
0
2
24
2
5
5
13
1
0
2
4
0
2
2
4
1
1
6
46
4
6
4
2
1
3
4
2
4
2
2
1
5
0
1
1
4
1
2
73
1
6
22
3
0
5
3
5
4
6
1
3
39
0
4
3
8
4
1
4
4
0
9
0
1
0
7
4
0
11
2
1
0
0
15
23
1
0
7
0
3
206
1
1
1
7
1
2
6
2
21
25
28
15
22
15
8
1
3
11
2
1
5
0
1
1
0
6
2
1
3
3
2
2
1
18
0
2
0
6
45
3
4
3
7
31
3
0
20
4
0
28
100
0
2
0
4
2
2
2
29
6
0
16
9
0
11
9
2
15
1
1
21
0
2
5
18
1
6
4
4
1
1
5
1
4
1
3
2
1
18
0
3
0
0
1
3
1
5
0
2
0
56
10
7
2
9
2
3
4
3
2
1
3
0
31
5
4
14
5
24
2
1
10
3
15
6
3
7
10
2
0
1
1
30
1
16
6
12
6
80
1
7042
3
2
2
0
1
2
43
0
1
3
4
3
3
4
6
3
2
6
3
7
1
4
19
0
0
1
10
5
1
2
4
0
2
2
2
15
4
4
8
0
5
149
729
4
1
0
10
24
16
2
1
1
6
2
8
2
3
23
5
1
1
0
5
7
92
7
4
8
4
0
0
0
0
1
11
3
2
22
2
5
0
0
8
1
2
3
3
7
63
8
1
1
6
1
2
2
4
1
0
1
8
1
10
7
3
1
11
3
0
7
21
8
2
2
7
11
1
1
0
5
3
1
0
4
127
1
7
53
14
3
3
21
1
0
1
1
9
4
44
55
1
1
0
2
19
6
5
18
5
3
3
1
1
5
0
6
46
15
2
9
1
0
1
1
2
6
2
4
1
3
7
2
0
0
11
0
4
1
1
82
1
3
0
1
7
0
4
0
3
12
39
1
1
29
15
2
0
1
696
3
10
1
4
1
1
0
1
2
3
2
36
1
6
1
1
53
1
1
89
4
0
2
28
20
3
4
1
2
1
1
1
3
0
7
0
2
0
3
3
1
8
0
14
7
0
0
6
7
2
20
1
3
3
5
2
9
1
0
0
3
6
30
4
0
11
3
24
4
2
1
1
17
4
4
0
9
4
0
1
1
1
11
11
4
5
4
0
0
0
2
8
6
3
14
2
5
2
9
9
1
1
1
7
0
3
9
0
5
3
3
1
0
6
0
3
0
2
6
1
0
7
9
5
6
0
21
17
22
2
4
0
0
0
0
1
3
0
8
8
702
18
17
3
7
0
5
4
3
0
0
3
3
1
2
49
3
3
0
4
0
1
207
1
0
0
15
6
1
1
3
12
0
6
2
3
0
21
12
28
1
0
8
2
2
4
1
1
1
0
4
11
0
0
1
11
3
3
9
2
1
1
2
5
0
4
0
1
0
0
0
9
3
1
3
6
2
3
1
39
4
3
0
0
4
0
2
1
1
2
0
80
7
2
18
15
3
0
4
6
9
75
49
1
4
4
3
3
30
0
22
14
0
1
32
2
7
23
3
1
2
4
1
2
3
70
12
0
0
7
0
9
5
2
2
15
4
5
1
4
1
12
19
0
2
3
2
6
9
0
0
4
8
2
5
6
2
2
2
4
1
4
0
0
1
0
4
0
1
0
10
0
9
14
5
10
17
9
0
3
18
10
5
2
2
0
1
3
3
13
2
4
0
2
1
0
5
7
2
0
0
0
63
2
1
3
6
22
1
6
25
5
4
1
3
44
0
4
8
2
10
4
0
1
0
0
4
104
2
718
3
5
1
0
4
6
10
6
5
4
4
3
1
5
6
3
0
0
0
0
7
16
24
2
18
2
3
1
2
2
4
4
17
3
20
0
10
2
8
38
6
3
1
10
46
1
0
1
3
2
0
1
1
3
0
6
0
11
1
0
0
2
1
0
1
4
1
14
2
2
4
0
1
0
2
0
17
2
5
5
9
1
1
3
0
18
2
5
18
1
3
10
0
4
14
1
2
7
1
8
0
1
1
3
9
0
0
4
9
59
1
0
23
2
0
7
1
4
4
4
5
6
1
2
2
2
31
55
2
0
4
3
2
3
15
6
19
0
0
18
2
3
5
1
2
7
4
1
3
0
7
2
1
12
4
0
1
0
4
2
165
20
1
2
321
0
5
1
4
3
2
19
0
70
11
5
27
0
0
0
0
2
1
3
0
44
2
1
1
2
16
2
1
2
0
4
33
2
8
0
2
3
2
0
9
3
6
6
0
72
0
2
1
1
8
3
1
3
6
2
3
0
46
8
0
2
11
3
15
1
0
2
0
0
3
73
1
28
0
3
67
1
2
12
1
0
2
1
3
0
1
1
1
0
5
15
0
5
2
80
0
0
0
5
3
16
0
8
29
3
5
28
4
1
9
5
26
2
22
94
27
13
0
1
0
7
0
28
15
1
3
0
3
1
2
4
3
7
4
8
4
0
1
23
11
4
1
5
1
1
0
2
1
2
0
4
6
1
0
0
2
3
7
3
0
1
0
4
0
4
2
1
2
6
3
5
5
20
4
1
3
0
4
0
5
10
0
2
0
0
163
2
1
0
20
5
0
42
2
1
5
3
6
3
6
1
7
12
2
6
4
2
1
5
2
0
2
0
0
0
1
7
4
1
1
5
4
2
2
8
8
2
15
1
1
1
5
12
2
2
5
0
0
1
2
0
1
6
0
0
1
31
2
0
0
1
158
10
31
1
13
3
4
3
0
1
1
4
1
0
5
10
5
7
0
20
5
1
2
7
1
13
0
0
0
4
2
0
34
4
2
6
3
3
1
49
17
3
0
4
1
3
2
3
8
67
13
0
5
0
1
3
2
4
4
1
3
3
0
4
1
1
2
37
6
0
1
6
16
4
14
2
1
1
10
0
3
3
9
5
1
12
0
11
0
0
0
1
0
17
1
26
1
4
42
0
12
0
4
3
24
6
4
1
5
3
6
2
4
1
0
44
0
2
2
3
0
4
5
6
8
2
1
1
11
3
9
2
0
3
9
1
5
41
1
0
7
0
2
4
2
0
1
3
117
2
0
17
7
2
13
6
0
0
3
97
0
101
4
1
0
7
6
3
3
8
5
1
19
7
5
3
0
146
5
8
0
2
37
1
2
4
7
0
2
2
0
1
0
1
4
2
1
1
1365
0
2
2
4
44
0
8
1
0
1
0
1
2
0
5
1
6
0
1
22
7
1
2
1
0
1
2
1470
23
125
2
19
4
69
0
0
1
2
10
1
2
1
1
6
23
4
22
8
4
1
15
0
0
1
4
2
3
3
2
1
1
3
6
2
11
2
13
0
5
43
0
6
2
4
3
4
106
5
0
2
1
1
3
2
0
2
24
1
3
1
0
0
13
70
17
1
2
0
1
9
2
1
9
2
10
3
17
4
9
0
0
3
0
2
0
0
5
0
7
0
2
0
3
3
2
3
1
26
15
0
4
4
23
0
7
0
4
10
3
1
21
10
7
2
14
4
1
4
14
1
1
8
0
251
1
1
2
2
1
1
0
207
5
5
3
0
3
5
2
1
2
4
1
0
1
17
0
1
4
10
1
1
0
2
1
0
0
2
6
2
69
22
4
4
13
12
26
1
22
0
23
6
15
2
4
2
72
1
0
0
1
0
1
3
8
2
2
6
13
1
262
10
15
0
0
5
3
27
9
1
3
2
5
18
150
0
7
0
0
0
7
3
10
8
11
1
4
56
2
53
0
0
7
0
13
10
1
0
2
4
3
9
2
1
3
2
2
1
9
6
6
3
100
2
15
21
28
5
6
77
10
3
10
882
11
23
3
2
1
0
13
3
0
0
0
7
0
3
29
2
7
10
1
0
1
1
6
0
0
1
2
2
47
10
10
0
0
18
8
2
33
1
30
43
9
3
6
27
2
0
18
8
8
1
1
2
7
1
37
0
1
1
4
8
63
2
57
3
29
0
0
7
2
1
4
6
39
55
0
3
0
0
2
1
3
8
1
13
29
0
2
6
29
1
1
0
13
37
9
0
0
0
2
0
5
1333
0
334
1
3
17
4
2
4
23
11
9
8
3
11
5
0
134
15
2
1
2
2
11
0
1
3
0
0
6
9
5
4
1
2
1
2
0
5
0
4
6
3
4
11
18
31
0
3
0
0
2
3
3
5
1
2
2
7
0
1
11
11
6
2
16
0
5
14
4
0
88
70
6
6
1
0
9
0
4
12
1
2
2
1
5
10
7
1
17
2
2
5
0
1
33
0
0
1
0
4
0
2
2
1
1
2
0
2
6
2
4
1
2
5
5
16
1
4
6
0
11
9
2
11
0
0
2
5
1
5
2
0
5
5
20
4
7
22
10
5
2
2
5
1
3
12
0
7
1
8
8
0
2
0
9
1
6
11
2
18
4
0
0
2
6
6
3
1
0
3
0
7
5
2
22
7
2
22
0
4
14
0
5
1
0
2
15
6
4
4
2
0
2
8
10
2
20
2
5
29
1
68
11
22
20
2
0
27
23
2
6
38
0
4
18
0
2
3
6
0
2
0
11
25
1
2
16
0
4
10
2
27
4
2
4
1
1
2
0
0
5
0
3
12
1
1
0
1
7
16
0
12
3
2
1
1
3
58
1
0
4
3
5
8
3
0
1
21
18
1
5
2
1
2
3
10
4
0
9
2
1
9
1
1
0
2
0
0
5
3
2
6
2
6
0
4
3
0
11
0
35
3
7
16
1
3
6
2
0
3
1
0
2
45
0
13
72
3
9
1
1
29
8
3
0
2
5
13
10
2
1
2
1
4
19
19
1
20
6
11
2
0
0
1
154
5
1
2
4
1
31
0
2
0
1
1
0
8
7
3
4
4
2
3
0
19
27
3
3
0
0
0
9
0
4
3
1
4
2
0
296
0
49
0
1
4
31
0
3
0
54
0
5
3
2
0
5
1
1
1
8
6
2
5
757
2
19
19
2
4
1
41
0
8
0
3
3
0
2
1
1
0
7
7
0
15
2
15
2
5
19
1
0
0
18
3
0
2
0
1
0
4
0
0
0
5
1
5
2
0
3
4
1
4
14
2
29
2
0
0
1
2
5
4
1
140
6
4
0
1
0
4
0
2
1
2
2
8
0
12
1
2
3
0
3
7
1
1
6
7
1
8
1
6
1
0
3
0
6
5
4
2
0
21
0
4
4
5
3
2
2
2
2
0
2
36
0
5
36
8
0
3
4
9
15
87
29
4
0
0
1
30
4
4
5
18
9
41
7
3
36
9
9
2
2
12
8
4
3
1
3
2
1
0
0
0
6
1
7
0
5
11
77
3
3
14
8
11
4
2
74
0
3
6
0
0
0
0
0
1
6
2
0
0
2
13
16
6
25
4
3
17
12
4
11
1
23
0
1
2
0
2
10
4
1
2
1
2
1
0
109
0
2
10
5
5
5
8
6
1
0
0
1
2
0
4
12
5
16
2
206
3
25
39
0
2
30
24
4
13
63
133
4
3
26
1
4
5
4
9
2
1
0
0
2
21
1
1
2
17
45
0
0
10
1
1
2
1
27
5
2
159
2
6
1
2
6
25
3
2
19
3
1
3
11
0
1
2
1
14
6
1
58
12
1
1
1
3
0
63
8
0
2
2
0
0
13
6
10
14
9
0
5
14
1
4
0
4
15
2
3
1
0
2
3
0
15
5
8
1
3
3
5
11
17
7
1
1
3
7
11
4
3
0
38
0
6
4
3
1
0
9
1
0
24
5
4
6
2
18
0
0
54
6
3
5
1
2
1
13
18
0
4
1
2
3
5
5
2
1
4
29
1
303
1
4
0
3
1
0
2
3
1
10
1
25
4
5
2
7
6
1
1
25
3
1
1
2
4
3
46
6
0
0
3
3
19
4
14
19
0
4
1
7
2
9
7
10
3
0
0
3
1
68
0
10
6
1
31
6
29
9
1
5
1
2
2
115
2
1
1
0
2
41
3
3
6
5
4
11
4
3
0
1
3
58
5
21
8
1
1
3
1
0
9
0
7
3
49
8
1
2
0
10
0
197
1
0
1
3
4
2
1
0
7
3
0
85
4
53
9
3
9
25
0
7
3
2
1
6
3
30
0
4
2
2
3
3
0
2
10
14
4
3
5
0
7
29
12
3
0
0
6
1
1
1
3
6
0
1
1
17
0
6
12
0
1
15
10
15
2
14
5
1
5
3
0
2
1
50
1
6
1072
0
1
2
6
5
3
1
1
9
7
0
1
2
40
3
2
0
22
2
5
4
1
11
0
7
23
2
4
0
16
0
8
2
0
1
6
1
0
1
2
0
1
4
33
0
20
3
10
5
32
0
0
5
17
1
9
4
2
0
0
0
0
2
7
0
4
8
2
0
2
12
0
1
1
0
1
2
9
0
0
16
11
3
4
1
9
13
2
1
0
145
30
9
16
6
10
9
6
8
1
3
3
2
0
13
2
12
0
7
4
1
56
2
0
6
3
15
2
2
2
0
4
6
1
13
2
3
0
0
0
1
0
45
2
1
4
0
1
7
1
0
19
3
116
0
33
1
2
22
12
35
6
1
2
1
2
6
10
8
0
26
1
1
19
9
2
15
2
2
5
3
60
0
0
0
14
2
25
10
5
6
0
0
1
7
1
5
9
0
5
0
0
4
7
6
2
12
0
1
4
5
2
2
15
43
2
0
3
0
1
3
7
16
1
19
25
2
83
1
2
12
2
5
55
4
2
649
2
7
3
2
3
57
2
2
0
14
0
4
1
1
1
10
1
0
9
4
11
14
2
4
0
0
1
5
1
0
2
23
3
4
0
2
1
2
6
0
3
18
4
12
17
16
0
5
30
5
8
6
1
6
0
1
3
2
4
2
0
2
9
0
0
5
0
5
0
2
4
0
15
8
5
2
2
2
2
4
4
4
4
2
2
0
1
1
137
4
10
168
4
4
2
1
17
2
4
23
58
0
3
1
1
4
36
4
82
9
4
1
22
0
13
19
2
0
0
68
0
3
6
3
2
15
13
0
4
0
6
27
1
13
3
11
0
3
3
13
2
3
1
5
155
23
1
0
2
0
7
1
9
5
4
0
8
7
1
1
3
4
4
0
1
18
31
1
1
8
5
3
3
3
13
0
1
4
1
2
4
3
6
0
2
11
3
1
1
9
0
9
5
1
22
9
1
19
0
16
0
0
4
0
2
0
3
0
3
4
5
0
5
36
8
2
7
7
14
1
4
2
3
6
0
4
0
1
0
1
5
6
32
0
0
0
5
8
7
1
2
8
6
14
11
1
2
7
16
0
0
7
42
28
3
3
124
4
19
5
1
11
1
8
6
1
1
0
8
58
2
5
3
0
16
0
1
0
4
2
4
23
3
6
1
0
0
1
4
27
7
9
0
0
2
2
17
64
15
3
8
2
28
3
23
0
13
3
1
1
80
3
2
5
9
0
10
1
26
3
0
0
2
3
27
1
2
2
1
5
1
1
1
0
2
32
1
3
22
0
0
2
25
0
1
3
1
9
13
5
3
1
1
9
2
5
5
0
8
0
1
4
2
0
4
1
0
0
0
4
2
4
2
0
0
5
1
13
16
1
7
5
3
153
1
3
0
7
5
1
3
0
3
0
1
0
12
1
2
4
1
4
14
6
1
59
8
0
2
22
5
3
11
5
1
5
0
4
10
5
2
2
18
5
8
5
13
3
4
1
0
0
11
10
6
0
8
8
2
2
0
2
24
17
6
2
6
7
9
18
8
8
21
3
2
1
2
2
8
337
0
1
18
2
1
177
57
2
8
3
21
30
1
67
15
0
0
2
9
8
6
8
2
7
1
5
3
0
0
1
3
3
2
6
7
7
2
10
0
0
3
4
1
13
11
0
2
0
2
24
0
0
2
3
3
5
1
3
0
13
4
2
2
2
4
6
17
4
294
1
0
0
4
0
57
0
2
3
2
0
10
0
1
1
1
3
191
3
6
69
0
2
5
2
1
12
1
11
5
12
2
1
37
0
9
9
59
2
23
0
0
5
4
1
5
1
3
9
1
7
2
4
5
0
3
0
3
2
0
1
0
4
26
8
19
6
10
0
77
2
9
0
12
3
4
2
5
1
5
7
0
9
3
0
3
2
1
3
12
32
4
10
3
2
0
0
1
3
3
1
1
2
8
0
1
2
3
25
9
1
7
3
2
8
4
72
0
6
7
14
9
3
13
3
8
12
1
90
15
10
0
1
1
8
5
9
2
1
1
898
2
1
9
9
3
1
3
5
2
0
3
2
1
5
3
1
0
24
3
3
7
0
3
6
127
0
1
12
2
1
5
19
4
2
2
8
6
7
2
1
1
2
16
0
0
70
3
1
5
3
5
16
96
3
1
1
12
1
5
2
0
2
12
2
54
0
16
1
4
0
50
6
0
3
2
1
2
0
5
1
7
4
5
1
2
8
4
1
0
1
2
0
15
7
18
3
1
3
17
16
4
2
329
0
2
3
6
3
2
12
1
0
1
3
2
0
4
0
2
3
1
14
1
5
26
4
1
3
1
1
4
6
56
22
5
23
1
1
10
1
13
2
0
18
5
29
1
4
5
0
1
7
0
0
25
0
1
5
118
6
4
1
1
10
2
0
19
27
1
2
5
20
1
8
0
6
0
5
4
0
6
2
3
18
0
1
10
17
1
6
13
0
1
3
5
0
1
7
2
2
1
9
16
7
4
1
0
43
7
1
4
1
1
19
3
0
1
3
2
0
47
3
2
4
5
42
0
59
3
6
2
1
3
8
22
3
1
0
0
0
0
4
5
6
2
3
2
1
37
2
0
10
8
1
2
1
9
1
7
1
13
5
3
12
1
21
23
1
12
2
3
1
6
4
9
4
5
6
2
1
2
1
3
0
2
1
1
0
1
2
1
6
1
1
14
5
4
2
14
3
6
15
8
2
80
2
1125
0
1
0
2
16
4
3
2
4
44
1
0
19
15
2
4
2
1
4
10
1
6
24
0
121
0
3
1
5
7
1
127
9
8
3
2
2
3
7
3
6
0
1
7
3
2
19
1
0
7
5
1
4
5
5
2
4
8
1
19
2
7
12
2
1
5
4
0
6
2
1
7
1
0
2
5
6
6
45
4
14
5
5
1
0
9
4
7
2
84
5
12
101
6
0
6
3
69
4
0
1
11
10
1
2
1
1
1
8
4
3
8
3
0
0
11
8
43
0
5
1
5
2
12
0
0
5
0
6
9
1
2
1
1
6
3
4
3
151
0
1
3
2
3
0
31
15
47
56
1
26
0
0
9
35
5
0
17
0
0
0
3
42
0
0
0
1
2
1
2
20
0
2
5
4
1
8
6
9
0
0
1
2
4
0
2
6
5
5
30
1
9
1
13
3
6
6
13
9
2
0
1
0
4
4
45
3
0
0
6
2
7
1
0
0
5
8
1
3
3
2
0
1
2
3
6
66
7
0
1
52
0
3
8
16
10
4
8
4
2
3
3
2
4
4
2
0
0
6
3
7
3
3
4
15
4
2
4
4
3
0
0
1
28
1
3
5
5
5
769
0
1
3
0
4
10
3
2
1
3
6
1
0
53
2
1
1
1
6
10
1
4
1
0
8
5
52
4
1
4
0
0
2
1
0
1
7
2
0
8
3
1
4
4
7
11
6
1
2
0
11
4
5
4
1
3
7
10
192
0
0
2480
13
9
3
9
1
15
4
2
0
1
1
38
6
3
7
1
1
0
7
2
0
3
0
8
7
2
1
39
0
0
249
0
1
7
0
90
3
0
2
1
3
5
4
117
1
21
4
210
3
15
4
9
2
2
3
73
1
1
1
2
0
28
4
9
6
8
8
0
0
4
0
2
18
1
0
2
3
2
4
6
1
2
4
3
0
830
7
37
0
2
13
2
14
7
1
3
7
4
0
4
2
2
0
9
12
9
1
1
7
0
10
1
0
13
0
4
1
1
6
0
2
68
50
8
5
1
3
2
3
0
0
6
1
4
1
15
2
21
6
2
1
0
0
0
1
4
1
1
0
0
0
4
46
6
3
5
4
0
7
10
215
0
0
0
10
0
17
3
0
8
1
0
10
1
0
2
6
2
4
32
4
23
3
2
15
9
96
0
1
11
0
2
1
2
5
16
7
1
4
0
2
1
401
6
12
255
1
7
39
0
3
1
1
4
9
6
3
0
0
27
7
6
3
1
37
2
1
1
2
0
4
23
6
4
13
3
3
1
0
7
6
14
9
6
51
9
4
1
1
4
4
3
2
8
1
3
1
30
10
18
10
0
13
6
1
6
3
3
10
6
5
6
14
4
20
24
2
4
0
20
1
0
5
11
3
0
3
131
2
8
0
0
0
0
2
0
2
10
18
2
37
2
1
9
5
0
12
16
1
1
0
1
0
1
6
1
14
0
2
3
4
4
0
1
0
6
5
6
0
14
61
6
4
5
12
2
2
1
2
8
0
4
3
0
2
4
28
0
7
1
2
1
5
3
6
1
7
1
2
72
4
7
3
0
229
9
3
2
2
1
0
0
7
2
0
1124
1
9
12
1
1
6
55
846
2
3
3
6
1
30
1
4
470
2
5
11
0
297
0
0
2
2
1
1
7
2
0
7
0
0
0
1
2
16
2
1
2
0
1
0
3
8
17
1
1
14
3
0
40
0
5
2
0
1
2
1
1
1
3
17
6
3
1
4
20
6
0
2
0
3
2
5
13
0
3
8
46
0
1
103
3
11
1
1
8
1
1
4
4
0
2
1
0
2
127
3
8
0
19
21
4
4
17
6
3
8
21
43
6
21
2
2
5
5
26
2
0
2
68
3
3
7
24
3
1
1
5
18
14
0
7
1
0
9
9
2
0
6
0
1
7
1
6
7
11
34
0
5
6
1
11
2
24
1
5
0
14
174
0
1
11
1
3
15
4
1
5
2
15
5
4
0
0
7
1
5
6
1
0
3
2
1
3
6
0
34
17
0
21
21
2
2
0
2
1
0
1
6
3
3
7
6
0
2
2
15
2
3
12
9
1
0
5
2
2
3
2
4
6
20
1
1
9
4
4
0
0
1
0
7
0
2
18
1
8
1
0
4
7
0
20
1
1
6
0
8
3
14
2
17
0
12
7
0
4
13
9
5
0
7
3
13
1
0
2
0
2
5
0
2
1
1
2
1
0
1
30
1
3
2
6
3
14
1
2
0
2
53
0
0
0
1
21
2
2
1
0
168
24
0
3
0
27
0
7
2
0
1
0
9
1
46
3
35
0
2
2
0
1
8
0
4
2
0
4
1
2
0
3
15
0
5
8
0
6
4
6
1
0
0
2
1
8
5
67
5
2
1
0
9
1
1
9
2
3
4
10
7
0
4
2
2
0
19
1
13
2
1
65
5
1
5
3
4
133
4
1
1
1
0
7
0
1
1
4
3
0
4
15
7
1
4
10
5
0
2
0
15
0
1
6
14
0
2
1
12
19
25
2
2
0
3
2
2
0
0
3
2
3
0
1
2
12
1
1
4
0
3
5
548
1
17
11
1
0
3
27
2
10
0
2
0
5
0
68
0
0
2
2
14
1
2535
0
0
0
62
8
3
224
19
9
3
2
6
1
8
1
0
18
573
1
6
9
7
11
5
0
1
12
1
3
4
1
1
3
1
0
0
1
5
6
0
2
0
68
0
3
3
8
0
4
1
0
0
1
1
2
3
5
3
1
3
4
7
3
6
135
1
1
1
3
4
0
3
1
7
18
1
0
2
3
1
9
2
1
0
2
5
6
4
96
7
0
392
0
1
3
3
4
27
4
8
5
1
1
7
2
2
2
0
0
14
9
1
4
0
0
0
2
0
1
3
10
2
0
1
1
3
2
17
6
1
5
10
6
21
5
3
2
5
0
0
0
6
1
3
0
0
1
0
3
9
1
16
11
1
3
0
4
2
12
4
2
1
16
3
1
19
1
5
2
0
80
9
0
37
6
2
61
0
19
2
13
1
6
2
0
4
1
12
0
2
2
0
5
2
0
0
100
1
0
8
14
0
2
2
0
8
2
1
0
0
6
0
19
2
6
1
86
1
5
4
9
6
1
10
3
6
14
2
28
7
3
24
2
0
1
18
4
3
0
11
3
1
5
0
1
0
2
4
3
4
2
0
1
3
6
0
16
2
6
298
5
2
12
7
12
2
7
0
3
0
9
1
1
1
2
5
34
0
4
0
14
2
10
6
2
4
5
3
3
3
0
7
1
3
0
15
4
54
2
0
67
148
33
0
10
76
0
3
3
15
0
0
1
0
3
12
7
5
4
1
3
13
92
0
5
2
4
8
3
0
1
0
6
0
0
5
0
2
3
19
0
16
4
2
0
1
16
29
3
1
1
5
1
7
3
12
23
7
3678
0
7
1
1
13
5
2
14
18
0
14
3
27
0
9
10
9
0
3
3
5
1
1
3
8
0
1
2
0
15
143
4
5
3
1
4
19
2
0
27
19
0
3
2
7
65
0
22
1
147
37
0
2
14
0
6
1
6
12
3
1
13
25
2
11
2
55
5
9
10
9
4
0
302
2
0
3
3
2
15
33
1230
0
3
3
6
31
0
2
0
0
0
0
18
36
0
1
9
1
3
1
3
2
0
5
3
28
9
12
0
0
19
31
1
2
1
5
0
65
4
1
2
13
25
0
7
132
3
28
0
4
20
1
1
2
0
3
0
1
1
0
3
3
1
0
0
5
0
22
1
11
8
36
3
0
0
34
1
1
9
0
3
2
3
0
3
8
5
0
0
25
1
2
3
1
0
7
4
5
2
7
0
5
6
10
23
12
0
9
0
1
2
14
2
17
0
1
0
5
6
4
24
1
4
12
0
20
20
6
1
0
2
3
0
2
0
4
33
1
1
0
4
7
20
163
4
0
0
1
3
10
76
5
3
0
1
50
1
0
7
1
5
20
1
0
1
8
1
8
0
5
17
17
17
57
1
0
0
1
4
4
1
11
4
1
7
12
7
2
2
7
0
9
9
1
1
2
0
6
0
256
1
0
2
20
0
2
0
36
138
27
0
5
2
9
0
3
2
7
3
8
4
246
2
3
8
1
0
3
5
2
1
3
3
114
8
7
3
0
0
28
5
89
10
7
1
0
18
5
1
4
0
1
2
3
0
5
10
4
0
4
0
1
0
5
2
0
0
0
0
0
0
0
1
12
11
45
17
1
5
1
11
4
1
1
9
0
120
2
175
2
1
1
34
1
0
2
3
56
0
1
1
1
2
1
0
7
0
3
9
0
3
26
16
5
6
1
1
3
4
6
1
6
0
2
3
1
2
1
0
1
0
7
5
2
1
2
1
4
0
3
9
1
0
9
8
4
0
0
5
2
5
4
8
0
20
1
3
25
1
2
49
63
0
1
3
0
2
0
5
22
5
0
2
4
12
10
0
2
23
7
6
2
2
68
6
0
14
282
0
11
0
3
7
4
9
0
4
3
25
4
13
9
1
0
2
0
2
2
245
10
2
1
45
0
3
10
26
5
1
4
6
16
3
1
14
10
0
11
7
9
5
2
1
8
1
5
8
0
1
1
7
2
10
19
2
6
13
4
0
350
38
2
9
17
5
0
5
0
2
0
6
5
1
2
4
5
0
87
6
2
2
1
2
8
5
5
8
5
0
0
9
8
33
775
2
19
3
0
10
0
2
4
1
3
1
2
0
0
0
0
5
6
0
25
5
2
34
1
2
5
0
5
11
1
3
2
1
1
9
3
9
1
3
0
0
4
1
0
3
15
12
2
1
1
3
2
0
200
5
23
8
2
0
0
16
2
14
4
11
21
4
8
1
5
43
4
180
0
3
1
3
3
47
31
1
1
6
16
3
2
56
12
0
0
6
1
2
5
0
1
1
1
4
3
4
40
0
0
0
0
0
14
0
2
4
8
4
14
1
0
7
10
3
3
0
3
39
0
384
12
1
42
0
4
2
8
1
3
0
0
4
0
0
4
15
1
8
1
5
1
1
1
1
4
2
2
15
0
9
3
4
3
4
1
0
18
4
4
8
5
22
0
29
9
2
10
9
1
2
4
3
0
9
86
2
3
1
4
5
1
1
1
10
0
0
1
9
1
0
6
7
7
1
10
9
16
17
3
0
7
4
4
8
26
1
3
3
47
6
0
1
6
7
2
1
0
1
1
4
8
8
1
1
12
0
1
4
1
30
1
3
16
1
1
18
2
4
3
1
13
0
1
3
2
4
4
19
0
0
4
17
1
3
20
9
13
4
3
9
0
11
26
0
1
1
19
1
1
0
2
5
3
14
4
1
0
3
8
3
15
9
7
2
16
2
4
0
0
1
5
19
1
17
85
1
1
2
3
1
2
6
1
10
2
2
14
5
2
6
1
1
1
4
2
1
3
1
2
1
2
2
0
121
0
2
8
1
0
0
23
0
1
0
2
0
1
2
5
6
0
6
0
5
0
1
5
3
0
0
0
0
5
2
1
1
3
4
5
2
3
32
15
1
1
2
0
4
1
2
20
22
10
0
3
0
8
0
5
1
0
269
1
4
2
3
0
2
13
6
0
5
23
2
24
14
108
7
2
5
49
6
0
0
12
0
2
7
2
0
5
2
0
0
1
2
0
3
4
0
1
2
2
5
3
6
7
1
3
11
1
3
2
3
2
4
4
4
3
26
2
2
3
9
3
0
3
3
5
0
0
25
1
7
20
1
3
32
4
11
13
4
4
2
0
468
4
5
3
2
17
1
3
30
20
5
1
3
2
5
3
4
2
0
0
0
1
3
4
5
2
0
2
3
10
4
0
14
5
38
0
8
1
1
0
1
0
0
1
3
55
2
2
6
1
1
37
5
5
0
1
0
2
0
1
1
1
5
2
1
2
97
0
5
2
4
3
7
0
1
1
16
35
7
6
3
30
0
0
234
2
0
6
3
34
129
0
9
3
4
1
1
2
10
27
8
3
8
5
6
0
2
33
5
0
6
0
6
0
1
14
7
3
2
6
1
6
1
5
2
4
3
1
1
12
2
2
0
2
39
0
29
22
1
2
327
0
1
10
200
1
3
0
4
10
7
1
0
1
5
4
2
22
1
0
22
1
1
7
3
0
2
0
7
5
1
0
4
1
2
0
8
4
7
4
1
2
69
2
2
0
0
2
6
28
4
14
4
0
103
9
2
2
5
0
1
4
6
13
3
7
5
7
10
3
2
5
1
6
1
7
1
20
1
0
0
26
7
2
6
2
0
60
9
38
0
1
0
17
7
3
2
3
0
1
0
41
3
3
9
1
3
20
6
0
6
9
4
1
4
0
0
3
199
0
1
0
3
6
0
4
0
1
0
0
5
2
7
2
27
0
14
3
3
3
2
0
21
2
1
1
3
4
0
5
4
1
0
5
8
15
1
4
1
2
0
0
0
7
1
2
5
0
1
25
1
2
5
90
3
0
10
0
0
0
1
2
3
6
75
2
0
3
5
8
0
7
2
7
1
12
1
0
4
0
0
0
0
0
0
1
16
2
5
0
5
1
2
1
0
0
0
0
1
8
5
1
0
1
1
1
1
5
0
8
3
145
7
5
0
1
5
10
20
3
4
8
2
2
4
3
6
0
1
3
1
23
0
11
0
18
9
0
2
5
3
1
3
5
1
11
0
1
1
4
3
1
3
0
0
19
1
0
0
1
6
6
10
1
1
1
6
1
9
5
3
3
6
31
354
1
19
2
2
8
14
5
4
7
5
127
5
29
0
34
1
4
0
2
5
4
2
33
1
2
4
0
3
2
27
31
0
3
7
5
3
13
3
0
24
8
3
3
0
3
0
0
5
1
4
0
0
2
1
3
10
5
30
13
17
1
0
8
2
0
39
1
6
0
5
3
1
0
5
5
0
1
4
3
2
1
4
0
3
7
25
8
2
7
11
2
7
10
6
0
56
1
14
11
11
1
7
2
1
19
0
10
19
6
0
1
12
3
0
20
4
5
1
7
5
0
55
14
1
0
18
1
1
5
26
1
4
1
31
28
0
24
3
9
1
4
1
0
3
3
0
0
8
503
4
7
2
1
7
8
1
2
0
9
0
6
0
1
2
2
0
1
0
1
103
6
0
4
0
14
2
2
5
1
28
3
0
6
1
0
3
6
3
0
17
7
1
8
2
55
0
2
0
7
3
0
0
3
18
2
18
0
7
11
1
5
0
1
1
9
27
0
2
1
1
16
0
2
62
12
3
0
1
2
24
1
17
21
5
7
1
4
2
0
0
6
2
6179
2
3
56
4
2
2
18
1
0
3
3
0
0
6
0
7
1
0
164
2
7
0
6
1
1
4
17
4
6
2
5
3
0
9
4
1
3
4
1
3
4
239
2
3
0
1
1
3
7
6
4
6
2
0
17
4
20
5
7
1
0
13
332
3
83
3
2
2
9
1
3
2
2
13
1
3
2
3
11
1
5
3
0
0
36
47
4
2
6
0
4
19
19
2
3
1
9
5
4
4
9
4
1
55
10
1
13
3
2
1
0
2
2
4
18
0
2
15
3
5
25
4
4
18
2
1
2
6
0
3
375
8
2
10
8
0
18
134
1
3
19
3
0
10
0
2
2
1
6
4
1
2
2
1
8
1
0
2
0
3
0
7
1
12
17
33
0
1
1
0
3
1
1
1
0
6
1
1
4
37
5
0
1
3
3
0
0
6
6
20
1
3
2
3
9
9
5
1
5
2
2
17
3
8
3
12
9
2
1
7
12
2
35
13
1
1
4
1
13
1
3
1
3
2
4
4
4
0
1
5
2
45
24
0
1
3
4
1
4
0
1
0
1
1
18
0
6
4
67
2
2
3
7
2
7
0
0
18
7
4
4
1
1
11
1
1
4
