5
9
8
2
95
7
2
10
1
9
0
4
6
4
21
2
5
5
0
9
3
23
1
1
2
9
1
23
0
2
1
3
0
0
23
12
2
4
14
1
11
20
2
1
3
2
3
2
12
3
22
42
5
7
1
2
5
3
82
0
3
4
6
6
3
12
4
4
0
6
4
5
0
2
17
1
2
2
11
0
1
7
0
7
18
5
7
9
26
33
2
4
5
3
3
1
5
3
13
2
3
2
2
17
18
2
2
4
1
3
0
19
1
3
1
0
5
4
2
17
14
4
14
7
1
10
5
7
14
3
0
2
11
1
3
1
1
2
6
3
35
8
7
1
6
1
2
4
11
9
1
1
1
11
4
30
3
13
1
3
4
6
16
2
1
2
1
10
3
3
7
1
1
3
8
3
26
0
0
0
1
7
2
23
12
1
23
34
2
1
5
9
5
0
2
18
16
14
5
2
2
9
2
0
5
3
64
51
1
2
4
1
116
3
9
2
2
2
6
7
2
13
4
13
11
3
2
2
2
4
2
3
5
52
4
1
5
3
10
0
0
4
5
32
2
4
0
7
8
5
5
17
7
3
0
2
0
7
78
25
0
0
0
16
0
2
17
1
24
17
3
26
28
50
36
36
3
4
13
8
10
17
12
10
7
2
1
0
48
8
3
10
1
2
2
6
3
1
2
5
83
13
3
22
0
20
14
3
9
7
2
10
0
2
2
1
15
74
15
1
7
7
1
0
1
0
3
3
9
6
3
0
4
9
3
8
2
5
0
12
3
8
1
0
1
0
0
3
6
1
0
0
5
16
2
2
3
2
27
8
8
0
2
3
3
6
20
12
0
1
1
5
3
0
2
3
1
7
2
11
6
1
5
20
5
131
2
4
2
1
3
1
3
0
0
1
7
1
4
23
2
2
6
7
5
2
3
319
0
1
2
11
1
6
1
24
1
5
3
2
5
4
2
7
2
10
2
23
0
1
9
21
0
2
2
27
8
2
9
0
5
6
1
74
5
2
2
6
8
8
8
1
2
0
2
4
1
5
1
3
2
11
4
54
12
7
2
0
0
36
1
4
9
2
9
2
16
7
3
3
3
4
6
1
6
6
1
4
7
519
64
5
2
2
9
5
8
12
4
3
5
9
8
2
95
7
2
10
1
9
0
4
6
4
21
2
5
5
0
9
3
23
1
1
2
9
1
23
0
2
1
3
0
0
23
12
2
4
14
1
11
20
2
1
3
2
3
2
12
3
22
42
5
7
1
2
5
3
82
0
3
4
6
6
3
12
4
4
0
6
4
5
0
2
17
1
2
2
11
0
1
7
0
7
18
5
7
9
26
33
2
4
5
3
3
1
5
3
13
2
3
2
2
17
18
2
2
4
1
3
0
19
1
3
1
0
5
4
2
17
14
4
14
7
1
10
5
7
14
3
0
2
11
1
3
1
1
2
6
3
35
8
7
1
6
1
2
4
11
9
1
1
1
11
4
30
3
13
1
3
4
6
16
2
1
2
1
10
3
3
7
1
1
3
8
3
26
0
0
0
1
7
2
23
12
1
23
34
2
1
5
9
5
0
2
18
16
14
5
2
2
9
2
0
5
3
64
51
1
2
4
1
116
3
9
2
2
2
6
7
2
13
4
13
11
3
2
2
2
4
2
3
5
52
4
1
5
3
10
0
0
4
5
32
2
4
0
7
8
5
5
17
7
3
0
2
0
7
78
25
0
0
0
16
0
2
17
1
24
17
3
26
28
50
36
36
3
4
13
8
10
17
12
10
7
2
1
0
48
8
3
10
1
2
2
6
3
1
2
5
83
13
3
22
0
20
14
3
9
7
2
10
0
2
2
1
15
74
15
1
7
7
1
0
1
0
3
3
9
6
3
0
4
9
3
8
2
5
0
12
3
8
1
0
1
0
0
3
6
1
0
0
5
16
2
2
3
2
27
8
8
0
2
3
3
6
20
12
0
1
1
5
3
0
2
3
1
7
2
11
6
1
5
20
5
131
2
4
2
1
3
1
3
0
0
1
7
1
4
23
2
2
6
7
5
2
3
319
0
1
2
11
1
6
1
24
1
5
3
2
5
4
2
7
2
10
2
23
0
1
9
21
0
2
2
27
8
2
9
0
5
6
1
74
5
2
2
6
8
8
8
1
2
0
2
4
1
5
1
3
2
11
4
54
12
7
2
0
0
36
1
4
9
2
9
2
16
7
3
3
3
4
6
1
6
6
1
4
7
519
64
5
2
2
9
5
8
12
4
3
1
3
1
6
2
2
63
1
16
0
4
4
10
1
20
4
1
91
0
1
5
9
2
5
9
0
5
2
7
3
25
11
13
2
2
58
0
8
5
57
2
7
0
11
7
7
2
10
20
1
3
3
3
0
12
2
7
4
1
1
21
14
2
0
13
2
6
0
3
28
14
2
3
3
1
27
3
0
8
3
0
4
3
26
27
5
1
5
3
1
3
0
2
5
4
3
6
2
3
2
1
2
4
1
4
2
4
3
5
0
9
6
0
2
2
5
6
4
4
1
6
3
1
6
1
4
34
5
10
2
1
2
19
2
2
2
0
7
4
0
11
1
0
102
3
6
4
4
29
2
3
4
3
14
7
3
0
24
10
5
8
2
12
5
6
3
31
1
4
5
0
10
0
4
300
1
3
3
9
68
6
2
4
1
4
10
1
2
11
11
5
2
4
93
8
5
1
2
9
2
0
7
2
7
1
2
26
5
2
314
0
14
2
2
3
2
6
1
4
14
6
2
1
15
26
24
118
6
7
2
5
8
6
11
3
3
3
11
7
4
22
11
1
2
41
5
5
2
2
1
9
4
4
3
1
1
0
6
7
7
4
0
9
2
15
3
3
1
1
4
12
3
4
14
2
0
2
2
2
0
4
1
0
11
13
7
3
4
1
2
5
5
4
1
4
1
2
1
31
14
8
4
2
2
5
3
2
7
1
1
2
1
14
1
8
0
7
131
3
2
10
175
0
3
4
11
1
0
1
6
3
0
3
2
2
4
4
1
0
0
7
3
1
7
1
5
2
3
10
3
15
34
3
2
9
2
12
0
0
5
0
5
1
5
2
1
10
7
4
2
0
1
1
2
115
1
2
2
13
1
9
8
60
3
3
6
3
24
3
16
3
1
1
2
3
4
0
4
2
8
1
3
7
1
15
1
44
14
4
0
3
3
4
3
1
4
4
3
0
11
4
1
3
7
0
37
4
3
11
4
12
1
19
4
6
14
7
4
2
25
4
2
1
2
36
4
3
2
10
6
2
5
2
1
2
3
1
1
7
1
843
5
1
4
0
8
4
1
9
13
3
0
5
0
0
2
2
18
2
68
4
2
13
7
2
4
1
0
10
6
4
0
3
3
3
0
2
6
21
39
0
3
9
6
1
0
18
4
2
3
2
4
1
8
1
3
4
0
1
4
32
12
9
0
6
0
91
12
22
14
3
2
3
6
43
1
3
1
0
0
19
1
0
3
3
6
41
43
7
14
9
4
0
0
5
134
9
7
10
1
1
4
0
11
1
7
7
20
3
9
3
3
2
2
8
1
4
1
4
3
9
1
4
38
3
0
5
4
26
7
0
10
3
15
5
4
3
4
4
8
5
3
10
5
2
26
0
57
5
9
2
5
0
2
1
12
1
1
7
6
3
1
9
0
4
18
0
12
3
3
2
8
126
8
0
0
2
1
2
0
8
0
4
1
5
3
13
6
10
1
4
7
4
15
341
28
1
3
0
16
21
3
4
2
11
8
4
1
4
2
2
6
16
178
3
0
41
4
1
2
4
8
4
10
21
16
20
2
9
5
2
13
98
1
34
25
0
5
0
8
2
4
0
0
5
2
5
3
1
6
3
14
1
0
5
2
1
3
1
11
3
4
7
5
20
2
0
0
1
9
17
3
3
4
1
7
35
3
7
5
5
8
18
8
0
1
2
3
1
5
10
2
2
6
2
18
1
8
0
7
1
0
2
20
11
3
0
11
1
0
17
3
4
14
8
1
9
10
1
0
73
0
13
2
1
2
3
1
4
0
2
7
21
8
3
11
3
9
0
1
8
0
5
1
3
5
1
5
12
1
15
3
5
0
42
12
6
3
17
6
1
5
5
18
22
33
9
59
14
0
22
2
2
3
7
6
8
5
11
0
2
4
14
11
5
4
3
4
16
3
5
1
8
10
1
2
10
84
9
2
0
1
0
1
10
261
0
12
5
39
2
8
0
8
1
4
1
3
6
3
1
60
11
4
0
1
2
12
1
24
1
13
0
1
2068
4
4
6
1
1
1
3
4
0
3
1
1
9
49
1
1
2
1
5
8
5
1
0
8
14
12
1
28
4
3
12
4
9
13
63
4
15
1
8
1
3
2
25
2
0
2
3
0
0
2
1
3
1
3
36
1
1
6
5
21
13
4
13
18
2
8
6
1
2
1
5
8
6
3
10
0
5
14
5
5
2
3
0
5
2
1
325
2
9
5
7
0
5
5
1
1
5
61
1
6
0
3
9
0
18
3
6
196
1
11
0
3
8
0
0
3
1
9
67
4
1
5
0
2
3
2
3
6
0
4
0
1
9
30
6
1
4
3
2
1
10
4
0
2
7
5
10
2
0
1
0
2
1
0
3
7
1
1
10
3
11
2
3
4
4
3
11
10
14
5
1
2
1
4
1
7
8
0
4
5
9
3
6
1
2
3
104
5
0
7
2
1
3
1
25
9
0
2
1
224
1
3
7
5
6
6
4
3
7
5
0
0
2
2
0
0
7
3
2
12
7
0
6
283
9
2
7
3
18
3
5
0
15
6
2
15
7
2
2
3
1
6
3
6
10
1
7
1
0
6
4
57
3
0
13
6
4
17
1
0
4
3
2
1
3
3
1
4
3
0
2
1
13
9
1
1
1
4
3
4
7
4
0
3
2
3
1
4
4
8
0
71
11
0
9
4
8
5
4
1
2
7
13
9
4
8
3
11
1
10
1
10
0
5
3
1
4
13
30
12
0
5
4
8
0
2
78
5
3
2
2
13
23
0
5
1
19
2
7
4
4
42
0
18
6
0
6
2
13
3
3
2
4
8
158
0
3
9
2
10
3
5
2
12
0
75
3
3
0
3
1
6
5
4
0
8
31
1
3
2
6
6
12
9
0
78
9
6
2
3
1
2
36
5
3
0
1
0
4
8
0
4
5
0
0
7
8
2
4
5
10
22
5
5
1
7
3
7
10
1
1
2
2
4
6
4
1
3
0
21
2
1
13
4
2
8
6
1
4
7
4
7
7
4
2
16
1
6
8
1
1
19
8
19
1
9
1
1
2
2
1
2
2
2
5
2
12
5
1
2
5
15
4
6
1
1
0
2
0
3
2
0
3
5
3
1
69
9
2
3
2
16
13
1
45
4
31
1
6
4
4
1
5
5
1
1
1
2
2
7
8
0
3
0
362
2
3
7
2
9
3
1
3
3
2
0
4
4
14
6
22
2
5
0
2
1
5
39
5
7
5
4
0
50
2
1
6
0
4
6
3
295
8
42
1
6
1
0
0
2
3
3
3
3
13
1
3
1
5
0
9
11
5
1
13
8
15
1
7
21
0
3
11
10
3
8
1
0
12
1
2
12
3
2
2
1
0
3
2
4
0
3
4
5
17
8
4
1
3
23
16
1
1
12
2
4
1
2
3
1
2
2
6
1
14
5
0
1
2
1
5
4
4
15
4
0
6
10
3
2
10
0
117
2
3
1
179
3
9
2
0
6
5
1
1
6
0
17
1
0
2
16
0
3
15
2
10
0
40
5
7
2
0
3
2
4
5
3
3
7
4
7
4
4
2
36
7
1
6
3
1
17
40
7
5
4
1
9
1
15
5
6
4
6
3
3
4
1
11
7
13
8
12
44
6
1
1
2
5
1
13
2
4
1
1
1
2
74
6
5
1
1
1
0
3
10
1
5
1
8
4
6
2
2
4
0
1
2
3
4
8
0
2
2
6
1
1
2
24
5
7
1
8
10
1
2
7
7
21
2
0
2
2
24
11
6
4
3
3
6
1
3
5
3
2
3
0
14
1
3
19
14
2
3
3
2
2
1
4
16
0
2
2
21
6
3
6
7
13
47
3
11
593
1
0
1
2
5
31
0
1
5
2
5
5
7
9
41
4
3
5
8
15
4
0
2
16
0
10
5
9
5
0
6
5
0
14
7
10
3
1
10
2
63
5
8
0
7
15
0
4
1
3
2
0
3
5
2
37
1
1
1
9
3
6
3
2
6
3
5
2
3
3
0
3
4
21
11
2
38
1
0
0
3
2
55
6
8
5
20
1
8
3
2
5
394
3
7
16
11
5
3
12
13
41
3
1
5
6
2
28
7
6
7
2
10
3
2
5
1
5
1
8
0
2
173
7
72
8
11
5
0
3
10
3
17
2
0
7
11
1
2
3
8
8
4
1
2
2
7
6
5
79
14
11
3
3
2
2
1
2
11
21
3
0
0
0
0
1
2
2
8
6
5
1
4
1
39
3
1
2
3
6
1
4
3
6
3
1
12
2
7
0
42
3
2
9
75
4
7
5
12
2
97
0
228
4
4
49
3
15
7
3
2
0
10
0
1
0
3
2
2
0
15
1
5
4
2
3
7
23
2
1
11
0
4
4
5
1
5
0
3
2
1
8
28
3
5
5
1
11
4
10
2
5
2
25
2
2
17
3
5
0
0
7
22
1
2
6
1
2
3
29
1
4
4
5
5
1
4
2
13
2
5
1
1
2
14
0
1
0
21
0
8
12
3
132
7
13
6
2
1
0
3
0
0
1
6
4
3
0
2
3
1
5
6
2
6
1
2
2
0
4
16
2
9
14
2
4
3
5
38
0
4
2
6
0
6
0
1
4
113
11
30
3
1
0
11
2
5
2
0
7
3
1
11
2
3
3
0
11
0
9
12
3
7
9
1
4
11
1
5
5
4
2
6
4
3
16
4
1
4
0
2
0
1
3
1
7
11
3
1
3
11
4
2
11
9
8
345
3
9
1
9
2
3
1
6
12
5
1
7
4
3
3
1
4
3
3
6
8
21
2
0
5
4
5
30
6
4
13
10
9
2
4
1
2
7
1
0
4
1
2
2
1
1
3
0
5
2
1
0
1
1
5
0
5
2
11
6
57
2
2
4
4
0
4
0
3
2
1
9
1
19
1
0
9
5
5
0
3
34
15
3
0
9
2
4
1
1
9
41
21
3
2
2
18
0
57
3
4
10
9
30
7
3
16
2
4
5
5
4
3
3
5
72
0
2
2
2
9
1
0
3
7
1
0
59
2
0
4
8
2
6
0
17
2
3
10
1
4
2
6
2
4
2
5
10
0
6
3
43
4
5
6
11
4
5
0
2
3
2
2
8
3
6
17
10
3
2
13
6
4
17
12
7
13
2
1
5
16
0
6
2
1
7
16
1
10
4
5
0
1
4
6
4
1
8
2
11
2
1
1
6
1
7
4
24
0
8
4
0
8
2
26
3
2
80
5
2
8
5
0
8
0
4
1
4
4
6
5
5
1
1
1
5
1
5
1
11
2
0
3
36
1
7
5
3
8
12
0
6
1
32
0
5
0
1
2
3
1
1
3
15
1
1
4
6
0
56
21
0
12
6
4
44
2
0
1
4
50
3
2
10
1
3
0
3
31
1
7
1
1
1
5
20
4
15
4
15
2
1
1
2
1
8
2
6
13
2
0
4
2
109
3
13
12
4
31
10
5
2
4
913
2
40
1
2
1
3
19
7
5
5
3
1
35
4
23
1
2
4
20
3
0
0
2
4
4
2
2
7
0
2
2
4
7
1
15
53
4
5
4
4
19
7
0
6
0
5
19
2
10
4
6
51
5
5
5
2
8
0
5
0
5
4
4
1
2
12
11
2
1
6
7
5
3
3
2
1
30
2
4
8
4
2
2
20
1
0
1
30
4
5
3
2
0
1
1
1
8
11
5
0
3
25
1
3
2
6
5
0
5
7
0
3
3
1
1
0
3
10
3
3
2
8
3
4
8
12
12
47
44
0
2
3
3
0
1
4
4
3
11
1
1
2
0
2
26
4
0
8
8
1
10
7
4
3
2
4
3
3
6
0
4
4
0
7
23
4
12
3
0
12
5
3
3
9
6
8
2
2
1
4
3
1
6
0
4
7
3
8
0
17
11
2
11
3
23
4
0
3
2
0
0
13
1
10
3
9
1
6
2
26
0
4
12
10
13
62
16
3
3
18
3
3
9
218
3
9
2
28
3
9
1
10
6
0
8
28
4
0
6
13
1
28
1
7
2
2
15
26
3
4
1
35
2
6
0
19
14
5
0
2
11
0
0
0
11
5
4
0
2
0
10
4
7
1
8
0
1
4
5
1
1
3
7
7
11
7
1
0
1
50
2
4
1
1
3
13
16
7
2
1
4
8
5
23
4
1
6
0
3
1
0
1
4
6
5
4
9
4
6
6
1
11
8
10
0
4
22
12
0
11
5
6
9
0
0
0
6
18
8
0
4
1
8
6
0
1
2
3
0
19
1
0
14
5
3
0
12
2
18
7
2
3
4
2
4
3
7
0
3
9
0
6
22
5
7
5
8
0
5
13
1
9
1
0
3
4
3
3
13
2
63
9
7
4
7
5
10
1
1
7
2
1
3
3
3
4
8
22
13
1
4
1
0
4
4
1
0
4
3
1
6
2
0
14
0
3
8
6
4
1
0
1
0
8
3
3
1
3
4
0
3
7
1
2
56
2
4
21
68
0
4
44
6
1
5
2
1
2
16
31
1
11
59
2
0
12
0
3
6
6
15
1
6
9
2
8
0
14
10
6
2
3
5
2
1
3
12
2
6
4
1
15
14
4
73
12
1
4
10
7
7
473
2
0
5
1362
2
5
21
29
1
0
101
10
2
4
5
22
0
39
3
3
44
8
7
0
3
2
1
17
3
14
4
1
6
30
0
4
3
3
8
121
5
1
0
6
15
1
5
1
1
19
1
9
5
4
4
10
2
11
7
12
2
1
2
5
1
1
11
1
11
4
3
4
33
6
5
3
9
13
5
1
0
5
3
256
1
8
2
38
4
3
7
7
12
0
2
1
11
4
4
46
2
17
6
8
0
15
4
2
15
1
14
1
11
7
14
1
0
2
16
0
6
9
5
2
1
5
7
5
1
2
23
5
3
0
0
3
9
1
55
10
4
2
4
1
3
3
6
3
0
3
1
2
10
4
2
6
1
3
6
7
4
19
12
2
60
8
23
27
32
6
33
14
3
12
1
2
3
0
1
8
6
22
6
2
9
7
2
2
7
13
5
7
2
23
3
8
6
6
48
15
2
4
0
8
3
13
0
2
10
2
8
2
2
3
11
24
4
1
2
9
1
0
5
0
1
0
2
2
12
16
2
6
5
1
25
2
0
7
14
10
7
2
9
0
9
2
145
10
2
24
3
4
13
0
1
0
3
1
1
2
4
3
3
4
2
5
1
2
9
1
7
7
2
7
2
3
4
4
8
8
3
7
2
0
6
2
0
4
3
6
6
2
1
4
0
5
1
1
4
11
3
4
3
9
4
7
1
2
2
0
32
5
3
1
0
4
1
1
8
4
2
5
1
1
0
3
3
1
115
37
7
8
1
16
5
1
6
4
5
2
0
0
9
8
9
11
1
3
10
0
0
0
12
0
0
8
2
6
4
0
7
5
16
3
1
1
2
0
5
1
4
11
2
1
0
2
2
4
1
0
3
27
2
2
3
3
5
7
10
6
9
1
5
13
7
16
1
19
0
1
5
4
0
6
1
6
97
8
4
8
6
1
0
8
2
1
14
1
5
17
0
2
3
11
0
8
20
1
2
0
1
14
17
2
1
25
0
8
2
6
0
0
2
0
6
11
1
16
26
3
1
9
2
6
4
1
46
5
12
141
1
8
4
5
22
5
1
4
1
0
2
3
1
15
11
1
4
4
1
0
5
4
30
40
10
9
1
4
4
1
0
1
3
1
5
1
1
3
2
1
7
1
0
5
7
65
2
29
2
5
3
3
2
2
0
5
2
0
1
0
1
1
4
6
1
1
5
12
12
4
5
7
2
2
0
3
3
13
4
1
2
5
8
1
3
2
3
3
1
24
0
4
4
8
5
3
3
2
12
30
8
20
51
3
10
5
2
6
4
3
0
15
1
3
6
2
1
13
1
14
23
4
1
3
26
8
1
2
7
10
6
20
37
18
1
47
58
4
6
2
2
1
2
1
0
2
3
2
15
6
9
5
8
2
0
6
4
15
11
0
4
0
0
7
89
28
5
1
2
10
6
23
2
14
7
3
0
0
1
6
62
0
1
6
10
16
4
29
1073
1
55
6
33
1
8
23
0
0
1
280
3
3
185
26
1
8
1
3
2
0
11
0
3
3
6
11
3
22
9
1
2
6
6
2
2
5
4
1
2
84
4
7
45
11
7
368
11
26
3
2
5
14
1
7
4
4
4
18
18
3
3
6
0
4
5
10
7
0
0
3
29
2
9
1
0
15
16
3
1
0
1
0
17
3
9
3
7
8
0
20
16
8
2
4
5
8
1
2
20
1
4
0
6
1
2
505
0
17
1
1
0
11
1
4
14
1
2
1
0
1
3
10
3
15
2
7
31
5
3
32
2
6
98
9
1
13
4
5
1
41
0
3
27
0
10
5
2
6
2
5
7
8
18
1
4
3
9
10
1
6
23
0
10
4
33
4
10
2
1
0
2
11
7
6
0
22
0
12
11
1
6
4
7
2
3
5
0
8
0
3
1
8
4
0
7
2
4
42
5
9
17
0
7
4
5
0
95
11
8
0
0
2
4
3
5
2
0
15
7
9
2
6
1
6
12
18
2
3
36
4
5
3
2
1
2
10
14
15
2
2
6
2
2
3
0
9
5
14
6
530
1
2
3
62
0
12
22
3
2
15
3
4
0
3
5
6
13
3
2
5
0
1
0
0
6
0
3
1
5
2
2
2
0
1
6
1
6
0
6
1
5
2
1
0
0
2
5
3
4
3
0
10
2
1
4
107
2
2
6
6
10
7
79
3
4
1
0
0
2
4
5
78
18
264
57
1
6
1
5
1
2
3
4
11
0
1
3
1
41
4
1
1
1
3
0
2
2
0
1
7
6
93
3
425
0
5
0
4
6
0
9
6
18
1
5
0
10
2
6
5
6
0
2
8
31
3
7
1
1
2
5
1
62
21
7
0
4
15
4
3
12
0
20
3
29
1
3
3
18
18
6
2
1
7
3
1
5
2
6
0
3
5
0
1
2
5
10
0
14
1
3
1
12
4
9
4
5
2
0
4
18
7
2
10
3
3
5
102
2
2
3
5
30
30
9
2
1
1
2
3
4
6
2
10
4
4
3
2
8
1
6
5
7
31
16
18
1
3
8
5
2
7
6
0
0
16
0
7
8
18
10
3
0
199
8
18
21
14
5
6
27
4
15
1
4
5
2
24
17
4
1
4
0
4
0
1
1
9
1
3
0
3
3
2
1
3
5
3
1
6
4
9
3
1
2
1
0
5
65
10
4
1
6
1
8
11
4
1
3
1
3
1
3
20
0
0
4
4
3
0
122
5
3
9
7
14
2
34
9
4
5
1
2
4
4
6
2
1
0
0
7
6
2
3
1
2
10
3
1
1
2
11
9
2
6
2
4
28
3
1
1
5
2
2
3
14
2
2
3
0
7
5
3
6
10
27
2
3
2
2
10
0
0
3
2
2
3
1
2
4
2
1
1
13
2
1
4
10
13
3
2
5
13
7
10
1464
2
1
3
2
0
3
22
1
0
7
1
2
10
1
13
1
7
3
3
4
1
6
2
3
5
1
1
7
2
2
1
4
6
19
1
9
14
2
3
9
1
1
1
56
6
3
35
3
5
4
1
6
1
4
1
2
3
1
3
18
1
5
3
1
17
7
1
4
1
2
23
4
8
0
2
3
0
2
2
2
4
4
3
1
11
1
5
3
2
6
1
1
2
1
2
7
6
4
1
4
8
1
8
3
5
0
2
21
2
149
11
3
9
4
6
1
21
5
4
5
1
5
6
1
4
1
2
12
6
3
7
0
7
4
5
9
9
1
1
1
16
4
4
3
8
7
0
14
36
0
9
11
2
13
9
30
3
4
6
4
4
9
3
4
2
8
4
2
3
21
7
10
1
1
2
21
2
3
3
3
3
8
8
3
6
14
0
19
1
17
2
4
2
3
2
3
0
2
5
70
1
3
13
27
51
5
4
7
2
1
10
0
1
4
2
2
3
12
1
3
3
2
0
2
8
2
7
55
6
7
0
2
10
27
0
2
13
2
7
3
1
39
14
1
2
2
1
5
1
4
5
16
0
10
2
8
10
3
6
0
10
13
2
2
3
10
4
6
2
1
2
1
5
4
2
3
2
0
1
6
3
0
1
7
10
5
4
5
11
4
2
5
5
5
3
5
8
6
5
10
18
5
2
3
1
23
2
0
0
9
8
4
2
2
3
1
4
2
0
3
2
6
0
0
4
4
1
5
3
2
9
7
3
118
3
2
7
3
17
2
8
6
2
1
0
7
7
2
6
44
3
0
6
17
17
0
34
4
1
8
1
1
3
3
9
3
18
0
0
4
11
2
5
18
9
0
0
0
3
1
7
3
4
138
6
0
12
4
9
0
6
2
5
7
0
2
0
1
10
1
6
12
1
16
7
10
0
11
8
2
1
1
2
0
6
3
2
3
1
1
3
2
50
4
4
2
2
1
2
2
32
5334
0
26
0
1
6
2
7
4
10
2
9
0
35
6
2
0
4
1
2
5
6
2
10
2
2
4
0
2
0
3
6
3
4
2
4
5
2
7
5
0
2
5
1
57
3
3
1
0
4
3
29
7
6
0
0
0
6
2
46
0
3
2
12
4
9594
1
3
8
20
20
16
0
3
4
5
1
3
5
3
5
1
4
0
59
2
3
3
0
1
5
2
24
3
3
5
120
4
2
17
10
1
2
0
0
1
0
0
1
11
24
2
1
1
3
1
1
6
4
7
18
1
6
2
2
9
1
106
4
3
2
12
13
1
38
1
5
0
4
3
3
46
9
2
28
8
7
1
2
3
3
17
6
2
4
1
51
14
2
3
17
2
2
2
2
3
0
4
9
0
3
0
9
13
1
1
84
1
4
8
35
28
11
2
7
0
9
1
2
11
10
4
4
3
0
9
3
10
1
5
3
5
2
2
1
4
2
6
1
5
3
2
5
1
3
20
4
2
8
10
24
2
2
5
0
0
3
2
31
3
15
3
12
2
2
13
4
2
3
8
0
4
4
5
6
10
9
11
0
9
3
11
7
12
9
1
6
2
3
11
0
3
1
14
3
5
1
3
0
2
6
2
1
8
2
0
1
7
0
0
0
3
23
1
0
0
6
22
18
5
2
1
4
8
1
11
4
1
20
0
5
8
0
45
38
0
7
19
5
10
2
0
8
0
1
1
7
2
16
1
1
6
0
2
1
4
3
21
5
4
0
3
7
8
0
11
2
0
7
5
15
2
57
11
3
10
10
2
9
4
0
12
16
8
1
5
0
8
0
2
1
26
6
6
6
1
2
2
5
6
5
2
3
2
5
11
7
7
1
4
4
3
3
0
3
2
10
1
1
8
8
1
15
0
0
6
5
3
3
9
4
3
2
0
10
1
0
0
9
11
3
0
1
8
8
5
174
2
4
3
7
34
17
8
5
4
0
4
3
0
2
1
0
4
3
4
1
1
5
185
0
29
8
3
4
1
2
2
9
10
3
1
3
8
6
21
1
0
506
2
10
5
4
0
9
2
2
5
2
10
5
5
15
10
2
1
3
0
3
1
6
5
0
2
3
21
15
2
4
1
11
5
154
4
8
1
6
0
1
9
18
3
3
3
2
3
2
3
3
7
1
9
4
8
17
33
23
1
2
17
7
4
9
0
1
8
11
6
1
6
2
0
80
3
24
1
1
6
58
7
0
3
5
14
4
28
7
34
1
3
6
2
4
10
8
1
3
8
3
8
4
2
4
20
17
2
15
0
2
1
10
6
15
5
10
3
1
23
4
2
7
3
3
0
22
5
5
11
1
2
0
2
14
9
7
5
2
1
177
12
3
6
34
1
13
7
2
2
1
4
6
1
0
4
1
2
3
0
2
6
2
0
1
4
5
0
3
1
5
9
5
1
2
2
25
3
4
2
9
6
3
8
0
0
4
0
0
12
6
15
2
1
205
1
19
13
2
24
3
0
1
3
8
23
11
4
0
7
5
1
15
4
5
2
2
0
20
1
8
5
6
3
1
10
2
16
5
4
11
10
9
1
3
1
0
0
2
4
1
4
1
20
8
5
15
5
0
18
0
4
7
8
8
3
19
11
22
2
2
1
2
3
0
26
2
2
13
1
1
7
7
0
2
1
19
2
0
1
4
4
3
23
10
12
0
2
11
0
7
7
0
13
4
8
10
8
2
32
14
1
3
23
5
1
1
6
3
3
1
0
6
0
1
1
5
48
3
4
4
0
2
5
2
0
17
0
1
0
18
6
6
7
16
8
5
326
4
5
4
16
29
2
1
56
10
6
1
9
4
10
3
10
6
3
6
6
7
33
1
1
7
4
2
1
2
2
485
5
2
1
3
3
2
1
4
7
3
4
7
2
3
8
2
2
1
0
4
0
22
4
1
5
1
22
3
4
2
5
2
14
2
1
2
5
5
2
11
1
8
3
31
1
5
3
1
4
5
1
3
0
8
7
2
15
2
1
1
3
1
4
13
5
4
1
3
3
1
3
6
1
30
27
1
12
1
6
4
0
10
5
3
3
3
6
4
11
11
31
0
0
21
5
1
9
1
2
3
9
1
19
3
2
10
2
2
46
1
13
1
7
1
9
4
1
1
1
12
20
4
6
8
12
2
3
4
4
13
2
0
2
7
11
1
4
3
1
5
5
0
2
4
11
0
8
4
13
6
4
8
6
2
3
9
1
11
61
8
1
1
2
3
8
2
5
189
3
5
3
3
2
2
0
18
1
0
204
3
2
5
4
5
0
17
35
2
14
7
7
88
7
19
3
8
1
1
27
0
5
64
5
1
5
4
15
2
3
0
34
2
1
6
2
4
3
2
21
0
5
1
7
0
1
12
6
3
3
6
0
1
18
12
3
2
4
5
3
18
5
2
2
1
2
0
4
12
24
26
4
0
1
7
0
2
6
2
1
22
1
1
2
15
3
9
15
2
2
1
17
1
6
7
2
0
3
5
4
8
1
5
3
1
0
0
8
2
25
5
1
11
24
4
2
3
4
6
11
2
18
8
0
25
13
14
2
3
1
10
6
3
4
0
11
3
10
1
2
4
1
5
33
38
2
19
8
3
1
2
0
8
4
1
3
2
3
1
7
2
1
2
4
1
14
4
11
2
2
2
4
6
62
5
1
17
7
3
41
2
3
1
4
2
3
2
5
1
28
39
3
8
1
6
8
5
0
1
25
3
3
1
7
2
3
10
0
1
2
4
0
4
6
3
8
0
0
14
12
0
5
3
10
4
16
12
38
2
10
2
6
32
7
1
5
1
11
41
3
2
0
3
3
4
3
4
2
0
5
0
7
2
4
149
1
12
0
3
15
8
3
1
3
1
0
10
4
5
5
6
4
10
2
3
5
3
4
5
3
2
5
8
6
4
4
8
5
62
0
1
2
6
7
0
5
3
4
0
0
6
5
5
4
3
3
13
11
5
9
1
1
3
9
1
2
9
1
0
10
7
2
3
0
2
1
38
2
2
1
3
9
7
3
133
0
0
9
3
99
16
8
1
6
2
11
3
21
1
5
18
2
11
118
7
3
5
5
2
3
6
3
1
1
7
4
1
3
8
5
9
1
13
16
20
5
2
71
10
7
5
11
5
4
0
1
48
0
11
0
5
2
10
3
15
99
2
2
3
0
2
37
1
1
5
2
9
3
4
25
3
1
7
1
25
2
26
18
2
2
3
6
4
2
4
3
17
13
3
0
7
5
8
4
14
14
11
2
1
0
3
0
1
2
0
3
49
19
0
33
11
19
3
1
2444
6
0
35
27
10
15
1
8
7
1
19
3
11
2
7
7
9
4
4
8
2
7
16
3
1
0
2
7
0
2
5
7
2
5
6
0
0
15
14
5
27
7
3
5
5
2
0
12
3
1
3
2
0
3
425
0
4
3
0
9
8
2
18
8
22
18
6
11
4
0
33
12
7
3
2
0
0
244
7
3
4
5
6
4
3
2
10
8
3
1
2
8
1
2
3
3
9
32
5
7
7
8
6
292
11
8
2
4
2
2
6
4
9
96
8
3
1
2
1
9
1
4
1
15
1
58
0
17
10
0
8
6
3
2
0
1
5
17
0
0
1
1
15
1
1
4
20
5
22
1
8
30
0
1
5
8
7
11
13
3
2
17
1
1
3
4
5
1
19
1
7
1
1
12
65
19
6
10
1
5
1
2
2
5
3
1
2
4
0
6
4
4
2
1
3
13
1
0
4
0
3
18
7
1
8
10
5
0
2
12
16
2
27
0
7
2
5
11
0
1
6
5
8
3
5
1
3
2
1
0
24
4
2
4
13
5
1
4
0
21
5
16
3
12
1
2
2
11
30
3
0
6
38
1
6
1
4
0
3
2
144
0
7
1
11
2
41
4
4
6
8
1
4
0
5
1
2
8
15
4
1
2
3
20
14
2
0
1
3
11
2
2
1
51
1
1
28
1
1
20
0
1
6
10
0
2
2
5
49
23
0
6
3
8
5
0
1
4
0
3
2
2
5
2
3
8
5
7
17
2
2
0
1
2
2
8
39
0
2
9
22
3
2
9
2
1
0
5
2
1
1
0
3
0
2
1
4
1
18
0
6
6
76
0
3
0
3
1
6
4
8
9
3
3
8
3
16
6
3
1
8
16
11
1
1
6
5
7
4
2
0
4
48
0
2
0
81
0
22
3
2
9
270
1
26
1
12
35
1
5
2
17
2
5
5
3
2
0
3
11
2
1
11
0
3
8
9
8
12
2
12
3
1
21
14
10
4
0
2
1
2
4
1
1
29
4
3
3
1
8
3
7
3
5
5
11
55
0
12
2
33
0
2
0
4
1
4
1
10
5
2
3
4
2
8
2
37
3
5
4
0
4
12
3
9
3
4
2
7
2
8
1
2
9
14
10
10
26
6
1
1
3
6
6
0
1
8
4
1
10
9
6
7
6
8
4
1
4
0
2
5
2
2
4
3
1
1
37
2
6
5
6
6
0
17
0
0
1
1
0
3
1
1
1
1
4
4
1
9
1
8
2
1
9
12
5
2
15
5
3
3
7
6
0
6
1
3
0
4
11
10
0
5
3
21
2
0
13
2
95
4
1
5
0
8
3
2
3
2
1
4
5
1
3
11
2
3
3
1
0
1
3
8
1
3
11
2
3
2
7
0
3
3
2
1
15
1
9
26
1
0
7
8
8
1
11
0
5
5
4
5
12
13
5
2
8
1
6
2
9
2
1
0
2
36
3
52
2
7
2
2
5
1
1
2
1
4
0
5
1
1
3
7
5
18
2
3
0
4
1
1
0
2
3
8
3
4
0
4
4
2
29
4
4
85
25
2
7
4
1
5
7
18
5
4
2
1
20
4
2
11
1
0
3
0
11
7
3
2
11
3
13
0
6
5
0
3
5
0
7
5
38
2
1
8
23
9
5
17
0
2
2
2
3
2
2
3
1
1
2
1
6
0
0
43
0
7
1
42
1
4
7
33
0
5
13
8
10
11
5
4
2
4
5
4
4
16
2
8
10
17
49
3
14
5
0
5
8
1
4
0
12
1
6
22
4
13
0
9
708
0
7
7
1
0
1
0
6
3
5
3
9
4
8
5
12
2
1
0
1
2
12
13
11
7
1
8
1
0
1
9
11
16
38
3
1
11
1
4
3
1
5
4
5
2
4
5
4
0
62
2
6
5
1
4
22
6
26
0
1
4
5
2
3
0
1
1
0
1
1
10
5
13
0
4
0
3
1
4
0
1
0
4
1
2
34
5
12
3
6
16
1
1
4
8
2
0
2
29
0
4
3
3
13
0
3
0
121
5
5
1
5
6
0
1
571
12
2
12
7
6
2
10
0
13
4
60
2
11
11
0
3
0
0
0
2
12
5
81
2
2
2
7
3
5
2
152
2
16
19
2
3
2
6
14
4
3
2
3
0
1
2
1
2
30
4
2
6
9
2
5
2
1
5
12
3
8
4
3
5
96
0
3
4
3
5
5
3
7
22
10
2
8
1
0
10
3
10
3
2
5
2
21
5
9
158
1
2
0
9
3
7
1
0
2
3
18
9
7
3
4
0
43
26
9
4
2
9
1
0
1
14
8
2
18
0
1
2
9
5
1
39
3
2
16
0
17
3
9
2
3
0
3
7
1
3
1
9
13
4
1
1
9
8
6
3
0
15
7
6
5
0
90
11
12
8
5
0
3
899
2
3
4
6
35
6
6
0
4
6
5
4
6
2
2
10
3
2
13
0
7
2
3
0
7
11
1
14
5
2
3
3
17
7
10
1
14
62
32
1
0
6
6
3
8
4
1
5
7
6
1
0
2
5
3
3
1
5
1
9
3
3
6
19
12
0
3
4
13
5
6
6
0
4
2
0
1
3
15
8
10
4
11
74
3
1
1
1
9
1
3
9
4
13
4
2
8
20
1
5
1
0
1
2
16
7
8
4
13
4
0
2
9
2
1
13
7
2
4
9
11
4
9
0
13
0
6
32
4
4
30
4
22
0
3
3
1
3
2
10
8
3
0
1
1
7
2
3
42
5
25
51
7
1
5
2
4
12
1
4
5
2
9
2
5
16
2
16
30
1
2
7
1
5
7
4
1
0
5
3
8
2
5
3
1
9
7
8
7
4
5
17
7
9
0
12
4
0
70
6
0
0
1
3
1
2
295
101
5
9
0
2
2
13
6
2
20
5
8
3
2
5
9
8
2
95
7
2
10
1
9
0
4
6
4
21
2
5
5
0
9
3
23
1
1
2
9
1
23
0
2
1
3
0
0
23
12
2
4
14
1
11
20
2
1
3
2
3
2
12
3
22
42
5
7
1
2
5
3
82
0
3
4
6
6
3
12
4
4
0
6
4
5
0
2
17
1
2
2
11
0
1
7
0
7
18
5
7
9
26
33
2
4
5
3
3
1
5
3
13
2
0
2
15
2
0
4
26
10
6
0
4
16
14
2
2
5
3
6
31
6
1
0
3
11
5
12
4
2
4
1
2
4
1
11
2
20
0
20
2
14
0
31
11
2
2
4
2
5
40
0
1
15
4
7
0
6
5
3
5
6
1
1
2
5
3
30
10
5
0
14
30
3
2
13
4
7
63
146
0
11
8
2
1
19
1
12
8
1
0
0
1
2
3
2
5
8
246
1
2
2
2
32
43
3
2
6
5
34
2
5
5
0
2
1
0
3
1
15
23
0
660
7
2
3
3
3
23
2
9
1
4
2
2
4
2
0
0
8
25
3
5
7
4
1
2
3
56
6
322
10
20
4
1
0
0
12
199
0
7
1
0
17
5
0
8
1
0
0
5
20
3
11
8
28
5
2
1
2
1
1
6
0
4
5
12
0
1
4
12
2
6
4
8
0
12
1
7
9
1
7
11
8
1
10
6
7
5
3
3
3
5
5
7
4
33
4
8
1
2
2
5
3
27
2
3
1
2
11
1
3
6
6
6
4
18
2
2
1
5
3
0
5
6
11
22
1
2
8
7
2
0
8
2
3
2
148
4
2
9
3
10
2
1
1
77
2
6
6
20
1
12
3
5
5
7
1
7
4
5
2
3
15
2
2
18
13
13
13
5
5
1
3
1
10
2
46
1
1
4
2
