11
105
5
9
9
10
6
7
7
26
11
13
4
6
28
33
16
12
15
14
3
18
202
6
23
18
3
21
4
5
18
13
15
12
4
28
2
15
7
5
3
12429
10
47
65
2
12
20
13
7
12
9
19
8
6
15
15
91
27
14
28
9
6
6
7
3
23
24
11
11
4
10
3
74
16
21
11
10
6
10
8
5
9
25
15
15
5
9
23
21
14
43
8
9
120
10
24
5
9
11
10
27
9
5
0
19
8
7
4
19
3
19
13
17
17
12
12
9
16
14
16
6
7
15
11
10
9
11
25
21
1
13
7
15
3
12
17
48
7
8
19
14
20
18
4
9
14
23
16
8
19
6
8
1990
9
9
17
2
15
12
6
8
9
10
11
9
21
12
9
13
23
14
1
13
6
5
3
9
12
9
3
19
24
8
3
23
31
20
6
10
16
17
4
14
12
25
16
5
21
10
5
6
7
25
9
16
16
4
39
17
18
35
26
11
21
14
135
8
6
6
25
2
11
8
9
32
8
7
25
4
5
22
190
6
31
31
22
14
5
14
10
9
8
9
22
12
0
16
14
4
15
36
6
12
28
15
9
36
63
7
15
6
16
14
33
56
20
17
13
128
23
6
40
2
8
49
4
4
17
6
14
20
19
12
11
17
14
12
142
6
16
3
40
2
16
18
33
26
8
2
7
11
3
40
5
9
22
52
12
11
7
17
13
3
5
19
5
19
11
4
9
5
26
2
3
6
6
12
40
6
7
6
7
14
13
3
16
25
24
16
15
11
27
11
13
11
5
3
16
6
6
9
15
13
31
27
4
22
3
6
15
9
13
10
7
4
11
14
118
2
18
21
7
9
9
13
6
17
4
6
76
9
2
8
18
32
277
20
7
5
22
13
36
7
5
4
8
15
13
21
4
17
4
4
14
3
14
10
10
30
5
10
9
29
13
4
10
9
8
7
18
11
5
1
5
3
17
25
36
16
14
9
11
19
40
11
12
22
9
65
25
7
11
6
8
6
8
4
5
6
146
7
16
3
9
7
19
104
64
43
9
70
3
16
42
6
12
17
60
12
20
11
5
33
0
9
16
14
13
7
81
2
8
15
13
2
15
2
3
8
5
47
13
16
19
16
14
7
25
7
11
105
5
9
9
10
6
7
7
26
11
13
4
6
28
33
16
12
15
14
3
18
202
6
23
18
3
21
4
5
18
13
15
12
4
28
2
15
7
5
3
12429
10
47
65
2
12
20
13
7
12
9
19
8
6
15
15
91
27
14
28
9
6
6
7
3
23
24
11
11
4
10
3
74
16
21
11
10
6
10
8
5
9
25
15
15
5
9
23
21
14
43
8
9
120
10
24
5
9
11
10
27
9
5
0
19
8
7
4
19
3
19
13
17
17
12
12
9
16
14
16
6
7
15
11
10
9
11
25
21
1
13
7
15
3
12
17
48
7
8
19
14
20
18
4
9
14
23
16
8
19
6
8
1990
9
9
17
2
15
12
6
8
9
10
11
9
21
12
9
13
23
14
1
13
6
5
3
9
12
9
3
19
24
8
3
23
31
20
6
10
16
17
4
14
12
25
16
5
21
10
5
6
7
25
9
16
16
4
39
17
18
35
26
11
21
14
135
8
6
6
25
2
11
8
9
32
8
7
25
4
5
22
190
6
31
31
22
14
5
14
10
9
8
9
22
12
0
16
14
4
15
36
6
12
28
15
9
36
63
7
15
6
16
14
33
56
20
17
13
128
23
6
40
2
8
49
4
4
17
6
14
20
19
12
11
17
14
12
142
6
16
3
40
2
16
18
33
26
8
2
7
11
3
40
5
9
22
52
12
11
7
17
13
3
5
19
5
19
11
4
9
5
26
2
3
6
6
12
40
6
7
6
7
14
13
3
16
25
24
16
15
11
27
11
13
11
5
3
16
6
6
9
15
13
31
27
4
22
3
6
15
9
13
10
7
4
11
14
118
2
18
21
7
9
9
13
6
17
4
6
76
9
2
8
18
32
277
20
7
5
22
13
36
7
5
4
8
15
13
21
4
17
4
4
14
3
14
10
10
30
5
10
9
29
13
4
10
9
8
7
18
11
5
1
5
3
17
25
36
16
14
9
11
19
40
11
12
22
9
65
25
7
11
6
8
6
8
4
5
6
146
7
16
3
9
7
19
104
64
43
9
70
3
16
42
6
12
17
60
12
20
11
5
33
0
9
16
14
13
7
81
2
8
15
13
2
15
2
3
8
5
47
13
16
19
16
14
7
25
7
6
19
5
22
24
14
14
7
17
9
6
14
10
70
28
11
4
26
17
3
23
106
4
8
10
8
6
8
5
2
13
9
18
14
59
37
973
5
48
11
4
10
10
40
14
18
3
4
6
2
33
9
9
23
7
18
14
3
18
7
9
12
16
22
44
24
6
15
18
18
14
82
10
23
17
37
20
3
10
12
11
17
8
5
41
19
25
10
6
11
31
3
23
3
79
1
16
1
22
10
41
7
9
47
45
4
44
9
15
9
18
5
10
29
11
26
18
0
11
22
10
122
4
6
9
3
10
14
24
10
9
15
6
47
21
17
6
12
13
20
7
63
14
3
11
13
17
5
12
9
14
32
4
37
47
8
7
1
7
7
13
31
15
4
112
12
21
3
6
30
16
12
16
19
9
17
33
6
14
1
7
6
9
8
10
5
6
33
9
12
23
14
4
10
111
13
16
8
18
17
29
2
17
13
5
7
7
5
14
10
8
7
16
13
14
35
17
11
7
3
4
9
37
13
7
100
6
4
9
12
5
22
7
21
100
6
18
44
6
6
7
20
83
18
18
5
10
22
12
21
3
9
10
20
8
11
9
32
6
49
8
30
15
6
12
13
9
454
103
2
17
4
23
7
10
23
8
12
16
11
13
22
19
13
11
41
4
23
9
27
24
7
5
25
7
35
11
10
23
14
20
17
11
3
5
8
14
2
14
4
24
5
18
9
11
3
4
4
42
26
4
9
2
15
17
11
18
8
14
9
2
18
11
10
21
9
10
5
11
11
6
11
10
14
12
9
25
10
9
6
1
7
13
19
4
5
10
27
11
18
3
14
15
8
12
8
8
10
3
9
5
7
2
14
2
8
3
7
9
11
4
31
7
17
9
5
5
6
7
6
33
8
3
6
18
16
17
5
7
12
8
19
24
1
20
12
14
21
49
7
13
8
9
7
7
12
18
17
5
19
9
19
27
10
7
2
16
7
6
5
7
13
19
23
35
8
19
10
9
10
18
140
12
6
9
19
7
11
10
10
15
177
9
4
7
8
23
12
16
13
11
14
23
9
4
14
10
11
40
44
144
44
14
3
10
3
10
47
13
18
66
9
8
18
5
5
10
9
10
4
11
12
4
17
12
2
9
19
81
6
14
47
16
11
6
13
5
3
25
6
18
9
1
7
1
34
8
5
6
4
21
3
8
9
18
8
16
12
7
19
11
4
14
15
6
17
5
9
4
12
1
6
10
7
12
13
11
27
10
7
23
10
10
16
61
5
4
6
17
7
6
17
19
15
1484
4
7
11
9
14
10
15
304
5
8
30
17
9
85
5
5
6
14
8
10
70
9
6
9
4
6
9
9
25
11
13
14
4
5
15
13
10
21
14
6
13
7
32
11
6
8
6
18
8
15
8
17
9
7
12
16
5
4
7
4
37
17
12
18
25
13
13
62
4
10
4
11
4
13
7
6
0
4
473
13
13
54
35
19
2
11
12
41
4
3
4
10
5
22
5
25
24
12
5
12
26
28
2
15
10
17
38
13
24
17
17
15
23
8
4
9
5
12
21
8
14
36
10
39
14
3
3
3
1
12
6
45
6
9
7
8
38
51
5
7
86
5
9
3
4
2
8
19
32
38
14
17
3
21
12
41
10
6
12
5
12
31
15
61
7
23
18
13
16
23
29
14
8
42
5
12
5
27
4
11
6
16
16
7
7
7
22
4
13
15
25
26
9
18
7
2
6
8
45
14
9
3
14
28
4
12
7
9
32
186
6
53
10
3
10
2
12
6
23
13
11
11
18
5
7
13
9
31
18
5
14
18
30
10
33
26
9
4
4
19
6
8
15
15
19
8
6
8
8
17
5
25
28
16
8
4
12
8
32
15
19
22
7
8
12
10
17
230
4
12
5
11
11
10
26
22
4
34
11
10
3
18
9
13
17
13
12
19
15
14
12
4
3
21
9
6
12
6
11
6
4
6
12
2
107
20
9
12
7
8
27
5
15
7
14
3
24
24
14
6
12
13
18
13
23
7
16
15
9
7
7
14
7
22
10
6
11
22
5
13
21
14
18
5
10
3
10
4
9
10
5
11
177
3
2
8
8
6
14
0
8
25
14
16
8
6
289
2
7
6
10
29
12
12
5
59
17
20
10
12
8
21
15
9
20
5
16
7
5
8
17
10
12
7
103
4
7
12
7
13
7
12
7
3
8
9
10
3
113
12
26
6
59
35
13
5
16
11
7
8
31
9
234
16
5
16
8
2
11
17
13
15
2
19
10
7
29
12
17
31
4
22
10
8
13
15
14
20
19
3
14
12
19
41
22
14
11
8
4
13
10
3
4
5
26
58
8
15
15
1
4
15
10
6
14
11
10
26
35
17
8
44
7
13
3
10
6
5
3
4
8
117
9
3
61
19
14
9
1
12
5
6
4
17
56
14
5
7
2
8
43
4
5
9
6
13
18
10
3
14
5
11
19
8
7
11
9
5
27
7
57
6
2
6
213
24
10
8
8
24
13
54
11
29
33
1
6
11
9
4
19
7
29
15
2
13
1
18
9
5
4
2
20
22
9
30
7
6
7
7
1
16
5
6
12
5
26
8
6
3
15
124
46
7
4
9
14
1
4
9
17
19
38
14
12
22
21
30
8
15
6
17
14
6
22
6
6
16
25
1
6
4
11
10
35
40
11
5
4
10
16
30
11
2
22
30
5
12
94
88
35
23
9
26
15
11
4
5
22
13
20
58
241
3
10
8
15
14
13
16
5
5
20
18
8
3
26
6
12
6
6
33
4
13
8
5
8
24
16
6
5
6
22
10
13
202
9
14
13
69
27
6
5
4
20
12
16
25
5
17
9
2
4
5
52
10
7
15
5
8
3
27
12
12
33
11
7
13
9
5
151
15
11
13
22
43
55
8
5
7
158
8
11
43
8
9
9
7
22
5
11
8
9
14
13
6
11
7
25
31
10
5
2
145
1
6
5
8
20
9
44
6
15
43
20
6
11
14
5
14
14
3
11
5
12
13
7
5
9
8
13
7
36
13
39
7
73
14
7
19
5
7
10
6
8
9
8
15
4
17
8
21
15
25
8
10
21
7
7
5
7
6
6
30
30
59
10
9
38
11
10
29
68
8
17
22
11
12
10
21
21
12
22
14
4
28
11
8
6
5
11
7
11
6
38
34
11
12
8
101
6
11
10
9
9
10
35
25
27
5
9
13
48
6
13
4
28
7
73
3
10
45
5
20
23
8
30
7
3
22
4
14
19
12
26
6
11
7
6
41
4
7
59
7
21
9
4
4
21
11
45
24
6
3
15
4
9
6
18
673
8
7
15
10
11
11
12
20
14
9
11
7
12
369
7
22
10
16
9
8
7
14
5
13
44
29
1
5
8
4
3
6
20
7
9
17
8
21
5
6
7
21
8
8
5
8
15
9
9
14
108
5
12
9
2
12
6
9
6
7
11
120
10
16
17
18
53
20
2
21
16
13
15
6
9
7
14
8
13
29
25
9
9
33
6
58
42
5
15
5
2
18
7
8
19
16
5
9
11
6
14
19
8
14
23
5
12
1
11
19
16
33
9
15
6
8
6
13
21
25
8
14
13
6
10
11
20
8
8
30
78
11
6
17
21
8
35
76
29
7
9
11
4
6
11
8
8
7
13
9
5
8
18
5
18
9
6
7
5
16
19
4
11
13
13
16
13
14
25
22
5
12
17
15
8
342
15
19
8
12
28
19
4
13
6
17
10
1
11
13
6
13
3
10
27
6
8
3
21
6
38
13
4
5
11
64
35
3
12
14
10
77
8
6
6
10
20
15
16
5
2
6
7
9
14
12
4
9
31
5
89
15
49
11
18
5
19
3
33
11
12
20
12
6
15
16
7
6
3
131
3870
5
6
4
8
9
5
19
11
16
13
6
9
13
11
26
5
14
35
4
190
4
3
7
9
35
10
6
18
12
8
61
7
17
3
5
21
5
2
137
23
12
54
6
3
5
14
9
22
9
9
2
17
13
18
11
16
23
9
12
7
11
4
24
8
46
11
5
12
7
8
48
16
9
2
8
54
15
12
7
8
6
11
8
10
7
35
10
11
11
14
14
14
12
14
53
15
11
5
6
12
49
31
3
22
18
178
15
20
6
6
8
7
50
304
3
14
9
1
25
2
8
11
10
7
11
12
5
10
8
72
3
14
8
155
4
18
7
7
21
34
9
17
19
14
19
8
7
4
9
2
8
7
13
31
9
10
4
10
168
8
19
13
0
2
13
7
13
6
3
88
37
7
10
16
1
19
6
6
9
6
6
60
8
3
19
18
29
20
10
60
17
2
28
6
5
12
9
7
9
7
41
12
13
19
29
19
12
7
14
22
13
13
5
125
10
27
10
7
14
6
11
9
17
39
2
6
13
17
1
6
45
13
40
26
4
8
9
3
30
28
3
29
15
28
3
13
8
4
25
5
11
15
81
4
9
11
8
28
17
44
2
11
4
10
16
0
4
36
14
16
24
26
34
10
7
8
17
6
25
8
42
9
9
88
11
6
13
9
88
9
22
9
4
7
13
14
14
8
6
25
4
13
10
16
8
21
15
9
5
90
3
27
13
6
7
6
21
4
8
6
4
7
2
83
3
2
13
11
15
11
78
9
12
9
7
11
78
4
4
35
14
11
4
7
0
9
18
10
17
13
8
27
6
9
62
6
53
18
5
21
18
3
16
12
9
26
9
16
39
1
24
34
11
30
56
7
9
16
6
18
15
24
12
3
9
32
30
5
8
3
1
14
9
4
31
10
15
2
7
14
7
6
9
17
11
19
3
15
29
10
92
86
26
14
5
5
6
7
8
16
11
14
421
7
97
30
20
45
4
29
18
16
33
14
13
17
9
2
12
7
36
8
7
7
32
7
328
12
2
15
4
21
43
1033
10
12
17
2
21
14
8
15
106
81
8
29
8
9
20
162
16
19
11
86
12
29
14
10
10
102
24
10
82
7
24
0
6
20
6
34
30
17
2
6
10
2
6
14
6
4
24
16
16
1
8
26
10
4
11
17
219
27
10
9
74
14
8
5
6
69
6
18
8
13
6
19
4
13
11
28
79
3
5
7
4
0
11
3
17
7
5
15
2
11
9
43
30
66
10
30
19
14
9
8
21
6
14
3
2
20
21
43
16
113
12
11
6
9
3
5
6
22
17
13
15
27
3
2
25
8
12
14
14
6
48
7
17
37
23
5
15
11
12
5
7
16
27
5
1
5
15
3
7
6
14
7
27
36
6
8
15
6
9
6
14
14
6
12
8
3
7
28
16
29
13
6
13
10
22
15
47
10
15
25
11
11
16
7
10
12
9
8
8
5
19
13
7
14
188
25
84
9
8
13
49
14
9
9
11
8
28
7
7
9
4
12
36
15
15
7
11
13
9
17
68
19
32
8
22
17
7
13
23
7
15
1
16
31
10
7
7
25
12
5
26
2
7
49
7
35
6
13
10
11
6
8
14
23
7
3
9
46
9
5
10
823
8
3
20
4
15
14
15
22
11
13
14
4
19
24
9
5
14
15
54
22
8
83
42
17
10
6
7
15
11
14
117
14
4
6
8
6
8
14
11
26
9
5
33
50
9
17
8
13
6
4
12
14
3
4
11
10
3
62
11
2
57
5
15
17
17
6
6
11
144
7
40
3
8
15
3
6
8
12
14
70
3
7
12
9
11
8
14
2
13
9
6
3
18
15
18
17
73
107
15
54
13
12
9
7
21
16
12
12
3
11
5
10
10
18
8
13
40
49
17
3
5
7
234
3
52
78
5
14
17
9
3
4
13
15
116
55
2
17
11
18
33
10
10
7
6
2
10
26
2
10
10
37
16
13
21
22
14
16
47
5
4
14
34
33
12
11
5
19
74
19
7
10
11
8
21
19
4
6
7
16
13
10
18
13
2
13
9
24
9
9
10
117
9
6
6
33
10
11
22
8
5
4
6
20
13
18
21
7
8
8
4
24
25
5
3
5
13
7
9
2
10
21
21
40
15
3
0
14
8
16
3
6
7
34
7
16
678
10
5
16
17
7
13
16
9
39
12
19
30
45
19
17
33
12
26
11
34
18
26
30
33
11
15
6
6
3
36
19
5
4
6
3
8
10
14
12
22
12
7
14
9
17
11
11
34
2
15
11
13
4
10
8
1
4
12
5
14
11
4
12
10
9
21
18
82
25
5
4
5
22
21
12
9
8
10
12
43
35
20
11
20
2
12
6
8
9
9
8
13
10
12
9
12
20
11
10
5
11
24
7
6
5
9
9
14
19
6
24
4
4
4
12
30
21
6
22
11
9
7
5
10
30
57
17
12
13
5
18
24
36
11
4
30
37
10
11
12
7
6
6
12
4
12
20
10
18
10
16
27
25
30
15
21
10
16
11
2
8
10
9
6
12
16
38
12
11
7
7
7
2
37
33
28
42
4
9
10
9
17
17
53
46
7
12
8
11
17
14
11
31
6
12
83
5
17
8
14
34
8
19
18
7
33
22
11
17
1
3
15
27
14
13
6
17
5
11
42
6
7
7
4
9
9
8
17
14
11
18
30
12
8
5
1
28
6156
18
13
6
5
12
38
7
7
10
21
7
10
81
24
18
10
6
5
12
13
7
28
29
26
19
6
7
17
6
26
8
14
6
10
16
10
40
12
5
11
9
12
5
8
10
18
27
17
8
8
7
8
6
5
34
10
26
4
22
3
3
29
8
4
18
50
6
10
9
10
3
8
15
8
20
8
7
8
14
20
15
11
4
7
50
24
8
8
11
39
7
7
18
3
25
17
4
33
16
12
8
4
13
20
7
18
7
13
13
13
5
11
4
17
6
10
26
12
7
16
13
54
12
3
15
13
16
6
7
11
9
20
13
2
11
1
5
15
39
14
14
50
48
23
4
12
5
17
15
11
45
7
9
53
13
12
66
13
13
41
24
3
2
8
7
28
12
5
10
12
10
11
30
4
11
6
16
11
6
24
3
9
29
8
12
54
13
9
10
18
22
51
4
7
6
19
6
10
9
11
5
10
3
83
53
7
6
4
39
16
10
16
12
13
20
10
9
10
32
17
6
23
7
12
81
38
9
15
6
112
6
7
26
13
6
9
12
21
10
297
9
5
15
5
11
9
6
13
75
12
32
5
8
16
4
12
24
25
107
4
9
5
16
11
35
3
17
14
6
21
763
7
48
12
12
6
8
8
11
3
21
11
30
12
1
14
1
37
8
20
18
23
25
52
16
6
5
16
2
10
110
8
13
6
10
14
6
16
4
33
12
11
6
6
30
11
11
2
7
2
52
9
9
12
18
10
10
18
6
101
17
24
36
6
6
8
2
16
3
6
8
15
13
8
3
6
232
15
40
9
7
14
9
37
21
15
1
20
13
63
9
10
8
14
4
7
6
47
8
7
9
8
23
4
33
73
13
9
3
8
4
12
47
2
5
6
6
6
3
10
36
14
4
15
9
17
7
20
3
3
36
4
18
9
8
5
7
1
4
9
25
7
23
14
40
14
9
4
9
14
26
1
5
67
17
16
10
8
24
24
41
29
13
8
8
15
14
12
5
1
5
9
29
26
7
2
10
9
3
16
9
2
113
5
25
12
31
21
5
8
7
33
7
5
14
13
23
5
28
42
6
5
37
9
21
66
29
12
7
10
6
7
8
10
3
8
11
8
3
12
7
54
7
11
52
10
4
2
4
1
3
2
6
16
4
10
29
12
19
10
6
6
15
28
10
12
2
9
5
18
25
13
89
11
12
4
19
19
21
6
4
19
3
19
10
9
35
5
7
84
51
5
9
15
2
3
7
11
10
9
12
19
21
6
29
9
9
5
4
9
27
21
18
19
7
22
28
6
13
22
77
3
12
0
30
17
22
8
35
16
7
98
9
10
10
18
9
7
9
17
16
10
7
7
18
17
6
7
35
16
8
8
41
18
7
8
2
8
18
2
11
321
12
9
14
3
8
4
7
9
25
15
15
33
8
5
21
14
5
22
11
38
9
11
5
17
23
5
21
8
7
9
22
15
10
9
13
9
24
58
15
10
4
13
16
8
4
14
5
8
164
9
13
20
18
17
79
16
12
10
9
7
22
5
9
35
50
13
9
31
4
96
5
15
23
3
21
16
12
14
6
34
14
40
10
12
3
11
32
4
3
8
42
9
15
15
12
14
16
5
24
7
61
6
9
8
901
9
4
9
19
9
16
37
8
20
20
9
7
13
17
11
5
23
27
8
14
9
6
11
6
18
24
6
6
19
24
5
10
5
6
25
8
9
16
12
43
7
11
9
5
5
44
24
3
20
228
14
4
3
27
23
3
6
8
8
5
17
7
7
5
18
13
5
28
9
31
135
23
15
62
6
12
11
26
14
35
22
34
2
3
6
23
5
9
8
18
9
10
15
79
6
14
6
21
6
6
6
11
3
12
18
6
32
20
9
5
5
24
1
9
18
19
11
9
7
926
14
4
5
16
20
8
29
28
51
38
8
40
42
10
6
6
10
8
2
18
11
17
7
12
20
43
36
3
10
3
8
17
9
97
11
13
4
7
8
133
9
6
25
16
7
45
125
2
32
4
11
9
14
19
16
45
9
10
38
6
6
14
13
17
11
5
23
16
4
9
8
75
12
8
9
12
6
3
11
14
22
10
2
4
4
7
45
4
5
6
4
11
14
28
7
12
10
8
5
2
9
29
9
6
4
18
17
15
27
14
11
16
6
16
47
6
3
11
2
7
64
12
18
7
18
1
11
5
63
14
28
5
49
5
9
15
3
15
7
1
30
19
11
5
9
3
17
9
7
4
9
5
9
32
3
6
4
6
7
15
44
5
8
11
8
7
19
4
51
16
16
3
17
6
8
21
9
21
13
38
24
5
10
11
10
6
29
32
8
89
40
6
26
20
16
6
15
13
8
8
17
15
44
4
6
43
26
15
9
20
8
21
2
28
8
14
207
1
11
5
21
31
15
2
13
12
9
10
10
1
8
139
14
17
19
10
36
2
15
8
12
11
71
16
7
37
48
68
1
11
6
7
29
14
7
11
18
1
8
12
14
6
2
54
19
21
19
5
12
6
17
6
8
48
24
6
5
7
40
6
8
20
5
5
61
18
5
13
6
2
10
8
7
10
15
55
9
11
10
11
3
9
14
43
9
5
13
3
3
3
11
11
54
17
10
11
9
11
23
17
20
0
14
16
8
29
3
13
11
24
12
169
53
13
3
13
10
37
4
13
5
18
13
13
33
7
8
20
15
13
58
89
20
16
6
8
291
8
8
8
426
4
15
8
10
4
7
5
13
7
37
7
36
5
15
10
28
43
2
32
236
3
27
6
5
0
8
19
286
14
0
6
7
12
14
8
15
2
14
4
198
14
16
6
23
23
56
20
5
28
7
8
22
8
22
11
8
8
25
95
13
15
11
23
2
840
7
28
88
148
9
15
15
24
35
23
18
18
41
55
4
6
6
22
40
6
11
13
6
41
11
3
23
10
57
10
8
1
7
10
27
17
14
9
5
15
14
8
28
6
10
6
16
2
10
10
3
43
7
9
1
6
8
5
7
3
16
12
9
2
3
32
8
5
8
3
7
15
33
24
10
8
13
54
10
9
63
24
13
4
11
26
16
11
5
13
17
10
24
18
11
5
29
4
6
55
19
3
6
24
7
20
8
21
39
45
27
4
56
18
7
52
16
27
10
3
14
3
8
11
22
8
6
8
14
12
24
6
6
11
6
414
24
3
8
5
33
2
27
5
23
2
2
68
7
15
7
11
4
4
11
11
17
13
7
10
25
5
9
22
75
10
64
6
17
23
11
8
3
6
7
4
187
8
19
4
8
3
24
7
10
8
14
5
11
36
14
9
4
9
4
4
4
2
38
6
29
28
16
6
10
58
13
1
37
25
6
71
3
30
204
38
12
5
8
18
8
58
50
6
5
13
7
20
21
4
9
17
6
3
23
4
19
8
7
375
5
12
11
10
35
23
19
8
34
14
39
8
51
18
96
9
31
13
13
8
3
9
9
16
41
12
13
7
5
17
15
14
11
4
12
17
6
10
9
7
20
31
19
10
4
41
21
5
13
16
42
13
8
14
12
9
4
4
10
18
11
5
4
23
5
16
7
14
10
4
20
10
24
14
4
7
13
24
16
4
7
28
5
7
4
6
13
17
10
7
11
90
25
9
37
63
19
5
5
10
14
18
9
8
27
9
22
11
6
14
23
3
21
12
5
10
202
11
4
5
10
14
12
15
22
23
259
12
12
10
43
12
12
16
10
32
52
3
23
17
11
8
13
36
19
2
35
30
13
19
16
28
3
9
30
16
11
37
5
8
20
43
21
4
8
20
7
3
26
6
77
40
15
27
11
10
10
7
30
18
36
6
73
10
8
19
3
25
4
14
6
9
23
14
4
16
5
14
7
2
11
7
8
15
58
4
13
11
11
17
4
11
13
11
3
79
3
27
697
35
12
6
8
11
23
34
2
9
13
37
25
9
2
7
7
26
12
11
35
636
31
107
559
5
18
12
4
9
13
20
4
2
5
19
23
14
9
15
11
6
3
6
9
18
12
6
9
14
25
9
6
10
3
5
9
10
10
13
5
21
6
14
3
16
12
6
15
5
10
7
10
5
5
6
19
28
9
5
18
7
21
90
18
9
2
46
18
4
82
14
8
8
25
8
12
34
26
5
17
7
20
18
6
7
45
12
9
6
8
4
8
33
442
72
8
5
8
30
17
3
20
7
7
46
4
3
2
13
50
5
5
60
13
6
8
21
18
60
4
14
4
8
9
12
14
6
5
11
4
12
31
2
5
15
26
143
13
8
6
7
51
38
32
43
21
9
5
18
14
14
13
30
1
4
1
12
12
191
38
11
8
3
22
15
5
9
24
5
7
6
8
8
8
6
8
17
34
10
5
15
1
14
26
9
2
10
39
7
10
12
2
1
5
33
9
3
5
14
5
23
4
17
9
8
32
5
2
6
13
6
26
8
12
10
8
13
19
30
19
12
2
20
84
8
33
14
28
2
5
2
28
10
12
56
6
29
7
7
1
19
8
9
6
10
9
14
8
22
2
12
12
29
28
4
6
13
16
14
10
34
38
19
14
26
16
9
10
657
1
8
5
5
0
18
4
7
11
11
4
13
23
8
4
5
7
11
5
14
1
22
6
15
8
14
8
10
7
19
12
58
9
11
7
3
9
7
9
3
15
24
8
11
7
16
9
18
11
15
53
17
6
12
10
45
6
12
6
9
21
39
11
6
21
9
2
8
30
113
4
6
4
40
57
13
5
10
15
12
3
4
4
11
15
0
23
45
10
31
7
11
7
13
28
6
14
23
9
12
6
4
17
138
29
3
3
12
18
2
31
1
7
27
17
4
11
8
19
6
6
9
12
31
15
12
26
24
13
30
1
2
13
8
9
111
11
16
13
9
14
9
17
4
8
42
5
17
8
7
12
3
18
12
12
11
8
3
21
23
10
3
42
14
5
6
4
5
6
18
21
4
50
5
7
7
15
16
2
91
1
7
5
15
6
25
3
11
3
6
14
8
24
9
27
73
14
11
9
12
23
16
7
24
23
6
7
7
21
7
5
12
13
23
8
5
37
10
7
125
15
24
9
15
6
9
4
21
9
17
83
4
234
7
31
9
10
5
16
3
2
9
5
15
6
11
35
10
6
9
16
33
10
4
5
4
20
14
15
17
12
10
112
5
10
63
3
19
16
11
10
22
16
30
4612
11
8
18
9
6
15
8
4
9
7
7
2
7
31
12
5
18
7
19
26
29
12
8
15
10
27
9
4
23
8
6
25
12
4
3
7
6
15
9
12
5
28
15
10
17
13
27
19
15
6
7
8
12
7
214
2
12
35
12
5
22
7
3
8
4
3
22
19
20
43
33
18
3
11
21
10
6
6
7
6
3
4
9
13
24
9
9
5
3
8
18
25
14
9
18
11
78
8
20
16
9
4
9
4
21
25
26
10
11
42
11
8
6
3
9
9
83
2
9
2
10
11
11
8
30
3
6
16
7
2
10
19
9
3
7
36
26
77
25
12
775
41
14
8
3
8
23
74
7
9
19
11
48
9
521
11
4
13
7
6
2
6
318
14
16
20
14
11
6
8
17
6
10
37
32
11
15
78
10
14
7
1
17
8
15
2
8
15
9
62
9
9
6
4
6
5
5
14
18
14
28
18
4
22
4
4
6
26
176
2
3
34
7
14
41
22
6
2
15
29
14
9
12
13
4
8
10
14
2
17
11
8
50
9
13
43
13
19
2
25
13
10
4
13
12
2
12
5
16
98
8
9
8
27
23
15
13
34
5
9
67
19
9
10
0
7
20
20
15
5
22
2
10
92
18
9
5
165
17
7
16
7
8
10
22
26
1
31
8
9
5
18
15
13
3
21
18
25
11
10
9
18
6
13
14
5
7
82
5
13
21
13
6
7
26
7
7
13
3
9
14
31
9
3
21
16
20
5
1
7
9
23
3
18
20
5
11
20
54
5
20
5
17
19
87
19
379
13
7
14
3
10
6
38
8
17
12
16
18
8
6
13
6
3
12
14
15
7
7
19
36
12
5
7
30
3
7
51
7
9
7
17
17
14
9
5
14
16
8
16
5
87
1
9
12
13
11
18
8
15
14
9
35
16
2
448
8
11
70
8
8
32
9
31
11
27
5
14
20
13
44
6
16
20
38
11
20
17
19
5
17
5
5
3
28
17
1024
19
15
9
8
18
9
4
5
11
45
18
28
3
9
8
21
9
53
7
14
9
17
7
3
25
28
11
13
8
13
17
9
8
7
26
34
23
52
19
10
0
23
39
11
13
16
8
6
18
4
6
12
6
9
6
4
94
4
28
10
4
27
5
23
13
6
5
5
28
38
9
7
4
8
30
10
5
13
1
11
173
38
15
6
18
11
75
12
39
8
11
3
17
3
12
1
289
4
7
5
29
5
15
16
16
10
41
11
5
16
12
25
11
26
14
9
51
70
13
7
21
8
12
21
8
14
12
3
4
17
4
6
11
110
9
16
25
9
42
5
12
9
26
15
11
13
15
54
19
27
12
18
49
13
7
4
11
13
10
5
11
12
1
2
106
8
7
19
30
16
3
10
81
19
5
15
24
19
11
11
53
9
42
16
10
13
3
7
5
15
14
4
5
19
18
5
9
6
16
15
10
9
2
10
33
152
18
7
14
9
11
35
15
8
14
3
33
19
18
7
16
16
18
4
24
15
5
6
14
9
17
12
13
9
23
2
16
9
15
6
34
19
5
26
62
9
5
28
11
28
8
28
5
12
9
10
11
4
18
21
19
11
43
7
21
5
10
12
13
3
26
9
14
100
6
11
7
19
4
17
4
13
8
513
35
7
10
5
37
4
18
12
6
4
12
142
52
14
1
14
6
10
3
53
6
8
9
9
6
10
15
14
8
7
9
12
11
22
3
10
11
32
16
22
3
30
10
15
7
9
35
5
12
4
4
2
16
10
8
18
9
12
2
21
38
2
8
8
26
14
7
6
16
12
4
14
10
5
7
22
5
5
26
19
6
8
37
6
3
15
1
25
19
17
10
7
14
2
6
16
12
7
8
17
21
252
40
4
8
13
81
11
8
11
9
15
6
11
8
185
5
19
5
66
9
19
10
14
9
62
7
69
14
14
9
12
13
10
40
9
74
6
40
38
9
13
1
5
18
11
11
7
15
30
17
14
27
6
14
5
8
3
8
7
6
18
17
12
29
6
19
32
25
4
6
17
2
23
14
5
22
15
3
12
26
32
6
13
10
1
7
6
6
12
12
27
20
9
82
13
10
12
7
6
15
38
97
20
3
6
12
5
13
5
231
21
17
15
19
4
6
2
13
14
14
3
12
19
11
19
10
25
12
6
18
11
16
4
13
37
7
4
9
11
18
4
48
7
38
23
14
6
8
34
103
62
11
19
7
23
4
7
7
4
8
6
15
10
19
48
19
89
45
15
8
7
4
12
6
14
4
3
16
10
8
9
8
7
17
5
15
16
15
12
14
6
21
9
6
23
25
9
13
10
10
2
4
3
20
6
26
27
3
8
37
17
17
21
12
7
22
29
212
20
6
9
28
6
7
15
23
6
8
6
12
10
6
12
14
24
8
10
10
6
7
14
6
5
6
13
19
32
15
11
15
21
7
9
10
13
27
27
14
12
12
27
72
6
7
8
41
5
4
23
3
19
9
13
48
24
0
3
5
11
25
9
49
3
7
26
8
9
6
5
40
17
8
5
18
3
17
8
13
17
4
31
13
6
13
7
6
11
18
84
19
9
12
32
37
4
10
143
11
56
101
2
7
2
6
23
5
8
21
2
8
14
10
23
11
9
16
6
10
6
14
36
8
10
12
3
7
9
16
13
21
7
5
31
19
11
15
11
12
2
26
13
7
20
9
39
15
19
46
2
5
20
9
50
151
3
8
9
7
11
15
41
39
7
7
4
40
10
10
16
5
19
6
9
11
3
44
22
3
63
8
11
51
2
7
13
7
40
14
9
10
8
0
5
38
19
12
62
9
18
20
12
6
21
7
35
17
75
3
13
9
23
28
12
94
25
5
5
14
2
2
12
14
7
22
29
13
12
24
6
2
12
12
13
2
15
8
26
11
8
10
6
17
9
16
12
11
72
13
20
6
4
15
7
8
12
15
4
32
11
43
27
30
7
12
9
5
13
10
2
25
4
9
33
20
23
20
15
1
23
7
7
6
2
21
17
11
13
21
8
16
11
6
28
9
8
27
9
12
102
9
15
25
22
4
62
9
11
1
21
3
13
260
17
13
17
9
9
54
36
11
25
38
17
40
6
4
6
14
11
25
22
2
4
19
13
4
19
6
22
11
9
8
11
23
15
41
5
15
21
24
79
8
7
3
9
6
5
13
3
7
27
24
32
11
13
2
8
63
2
6
8
25
12
4
9
21
6
29
29
9
10
10
4
4
24
19
7
23
81
16
19
49
17
1
52
15
4
6
20
120
6
20
9
8
10
256
2
3
16
15
11
8
5
10
26
23
7
22
5
23
6
15
8
3
38
5
8
15
9
24
14
12
8
5
35
6
42
15
25
15
23
8
61
37
5
14
33
11
8
8
52
10
19
11
8
9
7
13
83
10
16
3
18
24
17
12
10
17
2
15
3
0
2
24
14
46
17
26
5
4
13
28
21
5
54
10
13
1110
33
10
7
5
11
6
8
4
11
14
6
61
1
16
4
5
29
75
12
5
11
71
29
13
12
32
6
5
26
22
2
20
6
16
6
7
5
76
13
8
36
96
3
6
13
10
7
18
24
6
10
71
5
9
23
108
20
43
61
6
9
15
14
10
7
2
8
10
23
10
7
6
13
13
9
7
10
15
25
17
29
16
0
9
15
17
7
19
7
10
16
8
14
30
8
6
11
15
16
9
93
27
9
6
19
9
14
13
16
653
9
4
6
10
11
20
13
13
16
4
7
13
7
9
14
7
24
4
27
5
8
5
2
5
24
7
7
12
9
10
10
23
12
6
7
14
79
14
1
22
8
20
9
6
20
9
2
12
24
158
7
3
5
6
25
8
22
16
492
2
6
24
4
4
7
18
3
69
13
8
17
22
11
7
9
10
4
10
10
4
7
3
4
6
17
2
5
2
50
10
13
14
9
54
7
10
10
6
5
22
0
3
42
10
36
14
5
5
6
2
11
4
3
39
58
29
65
20
9
59
7
14
8
32
12
16
20
22
28
18
12
29
6
6
16
9
5
9
5
6
18
59
30
9
9
12
14
4
13
8
20
91
18
5
2
244
15
9
7
15
12
6
41
22
13
41
0
12
15
12
16
15
6
10
8
39
6
11
34
9
12
429
4
14
11
5
8
12
60
13
3
3
8
22
9
1
9
16
5
9
5
5
12
3
13
27
12
8
7
11
105
5
9
9
10
6
7
7
26
11
13
4
6
28
33
16
12
15
14
3
18
202
6
23
18
3
21
4
5
18
13
15
12
4
28
2
15
7
5
3
2
19
13
5
9
5
16
3
27
9
5
17
11
9
356
57
10
10
27
11
14
8
7
8
3
11
12
63
8
18
9
60
13
4
9
6
19
6
3
55
18
21
3
17
4
12
18
10
15
9
9
17
20
35
0
2
15
38
27
55
5
6
11
12
7
11
26
26
3
8
11
10
13
9
11
1
6
10
3
11
8
2
3
12
13
15
23
12
4
8
5
105
8
12
6
3
4
22
9
14
4
19
14
20
29
23
9
4
5
15
4
13
11
40
79
14
12
18
60
15
13
24
8
10
6
25
4
8
26
53
10
58
2
3
0
4
7
11
72
6
14
18
6
23
8
5
19
10
7
6
10
32
11
8
5
8
10
7
11
40
13
13
61
13
11
23
10
4
9
9
2
24
4
21
10
61
14
15
10
9
51
9
10
4
55
21
19
4
16
21
7
56
5
13
19
8
9
22
10
78
15
8
13
7
7
5
10
3
13
23
13
19
3
14
33
14
9
2
17
22
3
8
7
20
13
9
9
13
20
31
8
11
50
16
2
10
10
73
1
4
10
11
11
3
28
10
26
15
15
6
20
9
10
25
13
17
28
48
11
10
9
10
15
34
13
21
18
13
3
4
9
9
3
16
6
12
12
12
8
19
3
10
19
31
21
2
11
12
2
17
16
4
13
11
10
15
7
7
10
7
11
7
17
11
22
7
5
11
1
7
9
16
11
4
8
19
59
16
27
12
4
9
15
12
37
9
11
7
16
26
12
12
5
9
8
19
12
34
12
4
6
8
8
17
43
14
15
4
11
47
5
14
7
13
1
190
6
11
7
9
8
11
7
6
5
30
9
57
16
25
5
32
37
4
10
20
18
12
12
2
11
6
25
6
9
17
13
8
38
216
5
13
10
8
27
4
13
5
5
19
9
14
18
15
5
11
14
6
136
12
6
7
5
8
6
9
20
6
2
11
15
34
19
17
7
15
13
3
7
31
5
38
5
10
11
17
9
6
2
13
2
11
25
15
25
10
5
5
8
12
10
2
7
10
9
7
9
31
8
