1
2
5
1
9
0
1
1
4
2
1
2
0
0
17
1
0
0
0
5
5
10
1
0
1
6
1
8
5
2
2
6
29
338
0
14
2
2
6
12
5
4
7
5
122
3
28
0
31
1
3
0
1
3
4
2
27
0
2
4
0
2
2
23
28
0
3
6
3
3
12
2
0
20
8
2
3
0
2
0
0
5
1
4
0
0
2
1
2
9
5
27
13
14
1
0
7
2
0
39
6
7
0
0
3
1
9
1
2
1
3
39
14
9
37
10
7
13
21
6
4
1
1
9
1
9
0
1
1
3
24
15
15
24
3
0
2
1
1
4
6
4
8
1
1
23
1
0
2
10
0
0
13
1
76
3
1
46
6
1
5
1
3
0
1
1
12
4
7
0
14
6
0
2
0
1
2
0
11
2
3
3
0
3
20
1
7
1
8
4
1
5
10
1
1
1
9
1
2
1177
1
1
12
1
1
8
3
0
7
2
12
3
0
5
8
7
1
0
3
0
0
19
6
36
3
1
36
2
1
12
2
4
10
4
4
7
2
6
1
5
2
14
1
1
9
9
1
1
2
0
0
0
25
1
2
13
0
12
64
1
2
2
4
5
2
2
1
2
1
5
40
1
0
2
3
3
0
1
0
3
6
3
9
1
1
5
4
1
25
7
76
1
0
0
1
3
1
2
2
5
6
4
1
0
1
2
9
1
2
4
0
22
1
1
3
6
1
0
2
0
0
9
2
3
1
0
21
32
1
16
0
2
5
15
1
1
4
4
3
11
1
8
5
17
0
0
0
1
4
0
4
35
1
2
43
0
8
0
20
3
0
88
2
0
26
19
3
0
5
1
3
13
0
1
2
0
8
3
0
1
0
2
0
7
1
0
1
5
0
34
3
1
0
2
0
0
4
0
3
8
0
26
6
5
12
0
2
0
1
0
8
2
1
0
5
1
2
61
2
2
0
2
0
9
1
14
1
2
129
2
0
1
2
8
4
36
12
3
2
26
3
3
1
17
0
2
4
65
13
9
0
10
0
12
4
0
8
0
108
0
1
4
3
0
57
13
3
0
0
8
25
2
64
1
0
0
10
0
1
0
317
1
226
0
11
0
0
2
2
1
4
2
1
10
2
3
3
1
12
1
1
2
5
1
9
0
1
1
4
2
1
2
0
0
17
1
0
0
0
5
5
10
1
0
1
6
1
8
5
2
2
6
29
338
0
14
2
2
6
12
5
4
7
5
122
3
28
0
31
1
3
0
1
3
4
2
27
0
2
4
0
2
2
23
28
0
3
6
3
3
12
2
0
20
8
2
3
0
2
0
0
5
1
4
0
0
2
1
2
9
5
27
13
14
1
0
7
2
0
39
6
7
0
0
3
1
9
1
2
1
3
39
14
9
37
10
7
13
21
6
4
1
1
9
1
9
0
1
1
3
24
15
15
24
3
0
2
1
1
4
6
4
8
1
1
23
1
0
2
10
0
0
13
1
76
3
1
46
6
1
5
1
3
0
1
1
12
4
7
0
14
6
0
2
0
1
2
0
11
2
3
3
0
3
20
1
7
1
8
4
1
5
10
1
1
1
9
1
2
1177
1
1
12
1
1
8
3
0
7
2
12
3
0
5
8
7
1
0
3
0
0
19
6
36
3
1
36
2
1
12
2
4
10
4
4
7
2
6
1
5
2
14
1
1
9
9
1
1
2
0
0
0
25
1
2
13
0
12
64
1
2
2
4
5
2
2
1
2
1
5
40
1
0
2
3
3
0
1
0
3
6
3
9
1
1
5
4
1
25
7
76
1
0
0
1
3
1
2
2
5
6
4
1
0
1
2
9
1
2
4
0
22
1
1
3
6
1
0
2
0
0
9
2
3
1
0
21
32
1
16
0
2
5
15
1
1
4
4
3
11
1
8
5
17
0
0
0
1
4
0
4
35
1
2
43
0
8
0
20
3
0
88
2
0
26
19
3
0
5
1
3
13
0
1
2
0
8
3
0
1
0
2
0
7
1
0
1
5
0
34
3
1
0
2
0
0
4
0
3
8
0
26
6
5
12
0
2
0
1
0
8
2
1
0
5
1
2
61
2
2
0
2
0
9
1
14
1
2
129
2
0
1
2
8
4
36
12
3
2
26
3
3
1
17
0
2
4
65
13
9
0
10
0
12
4
0
8
0
108
0
1
4
3
0
57
13
3
0
0
8
25
2
64
1
0
0
10
0
1
0
317
1
226
0
11
0
0
2
2
1
4
2
1
10
2
3
3
1
12
1
0
0
0
0
39
1
4
3
22
0
4
1
18
3
1
3
2
3
1
0
17
1
0
42
2
15
49
60
7
3
2
6
0
9
3
6
1
1
1
0
1
2
4
3
5
6
22
1
7
4
1
2
0
2
1
2
6
3
0
0
0
2
1
4
2
0
15
1
12
16
8
12
1
0
2
10
1
5
1
7
0
1
5
3
4
2
25
4
11
10
0
14
3
6
0
2
3
1
0
14
0
3
2
2
0
4
11
10
61
0
1
0
1
1
0
2
8
0
1
1
165
3
5
9
2
0
1
26
3
3
2
9
0
0
1
0
0
50
16
10
0
2
4
0
5
0
2
0
4
0
7
3
6
2
8
0
3
5
9
0
3
5
2
9
0
3
1
15
3
3
1
0
71
10
2
2
5
3
13
14
1
6
17
2
2
2
8
3
2
118
3
0
7
1
0
1
3
27
0
1
2
2
3
20
0
0
0
1
7
18
4
3
14
2
5
1
2
2
0
9
3
0
6
7
1
0
0
6
0
0
5
1
13
19
4
0
0
26
30
0
11
0
6
2
12
6
12
4
13
0
3
1
1
2
1
62
2
0
0
7
19
5
1
2
10
2
0
4
0
1
5
5
1
3
4
2
1
11
1
11
4
10
41
1
113
4
0
3
11
12
3
0
0
0
1
5
7
1
7
11
10
1
11
3
1
32
23
0
2
0
0
5
30
7
11
0
19
1
110
102
5
3
4
1
5
0
0
0
1
1
2
1
1
12
1
2
14
1
2
3
0
1
1
13
17
15
0
239
54
1
18
3
0
2
22
2
5
5
12
1
0
0
4
0
0
2
2
1
1
6
45
4
5
4
2
1
2
4
2
4
1
2
0
4
0
1
1
4
0
2
71
1
4
21
3
0
4
3
4
3
6
1
2
39
0
3
0
7
2
1
4
2
0
9
0
0
0
6
1
0
11
2
0
0
0
14
21
1
0
6
0
3
191
1
1
1
7
1
2
5
2
16
21
28
13
18
13
7
1
2
9
1
1
4
0
1
1
0
5
2
1
2
3
1
2
1
14
0
1
0
5
38
2
4
2
7
28
3
0
18
3
0
27
95
0
2
0
4
2
2
1
26
6
0
14
9
0
11
7
2
14
1
1
19
0
2
4
17
1
5
4
3
1
1
5
0
3
0
3
2
1
12
0
2
0
0
1
3
0
5
0
2
0
53
8
7
2
9
2
3
4
3
2
1
3
0
29
3
3
14
4
22
2
1
8
3
15
6
3
7
9
2
0
1
0
27
1
16
6
10
6
77
0
6814
3
1
2
0
1
1
38
0
0
2
4
3
2
4
6
3
2
6
3
7
1
2
16
0
0
1
10
4
1
2
4
0
2
1
2
12
4
2
7
0
3
141
692
4
1
0
9
22
15
2
1
1
6
2
7
2
3
23
4
1
1
0
4
5
84
7
3
6
3
0
0
0
0
1
9
3
2
20
1
3
0
0
7
1
0
2
2
6
60
8
1
1
5
1
2
1
4
1
0
1
6
1
9
4
3
1
11
3
0
6
20
7
1
2
7
10
1
0
0
5
2
1
0
2
122
1
5
51
12
3
2
19
0
0
1
1
8
4
42
52
1
0
0
1
18
4
5
18
4
3
2
1
1
5
0
6
42
13
1
9
1
0
1
1
1
6
1
2
0
2
5
0
0
0
8
0
4
1
1
79
1
2
0
1
6
0
4
0
3
10
38
0
1
25
13
2
0
1
670
3
10
1
1
1
1
0
1
2
3
2
34
0
5
0
1
50
1
1
82
3
0
2
27
16
3
2
1
2
1
0
1
2
0
7
0
2
0
3
3
1
6
0
13
6
0
0
4
6
2
19
1
1
3
4
2
8
1
0
0
2
5
26
4
0
8
3
24
3
2
1
1
12
1
3
0
9
2
0
1
0
0
10
10
4
5
4
0
0
0
2
7
4
3
14
2
5
2
9
6
1
0
0
7
0
2
9
0
4
3
3
1
0
6
0
2
0
2
4
1
0
7
8
5
5
0
21
17
20
2
4
0
0
0
0
0
2
0
7
8
663
14
16
2
7
0
4
3
2
0
0
3
3
0
2
44
3
3
0
3
0
1
196
1
0
0
15
6
1
1
3
12
0
5
1
2
0
20
12
27
1
0
7
2
2
3
1
1
1
0
4
9
0
0
1
11
2
3
9
1
1
1
2
3
0
4
0
0
0
0
0
8
3
1
3
5
2
2
1
37
3
2
0
0
4
0
2
0
1
2
0
77
5
2
17
13
2
0
4
6
8
71
48
1
2
4
2
2
28
0
21
12
0
0
30
1
6
19
2
1
1
3
0
2
1
65
11
0
0
6
0
8
5
1
2
15
4
5
1
3
1
12
17
0
2
1
2
5
7
0
0
3
7
2
4
5
0
1
2
4
1
3
0
0
0
0
3
0
1
0
8
0
8
13
3
10
13
8
0
3
18
9
4
2
2
0
1
1
2
13
2
3
0
1
0
0
4
7
2
0
0
0
59
2
0
3
5
22
1
5
22
3
4
0
2
36
0
4
7
2
10
4
0
1
0
0
4
100
2
686
3
4
1
0
3
5
8
5
3
3
4
1
0
5
6
3
0
0
0
0
5
13
22
2
18
2
3
1
1
2
3
4
17
3
17
0
10
2
6
37
6
3
1
9
45
0
0
1
3
2
0
1
1
3
0
5
0
11
1
0
0
2
1
0
0
3
1
11
2
2
3
0
1
0
1
0
16
0
5
4
9
1
1
3
0
15
1
5
16
1
3
8
0
4
13
1
1
7
1
7
0
1
0
2
9
0
0
4
9
54
1
0
20
2
0
6
1
4
3
3
5
5
1
2
1
2
27
52
2
0
4
2
1
2
15
4
19
0
0
16
1
2
4
1
1
6
3
1
2
0
7
2
1
9
2
0
0
0
4
1
157
20
1
1
311
0
4
1
3
2
2
17
0
69
9
5
25
0
0
0
0
2
1
2
0
40
2
1
1
1
15
2
1
2
0
4
28
1
7
0
1
1
1
0
8
3
6
6
0
71
0
2
1
1
7
3
1
3
6
2
3
0
44
8
0
2
9
3
14
0
0
0
0
0
3
68
1
25
0
3
64
1
1
10
1
0
2
1
1
0
0
0
1
0
4
15
0
5
2
75
0
0
0
4
3
16
0
8
27
3
5
28
4
1
9
4
24
2
18
85
24
12
0
1
0
6
0
27
12
1
3
0
3
1
2
3
2
6
4
6
4
0
1
22
11
2
0
5
1
1
0
2
1
2
0
2
6
1
0
0
2
3
6
3
0
1
0
3
0
3
1
1
1
5
3
5
5
20
2
1
2
0
4
0
5
10
0
1
0
0
149
2
1
0
18
5
0
39
1
0
5
3
6
1
4
1
5
7
1
6
3
2
1
5
2
0
1
0
0
0
1
7
3
0
1
5
4
2
2
7
7
0
13
1
0
1
5
11
2
2
4
0
0
1
1
0
1
6
0
0
1
28
2
0
0
1
145
8
28
1
12
3
3
2
0
1
1
2
1
0
4
9
4
6
0
18
4
1
2
7
1
12
0
0
0
4
2
0
32
3
1
6
2
2
1
45
15
2
0
4
0
2
1
3
7
64
12
0
5
0
0
2
1
3
4
1
2
3
0
4
1
1
2
36
5
0
1
6
14
3
13
1
1
1
10
0
2
3
8
4
0
11
0
10
0
0
0
1
0
17
1
23
1
4
42
0
11
0
4
3
23
6
3
1
5
2
5
1
4
1
0
41
0
1
2
2
0
2
5
5
6
2
1
0
8
3
8
2
0
2
7
1
2
37
1
0
6
0
2
3
2
0
1
1
112
2
0
15
6
2
12
4
0
0
3
94
0
96
4
1
0
7
6
3
3
7
3
1
16
6
3
1
0
134
4
7
0
2
37
1
2
3
7
0
2
2
0
0
0
1
4
2
1
1
1329
0
2
1
4
42
0
8
0
0
1
0
1
2
0
5
1
6
0
1
21
6
1
2
0
0
1
1
1398
22
122
2
17
3
64
0
0
1
2
10
1
0
0
1
5
22
3
20
8
4
1
12
0
0
1
3
1
2
2
2
1
1
2
6
1
10
2
12
0
5
38
0
6
1
4
1
3
98
4
0
1
0
0
2
2
0
2
23
1
3
1
0
0
13
62
15
1
0
0
0
8
2
1
6
1
8
3
13
4
8
0
0
3
0
2
0
0
4
0
6
0
0
0
3
2
2
3
1
24
13
0
3
3
22
0
6
0
4
8
3
1
20
10
6
1
12
2
1
4
13
0
1
6
0
242
1
1
2
1
1
1
0
195
5
3
2
0
2
4
1
1
0
4
0
0
0
16
0
1
4
9
1
1
0
2
0
0
0
2
6
2
63
19
3
3
11
12
22
1
21
0
20
6
12
2
4
1
71
1
0
0
1
0
1
3
6
2
2
6
8
1
252
10
13
0
0
5
3
27
7
1
3
1
4
15
144
0
6
0
0
0
6
3
9
7
11
1
4
51
1
49
0
0
6
0
12
10
1
0
2
3
3
9
2
1
3
2
2
0
9
6
5
2
92
2
14
21
26
4
4
77
9
2
9
842
10
18
3
0
0
0
13
1
0
0
0
6
0
3
27
0
7
10
0
0
0
0
6
0
0
0
2
2
44
8
9
0
0
17
7
2
31
1
30
42
8
3
5
23
1
0
18
7
6
1
1
1
5
0
32
0
1
1
3
6
61
2
51
3
26
0
0
6
2
0
4
5
38
51
0
3
0
0
2
1
3
6
1
13
25
0
1
6
27
0
1
0
11
32
7
0
0
0
1
0
5
1297
0
308
1
3
15
3
2
4
21
11
8
8
3
10
5
0
121
14
2
0
2
2
9
0
1
1
0
0
6
6
5
3
1
0
1
1
0
5
0
2
3
2
4
11
12
28
0
2
0
0
2
3
2
4
1
2
2
7
0
1
10
8
5
2
15
0
4
12
3
0
84
66
6
5
1
0
9
0
3
8
1
2
2
0
5
10
7
1
16
2
2
4
0
1
32
0
0
1
0
4
0
1
1
1
0
1
0
0
5
2
4
0
2
5
4
15
1
4
6
0
9
9
2
10
0
0
1
5
1
5
2
0
4
5
19
4
7
16
10
2
2
2
4
1
3
12
0
4
1
7
8
0
2
0
5
1
6
10
1
15
4
0
0
2
5
4
2
1
0
2
0
7
3
1
19
7
2
21
0
3
12
0
4
0
0
2
13
6
4
4
1
0
2
8
10
2
19
2
5
29
0
64
7
22
19
2
0
25
22
1
6
33
0
3
17
0
2
3
5
0
2
0
8
22
1
2
16
0
4
9
2
23
2
2
4
0
1
1
0
0
4
0
3
12
1
1
0
1
6
15
0
9
3
1
1
1
3
57
1
0
3
3
4
4
2
0
1
19
17
1
5
1
1
1
2
10
3
0
7
2
1
7
0
1
0
1
0
0
4
3
2
4
2
6
0
3
2
0
11
0
33
2
7
13
1
1
6
0
0
3
1
0
2
40
0
12
70
2
8
1
0
26
6
2
0
2
4
12
8
1
1
2
1
3
17
17
0
19
5
11
2
0
0
1
145
5
0
1
3
1
31
0
2
0
1
1
0
7
4
3
4
4
2
1
0
18
25
3
1
0
0
0
8
0
4
3
1
4
2
0
279
0
47
0
1
4
29
0
2
0
51
0
4
1
1
0
5
0
1
1
8
6
2
5
722
1
17
16
2
4
1
39
0
8
0
3
3
0
1
1
1
0
7
6
0
15
2
12
1
4
19
1
0
0
15
1
0
2
0
1
0
3
0
0
0
5
1
4
2
0
3
2
1
3
11
2
28
1
0
0
1
1
5
4
0
134
5
3
0
1
0
4
0
2
1
2
1
6
0
10
1
2
2
0
3
6
0
1
5
5
1
7
1
6
0
0
2
0
5
5
3
2
0
19
0
4
3
4
3
1
1
2
2
0
1
35
0
5
35
8
0
2
4
5
11
86
28
4
0
0
0
25
4
4
5
17
9
39
6
2
31
9
8
2
1
11
8
3
2
1
3
2
1
0
0
0
5
1
7
0
4
11
74
3
3
11
7
10
4
2
71
0
2
5
0
0
0
0
0
0
6
2
0
0
2
11
16
6
23
3
2
16
12
4
11
1
22
0
1
2
0
0
7
4
1
2
1
2
1
0
106
0
2
9
4
5
3
6
6
1
0
0
1
2
0
4
11
3
13
1
192
2
24
37
0
2
27
22
4
10
57
128
4
3
22
1
3
4
4
8
1
1
0
0
2
19
1
1
1
14
44
0
0
8
1
1
1
1
27
4
2
157
1
6
0
1
4
23
2
1
19
3
1
1
9
0
1
2
1
14
5
0
56
10
1
1
1
3
0
62
8
0
2
2
0
0
12
4
7
11
8
0
5
14
1
4
0
4
14
2
1
1
0
2
3
0
14
5
6
1
3
2
4
10
15
7
1
1
3
7
11
3
3
0
36
0
6
3
2
1
0
7
1
0
23
4
4
5
2
17
0
0
48
6
3
5
1
1
1
13
17
0
4
0
2
3
4
5
1
0
4
27
1
288
1
3
0
3
1
0
1
3
0
10
1
22
3
5
2
6
6
1
0
22
3
1
1
2
3
2
41
6
0
0
3
3
16
4
11
18
0
2
1
7
2
9
7
9
2
0
0
2
1
66
0
8
5
1
27
5
26
8
0
5
1
2
2
111
1
1
1
0
0
35
1
3
6
5
3
10
4
3
0
1
3
55
4
18
8
1
0
3
1
0
8
0
5
3
43
6
1
1
0
8
0
180
1
0
1
3
4
2
1
0
7
3
0
81
4
50
9
3
8
19
0
6
3
1
1
6
3
27
0
4
2
2
3
1
0
2
7
12
3
1
3
0
7
28
11
2
0
0
6
1
1
1
3
5
0
0
1
16
0
5
12
0
1
13
9
14
2
14
3
1
5
2
0
1
1
46
0
5
1029
0
1
2
4
3
3
1
1
7
7
0
0
2
35
3
2
0
21
2
3
3
0
9
0
7
23
0
3
0
13
0
7
2
0
1
5
1
0
1
1
0
1
4
32
0
17
2
9
3
31
0
0
4
15
1
8
3
2
0
0
0
0
1
5
0
3
7
2
0
2
10
0
1
0
0
1
1
8
0
0
14
9
3
4
1
8
12
2
1
0
141
28
8
15
5
7
8
5
7
1
3
3
1
0
12
2
11
0
6
4
1
53
0
0
6
3
13
2
2
1
0
3
4
1
11
2
1
0
0
0
1
0
41
2
1
3
0
1
4
1
0
15
2
107
0
30
0
2
20
11
33
6
1
2
1
2
4
9
7
0
24
1
1
16
8
1
14
1
2
4
3
55
0
0
0
14
2
24
9
5
6
0
0
1
7
0
5
8
0
4
0
0
4
7
5
2
9
0
1
2
5
2
2
14
42
1
0
2
0
1
3
5
15
1
19
22
0
81
1
2
12
2
5
50
3
2
620
2
6
3
1
3
54
1
1
0
12
0
3
1
1
1
8
1
0
8
2
11
14
1
2
0
0
1
3
1
0
2
23
2
4
0
2
1
2
5
0
2
14
3
12
16
14
0
5
27
4
8
4
1
4
0
1
2
1
4
1
0
2
8
0
0
5
0
4
0
1
4
0
15
7
4
2
0
2
2
4
4
3
4
2
1
0
1
0
129
3
7
160
3
3
2
1
17
2
3
23
55
0
3
1
1
4
34
4
76
9
3
1
19
0
10
16
2
0
0
64
0
3
6
1
2
13
12
0
4
0
6
26
1
11
2
10
0
3
3
11
2
2
1
5
145
22
1
0
2
0
7
1
9
4
3
0
6
5
1
1
3
4
3
0
1
18
29
0
0
7
5
3
3
2
11
0
1
3
1
2
3
3
3
0
2
9
3
1
1
9
0
8
5
1
19
9
1
18
0
15
0
0
4
0
2
0
2
0
3
4
5
0
5
33
7
1
7
7
13
1
4
2
2
6
0
4
0
1
0
1
5
5
31
0
0
0
4
6
5
1
1
7
6
13
10
1
0
6
16
0
0
7
39
24
2
3
121
3
17
5
0
10
1
5
5
1
1
0
7
56
1
3
3
0
15
0
1
0
3
2
3
18
1
6
0
0
0
1
3
25
6
8
0
0
2
2
16
60
12
3
8
2
25
2
21
0
11
3
1
1
77
3
2
3
8
0
9
1
25
1
0
0
2
3
24
1
1
2
1
5
1
1
1
0
1
31
0
3
20
0
0
2
21
0
1
2
0
9
12
5
3
1
1
8
2
4
5
0
8
0
1
4
2
0
3
1
0
0
0
3
2
4
2
0
0
4
1
13
15
0
7
4
2
145
0
2
0
6
5
1
2
0
3
0
1
0
10
1
1
3
1
3
14
6
1
57
6
0
2
21
5
3
11
5
1
2
0
4
7
5
1
2
16
5
5
5
11
3
4
1
0
0
10
10
3
0
7
6
2
2
0
1
24
15
6
1
6
6
7
14
8
8
19
3
1
1
2
1
7
326
0
1
15
1
0
167
56
2
8
1
19
28
1
61
12
0
0
2
9
8
5
7
0
6
1
4
2
0
0
0
2
3
2
5
6
7
2
10
0
0
1
4
1
10
10
0
2
0
2
18
0
0
2
3
3
5
1
2
0
11
4
2
1
2
2
6
15
4
288
1
0
0
4
0
52
0
2
3
2
0
10
0
1
0
1
2
182
3
3
67
0
2
4
2
1
10
1
10
5
11
2
1
34
0
9
7
58
2
23
0
0
3
4
1
5
1
3
6
1
5
2
4
4
0
3
0
3
2
0
0
0
4
20
8
18
6
8
0
73
2
9
0
9
1
4
2
4
1
4
5
0
7
3
0
3
2
1
3
10
32
3
9
2
1
0
0
0
2
2
0
1
2
7
0
1
1
1
23
9
0
7
3
2
6
4
70
0
3
7
11
9
2
12
2
7
10
1
78
12
7
0
1
1
7
5
9
1
1
1
872
2
1
8
9
1
1
2
4
2
0
3
1
1
4
3
1
0
24
3
2
7
0
1
4
119
0
1
11
2
1
4
16
4
2
2
8
4
5
1
1
1
2
14
0
0
67
2
1
2
2
4
15
89
3
1
1
10
1
3
2
0
1
11
2
47
0
15
1
2
0
47
5
0
2
2
1
2
0
5
1
7
4
2
1
1
6
3
1
0
1
1
0
15
7
14
2
0
2
16
15
4
2
315
0
2
2
6
2
1
10
1
0
0
3
1
0
4
0
2
3
1
13
1
5
25
1
0
3
1
1
4
5
50
22
5
23
1
1
9
1
12
2
0
15
5
26
1
4
4
0
1
6
0
0
24
0
1
5
113
6
4
0
1
10
2
0
18
27
1
2
5
18
1
8
0
6
0
5
4
0
5
2
2
18
0
1
8
16
1
6
13
0
1
2
3
0
1
7
2
1
1
7
14
7
4
1
0
41
6
0
4
1
1
19
3
0
1
3
2
0
43
3
2
3
5
41
0
54
3
6
2
1
2
5
19
3
1
0
0
0
0
4
4
6
2
1
1
0
31
2
0
10
7
1
2
1
9
1
6
0
12
4
3
10
1
20
20
1
11
1
2
1
5
4
8
3
4
5
2
1
1
1
3
0
2
1
1
0
1
2
1
6
1
1
14
5
2
2
12
2
5
12
8
1
78
2
1058
0
1
0
1
15
4
2
1
3
42
0
0
17
14
2
4
1
1
3
9
1
6
23
0
113
0
2
0
5
6
0
118
9
6
2
1
0
1
6
2
6
0
1
7
3
2
17
0
0
7
5
1
3
4
5
2
3
7
1
17
1
7
12
2
1
5
4
0
5
2
1
4
0
0
2
2
6
6
42
4
11
5
4
1
0
9
4
5
2
81
3
10
91
6
0
6
3
59
3
0
1
9
6
0
1
1
0
1
6
3
3
7
2
0
0
10
6
40
0
5
1
5
2
12
0
0
5
0
6
6
0
2
0
1
6
2
3
3
142
0
1
2
2
2
0
30
14
47
51
1
25
0
0
8
34
5
0
16
0
0
0
3
38
0
0
0
0
2
1
2
19
0
2
5
3
0
8
6
9
0
0
1
2
4
0
0
4
5
4
26
1
9
0
13
2
5
5
13
8
1
0
1
0
4
4
41
3
0
0
6
1
6
0
0
0
4
7
1
2
3
2
0
1
2
2
6
60
7
0
1
49
0
2
8
16
10
3
8
3
1
3
3
2
3
4
1
0
0
4
3
6
3
2
4
12
4
2
3
4
3
0
0
1
26
1
2
4
4
4
748
0
1
2
0
4
8
3
2
0
3
6
0
0
48
1
0
1
1
6
9
0
3
1
0
5
3
47
4
1
3
0
0
1
1
0
0
6
2
0
6
2
1
3
4
7
9
6
1
0
0
10
4
3
4
1
3
3
10
179
0
0
2408
12
7
3
8
0
15
3
2
0
1
1
35
6
3
4
0
1
0
7
2
0
3
0
7
6
2
0
37
0
0
234
0
1
5
0
82
3
0
2
1
2
5
3
109
1
20
4
191
3
12
4
7
1
2
2
70
1
0
1
2
0
27
3
8
5
8
8
0
0
4
0
1
16
1
0
2
3
2
3
5
0
1
2
3
0
789
6
33
0
2
13
2
11
7
1
2
6
4
0
3
1
2
0
8
11
7
1
1
7
0
10
1
0
13
0
4
0
1
5
0
2
64
46
8
3
1
2
2
2
0
0
6
0
3
1
13
2
20
5
2
1
0
0
0
1
4
1
1
0
0
0
4
44
6
3
3
4
0
6
9
208
0
0
0
9
0
16
3
0
8
1
0
7
1
0
1
5
2
4
29
3
22
2
1
13
9
88
0
1
9
0
2
0
2
4
15
5
1
4
0
2
1
379
4
11
244
1
6
35
0
2
1
1
4
9
5
3
0
0
23
6
4
1
1
34
2
1
1
2
0
4
21
5
4
13
2
3
1
0
7
6
13
9
6
46
8
3
0
1
3
3
2
2
7
1
3
0
27
9
17
8
0
12
5
1
5
2
3
10
6
5
5
10
2
18
21
2
3
0
19
0
0
4
8
1
0
2
126
0
7
0
0
0
0
2
0
1
9
14
2
36
2
1
9
5
0
11
12
1
1
0
0
0
1
5
1
12
0
2
3
3
4
0
1
0
4
4
5
0
14
56
6
4
4
11
2
2
1
2
6
0
4
3
0
1
3
26
0
7
1
1
1
5
1
6
1
7
1
2
67
3
5
1
0
219
7
3
2
2
1
0
0
7
0
0
1094
1
7
12
1
1
4
54
808
1
2
2
6
1
28
1
4
452
2
4
10
0
285
0
0
2
1
0
1
6
2
0
6
0
0
0
1
1
13
2
1
2
0
1
0
3
8
15
0
1
12
3
0
35
0
5
2
0
1
1
1
1
1
2
16
5
3
1
4
18
6
0
2
0
3
2
5
11
0
3
8
45
0
1
93
2
10
1
1
7
1
0
4
4
0
1
1
0
2
121
2
8
0
16
19
4
3
15
6
3
8
19
41
5
21
1
1
4
3
23
2
0
2
65
3
3
7
23
2
1
1
4
16
12
0
6
1
0
8
8
1
0
5
0
1
7
1
6
7
8
34
0
3
5
0
8
2
23
1
4
0
12
163
0
0
10
1
3
14
3
1
4
2
15
5
4
0
0
6
1
5
5
1
0
2
0
1
2
5
0
32
14
0
19
17
2
1
0
2
0
0
0
6
2
2
3
6
0
2
2
14
1
3
10
7
1
0
5
2
1
2
2
4
6
18
0
1
9
2
4
0
0
1
0
7
0
1
17
1
6
1
0
3
7
0
16
1
0
5
0
7
2
11
2
17
0
11
7
0
3
10
6
4
0
4
3
12
0
0
2
0
2
5
0
2
1
1
2
1
0
1
28
1
3
1
4
2
13
1
1
0
2
50
0
0
0
0
20
2
2
1
0
160
20
0
3
0
26
0
5
2
0
1
0
8
1
42
3
34
0
2
2
0
1
8
0
4
1
0
4
1
2
0
3
13
0
5
6
0
5
4
5
1
0
0
1
1
8
4
60
3
2
1
0
7
1
1
8
2
3
4
9
5
0
4
1
2
0
19
1
13
2
0
64
5
1
4
2
3
128
3
1
0
1
0
5
0
1
0
2
2
0
4
15
7
1
4
9
4
0
1
0
14
0
1
5
14
0
2
0
11
18
23
1
1
0
3
2
2
0
0
2
2
3
0
0
0
10
1
0
4
0
2
2
519
1
17
11
1
0
1
23
0
8
0
0
0
5
0
59
0
0
2
2
12
1
2443
0
0
0
60
7
1
215
19
9
3
2
6
1
8
1
0
17
560
1
4
9
6
9
5
0
0
11
1
3
3
1
1
2
1
0
0
1
5
2
0
1
0
64
0
3
2
5
0
2
1
0
0
1
0
0
3
4
2
1
3
3
7
3
6
126
1
1
1
3
4
0
3
1
7
16
1
0
2
3
1
8
2
1
0
2
4
5
2
89
6
0
381
0
1
1
0
3
25
4
5
5
1
1
6
2
2
2
0
0
13
8
0
4
0
0
0
1
0
0
3
7
2
0
1
1
2
1
16
6
1
2
10
5
18
3
2
0
5
0
0
0
3
1
3
0
0
0
0
3
8
1
14
9
1
3
0
3
1
11
4
2
1
14
2
0
18
1
4
1
0
76
9
0
31
2
1
57
0
16
2
12
1
6
2
0
3
1
12
0
1
2
0
5
2
0
0
91
1
0
8
14
0
2
2
0
8
2
1
0
0
4
0
17
2
5
1
81
1
5
3
6
6
1
9
2
5
13
2
24
7
3
22
1
0
0
17
3
2
0
9
3
1
4
0
1
0
2
3
1
2
2
0
1
2
4
0
15
1
4
278
4
2
11
3
10
2
4
0
3
0
8
1
1
1
1
5
31
0
2
0
12
1
10
6
1
4
5
3
2
2
0
7
1
2
0
12
4
53
1
0
62
137
31
0
9
72
0
3
2
14
0
0
1
0
3
10
6
3
3
1
3
11
82
0
4
2
3
8
2
0
0
0
5
0
0
4
0
2
3
16
0
13
3
2
0
1
15
25
2
0
1
4
1
7
3
11
22
7
3558
0
6
1
1
13
5
2
13
17
0
13
3
24
0
7
10
7
0
3
2
3
1
1
2
8
0
1
1
0
13
138
3
5
3
0
3
18
2
0
25
18
0
3
1
7
63
0
20
1
136
35
0
2
12
0
4
1
6
7
3
1
12
22
1
11
2
52
2
6
8
9
4
0
291
2
0
3
2
2
13
32
1196
0
2
3
5
30
0
2
0
0
0
0
17
34
0
0
8
1
3
1
3
2
0
5
3
27
7
11
0
0
16
26
1
2
1
5
0
64
4
1
2
13
24
0
7
120
1
23
0
3
18
1
1
1
0
2
0
1
1
0
1
2
1
0
0
4
0
22
0
11
7
33
3
0
0
32
1
1
7
0
3
2
1
0
3
8
4
0
0
23
1
2
3
1
0
7
4
4
2
7
0
3
6
10
22
11
0
7
0
0
1
12
2
15
0
1
0
4
6
4
22
0
3
11
0
18
17
6
1
0
2
3
0
1
0
4
31
1
1
0
1
6
17
144
4
0
0
0
2
8
74
5
2
0
0
48
0
0
5
1
5
17
0
0
1
8
1
6
0
4
17
16
16
53
0
0
0
1
4
3
1
11
4
1
7
10
7
2
2
7
0
9
8
1
1
2
0
3
0
241
0
0
2
18
0
2
0
33
131
25
0
5
2
9
0
3
2
6
3
5
3
231
2
2
7
1
0
3
5
1
1
2
1
100
7
7
3
0
0
27
4
89
9
5
1
0
16
5
1
4
0
1
2
2
0
4
10
4
0
3
0
1
0
4
1
0
0
0
0
0
0
0
1
10
11
41
15
1
5
1
10
4
1
1
8
0
110
1
172
2
0
1
32
1
0
2
3
52
0
1
1
1
1
1
0
6
0
3
8
0
3
24
16
5
5
0
1
2
4
5
1
4
0
1
2
0
1
0
0
1
0
6
5
1
1
1
0
3
0
2
9
1
0
8
8
3
0
0
4
1
4
4
7
0
19
1
2
24
1
2
47
62
0
1
3
0
1
0
5
20
5
0
2
4
11
8
0
2
21
6
5
2
2
63
5
0
12
260
0
9
0
2
7
4
8
0
4
2
22
4
10
7
1
0
2
0
2
2
227
9
2
1
41
0
3
9
25
5
1
4
6
11
3
1
14
10
0
10
7
9
5
2
0
8
1
4
8
0
1
1
5
2
10
15
2
6
13
3
0
335
35
2
8
14
4
0
4
0
2
0
4
5
1
1
4
3
0
84
4
2
2
1
2
6
5
5
8
3
0
0
9
5
28
738
2
17
2
0
10
0
2
2
0
2
1
2
0
0
0
0
5
5
0
20
4
2
33
1
1
5
0
4
9
0
3
2
1
1
7
2
7
0
3
0
0
3
1
0
0
15
11
1
1
1
3
2
0
183
3
22
7
2
0
0
11
2
12
3
9
20
2
6
1
5
41
4
171
0
2
1
2
2
44
29
0
0
6
14
2
1
51
10
0
0
5
1
2
3
0
1
1
1
3
3
4
35
0
0
0
0
0
13
0
1
3
8
3
14
1
0
5
9
3
3
0
3
38
0
365
9
1
37
0
4
2
7
1
2
0
0
4
0
0
3
15
1
8
1
4
1
1
1
1
4
2
2
15
0
8
2
2
2
3
1
0
17
4
4
6
5
19
0
29
7
2
9
8
1
2
4
1
0
8
82
2
2
0
4
5
1
1
1
8
0
0
1
9
1
0
5
5
6
1
8
9
14
16
3
0
7
2
4
7
25
1
3
3
44
5
0
0
6
6
1
1
0
1
1
2
4
6
1
1
10
0
1
3
1
24
1
3
15
1
1
16
1
3
3
1
13
0
1
2
2
4
3
18
0
0
3
17
1
2
19
9
10
3
3
9
0
10
24
0
1
1
18
1
1
0
2
5
1
12
2
1
0
3
8
3
13
9
5
1
13
2
4
0
0
0
3
17
0
17
83
1
0
2
3
1
2
6
1
9
1
2
13
4
0
6
0
1
1
3
2
1
2
1
2
1
1
2
0
116
0
1
7
0
0
0
21
0
0
0
1
0
1
2
5
5
0
4
0
5
0
1
3
3
0
0
0
0
4
1
1
1
3
4
5
1
3
30
13
1
1
2
0
3
1
2
17
20
8
0
3
0
8
0
5
1
0
258
1
4
2
2
0
2
13
6
0
4
19
2
22
14
102
7
2
4
44
6
0
0
12
0
1
7
1
0
4
2
0
0
1
2
0
3
3
0
1
2
2
3
2
5
7
1
2
10
1
3
2
2
2
2
4
3
2
22
2
1
2
7
2
0
3
3
4
0
0
24
1
3
18
1
3
31
4
11
9
4
4
1
0
435
3
5
3
2
16
1
3
29
18
4
0
3
2
4
3
4
2
0
0
0
1
3
3
2
2
0
1
3
9
3
0
12
3
35
0
7
1
0
0
1
0
0
1
2
53
2
1
5
1
1
34
3
3
0
1
0
2
0
1
1
1
5
2
0
1
88
0
5
2
4
3
6
0
1
1
15
33
7
6
3
29
0
0
227
2
0
4
3
31
121
0
6
2
3
1
1
1
8
24
8
3
7
4
6
0
2
30
5
0
6
0
5
0
0
13
7
3
1
4
1
6
0
5
2
4
3
1
1
12
2
2
0
0
35
0
29
21
1
2
310
0
1
9
196
0
3
0
4
8
6
1
0
1
3
3
2
22
1
0
21
1
1
4
2
0
2
0
5
5
1
0
4
1
2
0
7
3
7
4
0
2
63
1
2
0
0
2
6
27
3
13
4
0
98
9
2
1
5
0
1
2
6
12
2
6
4
7
9
3
1
4
1
6
1
5
1
19
1
0
0
22
7
2
6
2
0
55
7
35
0
1
0
15
7
3
2
2
0
0
0
32
3
3
6
1
2
19
6
0
2
8
3
1
3
0
0
2
188
0
1
0
2
6
0
3
0
1
0
0
4
2
7
2
26
0
13
2
1
3
1
0
19
1
1
1
2
4
0
4
4
0
0
5
7
13
1
3
1
2
0
0
0
7
0
0
2
0
0
24
0
1
4
85
2
0
9
0
0
0
1
2
2
3
73
2
0
3
4
7
0
7
2
6
1
10
1
0
2
0
0
0
0
0
0
1
16
2
4
0
5
0
2
1
0
0
0
0
1
8
4
1
0
0
0
0
1
5
0
7
2
141
6
3
0
1
4
10
18
2
4
8
1
2
2
3
6
0
1
2
1
21
0
10
0
17
8
0
2
5
2
1
2
5
1
9
0
1
1
4
2
1
2
0
0
17
1
0
0
0
5
5
10
1
0
1
6
1
8
5
2
2
6
29
338
0
14
2
2
6
12
5
4
7
5
122
3
28
0
31
1
3
0
1
3
4
2
27
0
2
4
0
2
2
23
28
0
3
6
3
3
12
2
0
20
8
2
3
0
2
0
0
5
1
4
0
0
2
1
2
9
5
27
13
14
1
0
7
2
0
39
1
6
0
5
2
0
0
5
5
0
1
4
3
2
1
3
0
3
6
22
6
2
6
10
1
6
10
6
0
54
1
13
10
10
1
5
1
1
19
0
10
17
4
0
1
8
2
0
16
2
5
1
5
5
0
47
14
1
0
17
1
1
5
25
1
4
0
24
22
0
21
2
7
1
3
0
0
2
3
0
0
8
480
2
5
2
1
6
8
1
1
0
7
0
6
0
1
2
2
0
1
0
1
100
3
0
4
0
12
2
1
4
0
24
1
0
6
1
0
3
5
3
0
16
6
1
8
1
51
0
2
0
7
1
0
0
2
17
2
16
0
6
9
1
4
0
1
1
8
22
0
1
1
1
14
0
2
61
9
3
0
1
1
23
0
15
20
4
7
1
4
0
0
0
5
2
5938
2
3
54
4
2
1
16
0
0
3
2
0
0
5
0
5
0
0
155
2
7
0
4
1
1
4
16
4
4
1
4
3
0
9
3
0
2
3
1
3
4
225
2
2
0
1
1
3
7
5
3
3
2
0
14
4
19
5
5
1
0
13
307
2
77
3
1
1
8
1
3
2
1
13
1
2
2
3
9
1
4
3
0
0
33
44
4
2
5
0
3
19
19
2
3
1
7
4
3
4
8
3
1
50
10
1
12
3
2
0
0
1
2
4
16
0
2
13
3
5
23
4
4
16
2
1
1
5
0
2
354
7
2
10
8
0
18
129
1
3
19
3
0
9
0
0
2
1
5
4
1
1
1
1
7
0
0
2
0
3
0
4
1
11
15
31
0
1
1
0
3
1
1
1
0
5
1
0
3
36
2
0
0
3
3
0
0
5
6
20
1
2
2
2
7
8
4
1
5
1
2
17
3
6
3
12
8
2
1
6
9
1
31
12
1
0
3
1
11
1
2
0
2
2
3
2
4
0
1
5
2
41
23
0
1
3
3
0
2
0
1
0
1
1
18
0
5
2
65
1
2
2
7
2
5
0
0
17
6
2
3
0
0
11
0
1
4
