2
6
6
1
15
0
2
1
5
6
1
6
0
1
22
1
1
1
3
6
7
15
3
2
2
7
4
10
6
7
3
6
42
412
3
25
3
3
10
18
6
5
12
6
150
5
37
0
42
3
7
0
9
11
8
4
44
2
2
9
0
3
3
32
38
1
4
9
7
3
22
4
2
27
12
5
3
1
3
1
1
6
1
4
1
3
4
1
3
12
10
37
18
26
1
0
9
3
0
43
13
12
0
1
6
1
11
1
7
3
3
47
24
12
49
12
7
17
31
8
5
4
1
15
1
12
0
3
2
5
27
21
28
34
4
3
2
3
1
9
10
6
12
2
3
32
5
0
6
11
3
1
16
1
87
5
3
59
11
3
8
3
3
2
1
5
19
6
9
1
15
11
0
5
1
4
6
2
16
3
5
3
0
4
27
2
10
2
10
4
3
11
13
3
2
1
11
3
2
1334
1
2
16
1
2
8
7
3
10
3
17
4
3
8
11
9
1
2
3
0
1
23
10
48
4
4
43
4
3
14
4
7
12
4
4
11
2
9
3
8
2
18
3
2
12
15
5
3
2
1
1
0
33
2
5
18
2
14
77
2
6
2
4
7
2
5
3
4
1
7
52
1
0
2
9
3
3
3
0
6
9
4
14
1
1
11
9
3
36
8
107
2
2
2
2
5
1
4
4
7
8
8
1
1
1
3
12
2
4
5
1
25
2
3
3
8
4
1
3
1
0
17
5
7
2
1
25
43
2
24
2
3
6
17
2
3
8
5
5
21
6
10
9
22
0
0
0
2
7
2
6
47
2
3
53
0
9
1
24
4
0
117
3
0
35
25
4
0
13
2
5
14
0
2
3
1
11
6
0
3
0
8
0
9
3
3
4
6
3
43
5
5
0
3
0
0
4
0
8
12
0
35
8
7
16
0
2
2
2
1
16
2
1
1
9
2
6
78
6
2
1
3
0
16
2
15
1
4
151
2
2
1
3
10
6
51
18
4
2
36
6
10
2
24
0
2
7
82
16
16
2
16
1
14
12
0
9
1
139
0
1
8
7
0
74
16
4
1
1
9
39
2
83
3
1
1
22
0
2
1
388
1
276
0
13
1
2
6
5
1
5
5
1
14
5
6
4
2
17
2
2
6
6
1
15
0
2
1
5
6
1
6
0
1
22
1
1
1
3
6
7
15
3
2
2
7
4
10
6
7
3
6
42
412
3
25
3
3
10
18
6
5
12
6
150
5
37
0
42
3
7
0
9
11
8
4
44
2
2
9
0
3
3
32
38
1
4
9
7
3
22
4
2
27
12
5
3
1
3
1
1
6
1
4
1
3
4
1
3
12
10
37
18
26
1
0
9
3
0
43
13
12
0
1
6
1
11
1
7
3
3
47
24
12
49
12
7
17
31
8
5
4
1
15
1
12
0
3
2
5
27
21
28
34
4
3
2
3
1
9
10
6
12
2
3
32
5
0
6
11
3
1
16
1
87
5
3
59
11
3
8
3
3
2
1
5
19
6
9
1
15
11
0
5
1
4
6
2
16
3
5
3
0
4
27
2
10
2
10
4
3
11
13
3
2
1
11
3
2
1334
1
2
16
1
2
8
7
3
10
3
17
4
3
8
11
9
1
2
3
0
1
23
10
48
4
4
43
4
3
14
4
7
12
4
4
11
2
9
3
8
2
18
3
2
12
15
5
3
2
1
1
0
33
2
5
18
2
14
77
2
6
2
4
7
2
5
3
4
1
7
52
1
0
2
9
3
3
3
0
6
9
4
14
1
1
11
9
3
36
8
107
2
2
2
2
5
1
4
4
7
8
8
1
1
1
3
12
2
4
5
1
25
2
3
3
8
4
1
3
1
0
17
5
7
2
1
25
43
2
24
2
3
6
17
2
3
8
5
5
21
6
10
9
22
0
0
0
2
7
2
6
47
2
3
53
0
9
1
24
4
0
117
3
0
35
25
4
0
13
2
5
14
0
2
3
1
11
6
0
3
0
8
0
9
3
3
4
6
3
43
5
5
0
3
0
0
4
0
8
12
0
35
8
7
16
0
2
2
2
1
16
2
1
1
9
2
6
78
6
2
1
3
0
16
2
15
1
4
151
2
2
1
3
10
6
51
18
4
2
36
6
10
2
24
0
2
7
82
16
16
2
16
1
14
12
0
9
1
139
0
1
8
7
0
74
16
4
1
1
9
39
2
83
3
1
1
22
0
2
1
388
1
276
0
13
1
2
6
5
1
5
5
1
14
5
6
4
2
17
2
0
1
1
0
47
6
8
10
37
0
6
6
34
6
2
3
4
8
2
0
20
3
1
50
4
22
69
77
9
3
3
9
0
13
5
9
1
1
2
3
2
5
4
3
9
10
29
4
10
5
3
5
0
7
4
3
6
5
0
1
3
6
2
7
3
0
21
2
13
25
10
15
2
0
3
14
3
9
2
9
1
1
7
5
8
9
35
9
13
16
0
23
3
6
2
3
5
1
1
19
4
6
3
6
0
5
17
12
73
0
5
0
2
3
2
3
14
0
3
2
201
6
8
9
5
0
2
32
4
4
4
14
2
1
3
0
0
70
18
12
0
5
9
1
10
0
5
0
5
0
14
6
7
3
15
3
5
8
11
1
6
6
5
12
1
5
2
21
6
4
2
3
95
14
2
3
7
4
23
20
3
9
20
5
4
4
11
8
3
131
4
1
11
5
1
2
5
37
2
4
4
5
5
31
1
0
0
5
8
23
8
6
18
3
7
1
2
4
0
11
6
4
9
9
1
1
0
11
0
1
6
1
18
19
5
2
0
37
40
0
11
0
7
5
16
12
13
5
15
2
3
1
4
5
2
89
4
0
1
9
29
8
2
4
12
6
0
10
0
1
8
6
2
3
6
2
2
13
2
18
5
10
52
2
133
6
2
6
16
19
6
0
2
0
3
6
11
1
13
17
12
1
13
4
2
44
32
0
2
2
0
8
41
13
15
0
27
1
133
153
8
6
8
2
7
0
0
1
2
2
5
4
2
20
2
4
28
2
4
3
0
1
2
19
26
19
1
297
60
1
25
3
1
2
33
3
7
12
16
1
0
4
6
0
4
5
5
3
5
8
54
4
7
4
2
3
7
4
5
7
4
3
1
7
1
1
1
8
2
4
87
2
9
26
3
0
6
4
9
4
9
1
3
45
2
6
5
11
6
1
9
7
0
13
0
1
0
8
5
2
17
2
1
1
0
23
27
1
1
9
0
4
245
1
1
2
7
1
2
8
2
32
41
36
22
22
18
12
1
6
14
2
1
6
1
3
1
1
8
5
1
4
5
3
3
2
23
1
2
0
9
59
6
7
4
11
39
4
1
25
5
2
30
122
0
7
1
5
2
2
2
41
7
1
19
12
1
12
13
3
18
1
1
28
0
4
9
22
1
11
4
4
2
3
6
1
6
1
4
5
2
21
1
4
0
1
1
4
1
6
0
4
1
67
13
11
6
12
4
5
4
8
4
3
4
0
40
7
5
17
8
31
3
3
12
4
19
7
5
10
12
2
0
3
5
35
3
20
6
17
8
96
2
7715
4
5
2
1
1
5
53
0
4
6
4
4
4
5
9
5
2
8
5
10
1
9
23
0
0
1
10
6
4
2
8
0
3
2
4
17
6
7
11
1
9
173
792
5
3
2
13
31
20
6
1
1
8
3
10
3
6
28
7
5
2
0
11
9
97
7
8
10
6
0
1
2
0
1
17
3
2
25
3
7
3
1
11
1
2
4
3
10
74
9
1
2
7
3
3
3
7
1
1
2
10
4
11
11
4
2
13
3
4
7
28
11
3
3
12
13
2
1
0
7
5
2
0
7
146
1
10
66
16
4
5
27
2
2
1
2
10
6
58
72
4
2
1
4
24
8
9
26
5
3
3
1
1
7
0
6
63
18
5
9
1
0
2
2
2
8
4
5
2
4
8
3
0
1
17
0
5
1
1
91
2
3
2
2
7
2
4
1
4
19
43
1
4
41
20
4
2
2
774
3
13
2
8
1
1
1
1
2
5
3
43
3
8
3
1
67
3
1
102
5
1
2
32
22
4
5
2
4
3
2
4
4
1
7
1
3
4
9
5
1
12
0
20
8
0
0
10
9
5
22
2
3
7
7
3
10
3
0
1
6
8
37
8
0
16
9
26
6
3
2
1
21
6
6
2
13
5
0
1
1
1
15
12
5
6
5
0
2
0
2
8
9
4
18
3
6
2
10
10
2
1
4
9
2
3
12
0
5
4
5
1
2
7
1
5
0
8
10
2
4
11
13
6
7
2
24
21
31
3
4
1
0
0
0
4
6
0
10
10
814
20
21
5
11
0
7
5
4
0
0
4
4
1
3
62
4
4
2
4
0
1
236
1
0
0
19
8
2
1
3
14
0
9
3
5
1
27
12
32
2
2
11
4
2
5
1
1
1
0
5
15
0
0
2
11
4
6
9
2
3
1
3
7
1
6
1
2
0
0
0
12
5
4
4
8
4
5
1
47
8
3
0
1
6
0
3
3
2
4
1
87
10
3
19
20
3
3
5
10
11
84
55
1
4
7
3
8
39
0
28
16
0
1
40
3
10
26
5
2
4
6
1
3
3
88
15
2
1
7
0
11
8
4
2
22
5
5
4
5
2
13
23
0
4
4
4
7
10
0
1
7
12
4
6
12
3
3
2
4
2
7
1
0
1
0
5
0
1
0
11
0
12
17
6
16
17
11
0
3
22
12
9
5
4
0
1
4
4
18
3
4
0
4
1
1
11
10
6
1
2
0
71
3
1
6
9
28
1
9
32
5
7
3
4
48
0
5
9
2
18
5
0
4
0
0
7
123
4
825
5
8
3
0
7
8
16
9
5
8
5
4
1
7
9
3
1
0
0
0
9
22
30
7
24
4
5
2
3
3
9
4
18
4
26
1
13
4
11
45
7
4
2
10
54
2
1
3
4
3
2
1
1
6
0
8
0
13
2
0
0
3
3
1
3
7
1
15
4
2
7
0
1
1
5
1
22
2
5
7
10
2
2
3
0
21
2
8
20
1
4
12
0
5
16
2
2
8
3
9
0
2
2
4
15
5
1
8
10
80
2
0
25
3
2
7
3
5
5
4
7
7
1
4
2
2
34
62
2
1
7
5
4
3
19
10
20
0
0
20
6
3
9
1
3
11
4
2
3
1
15
2
3
15
7
0
2
0
6
2
197
22
2
5
359
1
8
1
6
5
2
21
2
77
17
7
28
0
0
1
0
4
1
3
0
52
4
1
3
2
19
2
1
3
3
5
36
2
15
0
4
4
4
0
11
4
10
8
0
89
0
2
1
1
12
3
2
8
10
2
4
2
61
12
1
3
11
4
22
1
0
2
1
1
4
88
1
30
0
4
72
1
5
14
3
0
3
3
5
1
1
3
2
0
6
25
1
6
3
94
2
0
0
6
5
21
0
11
35
3
5
31
7
6
13
5
39
2
28
111
30
19
1
1
0
9
0
32
18
3
7
1
3
1
2
4
10
7
6
10
6
1
1
26
14
5
2
11
3
4
0
2
4
3
1
5
8
1
1
0
4
3
9
5
0
5
2
7
0
6
2
3
3
10
5
6
6
27
6
2
5
2
5
0
7
10
0
4
0
0
190
3
2
2
22
7
4
51
4
1
8
7
8
5
10
1
13
16
4
13
5
4
1
8
4
1
2
0
0
2
3
8
7
1
1
10
5
4
2
12
12
4
23
2
2
3
5
20
3
2
5
1
1
1
2
1
4
9
0
0
1
40
3
1
0
1
177
14
39
1
17
4
4
4
1
2
1
6
2
2
6
10
7
11
0
24
7
3
2
10
2
16
1
0
1
5
3
1
46
4
5
7
3
3
2
66
19
6
1
5
1
5
4
4
9
77
15
0
6
1
1
7
2
6
5
5
4
7
3
6
2
1
2
41
9
2
1
7
18
5
18
3
2
1
13
0
5
7
13
7
6
15
0
18
1
2
1
2
0
21
2
30
2
5
49
0
13
1
4
4
35
7
6
4
5
6
6
2
6
3
2
57
3
3
4
3
1
4
7
8
11
4
3
2
13
4
10
2
0
4
17
3
6
51
2
3
10
0
2
8
3
0
3
6
138
6
1
19
10
4
19
10
0
3
4
116
3
114
6
1
0
8
7
5
5
11
8
2
24
12
6
4
0
171
8
14
1
4
47
1
2
4
8
1
2
4
0
2
0
2
4
4
1
2
1485
0
4
3
5
49
0
9
1
0
2
0
2
2
0
8
3
7
4
3
33
9
1
3
1
1
3
4
1675
29
151
4
22
5
76
0
0
2
2
15
2
3
1
3
10
26
5
31
12
8
2
17
0
0
7
5
3
6
4
5
2
2
3
7
3
12
3
17
2
8
46
0
7
3
7
3
7
136
6
0
3
1
1
3
2
0
5
24
2
5
1
0
1
16
86
21
1
3
0
1
14
2
1
13
2
15
3
24
4
15
0
0
5
1
4
0
0
5
1
8
2
3
0
4
6
5
3
2
33
17
1
5
4
28
2
8
0
5
16
4
3
25
16
9
3
15
4
2
5
18
1
2
9
0
272
2
1
4
3
4
2
0
249
7
6
4
0
3
6
4
3
2
4
1
0
3
23
0
1
6
14
2
1
1
3
2
2
0
5
7
4
84
25
6
6
15
16
36
1
28
0
28
8
15
4
6
7
80
1
0
0
1
0
2
5
13
8
6
7
15
3
302
12
21
0
2
8
4
32
11
2
4
3
6
19
171
1
9
1
1
1
10
5
10
10
14
2
7
71
3
65
0
1
11
1
15
17
2
1
2
4
5
13
4
1
6
3
2
2
15
10
9
6
122
2
16
24
36
9
7
86
10
4
15
977
18
35
7
2
3
3
20
4
1
0
0
9
0
3
36
3
11
13
1
0
1
2
7
0
0
1
5
3
55
11
10
0
1
23
11
6
42
2
40
51
9
4
12
33
3
2
20
11
8
1
1
4
9
4
48
0
1
3
5
10
74
5
69
6
42
0
0
10
3
1
4
9
58
66
0
3
1
1
4
3
4
12
2
18
41
0
3
8
33
3
3
0
17
43
13
0
2
1
3
0
9
1442
0
400
4
6
21
6
3
5
32
14
11
14
4
15
5
1
158
25
2
1
4
2
15
1
2
5
1
2
8
11
8
6
2
3
3
4
1
5
1
4
9
9
6
14
24
35
1
3
0
1
3
3
5
7
2
3
7
10
2
1
15
17
8
5
21
1
9
15
5
0
105
83
9
7
1
1
13
0
6
18
1
5
3
4
6
14
7
2
20
5
3
7
3
2
36
0
0
2
1
5
0
3
4
4
3
6
2
2
7
3
5
1
3
6
9
24
1
4
10
2
15
13
6
15
1
0
3
7
1
6
3
3
11
8
22
6
10
35
12
7
4
2
12
1
3
14
2
9
3
10
12
1
4
0
10
2
6
18
3
28
7
0
0
3
7
6
3
4
0
4
2
11
7
4
30
8
3
26
0
5
17
1
10
1
1
4
24
7
7
6
2
3
2
10
16
4
29
3
7
31
1
88
14
28
28
3
0
35
30
2
9
43
1
6
24
1
3
4
6
0
2
0
12
31
3
3
20
1
6
11
6
28
6
2
6
1
1
3
0
0
7
0
4
17
2
3
1
2
8
18
0
12
3
3
1
1
3
65
3
3
4
4
6
13
5
2
1
28
24
3
10
4
1
3
7
11
5
0
10
2
4
15
1
2
1
2
0
0
6
5
5
10
4
8
1
4
5
1
16
0
43
7
7
21
2
4
10
3
0
6
2
0
7
51
0
17
89
4
13
3
3
37
10
9
2
3
6
17
11
4
2
4
2
6
26
23
1
29
9
15
4
0
2
2
170
5
3
3
6
1
40
0
4
0
2
2
2
9
10
4
4
7
2
5
0
36
31
4
4
0
2
1
16
1
5
4
1
8
2
0
339
1
58
1
1
5
35
0
3
1
64
0
7
7
2
0
7
1
1
1
10
11
4
7
847
3
23
25
3
5
4
59
1
8
0
4
4
0
3
1
1
1
9
11
0
18
4
16
4
7
21
3
0
0
22
4
1
5
0
2
0
5
1
1
0
7
3
5
3
0
6
7
2
8
20
2
38
2
1
1
2
2
6
5
2
159
6
6
0
6
0
8
1
2
1
3
3
8
1
18
3
5
3
1
7
7
2
2
8
8
1
11
2
8
3
1
4
0
9
5
5
5
0
29
1
5
9
9
10
3
2
3
6
3
4
45
0
5
42
8
0
3
4
12
16
93
33
4
0
0
1
37
11
9
6
23
9
48
14
5
41
13
12
3
2
12
14
4
3
3
5
2
1
0
0
0
6
1
9
1
5
15
86
5
5
19
11
18
8
6
86
1
5
10
0
0
1
2
0
3
9
2
3
2
3
21
17
7
34
7
4
24
13
11
14
2
28
0
1
4
0
4
15
5
2
3
1
2
1
1
127
1
2
19
7
5
8
11
7
1
3
0
3
4
0
6
15
5
23
5
244
4
31
42
2
2
35
33
4
17
75
149
8
4
33
2
6
7
4
10
2
4
2
3
4
25
2
4
4
26
54
1
1
11
2
1
5
1
34
6
3
179
2
7
4
3
10
30
4
2
22
4
2
4
14
0
3
3
1
21
8
3
65
15
2
4
2
7
0
78
10
0
4
2
0
1
19
6
14
19
13
1
7
16
1
5
0
6
20
3
5
1
0
2
3
0
19
6
12
1
6
6
5
12
22
10
1
2
7
7
16
7
8
0
43
1
6
5
3
4
0
15
4
0
28
6
7
8
2
19
1
0
63
8
5
8
2
2
1
16
25
0
5
1
3
3
11
9
2
2
4
37
2
345
1
6
2
3
3
0
4
4
2
10
3
32
6
8
3
9
10
1
3
32
4
1
3
2
6
4
54
9
0
0
8
5
24
5
22
22
1
6
1
10
3
12
9
12
7
0
0
4
1
78
1
13
10
1
39
8
38
14
2
5
2
2
7
121
3
4
2
2
3
45
5
5
6
6
5
15
6
3
0
3
7
64
8
24
11
3
2
5
2
0
16
2
8
5
57
11
2
4
0
12
0
232
3
1
1
4
6
2
1
0
13
6
1
103
5
67
12
4
11
32
2
7
3
4
2
7
4
33
1
7
3
2
4
3
0
3
17
21
11
5
6
1
8
35
19
6
0
0
6
1
2
2
3
8
0
1
4
25
0
7
13
1
1
17
12
18
3
22
6
2
8
4
0
4
3
59
3
7
1179
0
2
3
7
7
4
2
1
11
10
0
1
4
47
4
4
0
30
2
7
5
2
14
0
8
28
7
5
2
21
1
12
2
0
1
8
1
0
3
5
1
1
6
41
0
31
3
15
8
44
0
0
11
19
3
11
6
4
4
0
2
0
3
8
0
5
10
2
0
2
21
0
2
1
1
1
3
10
0
0
23
16
3
7
3
12
14
2
3
1
163
42
9
20
6
14
12
10
8
1
4
4
5
1
14
4
15
0
10
9
2
68
2
4
9
3
18
2
4
4
4
8
11
1
17
4
4
3
1
3
1
0
48
3
1
5
1
1
10
1
1
23
6
132
0
37
1
2
23
15
46
8
3
3
2
2
8
11
12
2
34
1
1
25
17
2
23
4
2
8
6
70
0
0
1
19
2
33
10
8
11
2
0
2
11
1
9
11
1
6
0
1
4
13
8
4
17
0
2
4
7
4
3
18
51
4
0
5
1
2
4
9
17
4
27
31
2
99
3
3
16
3
7
63
6
2
755
3
7
5
5
3
67
3
3
0
17
0
6
3
3
1
12
3
1
11
6
17
16
3
5
2
1
3
11
1
0
4
28
3
5
1
3
2
2
8
1
3
22
6
15
18
25
0
10
36
5
11
8
2
8
0
2
3
2
5
5
0
2
12
0
0
7
0
6
2
5
7
1
16
11
8
2
3
5
3
6
5
4
4
2
4
0
1
1
173
4
19
196
6
4
5
2
21
2
6
33
71
0
4
2
1
8
46
5
91
10
4
1
30
0
22
26
2
1
4
73
0
6
9
4
5
19
16
0
6
2
6
33
2
21
8
14
0
4
3
15
3
6
2
6
191
27
1
0
5
0
11
2
15
7
6
0
11
7
1
2
3
5
4
1
5
22
36
4
1
9
7
3
7
4
17
0
2
5
2
2
5
4
8
1
4
14
3
1
2
13
1
12
7
2
23
15
4
24
3
20
2
1
5
2
2
2
5
0
5
5
6
1
6
43
9
2
8
8
20
1
5
3
4
8
1
9
2
4
0
2
8
8
38
0
0
0
7
9
11
1
3
13
9
18
16
1
4
7
20
0
1
12
45
36
5
5
148
8
27
6
4
12
1
8
11
2
3
1
8
71
3
9
3
0
24
0
1
0
4
3
6
30
3
7
2
0
1
2
5
31
10
13
1
2
7
2
18
83
17
3
12
3
34
6
29
1
15
5
2
1
95
6
2
7
9
1
17
1
33
6
1
0
2
4
38
2
3
2
1
6
3
3
1
0
3
43
3
5
25
2
1
3
31
4
1
3
1
15
16
7
4
2
3
12
3
6
7
0
12
1
2
7
3
1
4
2
2
2
2
6
5
6
2
0
0
7
2
15
18
4
10
7
4
173
1
7
2
8
7
1
7
0
4
0
1
0
18
2
4
5
1
6
16
7
1
67
9
1
4
28
7
6
16
7
4
7
0
5
15
7
3
3
23
6
12
6
15
4
5
2
0
0
19
13
8
0
11
13
3
3
2
2
27
24
8
6
11
9
13
26
12
9
30
5
4
3
2
3
8
387
1
3
23
3
5
196
64
2
9
5
35
34
1
82
17
0
1
4
14
9
8
11
3
7
2
8
5
1
2
2
4
5
5
10
10
9
4
11
0
0
7
6
2
15
15
0
2
2
4
30
1
2
4
5
3
6
1
4
2
14
6
3
3
5
5
9
19
5
318
1
1
1
6
0
76
0
2
3
3
0
14
0
2
2
1
3
222
6
8
79
2
5
7
4
2
13
5
13
8
16
4
1
43
1
14
12
66
2
26
0
0
6
5
2
6
2
4
9
4
10
3
9
8
0
6
1
7
4
1
1
0
4
33
12
27
7
11
3
92
6
10
2
15
4
5
4
6
2
6
12
0
15
3
1
4
2
2
4
13
38
5
13
4
5
1
0
3
3
3
3
1
6
13
2
1
3
3
31
11
3
9
3
5
10
7
80
0
7
11
25
15
4
19
3
9
15
4
103
18
15
0
1
4
10
6
12
4
2
2
970
2
1
12
13
4
3
3
7
2
0
4
3
1
6
4
2
0
32
3
5
8
1
5
9
151
0
3
16
4
3
8
26
5
2
3
10
8
9
5
3
1
3
17
0
2
82
4
1
5
5
5
20
110
4
1
1
16
1
6
2
0
3
16
3
73
0
29
2
5
1
64
8
0
5
3
3
2
0
6
2
9
8
5
2
3
9
6
1
2
2
2
0
16
9
23
4
1
6
23
22
6
2
359
1
3
5
8
5
3
15
2
0
3
4
2
0
5
0
3
3
2
22
2
7
35
6
1
6
2
3
6
9
63
26
8
30
3
1
12
2
18
4
0
21
9
32
5
7
6
1
2
8
0
0
29
0
1
11
130
6
4
2
2
15
2
1
27
33
2
3
9
26
3
10
2
7
1
8
7
1
7
2
5
21
0
4
14
25
1
8
15
0
3
3
9
1
2
7
3
2
2
9
21
11
4
3
0
50
8
2
7
3
1
28
4
2
4
4
2
3
59
3
4
9
6
48
0
68
4
10
5
1
6
10
29
5
1
0
0
1
2
5
7
11
4
3
2
3
48
7
3
11
15
1
5
1
10
2
12
2
15
8
4
18
1
29
35
3
12
3
3
3
7
5
14
5
6
8
2
2
3
2
5
0
3
1
2
2
1
4
1
9
2
3
21
6
5
3
17
5
6
17
10
4
97
3
1285
1
1
1
4
20
9
7
5
6
52
3
1
25
19
6
5
3
4
8
16
1
7
26
0
132
0
5
1
6
11
1
146
9
9
3
3
2
3
12
5
8
0
2
7
3
4
21
3
1
14
7
3
6
5
9
5
7
9
1
22
2
7
17
5
1
10
7
3
6
4
2
10
2
1
2
12
9
7
50
7
16
9
5
3
0
11
7
9
4
94
6
16
118
8
1
6
3
82
7
2
1
14
10
1
2
1
3
2
10
9
4
12
5
0
0
13
11
55
2
5
2
5
5
22
0
0
6
2
10
10
1
4
2
2
6
4
6
4
179
1
2
3
2
4
1
40
18
53
65
5
31
0
1
13
41
7
1
26
0
1
2
3
52
2
0
3
1
4
1
3
23
1
2
6
4
1
11
7
10
1
0
1
4
6
1
2
11
9
10
45
2
10
2
16
3
7
6
17
11
2
0
1
1
8
6
53
5
1
0
9
2
13
1
3
1
5
16
2
8
6
2
2
2
3
7
8
80
10
0
1
66
0
3
10
18
12
5
10
4
2
4
5
4
5
7
3
0
0
8
4
10
3
5
4
17
6
2
6
4
4
0
0
1
36
1
7
6
5
6
832
1
3
6
1
5
14
4
3
1
6
8
1
0
64
2
2
3
2
6
11
3
7
3
0
10
8
63
6
4
6
0
0
2
2
1
2
9
4
1
10
3
2
6
5
12
15
8
1
2
0
14
10
8
6
1
3
8
12
215
1
2
2714
16
9
4
13
3
17
7
4
3
1
2
43
6
6
10
2
3
0
11
3
0
6
2
13
10
7
3
44
0
0
299
0
2
12
0
107
5
0
4
4
3
6
6
137
4
28
5
241
4
17
5
9
3
4
3
82
1
1
3
3
1
31
6
10
6
10
12
0
1
4
1
4
21
2
0
2
3
2
5
12
2
3
6
4
0
964
7
45
1
2
13
5
23
9
3
4
10
7
1
7
3
5
1
13
16
11
1
1
7
1
17
1
0
21
0
5
2
2
9
0
3
76
61
11
7
5
6
2
5
1
0
12
2
8
1
20
3
25
7
2
1
0
0
0
2
7
1
1
0
0
1
5
50
8
5
9
4
0
11
12
244
1
0
0
12
0
25
5
0
9
1
2
13
2
0
3
7
4
5
39
5
31
4
3
20
14
113
1
2
19
0
2
1
4
5
23
11
2
4
0
3
3
447
7
14
288
1
7
49
1
4
2
2
5
16
8
4
2
0
30
12
9
9
1
43
2
1
1
5
1
5
35
8
7
16
5
4
5
0
8
9
16
13
6
57
14
4
1
1
5
4
3
4
11
1
3
1
36
14
20
16
3
16
7
2
8
4
4
10
10
6
7
17
6
28
30
3
6
0
23
1
1
6
12
6
0
3
154
2
9
2
1
0
0
3
1
6
10
22
3
40
4
4
12
7
0
21
22
2
2
0
1
2
1
8
2
18
0
5
5
8
5
1
2
0
8
6
12
0
16
80
8
5
6
14
4
4
5
4
11
0
9
7
1
7
5
36
1
10
3
2
2
6
4
7
1
10
2
2
81
4
12
3
0
265
16
5
4
5
3
4
1
9
2
1
1226
1
12
21
1
1
6
58
990
3
6
5
7
1
39
4
7
528
2
8
14
0
340
1
2
6
2
2
1
8
4
1
9
1
1
2
1
4
22
3
2
3
1
2
1
4
10
20
1
6
16
5
1
44
2
5
4
0
3
4
4
2
2
4
20
10
3
2
6
25
8
0
5
0
3
4
6
16
0
3
9
55
0
1
130
5
14
1
2
10
2
1
6
8
0
2
2
0
4
153
4
10
0
21
29
9
6
25
8
4
10
24
48
6
26
4
3
6
8
32
2
2
2
71
4
4
9
27
5
4
2
7
20
20
0
8
2
0
16
11
3
0
6
0
1
10
1
9
10
13
49
2
5
7
1
15
2
33
2
7
0
18
212
1
4
15
3
3
18
7
1
5
3
21
5
5
2
0
12
2
5
6
3
0
3
4
1
4
9
1
40
20
0
29
22
2
4
0
4
2
1
2
7
9
4
11
8
0
4
2
18
5
4
17
11
1
1
7
5
2
5
3
8
9
23
2
1
10
4
6
1
2
1
1
9
2
4
25
3
8
2
0
5
8
0
27
3
3
6
1
10
3
21
4
20
1
15
10
0
6
20
9
8
1
10
4
19
2
2
2
0
2
7
3
2
1
2
5
4
2
2
42
1
5
2
10
3
21
1
6
0
3
64
3
0
0
1
30
2
2
1
0
196
31
1
7
1
35
0
7
4
0
3
1
13
1
58
6
40
0
3
5
1
3
9
0
6
3
0
5
2
2
2
4
21
0
8
12
1
8
4
10
4
0
0
5
4
11
10
88
6
3
2
0
11
2
1
12
4
3
7
19
8
2
7
3
4
0
26
2
15
2
2
88
6
2
6
4
5
144
5
2
2
1
1
9
2
1
2
5
5
1
4
26
8
1
5
13
7
0
5
2
22
2
3
7
16
1
4
4
15
25
31
4
4
0
3
2
3
3
1
4
3
4
0
2
2
19
2
2
7
1
5
5
613
1
23
12
5
1
6
30
4
16
0
2
0
6
0
85
1
0
5
3
19
3
2811
4
0
3
79
8
3
246
22
13
3
3
7
2
9
4
1
22
631
3
7
10
10
16
7
1
3
13
1
4
5
1
2
6
2
1
0
1
7
8
1
2
1
80
2
4
3
11
0
7
3
1
1
2
2
2
6
9
5
1
3
4
10
4
11
154
2
5
3
6
5
0
3
3
9
21
1
1
3
7
1
10
4
2
1
3
7
10
7
111
10
2
440
1
1
4
4
6
33
5
13
7
2
3
9
2
4
3
2
0
16
17
1
7
4
1
2
2
3
2
3
15
3
0
1
4
7
3
20
8
3
7
14
8
24
6
3
4
6
1
0
0
8
1
5
0
2
3
2
5
13
3
22
13
2
4
4
6
3
13
6
3
2
23
3
2
24
2
8
2
0
97
11
0
47
8
2
66
0
26
2
16
3
8
2
1
5
2
19
0
2
4
2
6
3
0
1
116
1
0
12
20
2
4
3
0
8
3
3
0
0
6
3
25
2
6
2
94
1
5
5
12
8
2
13
5
8
19
4
33
9
3
25
2
0
1
20
4
3
0
11
5
1
7
1
1
1
4
6
6
6
4
2
1
3
7
2
23
3
8
328
6
3
18
10
13
2
13
0
4
0
14
1
2
1
5
5
40
1
5
4
16
5
13
10
3
5
11
5
5
4
1
11
1
3
4
21
4
64
3
0
84
171
41
2
13
92
0
7
4
23
0
0
5
0
3
12
9
6
6
3
3
17
106
0
8
2
4
10
4
0
3
1
8
0
2
6
2
4
5
23
1
18
10
2
0
2
25
39
3
3
1
5
1
11
3
18
25
15
4001
0
12
2
2
17
6
2
16
21
0
16
5
31
1
12
16
13
1
4
5
6
2
3
4
10
1
2
4
0
16
174
6
6
5
1
5
25
4
1
31
22
2
5
4
9
78
0
25
1
164
46
2
2
16
0
9
2
7
19
5
3
19
33
2
12
4
64
7
13
11
13
8
1
337
3
1
4
6
4
18
39
1333
1
9
4
8
42
0
5
0
4
0
0
23
47
0
2
13
2
4
3
5
3
0
6
4
33
11
13
3
0
31
45
2
4
1
9
1
74
5
2
2
16
27
0
10
152
3
33
0
4
22
1
4
5
0
5
1
2
2
0
4
6
2
0
0
10
1
28
2
13
9
41
5
0
0
40
2
3
10
1
5
2
6
0
5
11
8
0
0
30
1
4
3
4
0
8
6
7
3
7
1
6
7
14
27
14
0
12
1
2
3
17
3
25
0
3
0
6
7
6
31
2
5
13
0
28
21
8
2
0
2
5
0
2
0
8
34
2
2
0
6
15
23
190
6
0
0
3
5
18
96
7
3
2
1
55
1
0
9
4
8
24
2
1
4
10
1
12
0
8
20
21
22
68
3
0
0
3
6
7
1
15
5
2
10
17
8
2
4
11
0
9
11
4
2
2
1
6
0
294
3
2
3
22
1
4
1
45
160
41
0
9
4
15
1
4
3
9
4
11
4
277
5
3
14
2
0
7
6
2
3
5
5
134
15
10
6
1
0
33
7
95
12
14
2
1
23
8
2
6
1
2
2
8
1
5
11
4
1
7
0
1
0
6
2
2
0
1
1
0
0
0
3
15
14
56
25
1
7
2
13
6
3
1
11
0
144
2
208
4
1
3
38
4
1
2
3
68
2
1
2
1
5
4
1
8
0
3
11
1
5
30
17
8
9
1
1
4
5
6
1
6
2
2
4
3
2
2
1
3
1
11
7
3
3
3
2
6
0
6
12
2
0
12
11
5
0
0
7
4
6
5
11
1
22
3
3
28
1
2
54
72
1
3
5
0
5
0
6
27
6
0
2
7
13
12
1
2
33
9
7
6
3
80
7
0
16
331
1
14
1
4
9
6
11
1
5
6
28
5
14
9
3
1
6
2
2
2
272
11
2
2
57
1
4
14
28
5
1
5
8
26
5
1
18
17
0
12
7
11
6
4
2
10
5
6
11
1
1
2
10
2
14
20
2
7
16
8
2
384
43
3
13
20
6
1
5
2
5
1
6
6
2
4
4
6
3
97
7
3
4
2
3
10
8
7
11
7
0
0
10
10
35
871
3
25
5
0
11
1
2
4
1
4
2
4
5
1
1
0
8
11
0
27
6
2
39
4
3
11
0
7
14
2
4
3
1
2
14
3
14
1
3
0
0
5
2
0
5
17
12
8
2
3
6
2
1
228
9
28
9
2
0
1
21
3
18
11
15
27
5
11
1
6
59
5
202
2
6
1
3
6
53
41
1
3
8
22
4
2
63
19
0
0
10
2
2
7
0
4
3
3
11
5
6
43
1
0
0
2
0
19
1
2
6
12
8
19
1
0
11
13
3
3
0
5
45
2
445
20
2
55
0
6
2
10
1
6
1
0
7
1
0
7
21
4
9
3
10
4
3
1
3
7
5
2
16
1
11
6
6
5
5
4
0
23
7
11
11
7
29
1
36
9
5
15
15
1
3
8
5
0
13
100
3
5
1
4
6
1
4
3
15
1
2
1
12
1
0
8
11
10
1
18
15
26
20
4
0
10
5
5
9
30
2
4
5
54
9
2
3
9
8
3
2
0
2
1
6
10
12
1
2
15
0
1
5
1
35
3
5
19
2
2
22
2
5
5
4
21
3
2
3
2
10
4
25
0
0
6
19
1
4
21
12
17
7
4
10
0
14
32
1
1
3
27
2
1
0
4
6
4
20
4
2
1
6
13
5
18
11
9
3
23
4
7
0
1
1
5
22
2
18
99
4
5
4
6
2
4
11
1
16
2
4
24
8
2
6
1
1
2
4
3
2
6
1
6
2
3
3
0
137
0
3
14
1
1
0
31
0
2
0
3
1
1
4
6
6
1
7
0
6
0
4
10
7
0
0
3
2
6
2
3
2
4
5
5
4
4
43
23
1
1
4
0
9
1
2
26
24
11
1
3
0
9
0
9
3
0
312
2
6
4
5
0
4
18
6
0
9
32
4
29
18
134
8
4
8
59
6
4
0
16
1
3
7
2
0
5
4
1
0
1
3
0
5
8
0
3
3
2
6
4
7
14
2
6
17
4
3
3
5
2
6
6
4
6
34
4
2
4
12
5
0
7
3
8
1
1
30
1
11
28
5
4
42
4
13
15
5
9
2
0
532
5
7
4
3
19
3
7
36
26
7
3
3
6
10
9
5
2
1
1
2
1
6
7
6
3
0
2
5
13
9
1
20
8
46
1
8
1
1
1
1
2
2
1
6
58
2
3
8
2
2
48
6
7
0
3
0
2
0
1
3
1
8
4
2
2
115
1
6
4
5
5
7
1
1
2
24
44
10
8
4
35
0
2
266
3
1
6
4
40
159
5
14
5
4
1
4
4
13
33
13
3
12
7
6
1
3
40
5
1
7
0
9
2
3
17
10
4
5
9
4
7
2
6
4
5
4
2
1
13
2
2
0
4
49
1
30
23
2
2
386
2
1
14
236
3
4
1
9
11
10
1
4
3
7
5
7
27
3
0
29
2
2
10
3
0
2
1
10
7
1
0
10
1
3
0
11
6
11
4
1
2
84
5
4
0
0
2
7
31
6
19
5
0
119
10
2
3
7
1
2
7
10
15
7
14
7
8
11
5
3
5
3
7
1
7
1
23
6
0
0
31
10
2
7
3
3
73
12
44
0
4
0
19
11
5
4
6
0
2
0
61
4
4
13
2
3
30
9
0
6
10
7
6
6
1
1
3
237
1
2
1
5
8
0
8
0
2
0
2
8
4
8
3
37
0
16
5
5
3
3
1
24
7
2
3
3
6
0
5
7
3
0
6
13
21
2
4
2
4
0
0
1
9
1
3
5
0
1
32
1
3
6
101
3
0
14
1
0
0
3
4
5
8
87
3
0
6
6
13
0
10
7
7
2
16
2
1
9
1
0
0
1
0
1
1
19
3
8
0
8
2
2
3
4
0
0
3
2
15
8
1
1
1
3
3
3
8
3
10
4
153
8
10
0
2
11
12
23
5
7
8
3
5
5
6
8
1
1
3
2
35
2
13
2
27
14
1
4
7
5
2
6
6
1
15
0
2
1
5
6
1
6
0
1
22
1
1
1
3
6
7
15
3
2
2
7
4
10
6
7
3
6
42
412
3
25
3
3
10
18
6
5
12
6
150
5
37
0
42
3
7
0
9
11
8
4
44
2
2
9
0
3
3
32
38
1
4
9
7
3
22
4
2
27
12
5
3
1
3
1
1
6
1
4
1
3
4
1
3
12
10
37
18
26
1
0
9
3
0
43
1
10
0
6
4
1
1
7
9
0
2
7
5
3
3
5
0
6
7
32
13
3
8
13
3
10
12
7
4
67
1
19
13
13
1
13
2
2
21
0
12
23
7
1
2
16
7
1
29
8
6
1
8
7
1
61
16
1
2
22
5
1
7
35
3
8
3
36
29
2
27
6
10
3
4
1
1
4
3
1
0
9
567
4
8
2
1
10
11
1
2
2
11
0
10
0
2
2
4
0
2
0
3
129
8
0
5
0
17
2
6
5
2
36
4
1
7
2
0
3
6
4
2
23
9
2
12
3
60
0
2
0
9
4
0
2
5
26
3
25
0
10
12
5
5
1
2
3
11
31
0
3
3
2
17
1
2
81
15
4
0
1
2
26
4
23
25
7
8
4
6
3
1
1
6
5
6813
3
4
63
7
4
3
26
1
2
5
3
2
0
9
4
8
1
2
187
4
7
0
6
2
2
8
22
6
10
3
8
3
0
12
10
4
7
5
2
3
6
267
3
3
0
1
2
3
10
7
5
8
3
0
23
9
22
8
10
1
0
18
377
5
104
3
3
3
12
4
5
4
4
16
1
6
3
4
11
3
7
4
2
0
40
56
7
3
10
0
6
24
29
2
6
4
14
5
7
7
12
5
2
72
13
2
18
3
5
1
0
4
2
8
29
1
5
19
5
7
28
5
7
18
3
1
3
7
0
3
434
13
4
12
9
0
24
151
1
4
21
3
0
12
1
4
4
2
8
5
1
2
3
3
10
1
1
2
0
4
0
10
2
20
20
44
0
2
1
0
4
3
2
1
0
9
1
4
6
44
7
2
4
5
6
0
0
8
8
29
5
3
2
6
10
12
8
3
6
2
4
18
4
12
4
14
11
3
3
9
12
3
40
15
2
1
5
3
20
4
3
3
4
3
9
4
4
0
3
5
2
55
29
1
1
4
7
2
4
2
2
1
5
1
23
0
8
6
82
4
2
3
10
2
9
0
1
20
8
5
6
2
1
12
2
1
6
