5
81
2
4
3
2
0
1
4
14
7
8
1
3
16
26
10
4
8
6
0
9
160
3
15
8
0
9
1
2
12
6
7
9
2
17
1
7
3
2
3
11006
2
31
39
0
6
11
4
6
3
3
10
6
3
5
7
72
19
8
18
6
3
3
1
2
13
16
6
7
1
5
1
58
7
9
3
5
3
2
3
1
5
17
6
6
2
6
20
8
6
31
5
2
95
2
14
2
2
4
4
22
4
2
0
8
3
2
2
10
1
12
8
11
9
6
9
4
9
5
7
1
5
10
6
2
4
7
12
12
0
3
4
9
2
5
8
32
3
2
10
7
13
7
1
2
8
12
11
6
11
2
4
1742
3
4
10
0
9
4
3
3
6
5
6
4
10
4
5
10
12
6
0
6
4
1
1
3
5
4
1
10
14
2
0
15
15
13
1
4
8
10
1
7
5
12
5
1
11
7
2
3
3
17
2
6
10
2
26
10
6
23
14
5
13
10
107
4
3
3
15
0
6
3
6
17
4
2
10
0
3
11
144
2
16
23
19
8
3
4
5
4
3
4
9
7
0
6
11
1
7
26
2
4
20
9
5
28
51
4
4
3
12
7
21
45
7
12
5
108
16
5
28
0
2
29
0
3
10
2
8
12
13
6
4
8
8
8
114
0
7
1
33
1
10
13
21
16
2
0
6
3
0
27
1
5
16
37
9
7
1
9
8
2
3
15
1
9
5
1
5
3
16
0
1
4
3
5
28
2
1
3
4
9
8
0
9
15
19
10
11
5
20
6
6
3
1
1
10
1
0
5
10
9
17
15
1
11
1
2
6
4
4
3
3
1
5
5
94
1
13
14
5
4
8
5
3
8
2
1
57
7
1
2
7
11
225
7
2
1
13
6
26
4
2
2
5
7
10
12
2
4
1
3
8
1
9
7
5
22
1
4
5
17
7
1
5
2
3
4
11
1
2
0
3
1
8
13
24
7
9
4
5
13
26
7
5
13
6
44
15
3
6
2
1
2
3
2
3
1
111
4
10
0
2
3
13
78
52
27
3
58
1
7
28
2
5
9
42
6
9
5
3
17
0
5
14
8
5
4
69
0
0
10
9
1
10
0
1
5
1
34
7
8
11
6
7
5
18
4
5
81
2
4
3
2
0
1
4
14
7
8
1
3
16
26
10
4
8
6
0
9
160
3
15
8
0
9
1
2
12
6
7
9
2
17
1
7
3
2
3
11006
2
31
39
0
6
11
4
6
3
3
10
6
3
5
7
72
19
8
18
6
3
3
1
2
13
16
6
7
1
5
1
58
7
9
3
5
3
2
3
1
5
17
6
6
2
6
20
8
6
31
5
2
95
2
14
2
2
4
4
22
4
2
0
8
3
2
2
10
1
12
8
11
9
6
9
4
9
5
7
1
5
10
6
2
4
7
12
12
0
3
4
9
2
5
8
32
3
2
10
7
13
7
1
2
8
12
11
6
11
2
4
1742
3
4
10
0
9
4
3
3
6
5
6
4
10
4
5
10
12
6
0
6
4
1
1
3
5
4
1
10
14
2
0
15
15
13
1
4
8
10
1
7
5
12
5
1
11
7
2
3
3
17
2
6
10
2
26
10
6
23
14
5
13
10
107
4
3
3
15
0
6
3
6
17
4
2
10
0
3
11
144
2
16
23
19
8
3
4
5
4
3
4
9
7
0
6
11
1
7
26
2
4
20
9
5
28
51
4
4
3
12
7
21
45
7
12
5
108
16
5
28
0
2
29
0
3
10
2
8
12
13
6
4
8
8
8
114
0
7
1
33
1
10
13
21
16
2
0
6
3
0
27
1
5
16
37
9
7
1
9
8
2
3
15
1
9
5
1
5
3
16
0
1
4
3
5
28
2
1
3
4
9
8
0
9
15
19
10
11
5
20
6
6
3
1
1
10
1
0
5
10
9
17
15
1
11
1
2
6
4
4
3
3
1
5
5
94
1
13
14
5
4
8
5
3
8
2
1
57
7
1
2
7
11
225
7
2
1
13
6
26
4
2
2
5
7
10
12
2
4
1
3
8
1
9
7
5
22
1
4
5
17
7
1
5
2
3
4
11
1
2
0
3
1
8
13
24
7
9
4
5
13
26
7
5
13
6
44
15
3
6
2
1
2
3
2
3
1
111
4
10
0
2
3
13
78
52
27
3
58
1
7
28
2
5
9
42
6
9
5
3
17
0
5
14
8
5
4
69
0
0
10
9
1
10
0
1
5
1
34
7
8
11
6
7
5
18
4
1
9
0
16
15
8
7
3
13
5
4
10
4
51
14
6
2
14
12
2
15
84
2
2
5
1
3
4
5
1
5
4
8
7
43
28
831
2
30
6
1
6
5
32
5
10
2
0
2
0
24
5
2
13
2
6
7
2
11
3
3
8
4
13
37
17
3
8
10
9
3
63
5
15
11
16
12
2
5
6
4
7
1
1
26
12
18
6
1
5
18
1
18
1
54
1
6
0
17
5
29
4
3
32
29
1
29
4
9
6
8
2
2
19
2
16
13
0
5
14
7
86
1
3
4
3
7
4
13
2
7
8
2
34
15
11
1
7
6
16
6
50
9
1
5
5
6
3
6
4
7
17
2
23
37
4
0
0
1
2
7
22
10
2
81
5
9
2
0
14
7
4
9
8
4
4
24
4
10
0
2
2
4
5
4
0
0
27
5
4
12
8
1
6
77
6
4
3
12
10
21
1
10
9
1
4
5
2
6
6
1
4
10
6
8
23
9
5
3
1
3
2
29
7
2
77
2
1
6
4
0
15
2
14
74
1
12
31
2
2
1
15
64
10
12
3
5
10
3
14
2
3
4
12
2
8
6
24
6
33
4
22
8
1
7
7
4
366
79
1
9
1
19
4
4
11
1
4
8
5
10
14
15
9
6
30
0
14
4
16
11
3
2
12
6
14
6
7
18
6
13
13
5
2
1
4
9
2
7
1
13
1
11
5
6
1
1
0
37
16
1
5
0
8
8
4
4
2
7
5
2
8
6
3
14
4
6
2
5
8
1
7
4
8
5
1
12
4
3
4
0
1
6
14
0
0
2
13
5
13
2
5
9
4
8
3
6
5
0
3
3
5
0
7
0
3
0
4
5
6
2
18
1
13
5
3
1
3
5
3
21
6
1
1
9
14
13
2
2
8
4
12
13
1
13
5
6
11
28
2
10
5
3
6
2
5
12
12
1
11
3
12
12
5
2
0
8
2
2
5
2
10
11
15
22
5
11
7
4
3
16
116
5
2
4
10
4
4
3
4
6
156
2
1
3
1
15
6
9
6
4
9
15
4
1
10
6
8
29
35
119
28
7
1
3
1
5
37
7
8
49
2
3
10
3
3
3
2
3
0
4
6
3
9
8
0
1
11
61
3
6
34
11
4
1
5
1
2
15
2
10
2
0
3
0
17
5
1
2
2
13
1
3
2
7
2
11
7
5
13
4
0
9
7
4
7
1
2
2
9
1
5
1
1
8
10
6
15
5
4
8
4
3
10
39
1
2
4
9
5
3
13
11
4
1301
1
2
6
5
7
2
8
252
1
2
22
10
3
54
2
2
3
7
3
5
50
2
2
6
1
2
6
6
16
5
6
8
4
2
6
6
5
14
6
1
5
2
20
8
2
2
3
10
2
10
4
10
3
3
6
6
3
2
1
3
24
7
5
10
13
7
6
40
1
4
1
5
2
3
3
3
0
3
410
9
4
37
25
7
0
6
6
27
2
1
0
3
1
15
3
11
14
2
1
6
16
17
1
6
2
7
25
8
19
13
12
8
15
4
1
1
3
3
11
5
8
21
2
23
8
2
1
1
1
7
1
31
2
4
4
3
28
36
1
0
62
3
5
0
3
0
8
14
24
21
6
9
0
14
7
25
4
3
2
4
9
18
7
44
3
11
12
6
9
12
20
6
4
33
1
7
1
25
2
5
2
6
12
2
4
1
14
1
5
6
16
12
5
10
2
1
5
5
27
5
6
0
8
18
1
2
4
6
16
156
2
35
4
2
7
0
9
2
13
5
6
6
5
2
3
5
3
15
10
1
9
15
19
6
24
15
6
0
2
12
2
6
9
9
5
1
5
4
3
8
2
11
21
8
4
1
8
2
16
7
10
14
3
2
9
7
6
187
3
7
1
4
10
2
20
12
4
20
1
5
2
9
1
7
14
5
5
14
7
5
6
3
1
13
6
2
4
0
6
3
1
4
6
0
80
12
4
5
3
3
14
3
8
3
7
0
13
12
5
4
8
9
13
7
11
2
10
11
5
4
2
6
3
13
8
3
8
14
2
3
11
8
10
1
5
1
6
1
6
5
2
4
134
0
1
2
3
2
6
0
3
14
6
9
1
1
254
0
3
3
5
17
5
6
0
42
9
12
4
10
5
14
8
4
10
4
10
3
2
5
11
7
10
3
85
1
3
8
4
2
2
8
6
3
6
4
3
1
82
6
16
1
39
25
6
2
6
6
2
4
18
3
199
6
1
11
3
0
6
10
8
9
0
12
5
3
21
6
12
21
3
10
6
4
3
8
8
8
15
0
5
6
9
27
11
5
3
3
0
6
4
1
1
3
18
44
2
10
10
0
1
6
5
4
5
9
4
13
23
10
1
32
3
5
1
3
1
3
2
0
4
90
4
1
56
10
6
4
1
2
2
3
2
11
45
12
2
4
0
3
31
2
2
5
4
5
15
6
0
6
3
5
10
3
3
6
2
2
17
2
40
2
0
1
178
19
6
6
5
16
9
43
7
19
23
0
2
10
4
1
12
2
20
9
1
9
0
9
6
3
2
0
13
16
6
22
1
1
3
5
0
8
2
2
5
1
16
6
1
2
5
105
32
1
3
5
5
0
2
4
10
11
21
10
10
15
14
11
3
7
3
13
7
4
12
1
3
12
16
0
2
1
6
8
18
23
5
1
1
2
7
18
5
1
12
19
0
5
74
67
19
16
5
16
7
7
1
2
14
10
11
43
209
0
7
3
10
8
7
8
4
3
8
7
5
3
18
0
5
3
1
19
3
4
3
1
4
18
8
2
3
2
12
4
6
158
3
9
8
47
17
1
2
0
13
9
8
8
1
9
4
0
1
2
35
8
3
6
2
5
0
20
5
8
23
5
0
7
3
1
114
7
5
10
13
27
33
6
1
1
131
5
8
31
2
5
8
2
12
1
7
2
6
9
3
4
5
2
15
17
5
2
2
107
0
3
2
4
7
5
32
1
10
31
11
2
4
8
3
6
4
1
4
3
7
3
1
2
4
2
4
2
26
5
29
4
55
6
3
13
4
4
5
1
2
4
2
10
1
11
6
7
3
12
4
3
16
4
5
1
4
3
1
18
20
46
4
6
23
4
3
20
56
3
11
15
6
4
5
12
15
6
10
7
2
16
4
5
4
2
4
3
1
4
33
20
6
10
2
71
5
4
4
6
3
5
21
10
14
2
4
7
34
2
7
1
13
3
56
0
6
33
2
6
18
1
17
3
0
12
2
7
10
11
18
2
6
6
3
24
3
1
43
3
13
5
0
0
15
9
32
20
3
0
9
0
5
3
7
601
2
3
13
5
7
6
6
12
9
1
9
3
7
301
4
10
6
8
5
4
3
6
2
3
25
15
1
2
4
1
1
2
8
3
2
9
4
13
3
2
3
14
3
1
2
1
12
3
1
10
90
1
5
2
1
8
2
4
1
4
4
96
3
12
11
6
40
15
2
14
9
6
5
1
4
0
8
5
8
20
8
2
2
21
4
41
25
1
8
1
0
11
3
6
9
12
2
3
4
4
11
9
4
7
15
3
5
0
8
11
6
27
5
6
3
4
1
7
8
10
5
10
7
1
4
5
10
5
2
19
64
6
4
12
12
3
24
53
20
2
5
5
3
5
6
3
3
3
5
3
1
6
6
1
10
4
2
2
2
9
11
1
6
5
4
8
8
9
16
19
2
3
11
10
3
270
4
10
4
7
16
10
0
9
1
7
5
0
2
7
3
7
2
4
13
3
4
1
9
2
29
7
1
0
4
46
21
1
4
7
4
58
5
4
3
3
14
12
8
2
0
0
3
5
7
8
2
1
25
4
67
6
40
8
16
2
7
1
17
8
6
15
9
3
10
9
4
1
1
89
3484
1
3
1
5
5
0
7
7
9
8
1
2
5
9
16
1
10
22
1
153
2
0
3
6
24
5
0
13
9
2
44
2
8
1
1
11
2
0
104
15
7
40
1
0
2
8
3
18
4
5
0
6
7
10
5
7
15
5
9
3
5
0
17
6
31
7
2
8
2
2
29
9
6
2
4
44
10
5
5
4
2
9
2
5
1
24
4
3
4
6
7
7
8
4
41
5
4
2
0
9
28
12
1
12
11
132
10
9
2
2
1
3
34
238
0
8
3
0
11
1
2
5
6
3
7
9
1
4
0
56
2
10
5
120
1
10
3
4
13
22
4
10
14
11
7
2
3
1
2
1
5
2
8
17
5
3
1
5
128
5
12
6
0
0
8
1
7
2
0
72
26
1
7
10
0
7
3
1
5
4
4
45
4
0
8
11
23
14
6
48
10
0
21
4
1
6
4
4
4
5
32
4
8
13
15
16
4
6
3
14
6
5
2
101
3
17
5
1
6
3
5
5
6
26
1
2
8
12
1
2
37
7
26
11
2
4
3
2
18
15
1
20
4
16
1
6
5
2
20
2
1
7
60
1
6
8
1
17
8
33
1
8
2
3
6
0
1
27
7
9
14
19
26
6
6
2
9
4
12
6
22
4
4
68
6
2
3
4
70
5
16
5
1
4
7
7
8
2
2
14
2
5
4
7
2
10
9
4
1
63
3
22
6
1
6
5
13
0
6
5
2
3
2
64
0
0
7
3
10
3
58
4
7
4
4
8
55
2
1
18
11
5
1
3
0
2
11
6
11
4
4
18
2
5
43
4
40
10
0
17
10
2
9
8
5
16
5
8
26
1
13
24
3
21
34
1
5
11
4
6
9
14
6
0
4
20
16
4
3
1
1
7
6
1
13
4
10
1
2
7
5
3
3
11
5
14
1
11
17
7
81
72
16
6
0
3
2
1
4
7
5
6
359
3
76
17
8
32
2
15
10
9
23
7
8
10
3
2
9
2
24
3
1
3
20
3
260
6
0
9
0
13
29
907
8
10
11
0
16
3
8
8
71
63
3
15
3
5
11
129
8
12
9
60
8
16
12
3
4
81
12
8
69
4
16
0
2
15
4
20
12
9
1
4
3
0
2
10
2
2
13
5
8
1
4
16
5
3
3
11
175
12
9
6
53
7
3
0
4
53
5
12
3
6
1
12
3
4
5
15
61
2
2
1
1
0
4
2
7
4
2
8
0
7
5
30
19
38
5
21
12
5
2
5
13
4
6
1
1
18
14
24
4
86
5
2
1
4
1
1
1
14
10
6
10
12
1
0
17
7
4
5
6
2
36
3
11
30
12
0
7
4
8
0
1
13
18
3
0
2
7
3
3
1
5
2
12
29
2
5
7
1
5
2
8
6
2
5
3
1
3
20
12
15
5
1
7
7
19
9
28
6
12
17
4
6
8
3
4
8
5
3
2
1
14
7
1
8
158
16
60
0
2
6
41
6
4
6
6
6
12
3
5
5
1
4
27
9
9
5
5
4
4
11
59
13
22
4
11
6
4
8
19
7
7
0
5
19
3
1
2
13
5
3
20
2
2
35
3
23
1
2
3
6
0
2
8
9
2
2
5
27
4
3
2
699
3
2
12
2
8
6
6
11
7
7
10
2
13
14
3
1
7
9
39
14
3
70
34
13
7
3
3
9
5
7
102
9
2
4
4
2
6
9
4
12
4
1
23
31
4
8
5
7
3
4
5
6
1
0
5
2
0
44
11
0
39
3
9
11
12
1
3
8
102
5
24
2
1
10
1
2
4
7
5
56
1
3
6
5
4
6
7
0
6
5
2
1
9
9
11
5
48
83
7
33
5
9
5
1
11
7
3
4
1
3
1
6
3
9
4
7
27
25
6
3
4
1
174
1
41
59
3
5
6
5
1
2
9
8
88
41
1
13
6
10
21
7
3
2
3
1
1
22
1
3
4
30
9
11
7
16
8
13
31
0
0
6
20
22
8
6
3
16
49
8
3
4
2
2
12
15
3
1
5
13
8
6
12
5
0
5
4
18
4
9
8
81
1
4
2
23
5
7
13
5
3
1
3
12
7
12
8
3
3
5
2
13
13
2
0
1
7
3
4
0
4
13
11
26
6
0
0
7
6
7
1
3
3
25
4
9
575
5
2
9
11
5
6
10
2
28
7
12
20
27
11
10
27
7
25
7
28
9
13
19
23
4
6
2
2
0
25
12
2
1
4
0
2
3
9
3
11
5
1
6
1
8
6
7
19
2
6
8
6
2
3
6
1
3
8
2
5
8
3
2
5
6
12
8
56
18
3
2
3
10
14
6
2
3
7
6
26
20
13
8
12
0
5
3
5
4
6
5
5
2
4
6
4
14
3
6
1
5
11
5
6
1
3
3
5
11
5
13
3
1
1
3
21
10
4
11
5
6
4
2
5
27
41
10
5
3
2
10
17
24
4
2
23
26
3
1
8
3
3
6
7
1
7
11
8
13
7
6
19
17
23
11
11
4
10
4
0
3
2
5
3
6
13
27
9
5
2
1
3
0
29
16
11
26
1
4
6
2
5
8
36
34
4
6
5
8
7
8
5
20
2
7
63
1
7
3
10
19
3
10
9
3
21
12
8
5
0
2
8
15
6
9
4
8
4
9
30
3
4
5
1
5
2
4
7
4
6
11
18
3
4
1
0
20
5477
10
4
3
3
7
23
2
1
6
7
3
3
61
13
12
4
2
3
6
7
3
16
13
19
9
3
5
11
2
16
6
7
3
5
10
3
33
8
2
8
5
4
2
4
3
12
21
7
2
3
4
6
3
3
19
4
17
0
13
0
0
21
5
1
13
32
2
4
3
6
1
3
8
4
7
6
2
2
8
13
10
8
2
2
37
13
3
4
5
27
4
2
7
1
19
7
1
25
7
7
5
2
7
11
3
9
2
7
9
6
3
9
2
8
3
7
17
7
3
11
10
40
9
2
9
8
4
3
1
7
2
12
4
1
4
0
1
6
24
6
9
31
40
14
3
5
1
11
9
4
27
1
5
34
10
9
52
5
10
30
11
1
1
4
1
16
9
5
5
7
6
6
21
1
8
1
11
7
4
15
1
6
16
3
5
35
9
4
5
11
10
39
0
4
2
16
4
4
1
5
0
4
0
58
36
2
3
1
29
7
6
12
5
7
14
3
3
4
16
11
3
17
4
3
67
28
5
10
2
70
2
5
18
8
2
3
3
8
2
257
5
3
9
1
4
4
1
6
59
3
24
1
2
6
0
4
18
18
80
1
5
2
8
4
26
2
14
5
4
14
647
4
37
6
3
3
2
2
5
1
13
3
20
9
1
8
0
21
4
12
11
18
18
33
6
1
2
9
1
5
87
0
7
3
4
10
5
10
1
21
10
5
5
1
18
6
4
1
2
1
43
3
4
5
13
7
3
8
2
82
6
11
21
4
1
1
1
7
0
3
4
7
10
3
0
5
194
7
24
4
2
8
4
27
13
10
1
11
5
42
1
6
4
11
0
3
3
30
4
4
7
3
12
0
18
49
12
3
2
3
0
6
32
0
0
3
3
1
1
4
26
6
2
4
4
7
1
15
1
1
28
1
11
5
4
2
1
0
2
5
12
3
12
8
25
4
3
2
4
7
16
1
3
49
9
10
3
3
16
16
26
19
8
4
2
4
5
6
0
0
2
5
18
14
1
0
5
5
2
6
4
1
84
3
13
4
21
10
4
3
3
25
1
3
3
9
13
3
27
30
0
1
22
3
13
44
18
3
3
3
2
3
3
6
0
4
6
2
1
4
3
41
4
4
38
4
3
2
1
0
1
1
1
9
3
6
18
5
10
3
2
1
8
13
2
6
1
3
3
8
12
7
70
7
8
0
10
12
11
4
2
9
1
11
2
5
23
2
4
67
41
2
3
11
0
3
4
7
1
5
6
12
15
4
20
4
2
2
1
4
17
16
9
12
3
8
15
3
4
11
49
0
5
0
24
12
13
3
22
9
4
74
3
6
7
11
3
5
6
9
8
4
3
6
10
13
2
4
14
12
3
3
32
12
3
2
1
3
11
1
4
257
6
3
7
1
3
1
4
5
16
5
9
23
2
4
10
10
4
17
3
27
3
3
4
11
10
3
11
1
2
4
13
5
7
4
10
4
20
45
10
6
1
4
9
6
3
7
3
2
104
3
4
11
10
9
57
12
4
4
4
3
13
2
4
24
42
7
5
18
1
75
2
6
9
0
15
9
9
8
4
21
5
28
5
9
1
7
18
2
1
2
32
6
7
9
7
2
5
2
14
2
40
3
1
3
821
6
3
1
8
4
8
21
5
8
9
2
4
7
11
3
0
14
15
5
9
5
2
8
3
11
17
2
2
11
13
0
6
3
1
14
2
2
5
7
36
1
4
5
1
2
28
11
1
9
183
7
1
1
16
15
2
3
4
4
3
8
4
5
2
10
7
1
17
4
15
92
8
8
41
2
6
6
19
10
28
16
21
1
0
1
11
0
6
2
7
2
5
5
68
2
9
3
12
1
2
4
3
1
11
12
2
27
11
4
2
4
17
0
4
12
9
7
4
5
797
6
0
2
10
10
3
16
15
43
29
2
25
28
2
4
4
3
4
0
11
8
12
4
5
10
34
24
1
4
0
1
10
4
73
1
8
1
4
3
100
8
1
16
6
3
33
94
0
23
2
7
2
6
10
12
33
3
3
27
2
1
7
4
4
6
4
19
10
0
3
4
43
10
6
3
8
2
1
3
9
10
7
0
1
3
1
27
0
2
4
1
2
9
16
4
7
4
4
3
1
4
14
5
1
2
11
10
6
18
5
3
13
3
7
37
3
1
7
1
2
54
7
7
1
12
0
3
2
52
11
11
1
33
2
5
13
1
3
3
0
22
15
3
4
4
2
10
6
1
1
7
2
5
23
1
4
1
2
4
13
32
4
3
9
3
1
6
2
34
10
10
1
8
3
5
11
4
10
9
22
15
2
6
6
4
4
20
17
4
68
29
1
20
10
9
4
11
3
2
4
12
5
25
1
2
32
10
6
6
11
4
15
0
23
2
7
167
0
1
2
13
13
10
2
8
5
2
4
3
1
2
111
7
10
11
3
23
0
7
2
6
7
51
11
2
20
30
46
1
6
4
1
21
8
5
3
6
0
3
5
9
2
0
41
10
16
9
2
8
2
9
1
3
40
12
4
1
2
24
4
4
15
3
2
44
10
1
7
1
0
2
2
5
6
6
39
2
4
4
5
2
7
6
26
3
1
5
1
0
0
4
4
40
12
5
6
1
3
15
8
9
0
10
6
4
18
1
4
9
10
4
141
44
7
0
6
6
29
3
4
1
12
9
5
28
3
4
13
8
11
31
73
17
11
1
5
238
3
4
4
342
1
8
1
3
1
2
2
8
3
25
4
22
1
13
3
16
30
0
18
200
2
16
2
1
0
3
8
238
9
0
1
3
6
9
4
7
2
8
1
162
8
13
4
15
14
47
12
2
18
2
2
12
5
15
4
4
5
18
73
7
10
8
14
1
735
5
17
60
114
3
9
8
15
19
15
10
10
26
36
2
3
4
14
36
3
3
8
2
31
4
1
16
7
43
7
2
0
4
3
15
7
5
3
1
6
6
6
23
2
6
2
6
1
5
3
2
28
2
3
0
2
4
4
2
0
11
5
5
0
0
18
4
1
2
0
4
8
25
14
8
2
8
39
5
4
46
14
6
1
6
16
4
5
4
6
10
5
15
7
4
3
20
0
2
36
12
2
6
18
0
14
7
15
26
29
15
1
35
8
2
39
13
11
2
2
6
2
5
7
9
5
2
3
6
6
18
2
4
5
3
335
16
0
3
4
16
1
13
3
17
0
0
63
4
9
5
6
1
3
8
6
10
6
3
3
19
1
5
14
56
7
38
1
5
14
6
2
2
2
5
1
146
1
8
3
2
0
15
3
3
3
10
1
5
25
5
2
1
2
0
3
1
2
24
3
13
22
4
3
6
37
6
1
34
16
2
45
2
24
172
23
6
4
2
11
5
41
37
4
2
7
2
11
12
0
6
12
3
0
15
3
7
2
1
321
1
8
6
4
14
11
3
4
16
7
27
2
31
8
72
2
14
3
6
4
0
4
3
10
30
3
5
3
2
6
9
7
8
2
6
11
3
3
5
5
11
15
9
2
2
33
15
1
2
8
28
8
5
7
6
1
0
3
4
8
7
4
1
9
1
7
2
7
3
1
16
5
14
5
1
1
9
15
4
2
2
22
0
3
0
3
6
11
6
4
6
74
13
2
18
44
11
2
1
5
9
5
2
3
13
3
17
7
1
10
8
0
13
5
1
5
165
6
1
1
5
9
10
9
14
11
218
5
4
5
26
6
9
12
4
21
37
1
14
11
3
4
5
25
9
1
26
22
5
11
6
20
1
7
18
8
10
23
3
3
11
34
9
3
2
11
4
1
14
1
61
33
4
16
5
5
4
3
23
10
28
0
42
6
2
12
1
16
3
5
2
5
11
7
3
10
1
8
4
1
2
4
3
7
45
0
8
4
5
11
1
8
7
2
1
58
1
15
586
18
5
1
5
9
13
21
1
2
5
26
14
2
2
2
1
15
5
2
21
522
18
90
521
3
11
3
1
2
10
9
2
1
4
8
12
5
5
6
6
1
1
4
7
8
6
2
7
8
15
6
2
4
3
4
5
5
5
9
3
11
0
8
1
6
9
2
5
3
6
4
4
1
1
4
11
18
7
2
8
4
11
65
10
5
0
26
10
1
52
9
3
5
15
4
3
22
18
1
11
5
12
10
4
4
29
4
2
5
3
1
2
22
364
58
5
2
5
22
13
1
10
4
4
29
2
2
0
7
32
3
3
50
8
1
4
10
14
45
3
5
1
8
4
8
7
3
1
3
1
7
22
0
2
10
16
129
7
3
3
3
36
26
22
31
16
6
3
11
10
5
4
23
0
2
0
6
6
164
27
4
5
1
14
12
2
3
15
2
3
2
4
3
3
2
1
7
22
5
2
7
1
6
15
5
0
6
27
6
3
9
1
0
2
25
5
1
1
7
1
15
2
7
4
0
21
3
1
3
6
4
15
1
7
6
7
7
15
23
15
5
0
8
60
3
24
8
20
2
1
1
18
4
9
35
3
16
4
4
1
13
4
4
2
5
5
5
3
9
1
9
8
14
20
0
4
7
8
4
6
26
22
10
7
20
9
5
6
561
0
6
1
0
0
11
1
5
7
4
1
6
11
3
0
2
2
7
3
9
1
16
3
9
1
7
3
1
4
14
6
36
2
6
2
1
7
3
2
2
6
18
2
7
3
10
6
9
7
8
38
6
4
5
5
25
3
7
3
4
13
27
4
3
12
4
0
4
18
88
1
4
2
28
43
9
4
4
6
5
2
2
1
8
6
0
14
29
1
24
5
3
4
4
16
4
5
16
5
7
0
1
10
114
16
1
1
4
13
0
15
0
5
15
11
3
2
2
8
3
1
5
6
21
8
3
18
15
10
17
1
0
9
4
5
83
6
10
6
6
7
3
11
1
6
20
3
4
4
7
8
1
9
3
5
3
5
0
15
13
5
2
28
9
2
3
2
3
1
10
15
2
36
4
3
5
9
11
0
81
0
4
2
6
5
13
0
4
2
3
11
2
19
2
20
61
6
6
5
6
14
5
3
16
11
2
2
5
13
3
3
5
9
12
2
3
26
3
1
95
6
14
2
6
2
5
2
11
3
9
70
2
189
3
18
2
4
4
9
1
0
4
2
10
2
7
27
6
1
3
9
21
6
1
2
1
15
7
7
4
9
5
82
2
8
56
2
16
10
6
3
12
7
19
4047
8
5
11
5
1
9
3
1
1
3
3
2
2
21
6
0
9
3
12
13
21
7
3
10
4
21
4
3
11
2
1
17
3
0
0
5
1
5
3
6
2
21
10
5
7
12
20
7
10
3
5
5
5
3
157
0
6
26
8
2
14
5
2
4
1
0
15
8
6
30
23
10
1
7
12
6
0
2
3
0
0
1
4
6
15
3
5
4
3
2
13
23
10
4
10
4
63
1
8
14
7
3
4
2
13
11
16
7
6
31
3
5
3
1
4
6
67
0
6
1
8
4
6
1
18
0
4
7
3
0
3
8
2
2
2
24
15
56
16
5
606
36
10
4
2
4
14
61
1
5
11
6
34
3
419
5
1
6
2
2
0
2
265
11
8
11
7
4
5
5
10
3
6
29
20
7
7
59
6
6
2
1
10
1
6
2
2
10
3
44
4
4
2
1
2
4
3
6
11
6
22
8
2
12
1
3
1
16
127
0
2
17
2
4
29
12
1
1
12
23
7
4
6
9
2
4
4
8
1
7
5
4
48
4
5
25
9
5
2
15
9
2
1
8
7
0
6
0
9
73
2
4
4
16
18
10
7
27
2
5
50
11
3
6
0
4
13
10
8
3
14
1
3
65
11
3
1
125
5
4
8
3
5
3
8
15
0
22
4
5
0
9
9
4
2
14
13
15
5
6
4
7
1
11
8
4
3
52
2
7
13
4
3
1
15
2
3
9
0
6
5
15
2
2
15
12
9
1
1
3
2
11
2
13
13
3
5
7
39
2
14
0
9
10
69
10
311
5
3
5
0
6
1
27
4
9
5
13
10
4
2
6
3
1
6
4
9
1
4
11
28
5
2
4
18
0
2
34
5
1
1
8
12
8
3
2
8
8
6
10
4
60
0
5
7
5
8
10
6
7
7
3
24
6
0
375
8
5
45
2
2
20
3
20
10
18
4
6
10
8
28
3
9
8
30
2
11
12
10
2
11
0
3
1
16
5
884
11
6
3
3
10
6
2
2
6
33
10
13
1
2
6
13
4
37
5
9
1
9
4
1
17
19
9
7
2
8
11
4
5
1
17
23
16
39
9
4
0
9
21
4
5
7
6
3
11
3
4
6
4
6
2
1
76
1
17
3
2
13
1
14
6
3
2
2
13
26
4
2
2
3
21
4
2
3
0
5
127
25
10
2
13
3
56
3
34
4
5
1
10
0
5
0
222
0
2
2
22
3
8
9
10
2
27
4
3
12
9
14
6
15
7
7
34
54
5
3
12
1
3
11
1
8
6
0
0
12
1
1
5
80
3
9
12
2
26
1
7
2
17
7
3
5
7
35
11
16
8
11
35
7
1
1
8
7
6
1
7
8
0
1
87
3
4
10
21
9
0
3
68
9
2
5
18
8
9
6
38
4
24
10
7
5
2
4
0
13
9
4
3
7
13
1
6
4
14
6
6
6
2
3
24
128
10
4
9
5
7
20
11
6
5
1
18
12
9
2
8
5
12
2
13
12
2
2
6
6
9
7
5
6
12
0
8
5
7
5
24
5
3
21
47
5
1
14
6
20
3
21
1
5
3
3
6
0
9
17
10
5
32
3
11
0
4
4
5
2
14
3
8
77
3
4
5
9
1
15
1
11
4
407
26
2
5
0
26
2
10
7
3
3
5
96
38
9
1
7
2
2
1
37
3
5
2
6
2
4
7
8
3
2
5
4
7
16
0
6
6
21
8
15
2
21
4
12
4
4
23
2
3
2
1
1
5
3
3
9
8
6
1
12
24
0
4
5
13
10
2
1
9
5
3
8
9
3
1
13
3
2
17
5
5
4
20
4
3
9
0
11
7
11
5
3
9
1
3
8
3
2
4
7
12
197
29
1
3
5
56
8
5
6
4
10
1
5
4
147
1
10
3
51
4
11
4
7
4
48
4
47
5
7
4
5
5
4
23
7
54
2
24
26
3
7
0
2
11
7
6
2
10
14
8
6
20
4
9
0
2
1
4
3
1
6
7
8
17
3
12
21
7
3
2
12
1
16
3
2
10
8
3
7
15
23
2
4
7
1
4
2
3
5
4
18
12
1
57
5
5
9
3
4
6
23
69
8
0
1
6
4
8
1
178
11
12
10
5
2
4
0
6
6
5
2
6
10
3
8
3
15
6
1
9
8
8
3
9
26
4
2
7
7
11
2
36
1
26
14
7
1
3
16
77
43
3
9
5
17
2
4
2
1
4
4
11
5
10
25
12
67
34
7
3
2
0
7
1
9
1
0
11
7
3
6
5
2
7
2
5
8
7
7
9
1
16
7
2
16
18
3
5
7
6
0
1
1
4
2
14
17
2
3
22
9
10
17
3
2
15
19
159
10
4
4
19
3
5
7
16
1
2
1
6
4
3
6
7
13
1
1
4
0
2
8
5
3
3
2
12
23
8
5
9
11
4
2
3
7
21
16
5
8
2
15
51
3
4
5
32
0
2
10
1
11
6
8
34
11
0
1
3
7
18
5
35
0
5
17
5
6
2
1
31
7
4
1
10
1
7
8
9
9
2
12
6
3
5
3
2
6
14
56
12
4
6
25
26
1
5
108
4
47
73
1
2
0
2
14
1
5
15
0
4
2
6
15
7
4
7
1
2
2
6
23
2
3
5
0
0
1
10
6
12
4
0
22
9
8
7
6
5
0
18
8
2
13
3
31
8
8
39
1
2
13
5
44
113
1
5
5
6
6
6
27
25
2
3
4
24
6
8
8
4
13
3
5
5
1
28
11
0
54
4
2
40
1
5
8
1
19
7
2
3
5
0
2
27
7
5
45
4
11
12
4
2
17
4
24
10
54
1
7
4
15
16
7
68
18
2
2
2
0
1
4
7
3
14
18
6
5
16
3
0
2
5
4
1
10
7
17
9
4
5
5
8
3
6
4
9
54
9
15
4
3
8
5
5
4
8
2
23
7
23
18
27
3
7
6
2
7
7
1
12
1
3
18
12
14
12
9
0
9
3
5
5
0
9
8
6
8
12
2
4
5
1
16
3
2
15
5
7
67
3
9
13
14
1
43
4
7
0
11
3
5
225
10
5
8
6
2
45
24
4
14
26
10
25
1
3
2
11
3
15
19
1
2
11
7
2
9
1
12
7
4
5
7
9
10
27
3
10
12
11
58
3
1
2
3
1
3
7
1
3
16
16
23
7
10
1
3
48
0
1
3
16
6
1
2
13
3
20
13
3
3
1
2
4
14
15
3
13
58
9
14
38
11
0
46
8
3
4
11
83
1
8
5
5
8
201
1
1
2
8
7
1
2
3
16
12
6
13
3
13
2
6
6
1
25
3
2
7
5
18
8
6
1
3
23
1
25
10
9
5
14
3
44
25
0
8
22
6
4
2
42
4
12
5
2
2
1
6
58
4
8
1
9
13
11
7
4
9
1
6
2
0
2
11
5
27
10
18
0
3
5
18
10
1
44
5
8
941
21
2
2
1
6
2
4
2
5
3
0
46
1
12
3
1
16
53
5
3
9
58
16
10
7
20
2
2
14
14
1
9
1
13
3
2
1
57
9
4
25
78
1
4
7
4
1
8
10
3
3
53
1
5
20
81
15
30
53
1
2
7
6
4
4
0
3
6
16
7
4
2
9
5
3
1
2
8
17
7
23
6
0
7
9
11
1
12
2
4
6
2
8
13
3
2
4
9
7
5
80
16
5
2
13
3
9
3
9
545
3
2
5
5
5
8
8
7
9
2
2
8
1
5
7
3
10
1
15
1
2
3
0
3
15
1
4
4
1
4
4
8
9
2
5
4
54
6
0
14
3
12
6
3
10
5
0
5
14
138
3
3
1
2
19
7
13
7
390
0
3
14
1
2
4
9
1
54
9
4
11
18
4
2
6
2
1
3
1
3
3
1
0
3
11
1
1
0
34
7
7
7
5
40
7
6
3
3
4
10
0
2
31
4
19
7
2
2
1
1
9
2
0
23
41
20
48
10
4
36
4
10
4
22
6
11
13
14
19
9
5
18
4
1
7
5
2
6
2
3
8
38
21
5
3
6
6
3
8
2
14
68
6
3
1
201
6
4
2
6
7
2
32
13
9
29
0
7
8
5
8
9
4
3
0
30
2
6
23
6
6
349
1
10
4
2
5
5
44
6
0
1
3
14
3
0
2
10
0
6
1
3
5
0
3
17
7
4
3
5
81
2
4
3
2
0
1
4
14
7
8
1
3
16
26
10
4
8
6
0
9
160
3
15
8
0
9
1
2
12
6
7
9
2
17
1
7
3
2
3
0
13
8
4
3
2
7
1
13
6
4
9
3
5
293
41
3
2
17
4
8
3
3
6
1
6
7
42
4
7
4
30
9
0
3
1
9
1
1
50
11
18
0
11
0
8
7
4
9
5
5
7
11
21
0
1
6
22
12
41
1
1
7
8
3
6
12
15
1
2
3
7
3
5
4
0
2
5
0
2
3
0
1
5
9
7
17
5
3
5
3
81
2
4
3
1
3
15
4
10
1
7
12
12
17
11
3
2
1
5
0
5
4
30
60
7
5
9
47
6
6
14
4
3
2
16
2
5
10
40
6
42
0
1
0
1
4
8
66
2
4
8
3
14
3
2
13
8
3
1
5
22
4
3
2
5
4
2
5
33
12
3
46
9
8
15
5
2
5
5
0
19
1
16
7
41
7
6
5
4
33
7
5
0
42
13
10
2
10
11
2
40
2
6
13
4
6
12
3
60
12
5
2
0
3
3
1
1
5
12
9
14
0
8
24
7
7
1
12
10
0
4
3
13
7
4
5
7
13
18
3
5
37
5
0
2
5
50
0
1
6
6
1
1
20
7
16
5
7
2
15
3
3
19
10
10
17
34
6
7
5
3
10
20
9
12
13
8
2
2
3
4
1
10
4
5
8
3
3
12
2
8
10
20
14
0
7
9
1
13
3
3
7
6
6
8
2
3
6
2
2
3
11
6
9
3
1
5
0
3
4
6
3
2
3
11
43
8
22
4
2
4
8
7
21
3
6
5
7
17
6
5
4
5
1
14
11
23
4
2
2
2
2
9
32
4
9
2
6
36
2
4
1
7
0
160
3
5
2
1
3
3
2
1
1
22
4
40
8
12
1
24
28
0
5
12
12
4
6
0
3
3
17
3
6
7
6
3
21
168
2
6
7
3
18
1
9
1
4
10
3
10
9
6
2
3
4
3
108
9
5
3
2
4
2
6
10
4
1
4
9
21
8
12
3
8
7
1
2
22
2
23
2
5
5
12
3
3
1
7
2
3
11
8
18
3
2
1
3
6
4
0
3
5
4
5
3
22
4
