3
67
0
2
2
1
0
1
1
12
5
6
1
2
11
22
9
4
4
2
0
7
146
2
8
8
0
7
0
2
10
4
7
7
0
16
1
6
2
2
2
10407
0
27
28
0
2
10
4
3
3
1
6
6
3
5
5
68
16
6
13
3
3
3
0
1
5
12
6
6
0
4
1
49
7
6
3
3
3
2
3
0
3
14
5
5
2
4
14
5
4
24
5
2
88
2
8
1
1
3
2
19
1
2
0
5
2
1
1
9
1
10
7
8
7
6
8
2
9
3
4
1
4
7
3
2
2
4
9
10
0
2
3
8
2
2
5
31
3
2
8
4
10
4
1
0
5
11
7
5
10
2
3
1653
1
2
8
0
7
2
2
1
4
5
4
3
9
1
3
8
9
4
0
5
2
0
0
1
4
4
1
9
10
2
0
11
13
11
0
4
5
7
0
5
5
10
3
0
7
3
2
3
2
16
2
3
10
1
22
7
5
19
10
3
13
7
94
3
1
1
10
0
5
3
5
15
3
1
6
0
2
7
129
1
15
20
13
4
2
2
4
2
3
3
6
6
0
5
8
1
6
20
2
2
15
8
5
23
49
3
3
2
9
6
11
38
4
10
4
100
12
3
19
0
2
25
0
3
8
1
6
8
8
4
1
8
7
7
100
0
5
1
27
1
9
8
19
14
2
0
4
2
0
24
1
4
13
32
6
4
1
6
5
2
2
13
1
6
4
0
3
2
14
0
1
4
3
4
24
0
0
2
4
8
7
0
8
11
18
8
9
5
19
4
4
2
1
0
8
1
0
3
9
7
15
9
1
8
0
1
4
4
3
0
3
1
3
4
86
1
9
12
4
3
6
3
2
7
1
0
48
5
1
1
6
9
208
4
1
1
11
5
25
3
2
0
2
5
9
11
2
4
0
3
4
0
8
4
3
18
1
3
4
15
3
0
5
1
2
4
10
0
1
0
2
1
5
9
19
7
8
4
2
8
18
6
3
12
4
37
11
1
5
2
0
2
3
1
1
1
96
1
9
0
1
2
12
66
39
21
3
50
1
7
24
2
5
6
38
4
5
5
3
14
0
3
12
6
4
4
66
0
0
7
8
0
9
0
1
4
1
27
4
6
9
3
6
4
17
3
3
67
0
2
2
1
0
1
1
12
5
6
1
2
11
22
9
4
4
2
0
7
146
2
8
8
0
7
0
2
10
4
7
7
0
16
1
6
2
2
2
10407
0
27
28
0
2
10
4
3
3
1
6
6
3
5
5
68
16
6
13
3
3
3
0
1
5
12
6
6
0
4
1
49
7
6
3
3
3
2
3
0
3
14
5
5
2
4
14
5
4
24
5
2
88
2
8
1
1
3
2
19
1
2
0
5
2
1
1
9
1
10
7
8
7
6
8
2
9
3
4
1
4
7
3
2
2
4
9
10
0
2
3
8
2
2
5
31
3
2
8
4
10
4
1
0
5
11
7
5
10
2
3
1653
1
2
8
0
7
2
2
1
4
5
4
3
9
1
3
8
9
4
0
5
2
0
0
1
4
4
1
9
10
2
0
11
13
11
0
4
5
7
0
5
5
10
3
0
7
3
2
3
2
16
2
3
10
1
22
7
5
19
10
3
13
7
94
3
1
1
10
0
5
3
5
15
3
1
6
0
2
7
129
1
15
20
13
4
2
2
4
2
3
3
6
6
0
5
8
1
6
20
2
2
15
8
5
23
49
3
3
2
9
6
11
38
4
10
4
100
12
3
19
0
2
25
0
3
8
1
6
8
8
4
1
8
7
7
100
0
5
1
27
1
9
8
19
14
2
0
4
2
0
24
1
4
13
32
6
4
1
6
5
2
2
13
1
6
4
0
3
2
14
0
1
4
3
4
24
0
0
2
4
8
7
0
8
11
18
8
9
5
19
4
4
2
1
0
8
1
0
3
9
7
15
9
1
8
0
1
4
4
3
0
3
1
3
4
86
1
9
12
4
3
6
3
2
7
1
0
48
5
1
1
6
9
208
4
1
1
11
5
25
3
2
0
2
5
9
11
2
4
0
3
4
0
8
4
3
18
1
3
4
15
3
0
5
1
2
4
10
0
1
0
2
1
5
9
19
7
8
4
2
8
18
6
3
12
4
37
11
1
5
2
0
2
3
1
1
1
96
1
9
0
1
2
12
66
39
21
3
50
1
7
24
2
5
6
38
4
5
5
3
14
0
3
12
6
4
4
66
0
0
7
8
0
9
0
1
4
1
27
4
6
9
3
6
4
17
3
1
6
0
12
7
6
5
2
12
5
4
8
3
43
13
6
1
11
10
1
10
73
2
2
5
0
3
3
4
0
4
4
6
6
35
23
764
2
25
4
0
5
4
27
5
6
1
0
1
0
22
2
1
8
1
3
4
0
8
3
2
7
1
6
33
15
2
6
8
4
3
51
5
10
9
11
10
2
4
4
3
4
1
0
20
9
16
3
1
4
15
1
13
0
47
1
5
0
16
4
26
1
2
24
22
1
26
3
6
4
7
1
1
18
2
16
11
0
5
9
4
75
0
1
3
2
4
3
10
1
7
7
2
28
10
6
1
4
1
14
6
40
6
1
5
4
5
3
4
1
6
13
0
18
30
3
0
0
1
1
6
20
8
2
71
4
8
2
0
10
6
3
9
7
2
1
22
3
5
0
2
2
4
3
4
0
0
20
4
4
9
6
1
4
68
4
3
1
12
9
17
1
6
8
1
4
3
1
5
5
0
3
8
1
5
20
8
4
1
1
3
0
26
3
2
70
1
0
4
3
0
12
1
10
58
0
10
26
2
2
1
14
51
8
9
1
3
9
3
12
2
2
3
9
2
7
5
21
5
25
3
17
6
1
7
7
3
326
72
0
6
0
16
2
4
9
1
2
6
5
7
10
14
7
4
23
0
13
2
14
6
1
0
9
4
12
6
4
16
3
7
11
2
1
1
3
6
1
5
0
11
1
9
5
4
1
0
0
36
13
0
2
0
6
6
3
3
1
4
5
0
5
5
2
11
3
6
2
4
7
1
5
3
5
4
1
9
2
2
3
0
1
5
11
0
0
1
9
5
13
2
5
8
3
7
2
4
5
0
3
0
5
0
4
0
2
0
2
3
4
1
14
0
13
3
1
1
0
2
2
17
2
1
1
5
14
8
2
1
8
4
11
9
0
10
2
4
11
23
2
6
4
1
4
2
3
10
9
1
8
2
9
5
3
1
0
8
2
2
4
2
7
9
13
14
2
8
1
4
1
16
98
5
1
3
6
3
0
2
3
4
142
2
1
1
0
12
4
7
6
1
7
12
4
1
7
5
6
26
32
106
22
5
1
3
1
3
36
5
8
41
1
3
7
2
2
2
1
0
0
3
6
3
6
7
0
0
8
52
3
5
31
8
3
1
4
1
2
9
1
9
2
0
3
0
17
4
1
1
2
12
1
2
2
4
2
7
5
4
11
3
0
9
7
2
6
0
1
2
7
0
5
0
0
6
7
4
12
4
2
6
3
1
7
32
1
1
4
6
2
1
10
8
3
1208
1
2
4
4
5
0
6
233
0
0
19
9
2
49
0
0
2
7
3
3
45
0
2
5
1
0
5
4
14
4
6
8
2
0
5
6
4
11
4
1
5
2
16
7
2
1
2
7
2
9
4
9
3
2
3
6
1
0
0
1
22
4
3
9
11
5
3
39
1
4
1
5
1
1
3
2
0
3
381
7
4
28
20
6
0
3
3
22
2
1
0
3
0
14
2
9
14
1
0
3
12
17
1
5
2
5
20
6
18
11
9
3
10
3
0
1
2
3
7
4
7
19
1
22
5
1
1
0
0
4
1
26
1
3
4
2
23
33
1
0
54
3
4
0
3
0
7
11
20
17
5
5
0
10
3
20
1
2
1
3
9
16
3
39
1
7
10
5
6
11
16
5
3
29
0
7
1
20
0
4
2
1
12
2
4
1
12
0
4
5
13
9
4
5
2
1
3
2
21
5
5
0
5
17
1
2
3
4
12
145
1
30
1
2
5
0
6
2
12
4
6
5
4
1
2
3
1
12
5
1
7
14
15
6
21
12
6
0
2
7
2
5
7
8
3
1
3
4
2
6
1
9
17
6
1
1
3
1
13
6
7
13
1
2
7
5
5
165
2
6
0
3
6
1
17
11
3
17
0
3
0
8
1
6
10
3
4
13
5
4
5
2
0
8
2
1
2
0
5
1
0
3
5
0
70
10
2
2
3
2
8
2
2
3
4
0
9
6
3
4
7
8
10
4
9
1
9
10
2
2
2
5
2
10
8
2
6
10
1
3
11
6
7
0
2
1
5
1
5
5
1
2
111
0
1
1
2
2
3
0
1
12
3
7
1
0
244
0
2
2
3
16
2
5
0
35
5
11
2
8
3
12
7
1
8
2
8
1
2
5
6
6
8
2
76
1
2
7
4
1
1
6
3
2
3
1
1
1
75
5
13
1
30
23
3
2
4
5
0
2
14
3
178
5
1
5
1
0
6
6
5
7
0
8
3
2
19
5
8
20
3
6
2
2
2
5
5
6
11
0
5
4
6
22
8
5
3
2
0
6
2
0
0
2
15
39
2
7
2
0
0
3
4
2
4
8
2
10
20
7
1
27
1
4
1
3
1
2
2
0
1
81
4
1
46
6
4
3
1
1
1
0
2
8
41
9
2
3
0
3
26
1
1
2
1
4
14
4
0
5
1
3
7
2
2
5
2
1
13
2
31
1
0
1
166
16
4
4
3
13
8
39
7
16
22
0
1
7
1
1
9
0
17
5
1
6
0
8
5
2
2
0
10
11
4
21
1
1
1
5
0
7
2
1
4
0
10
3
0
1
4
98
30
1
3
2
3
0
0
0
7
9
20
10
6
15
13
10
2
4
2
11
7
2
10
0
3
9
13
0
2
0
5
7
14
20
3
1
1
1
4
17
2
0
8
14
0
2
68
64
18
11
4
16
4
5
0
2
10
9
10
35
190
0
6
1
10
6
7
5
3
3
7
5
3
2
15
0
4
1
0
12
3
4
2
1
3
16
6
2
3
2
10
2
5
146
1
8
6
41
13
1
0
0
9
5
6
8
1
7
3
0
1
2
29
6
3
5
2
4
0
18
5
7
18
4
0
6
2
0
99
6
5
7
11
24
29
3
1
1
119
4
7
28
1
3
6
1
11
1
3
1
6
4
2
2
4
1
14
15
0
1
2
90
0
1
1
4
5
4
30
1
10
27
8
0
4
6
2
6
4
0
1
2
4
1
1
2
4
2
4
2
23
5
25
3
49
5
3
12
4
3
3
1
1
4
1
6
1
8
5
6
3
9
3
2
13
3
3
0
3
2
0
13
19
44
4
4
19
3
1
18
51
1
9
12
5
2
4
10
14
6
8
5
2
12
3
4
3
1
3
2
1
3
29
16
4
9
2
61
5
2
3
3
1
4
19
5
10
2
3
4
27
1
7
0
10
3
53
0
5
24
2
5
12
0
13
3
0
5
2
7
10
9
17
1
5
3
1
21
2
0
34
2
12
4
0
0
12
8
26
17
1
0
6
0
4
2
4
564
2
1
13
2
7
5
3
8
7
1
5
2
5
274
4
8
4
7
4
1
2
4
1
2
17
14
1
1
4
1
1
2
6
3
2
8
4
11
1
1
2
13
1
0
2
0
9
1
0
6
74
1
5
2
1
7
2
3
1
2
2
87
2
9
7
4
36
11
2
12
7
3
3
0
2
0
7
4
8
18
7
0
2
16
3
36
21
1
3
1
0
9
1
4
7
10
0
2
4
3
10
4
3
4
13
2
3
0
8
8
6
22
4
4
1
3
1
6
7
7
4
7
6
1
3
5
7
3
2
16
51
3
2
8
12
2
21
45
16
1
2
4
2
2
3
3
0
1
3
3
0
5
3
0
8
2
2
2
2
7
9
1
4
3
2
5
7
6
13
19
1
2
8
5
2
245
3
6
4
6
12
9
0
4
1
6
4
0
1
6
2
6
1
2
10
3
4
1
8
0
26
4
1
0
3
38
17
1
3
5
3
47
2
3
2
1
10
11
6
2
0
0
3
3
6
8
0
1
24
2
61
4
34
8
11
1
4
0
11
6
3
12
9
2
8
9
2
0
1
74
3328
1
1
1
5
4
0
4
6
7
5
1
2
4
6
12
1
7
18
0
141
1
0
3
4
20
4
0
12
7
2
36
1
5
0
0
10
2
0
91
9
4
31
1
0
1
5
2
15
3
5
0
6
6
6
2
3
10
4
6
2
4
0
16
4
21
4
2
4
2
2
25
7
3
1
1
39
7
1
5
4
1
8
2
4
1
19
2
3
2
3
4
7
6
4
39
4
3
2
0
6
25
11
0
10
6
118
7
7
0
1
1
3
23
211
0
6
3
0
7
0
1
5
4
2
5
7
1
4
0
53
1
7
5
111
0
10
3
4
10
14
3
9
10
10
5
2
2
0
2
0
5
2
5
12
3
2
1
2
117
3
9
3
0
0
8
1
6
2
0
65
21
1
4
8
0
5
3
1
4
3
3
36
3
0
7
9
17
11
4
40
7
0
20
3
1
5
4
4
4
3
30
3
5
10
12
12
3
4
2
12
2
4
2
91
3
15
5
0
4
3
3
2
4
17
1
2
7
10
1
1
32
7
22
9
1
3
3
1
14
10
0
14
3
12
1
6
2
1
18
2
1
6
52
1
3
5
1
15
5
28
1
6
2
1
3
0
1
23
5
8
9
16
21
5
4
1
7
3
10
4
18
4
2
61
5
1
3
3
65
3
12
4
1
3
6
5
8
1
2
10
1
4
1
7
0
9
8
3
1
55
3
20
4
0
4
5
10
0
5
5
0
3
2
55
0
0
6
3
9
3
54
2
4
1
4
5
52
2
1
12
8
3
1
0
0
0
11
5
9
2
4
18
2
0
39
1
33
4
0
15
9
2
4
6
5
10
5
4
24
0
6
21
2
20
28
0
4
7
1
4
7
10
4
0
3
18
13
3
3
1
1
6
6
1
9
4
10
1
2
3
4
2
1
8
4
13
0
10
14
5
74
66
13
2
0
1
2
1
1
5
3
4
332
3
69
15
6
28
2
11
6
7
20
6
7
10
2
2
8
2
23
3
1
3
20
2
223
4
0
9
0
10
24
843
5
9
8
0
14
2
7
5
60
56
2
15
2
3
9
119
6
11
8
53
7
13
11
3
4
68
7
8
59
3
14
0
2
9
3
15
10
7
0
4
3
0
2
7
2
2
9
3
7
1
3
13
2
3
3
7
159
10
7
4
41
4
2
0
2
46
5
9
2
5
1
11
2
2
1
12
58
2
2
1
0
0
4
2
6
2
1
5
0
5
1
26
14
33
5
19
9
2
1
4
11
4
4
1
1
14
11
21
1
74
3
1
1
3
1
1
1
13
7
5
6
8
1
0
16
6
4
3
4
1
32
0
10
24
9
0
5
3
4
0
1
12
15
2
0
2
6
2
2
1
5
2
10
24
2
4
6
0
2
2
4
3
2
4
2
1
2
18
9
10
4
0
7
4
15
7
25
6
11
13
1
6
6
3
3
7
5
2
0
1
12
5
1
5
141
13
48
0
2
4
38
5
3
5
5
4
12
3
4
4
1
3
23
5
5
5
3
3
4
9
53
9
17
2
8
6
3
6
16
5
6
0
5
16
1
1
1
11
4
3
17
1
2
31
2
20
0
2
1
5
0
2
6
7
1
2
4
25
1
2
1
641
2
1
12
2
7
4
6
9
7
3
9
1
10
12
2
1
6
8
36
11
2
59
28
11
7
3
2
7
3
6
87
6
1
4
2
1
5
9
4
7
3
1
20
28
2
4
5
4
3
1
3
4
1
0
3
1
0
37
11
0
35
3
9
8
12
1
3
5
90
3
19
2
1
8
0
1
4
6
4
49
1
2
4
3
3
4
4
0
5
2
2
1
8
4
11
4
41
75
7
27
3
5
4
1
10
4
1
4
0
2
1
4
1
6
4
6
24
24
2
2
3
1
158
1
35
44
3
4
4
5
0
2
6
8
74
33
0
12
4
6
17
5
3
2
2
0
0
20
1
1
1
26
9
6
5
15
6
12
26
0
0
6
19
21
6
5
1
9
45
8
2
4
2
2
10
12
3
1
4
8
6
3
11
4
0
4
4
17
3
7
4
69
1
4
2
20
5
6
11
3
2
0
2
9
5
11
4
1
3
4
2
12
12
1
0
1
6
2
2
0
3
11
8
22
4
0
0
6
5
6
1
3
1
19
2
9
530
3
1
5
10
3
5
7
0
25
6
9
19
19
8
8
23
6
23
4
26
5
11
13
15
3
5
2
1
0
18
7
1
1
3
0
0
2
7
3
7
2
0
3
1
5
4
3
15
1
5
5
5
1
2
4
1
2
6
2
2
5
1
2
4
4
9
5
45
18
2
1
3
9
11
5
1
2
7
4
21
15
11
5
9
0
4
2
2
4
4
5
4
2
4
5
2
11
2
5
1
2
9
3
5
1
1
1
5
9
3
6
3
0
1
3
18
7
2
9
2
3
3
2
3
24
37
6
5
3
2
5
16
20
2
2
21
23
2
1
7
2
1
4
6
0
5
8
6
12
6
4
14
14
20
8
8
2
10
3
0
2
2
5
2
5
9
20
8
5
2
1
3
0
23
13
11
24
1
2
4
1
2
6
30
28
3
4
3
5
6
8
1
14
1
6
56
0
7
2
8
18
2
7
5
2
19
11
7
4
0
2
5
11
6
7
4
5
4
3
23
1
1
2
0
5
1
1
6
3
6
10
14
1
1
0
0
14
5186
8
3
3
3
6
18
2
1
2
5
3
2
52
10
8
2
1
2
6
4
3
13
11
19
7
2
4
6
2
14
4
7
2
4
8
2
31
3
1
7
3
3
2
3
2
11
18
5
2
3
2
4
1
3
16
3
16
0
10
0
0
12
4
1
10
27
0
2
1
4
1
2
4
4
5
3
1
1
6
9
7
7
2
1
31
10
2
4
5
22
3
2
6
0
14
6
0
20
5
6
4
1
5
10
3
9
1
6
4
5
3
8
2
5
2
6
16
6
3
10
8
36
7
1
8
8
2
3
0
5
2
11
2
1
4
0
1
5
21
6
8
28
33
11
0
3
1
7
6
3
22
0
2
27
9
7
50
4
8
27
8
0
1
2
1
12
7
3
5
5
6
2
19
1
6
1
8
4
3
12
0
5
13
2
3
30
8
3
2
8
10
37
0
2
0
13
2
3
1
4
0
3
0
48
33
1
2
0
24
3
4
11
4
6
10
3
3
4
13
11
3
10
2
3
60
24
3
6
2
61
1
4
16
7
2
2
2
7
0
239
4
2
7
1
3
3
0
5
49
2
21
1
0
6
0
3
16
18
66
1
3
2
8
1
21
2
13
3
1
13
614
3
29
4
3
2
1
1
3
0
9
2
16
8
1
5
0
19
2
9
8
14
15
29
5
1
2
6
0
2
78
0
4
2
3
9
2
5
1
17
7
4
3
0
14
5
2
0
2
1
39
1
3
4
10
5
2
7
1
74
5
7
19
4
1
1
0
4
0
2
2
5
8
2
0
3
177
7
19
3
2
4
2
24
9
9
1
7
5
37
1
5
3
9
0
3
3
27
3
4
6
3
6
0
17
44
9
2
1
3
0
5
26
0
0
1
1
0
1
4
22
5
1
2
3
4
0
13
1
1
25
1
10
2
3
1
1
0
2
3
11
1
9
7
20
4
2
0
2
7
14
1
2
43
7
9
2
1
13
14
25
16
7
3
1
4
5
2
0
0
2
4
16
11
1
0
5
2
2
4
3
0
73
1
12
3
17
10
3
3
3
20
1
3
3
6
8
3
24
24
0
1
16
2
11
36
15
1
3
1
2
2
2
2
0
4
3
1
0
3
3
36
2
2
28
4
2
2
0
0
1
0
1
7
2
4
17
1
9
2
1
1
4
10
2
4
1
1
2
4
12
6
62
5
3
0
8
11
7
2
1
6
1
11
1
4
20
2
2
64
36
2
2
6
0
2
2
6
0
4
4
10
11
4
18
1
2
0
1
2
14
15
6
10
3
7
10
0
4
9
43
0
5
0
19
11
11
3
20
7
3
65
3
5
5
10
3
4
5
5
4
3
2
6
8
8
2
4
11
8
3
2
31
11
1
2
0
3
9
1
3
230
4
2
4
1
1
1
2
3
14
4
7
18
0
2
4
8
4
14
3
27
3
2
3
8
8
3
10
0
1
4
10
3
4
4
4
3
18
41
10
5
0
3
5
4
1
6
3
2
89
1
3
11
9
9
45
11
2
3
4
3
9
2
2
18
38
5
4
13
1
67
0
3
7
0
14
6
7
6
4
19
3
23
3
9
1
3
15
1
0
1
26
5
6
4
1
1
3
0
7
2
33
1
0
2
779
4
2
1
6
3
7
16
2
5
7
2
2
6
5
3
0
11
11
2
6
4
2
6
3
10
13
2
1
8
9
0
5
1
1
13
2
1
3
4
29
0
2
5
1
1
24
10
1
7
163
4
0
0
14
12
2
1
3
4
1
7
3
4
0
9
6
1
13
3
13
82
3
6
36
1
6
5
19
9
28
14
15
1
0
1
8
0
4
1
7
2
3
5
62
2
6
3
9
1
1
2
2
1
8
12
1
23
5
3
1
3
14
0
2
9
7
7
0
5
742
4
0
1
5
5
3
8
13
39
23
1
23
23
1
2
2
2
4
0
10
7
10
3
4
8
31
22
0
3
0
1
9
4
61
0
7
0
2
2
87
7
1
13
5
3
29
91
0
21
1
6
1
3
9
12
32
1
2
22
1
1
3
2
2
2
1
17
8
0
2
3
37
7
6
2
8
0
1
3
6
9
4
0
0
2
0
26
0
2
2
1
2
7
13
3
5
4
2
2
1
4
11
3
1
0
9
8
3
14
4
1
10
2
7
26
1
0
3
0
1
49
4
4
1
9
0
1
2
46
8
10
0
30
1
5
12
1
3
1
0
18
7
1
2
3
1
10
5
0
1
5
0
4
21
1
3
1
1
4
9
27
3
3
7
2
1
3
2
31
7
8
1
7
2
5
9
2
8
6
17
14
0
6
4
3
4
15
15
1
61
27
0
15
6
6
2
11
3
1
3
10
4
19
1
2
26
5
1
4
9
3
14
0
18
2
6
152
0
0
2
11
8
8
2
7
4
1
3
3
1
2
100
6
7
8
2
16
0
6
2
4
5
46
8
2
15
23
38
1
5
3
1
17
6
3
3
4
0
3
3
6
1
0
36
9
15
8
1
6
1
8
1
1
33
12
4
1
2
21
4
4
8
2
2
34
10
1
5
0
0
0
1
5
6
6
33
1
3
4
5
2
4
4
21
2
0
3
1
0
0
3
3
36
9
3
2
1
1
10
5
6
0
9
4
3
15
0
2
7
8
3
125
37
5
0
4
5
25
3
3
0
10
8
3
22
2
4
10
7
9
26
64
15
7
0
5
216
2
1
2
310
1
8
1
2
0
2
2
5
1
19
4
20
1
10
3
14
23
0
15
175
0
14
2
1
0
3
4
208
5
0
1
0
5
7
4
7
0
6
1
153
7
10
2
12
10
46
12
0
12
1
2
8
4
9
4
2
4
15
62
6
9
7
12
0
700
3
15
50
105
3
6
7
14
15
12
8
6
21
28
2
1
2
10
33
1
3
6
1
28
3
1
13
3
37
6
2
0
3
3
11
7
3
2
0
4
4
4
17
0
5
1
5
1
3
3
2
24
2
3
0
1
3
2
2
0
7
5
5
0
0
15
4
1
0
0
2
7
21
12
5
1
7
34
5
3
37
11
6
0
6
13
4
4
4
5
7
2
13
5
2
2
15
0
1
31
8
1
5
14
0
8
6
12
23
24
12
1
30
5
2
37
9
6
2
2
4
2
3
4
9
3
1
2
6
3
15
0
4
3
3
295
13
0
3
3
11
0
8
2
15
0
0
58
3
5
5
5
0
0
7
2
6
4
2
2
17
1
5
12
47
4
33
0
3
13
5
1
1
1
4
1
134
0
7
2
1
0
12
2
2
3
8
0
4
17
1
1
1
2
0
3
1
1
20
2
11
19
3
1
5
33
4
1
29
13
1
35
1
18
147
17
4
2
1
7
3
35
33
2
1
5
2
7
9
0
2
9
0
0
13
0
3
1
0
303
1
4
3
4
10
8
3
2
14
6
25
2
27
4
64
1
12
2
5
2
0
1
3
9
29
2
4
3
1
6
7
5
6
1
4
9
3
1
5
3
8
13
8
1
1
32
14
1
2
5
27
6
3
6
5
0
0
1
3
4
6
3
1
6
0
6
0
5
2
1
13
4
11
4
1
1
7
14
3
1
1
19
0
3
0
2
5
11
3
4
4
62
11
1
12
40
5
2
0
5
7
4
0
1
8
3
12
4
1
7
7
0
11
3
0
1
153
2
1
0
4
8
6
5
9
9
202
2
4
3
19
3
7
10
2
15
31
0
12
9
2
2
3
24
6
0
23
19
4
10
6
20
1
4
11
5
8
20
2
1
11
29
4
1
1
5
3
0
13
0
54
27
4
14
4
5
1
1
17
6
25
0
36
5
2
8
0
14
3
4
1
5
8
4
3
8
1
6
4
0
2
2
3
7
32
0
4
2
4
9
0
5
7
2
1
53
0
13
532
15
2
1
2
5
11
17
0
1
3
24
10
2
2
0
1
11
2
2
19
474
9
85
507
3
5
3
1
2
9
7
0
1
3
5
10
2
3
4
5
1
1
3
4
4
5
0
4
8
14
6
1
3
2
2
3
5
3
6
3
8
0
6
0
3
8
1
3
3
5
1
4
0
0
3
10
15
6
1
5
4
8
56
5
3
0
22
8
1
48
7
3
4
13
4
3
19
13
1
5
4
10
5
3
3
22
2
2
2
2
0
2
21
342
45
3
1
3
15
12
1
8
4
1
23
0
2
0
6
26
3
3
46
7
0
3
7
11
33
2
2
0
8
2
7
5
0
0
2
0
6
16
0
2
8
14
118
5
2
2
3
35
25
16
24
12
3
3
9
6
4
3
23
0
2
0
3
5
153
21
2
4
1
12
10
1
1
12
1
2
1
3
2
2
1
1
7
19
5
2
5
1
4
9
2
0
1
22
4
3
8
0
0
0
22
3
1
1
5
1
13
1
6
2
0
18
1
1
3
4
4
14
1
6
2
5
6
13
22
13
4
0
2
54
0
20
6
17
1
0
1
14
4
8
25
1
9
3
4
1
7
4
3
0
3
5
5
2
8
1
9
7
10
14
0
3
5
4
3
6
24
18
9
5
18
7
4
5
515
0
6
1
0
0
9
1
3
4
3
1
4
7
3
0
2
2
5
3
7
1
12
2
6
0
6
2
0
2
14
3
29
1
4
2
1
5
3
1
1
4
14
1
6
3
9
5
6
4
7
33
3
3
2
4
21
2
5
0
4
10
23
3
0
9
2
0
3
12
78
1
1
0
23
35
7
2
3
5
3
2
2
0
8
6
0
8
22
1
19
4
2
3
3
14
3
5
13
3
4
0
0
8
106
14
0
0
2
7
0
13
0
4
13
10
1
1
1
6
1
1
5
4
19
7
3
14
11
7
11
1
0
7
4
2
76
6
7
5
5
6
1
11
1
4
18
2
2
4
6
6
1
6
2
3
2
2
0
11
10
4
1
25
9
1
1
1
2
1
9
14
2
30
1
1
4
7
7
0
76
0
4
2
4
2
12
0
3
2
2
7
2
14
1
19
55
5
2
5
6
12
2
3
14
8
2
1
4
8
3
3
4
7
11
2
1
24
1
1
85
6
12
1
6
0
4
2
9
3
6
65
0
172
3
14
1
3
3
8
0
0
4
0
8
2
6
21
5
1
1
6
18
5
0
1
1
10
5
4
3
6
5
76
1
7
51
1
15
7
1
2
10
5
14
3793
8
4
10
3
0
8
3
0
0
1
2
0
1
16
5
0
7
2
9
9
19
4
1
9
1
19
3
0
9
2
1
12
3
0
0
2
1
5
3
4
1
17
6
3
5
10
12
5
8
2
3
3
4
1
135
0
6
23
7
1
11
4
1
3
0
0
12
6
4
24
21
10
1
5
9
6
0
1
2
0
0
0
4
4
11
1
4
2
2
0
10
22
8
3
8
4
52
0
8
8
5
3
4
1
11
10
13
3
5
27
2
3
1
1
3
4
57
0
1
1
6
3
5
1
13
0
1
4
1
0
1
8
1
2
2
21
10
50
15
3
553
30
6
1
1
4
12
55
1
4
10
6
29
3
385
4
1
5
1
2
0
1
237
8
7
9
5
4
3
4
7
3
5
26
15
6
6
54
4
6
2
1
8
1
5
1
0
9
2
41
4
3
2
0
1
4
2
5
6
4
21
6
1
9
0
1
1
16
113
0
2
11
1
3
26
10
1
0
11
19
7
3
6
6
1
4
2
5
1
6
4
3
48
3
4
22
7
2
0
14
8
1
0
5
5
0
5
0
8
65
1
3
3
15
16
7
5
23
2
2
48
10
3
5
0
2
7
10
5
2
12
1
3
57
5
1
1
115
4
3
5
3
5
3
8
11
0
17
3
4
0
6
5
4
0
14
13
10
1
5
3
6
1
9
7
2
2
40
1
5
9
3
1
1
10
2
1
7
0
5
4
9
1
2
14
8
8
0
0
2
1
9
1
10
10
0
2
5
31
0
10
0
7
7
59
8
286
3
2
5
0
2
1
23
2
9
2
8
9
3
1
5
2
0
4
4
6
1
4
6
23
3
1
4
16
0
1
29
2
1
0
6
10
7
3
1
5
5
5
9
4
48
0
5
4
4
6
8
5
7
4
1
19
4
0
339
7
5
37
0
1
18
3
12
7
17
1
1
9
4
25
2
9
6
25
1
11
11
6
1
8
0
2
1
15
4
837
8
5
3
3
9
4
2
1
5
25
8
9
0
2
5
7
3
33
4
8
0
6
3
0
16
17
6
5
1
6
10
3
2
0
14
21
13
36
9
2
0
5
16
3
3
6
6
1
11
2
3
4
2
5
2
0
70
1
13
1
1
11
1
9
4
2
0
2
11
21
2
1
0
3
19
3
2
2
0
5
108
22
9
2
6
3
49
3
32
4
3
0
8
0
4
0
197
0
1
0
19
1
7
9
6
1
19
2
1
9
4
13
4
14
5
5
30
50
3
0
7
1
1
8
1
7
5
0
0
10
0
1
3
72
1
7
11
1
21
1
6
1
14
6
3
4
4
26
7
15
5
6
30
6
0
1
7
5
2
1
7
6
0
0
78
1
2
8
19
9
0
1
65
7
1
4
13
8
7
5
30
3
19
10
2
3
2
2
0
12
7
3
2
4
10
1
4
2
10
5
5
3
2
3
21
122
10
3
6
4
5
17
8
5
5
1
14
9
5
1
6
4
10
1
11
9
1
2
3
6
7
6
3
5
10
0
7
3
5
5
21
4
2
15
44
3
0
11
3
15
3
18
1
3
3
1
3
0
7
15
10
3
26
2
11
0
4
3
3
1
11
3
6
70
2
0
5
4
1
11
0
9
4
364
22
1
4
0
25
2
7
5
1
2
3
85
36
7
1
5
1
0
0
35
3
5
1
4
2
1
6
6
1
1
2
1
6
11
0
4
3
16
6
13
0
16
4
10
2
3
21
1
3
1
0
0
5
2
2
6
6
5
1
11
22
0
3
3
8
9
1
0
5
2
1
8
6
3
0
12
1
1
12
4
4
3
19
2
3
8
0
10
7
10
3
3
5
0
1
8
1
2
3
6
9
174
24
0
3
4
49
5
3
3
2
9
0
4
4
132
1
10
2
40
4
11
3
5
3
44
2
34
5
3
3
5
5
3
17
5
47
2
22
20
3
6
0
2
7
6
4
2
8
9
5
4
17
3
9
0
2
0
3
1
1
4
7
7
16
3
8
17
4
3
2
9
1
12
2
0
9
7
2
5
13
21
1
2
5
0
4
0
2
4
4
15
11
1
53
4
3
8
2
3
5
17
59
6
0
1
6
3
6
1
153
10
9
7
2
0
1
0
5
5
4
0
4
9
1
5
2
12
4
1
7
8
5
2
7
22
3
1
7
4
8
2
30
0
22
11
6
1
1
15
73
38
2
8
5
14
1
2
1
1
3
3
11
1
6
17
7
62
26
4
3
2
0
6
0
7
1
0
6
6
1
4
2
2
4
2
3
5
5
4
5
1
15
5
1
13
14
2
3
4
5
0
0
1
4
2
11
11
2
2
18
7
8
14
2
1
10
11
146
7
2
3
18
1
5
6
14
1
2
1
3
4
2
5
7
9
1
0
2
0
1
7
5
3
2
2
10
17
4
1
7
7
2
1
2
5
17
10
3
7
1
12
44
1
3
4
26
0
0
9
1
10
4
8
30
7
0
0
3
6
12
4
31
0
4
14
3
5
0
0
29
5
4
0
6
1
7
7
5
6
1
11
4
2
4
2
1
4
10
49
9
2
2
21
24
1
3
99
3
44
64
0
1
0
2
12
0
3
13
0
2
2
4
15
6
3
5
1
2
1
2
20
2
1
4
0
0
0
8
3
9
1
0
19
8
5
6
3
4
0
14
6
1
9
2
27
8
7
38
1
1
11
4
43
98
1
3
3
5
4
3
22
22
0
2
4
19
4
7
4
3
12
2
5
3
1
26
10
0
53
2
1
33
1
4
5
0
15
6
2
2
5
0
2
23
5
3
40
2
10
11
4
0
16
3
21
5
50
0
6
3
9
14
7
59
16
1
2
1
0
1
1
5
1
9
18
6
1
10
1
0
1
5
3
1
10
4
16
7
2
2
2
5
3
5
2
7
45
6
13
4
3
3
3
4
2
6
2
21
3
19
16
23
1
4
5
2
7
6
1
9
0
2
13
11
10
11
6
0
7
2
5
5
0
5
7
4
3
9
1
2
3
1
11
2
0
14
3
3
58
3
4
10
13
0
37
2
5
0
9
3
3
203
9
4
6
6
1
41
19
3
11
22
10
23
1
1
1
10
2
13
19
1
1
10
4
2
8
0
6
3
4
3
6
8
7
19
3
6
9
9
52
2
1
2
2
1
3
5
1
1
12
13
20
5
8
0
3
45
0
1
2
14
3
1
1
11
2
16
12
1
3
0
2
1
11
12
3
8
50
7
13
33
9
0
41
7
3
4
10
74
0
7
4
3
5
178
0
0
0
4
4
1
0
2
14
5
4
10
1
12
2
5
4
1
21
3
2
7
2
16
6
4
1
2
21
1
19
8
6
5
12
0
37
20
0
6
19
5
2
2
33
1
10
3
0
1
1
4
54
2
6
0
5
12
9
4
4
7
1
4
0
0
2
7
5
22
8
14
0
0
3
15
5
0
40
4
5
858
19
2
2
0
5
2
3
2
4
2
0
39
1
9
2
0
15
43
5
1
8
53
12
7
6
15
0
0
9
11
1
7
0
10
3
1
1
51
8
3
16
69
0
3
5
3
0
6
10
3
2
41
1
1
15
77
13
26
48
1
2
4
5
3
3
0
3
0
14
4
4
2
3
4
3
1
2
6
13
6
19
3
0
6
7
9
1
6
2
0
6
1
7
9
0
0
3
6
4
4
74
14
3
1
11
2
8
2
6
488
2
1
2
2
3
7
6
6
4
2
2
6
0
4
6
2
7
0
11
0
2
1
0
2
10
1
1
4
1
3
3
5
9
0
5
4
47
4
0
11
3
8
5
1
6
4
0
4
12
127
3
2
1
2
15
6
11
6
355
0
3
14
1
1
4
8
1
44
6
4
5
15
4
2
4
1
1
2
1
3
2
1
0
1
8
1
0
0
25
7
6
4
4
29
5
4
1
3
3
7
0
2
26
3
16
4
2
2
0
1
7
1
0
21
34
18
45
8
4
28
2
8
2
22
4
11
9
11
14
7
5
10
3
1
4
4
0
3
0
2
7
33
13
3
3
3
3
3
6
1
7
63
4
3
0
184
5
2
0
2
5
0
26
12
8
24
0
3
3
4
5
7
2
3
0
26
1
4
20
5
4
325
1
8
2
2
3
3
42
4
0
1
1
13
1
0
1
9
0
3
1
2
3
0
2
14
5
4
1
3
67
0
2
2
1
0
1
1
12
5
6
1
2
11
22
9
4
4
2
0
7
146
2
8
8
0
7
0
2
10
4
7
7
0
16
1
6
2
2
2
0
9
6
3
2
2
5
1
9
4
3
9
3
1
271
35
2
0
14
3
4
2
2
6
0
5
4
37
3
6
4
20
9
0
3
1
7
0
0
48
9
16
0
8
0
5
6
1
9
4
5
6
8
21
0
1
5
19
11
37
1
1
7
6
3
6
10
10
1
2
1
7
2
1
2
0
1
5
0
2
2
0
0
5
6
6
14
4
3
4
3
70
0
2
2
0
2
13
0
6
1
7
11
10
13
8
3
2
1
5
0
2
4
23
55
4
3
7
42
6
4
12
4
0
2
12
1
1
6
32
3
30
0
0
0
0
3
5
60
1
3
7
3
9
1
1
10
7
3
1
4
19
2
3
1
2
1
2
4
28
9
2
36
6
7
15
5
1
5
1
0
16
0
13
3
35
6
5
5
3
28
7
5
0
39
9
9
2
9
8
1
35
2
4
10
3
5
10
1
56
9
4
2
0
1
2
1
0
4
12
7
11
0
6
19
6
6
0
9
8
0
4
2
10
7
2
5
3
10
16
2
3
35
4
0
1
2
45
0
1
4
6
1
1
16
6
13
3
5
2
15
2
2
13
8
7
14
29
5
5
4
1
7
15
7
11
12
5
2
1
2
2
0
7
3
4
7
2
0
10
2
4
7
18
12
0
6
8
0
8
1
2
4
2
4
4
2
3
6
1
1
1
10
5
8
0
1
4
0
3
4
6
1
0
2
7
37
7
12
3
2
3
8
6
17
3
4
5
5
12
4
5
3
4
0
12
8
16
3
1
2
2
1
5
29
2
7
2
2
31
2
2
1
6
0
147
1
3
0
1
2
3
0
0
1
18
2
34
5
10
1
22
27
0
4
10
12
3
4
0
1
3
15
3
5
4
6
2
17
155
0
5
4
2
13
1
6
1
3
6
0
8
4
4
2
2
4
2
102
9
3
0
2
3
0
4
7
3
1
3
4
17
5
12
0
5
6
1
1
16
1
18
1
5
4
5
1
1
1
7
0
2
7
8
16
1
0
0
3
2
3
0
3
4
3
5
1
18
3
