5
18
12
9
30
5
7
4
9
14
6
16
0
8
44
12
8
6
7
11
13
25
10
7
11
12
8
17
15
18
9
17
73
530
9
45
11
9
23
36
18
23
22
12
208
12
65
3
54
11
16
7
22
26
17
12
71
7
14
27
5
9
10
49
50
4
10
16
18
10
47
13
3
52
21
17
13
8
10
4
8
14
6
13
5
11
9
6
14
22
21
71
28
49
12
3
21
9
10
59
30
25
5
11
17
6
25
10
14
8
12
71
46
22
77
27
20
41
47
21
16
24
7
29
1
31
5
11
7
15
39
53
58
54
10
9
10
12
10
28
18
25
25
7
13
50
17
3
17
22
8
7
42
9
121
14
14
105
19
11
17
18
18
13
11
21
34
13
20
5
24
23
7
15
5
13
17
7
25
12
18
11
6
8
47
4
21
15
36
13
8
17
24
11
8
7
23
9
12
1672
12
6
28
6
10
16
21
10
21
9
33
15
10
24
25
23
10
8
8
3
15
33
23
75
12
9
65
18
12
26
9
19
26
9
10
33
10
15
10
23
5
31
10
9
24
38
16
6
4
9
11
1
70
9
16
31
4
22
114
4
19
11
13
13
6
16
9
13
8
16
79
15
4
7
17
11
13
18
5
18
21
12
25
8
9
26
18
10
71
17
153
8
6
12
12
14
8
12
10
14
17
14
5
16
5
14
19
10
10
7
13
42
6
13
14
21
8
4
8
7
2
25
10
18
3
5
44
72
14
45
8
7
20
29
14
20
16
10
13
36
13
24
15
36
2
2
2
8
18
11
19
74
8
14
75
5
17
4
38
6
3
178
7
1
64
44
15
5
24
12
14
32
5
8
15
9
26
9
0
12
5
24
2
28
10
11
16
22
9
74
17
13
6
11
2
3
14
12
22
24
8
54
11
17
24
3
5
8
5
3
40
8
6
7
17
8
13
115
12
8
5
15
5
36
8
28
3
14
195
11
10
3
9
22
9
74
28
13
8
75
25
26
5
35
7
10
18
121
29
22
4
28
5
30
30
6
17
6
195
8
7
20
22
1
109
25
11
5
8
15
75
12
134
7
9
8
40
3
10
3
509
7
365
5
25
9
6
13
12
15
12
15
10
20
11
17
13
11
36
7
5
18
12
9
30
5
7
4
9
14
6
16
0
8
44
12
8
6
7
11
13
25
10
7
11
12
8
17
15
18
9
17
73
530
9
45
11
9
23
36
18
23
22
12
208
12
65
3
54
11
16
7
22
26
17
12
71
7
14
27
5
9
10
49
50
4
10
16
18
10
47
13
3
52
21
17
13
8
10
4
8
14
6
13
5
11
9
6
14
22
21
71
28
49
12
3
21
9
10
59
30
25
5
11
17
6
25
10
14
8
12
71
46
22
77
27
20
41
47
21
16
24
7
29
1
31
5
11
7
15
39
53
58
54
10
9
10
12
10
28
18
25
25
7
13
50
17
3
17
22
8
7
42
9
121
14
14
105
19
11
17
18
18
13
11
21
34
13
20
5
24
23
7
15
5
13
17
7
25
12
18
11
6
8
47
4
21
15
36
13
8
17
24
11
8
7
23
9
12
1672
12
6
28
6
10
16
21
10
21
9
33
15
10
24
25
23
10
8
8
3
15
33
23
75
12
9
65
18
12
26
9
19
26
9
10
33
10
15
10
23
5
31
10
9
24
38
16
6
4
9
11
1
70
9
16
31
4
22
114
4
19
11
13
13
6
16
9
13
8
16
79
15
4
7
17
11
13
18
5
18
21
12
25
8
9
26
18
10
71
17
153
8
6
12
12
14
8
12
10
14
17
14
5
16
5
14
19
10
10
7
13
42
6
13
14
21
8
4
8
7
2
25
10
18
3
5
44
72
14
45
8
7
20
29
14
20
16
10
13
36
13
24
15
36
2
2
2
8
18
11
19
74
8
14
75
5
17
4
38
6
3
178
7
1
64
44
15
5
24
12
14
32
5
8
15
9
26
9
0
12
5
24
2
28
10
11
16
22
9
74
17
13
6
11
2
3
14
12
22
24
8
54
11
17
24
3
5
8
5
3
40
8
6
7
17
8
13
115
12
8
5
15
5
36
8
28
3
14
195
11
10
3
9
22
9
74
28
13
8
75
25
26
5
35
7
10
18
121
29
22
4
28
5
30
30
6
17
6
195
8
7
20
22
1
109
25
11
5
8
15
75
12
134
7
9
8
40
3
10
3
509
7
365
5
25
9
6
13
12
15
12
15
10
20
11
17
13
11
36
7
2
10
9
4
78
23
21
25
65
10
11
15
69
20
10
9
4
13
13
2
43
9
5
75
16
35
112
108
18
10
16
21
3
24
10
19
5
12
4
19
7
17
9
12
28
24
52
20
19
14
10
17
6
15
9
6
17
14
10
7
7
16
11
15
10
6
41
5
27
37
23
21
5
4
12
31
11
25
6
18
7
9
15
13
12
24
56
16
29
37
0
47
15
18
7
12
11
10
10
36
14
23
9
16
4
22
27
22
118
6
14
3
10
7
6
11
26
8
12
13
280
15
21
17
14
3
7
49
12
11
15
29
8
9
8
6
6
126
29
19
3
10
28
7
21
7
14
4
13
2
27
12
14
6
24
11
10
18
27
5
18
10
19
24
6
13
6
45
14
11
7
12
142
20
10
8
11
15
45
34
8
20
26
16
11
14
19
11
16
202
10
4
26
13
9
9
10
52
17
8
14
18
19
61
5
2
4
15
16
49
15
12
32
5
19
9
10
18
10
38
12
10
25
17
11
4
7
28
0
8
11
10
35
31
12
2
7
52
59
7
15
2
15
14
33
22
20
15
23
10
11
8
16
18
10
145
13
7
6
16
51
19
12
13
27
16
18
23
7
9
21
15
6
11
15
8
7
27
12
33
14
19
87
10
176
14
6
14
37
34
19
6
6
5
6
21
22
2
25
37
26
6
29
13
17
69
45
3
7
10
6
15
63
27
36
9
49
10
195
212
18
13
19
12
25
6
3
7
6
9
7
16
9
37
11
9
49
8
15
14
3
4
4
34
40
32
7
376
82
2
44
5
4
3
67
10
10
21
30
8
8
9
18
6
10
11
12
11
10
15
85
11
23
11
11
7
22
16
15
15
13
5
6
18
8
9
6
22
11
14
128
11
22
37
4
5
14
12
19
18
16
4
15
65
6
12
19
27
17
6
15
16
2
24
6
6
6
15
8
9
32
16
4
9
6
34
54
14
4
17
10
12
337
7
7
4
15
2
13
16
5
51
69
56
35
49
29
16
7
17
25
7
9
9
10
7
5
4
25
7
7
13
13
8
15
5
48
6
10
3
18
101
14
13
8
22
62
19
2
43
16
17
53
170
5
22
9
12
4
7
8
84
13
4
37
17
4
19
25
12
36
8
4
43
8
12
25
39
9
27
20
12
11
11
11
4
24
3
10
14
12
43
6
14
4
10
12
8
6
14
9
15
3
104
36
21
18
20
12
19
13
16
18
7
7
4
51
13
8
40
15
57
7
9
23
12
38
16
11
14
20
15
3
9
7
56
5
43
15
33
23
139
8
9398
15
15
5
3
10
13
95
1
13
14
11
13
12
11
23
7
9
20
13
27
6
24
40
5
7
9
17
13
11
8
20
7
11
11
9
36
12
14
17
8
22
224
960
15
8
16
19
50
37
23
8
10
15
8
22
8
16
45
20
13
7
8
33
23
134
13
13
22
11
6
2
13
11
6
34
8
9
43
10
15
10
10
28
12
15
8
8
22
131
19
11
6
17
5
9
11
16
10
4
8
16
7
25
25
9
10
23
10
8
14
45
21
14
14
26
28
11
5
3
13
13
7
8
20
193
7
16
92
33
17
16
39
7
11
4
2
17
17
94
112
13
13
5
7
34
15
23
48
21
10
9
9
6
12
5
9
95
30
17
21
6
4
11
8
6
21
12
12
3
12
17
12
3
10
35
5
14
7
10
137
9
9
8
10
13
7
11
12
12
29
63
3
12
67
40
12
7
9
982
10
25
6
15
5
5
7
10
11
14
12
62
16
25
4
3
110
16
12
136
13
6
8
67
38
11
12
13
14
8
8
10
12
6
23
4
7
7
27
14
8
29
3
33
17
0
9
21
25
13
39
14
10
23
17
17
20
18
2
9
16
20
53
23
7
33
14
43
17
11
5
13
45
12
23
5
19
14
0
2
4
4
28
30
12
9
11
5
7
9
14
17
17
8
34
3
20
7
22
19
10
8
10
15
5
11
23
2
8
17
11
3
6
16
9
10
5
16
21
8
7
29
26
21
20
11
44
40
53
9
8
4
8
4
1
12
18
4
22
22
1106
39
43
8
18
5
14
11
11
9
2
17
10
3
12
87
15
15
12
17
6
13
308
6
11
5
38
34
9
5
10
31
6
11
9
12
8
46
23
41
9
8
27
10
12
19
5
10
9
3
19
28
3
6
11
25
13
10
20
13
7
5
10
21
8
14
15
9
4
4
5
23
15
18
7
14
9
10
7
67
18
12
3
6
9
6
11
5
6
12
6
131
19
10
24
33
10
15
10
26
27
115
75
8
8
13
13
26
68
3
40
36
12
6
66
11
16
39
22
6
13
15
6
10
14
138
35
9
9
15
6
29
17
5
17
39
16
13
12
15
6
23
37
9
13
10
11
28
19
5
5
16
25
8
11
33
14
11
3
10
7
21
12
6
7
3
13
6
4
3
16
2
28
30
16
27
24
24
6
9
33
30
18
18
11
3
4
9
16
26
5
12
2
10
12
8
24
21
21
7
10
2
106
13
8
10
16
53
6
17
57
11
24
12
8
69
2
7
23
8
40
11
6
14
8
9
15
179
13
1065
15
19
12
6
14
21
27
20
8
11
14
11
5
12
21
8
9
9
3
7
17
51
52
20
36
13
9
3
9
11
20
7
27
13
40
5
19
12
25
72
19
10
8
21
84
5
2
12
8
8
8
4
4
14
0
19
1
20
7
3
7
5
6
4
8
17
3
28
11
4
9
6
3
4
12
4
33
8
18
16
21
10
5
7
6
34
11
20
40
9
11
23
3
9
21
8
5
14
13
23
3
5
11
8
23
15
13
23
16
128
9
6
44
10
8
16
7
15
14
14
17
10
4
10
7
8
58
89
10
9
16
17
7
17
39
19
37
5
6
34
12
5
25
6
12
28
12
4
11
7
30
5
5
24
15
5
10
2
14
15
282
47
10
11
499
2
18
7
17
19
8
29
8
103
36
11
48
5
5
7
3
14
4
10
5
80
12
9
8
10
31
13
9
17
9
10
57
9
35
6
7
9
11
5
23
11
24
16
6
141
2
11
9
5
24
12
10
23
23
10
15
11
92
33
10
10
19
6
39
9
5
8
5
7
9
120
7
58
4
5
92
4
16
21
17
1
9
11
20
4
7
10
9
7
12
41
4
21
11
126
3
5
7
11
15
46
3
15
54
6
20
64
24
11
36
16
72
11
43
157
50
38
4
10
7
19
9
49
33
18
18
9
10
11
3
11
20
15
12
22
13
6
7
41
17
18
8
25
12
12
5
7
15
9
7
14
22
7
8
4
16
12
17
9
7
9
8
21
3
10
8
11
8
20
13
17
11
53
12
5
18
5
17
5
13
21
7
10
2
7
257
7
7
6
32
20
11
82
11
3
14
25
12
19
15
7
23
33
14
26
11
11
4
15
10
11
5
5
5
5
8
18
23
6
7
19
11
13
10
27
31
14
39
8
11
10
15
43
14
10
8
5
4
11
8
7
8
19
8
9
6
69
14
11
4
5
241
38
58
7
35
10
14
5
4
9
6
16
12
6
9
18
28
18
5
39
15
14
9
20
7
34
8
3
9
15
9
14
72
14
13
16
8
7
22
106
48
15
7
20
8
11
18
10
22
122
38
6
14
4
9
15
10
11
11
16
12
21
5
12
12
1
6
60
22
9
4
13
29
12
36
13
10
3
21
2
13
19
20
20
19
34
5
34
2
9
8
9
8
27
5
62
10
17
60
9
22
5
10
9
56
18
15
11
15
16
13
12
8
8
15
92
6
10
21
12
5
10
13
14
25
10
15
4
26
12
16
5
7
8
40
9
15
80
6
8
28
1
6
19
8
10
9
16
184
15
8
32
17
16
44
29
5
11
11
154
5
153
16
12
7
21
13
11
15
19
21
4
38
23
20
15
3
248
16
37
5
8
69
13
17
10
19
5
8
13
10
9
5
10
8
12
8
3
1741
2
13
7
14
76
9
21
8
9
14
3
10
4
4
15
12
10
9
8
65
18
7
16
7
6
17
10
2179
53
215
15
41
19
121
3
2
9
6
37
4
15
11
12
24
47
14
51
29
18
8
29
5
3
21
16
8
15
7
17
16
7
14
19
6
27
18
34
5
24
80
4
14
10
14
8
19
200
17
6
7
4
7
15
10
3
10
30
14
10
11
2
5
28
121
35
3
9
6
10
31
6
3
22
8
36
10
50
12
27
11
7
17
5
15
10
3
16
5
24
11
6
3
9
10
18
9
13
56
29
7
12
15
49
9
14
2
14
37
17
13
44
34
18
6
26
11
8
16
28
3
8
21
8
326
5
7
19
14
17
8
5
355
21
11
14
3
18
16
13
9
7
11
4
5
6
37
3
8
14
24
8
4
5
9
8
10
12
11
13
12
130
35
12
17
28
25
57
12
43
3
47
18
28
9
9
11
99
4
1
4
8
8
8
12
21
20
14
24
26
14
400
23
35
4
8
14
13
48
19
12
11
11
12
29
241
6
20
8
2
6
25
9
23
20
33
8
16
99
7
99
3
6
19
9
27
34
19
2
9
14
10
26
8
8
14
14
6
4
25
17
21
18
171
14
46
34
65
20
12
115
18
11
31
1195
30
53
11
8
9
16
32
10
6
5
6
18
6
9
46
11
27
29
14
7
13
17
13
6
5
7
10
18
75
19
24
5
7
47
17
16
56
6
63
89
19
13
28
53
14
13
31
26
19
5
7
11
15
7
76
4
9
9
13
23
121
11
99
19
60
1
3
20
9
7
8
14
88
104
10
17
7
4
26
7
8
31
4
36
69
5
10
25
54
12
7
2
32
65
34
6
11
4
8
4
19
1668
5
551
8
16
42
21
10
20
47
26
21
21
10
26
19
9
249
47
6
11
15
10
25
7
5
13
9
7
15
31
18
14
9
13
11
14
4
19
4
9
17
16
17
29
53
56
7
16
3
5
5
15
14
13
9
3
21
17
8
6
32
29
16
11
34
8
22
25
16
5
143
111
21
14
6
5
24
5
14
37
2
12
14
9
16
24
18
7
32
12
9
21
10
6
58
9
3
13
5
11
9
9
7
8
11
13
6
5
14
13
16
5
6
14
16
45
7
8
25
12
26
26
13
23
6
4
6
15
10
13
12
12
23
24
40
14
29
61
22
20
13
12
25
5
9
26
6
13
12
19
20
5
22
3
23
14
18
37
17
43
17
6
4
13
20
9
12
10
2
14
6
20
14
12
49
14
4
52
10
20
45
4
17
14
4
16
32
22
25
19
5
12
15
22
27
10
50
9
12
43
9
131
40
53
52
6
3
47
47
4
20
58
9
9
40
6
9
10
16
3
11
8
18
55
8
9
41
2
16
22
16
53
15
7
11
8
17
6
9
4
16
2
11
28
9
8
5
10
19
30
6
28
9
7
8
18
9
88
8
6
7
10
10
32
15
7
6
56
44
13
21
18
4
14
13
21
10
9
27
7
13
31
6
8
6
7
6
2
18
14
10
24
19
19
4
15
24
9
37
1
71
15
17
49
8
16
20
9
5
17
8
7
13
96
5
30
127
8
32
10
8
57
20
23
11
12
14
40
21
8
8
9
13
12
43
33
5
49
19
35
9
8
11
6
228
8
10
11
16
4
59
4
10
1
9
9
9
15
30
9
14
25
9
16
3
74
50
6
13
4
8
8
31
11
25
8
3
21
13
4
434
4
96
5
7
16
51
8
12
3
91
2
17
16
8
0
20
11
4
9
20
26
10
12
1063
9
51
37
17
9
23
103
3
14
1
12
14
6
7
5
2
5
17
18
1
36
10
27
16
11
35
6
9
3
54
8
10
8
2
11
6
13
10
6
1
17
7
12
8
3
16
23
6
18
53
10
50
10
7
10
10
5
17
9
2
225
11
12
2
16
9
21
4
7
12
12
8
15
5
33
9
11
10
6
17
20
8
11
22
17
7
26
15
21
12
6
10
8
29
9
14
8
5
55
14
15
20
25
17
7
8
16
22
10
19
82
7
16
67
16
7
9
12
28
29
116
46
8
4
4
5
49
21
17
15
33
13
79
24
10
78
24
22
10
16
26
26
17
6
8
12
7
3
2
10
8
14
6
22
4
7
24
127
15
15
40
25
29
16
13
140
3
7
24
3
5
8
8
2
14
20
14
10
9
15
39
26
14
55
20
9
42
29
34
29
10
39
5
5
13
3
10
36
10
5
6
7
7
13
8
159
6
4
35
18
13
18
21
20
6
13
8
9
13
7
11
30
11
34
15
359
12
49
53
10
15
66
57
6
33
105
193
25
7
48
14
18
16
9
17
8
9
11
13
6
40
3
13
13
41
74
6
11
28
6
13
17
5
58
15
11
228
15
10
16
6
25
53
11
4
29
18
6
10
29
4
7
5
8
35
18
7
95
26
4
13
5
12
9
111
23
3
20
6
5
6
35
9
25
34
31
5
14
30
1
9
6
24
44
17
11
4
3
4
9
0
32
22
21
6
13
17
12
29
42
20
5
11
15
21
25
12
17
3
67
7
13
11
12
16
8
26
8
4
44
23
18
24
8
32
9
10
93
20
14
25
8
4
12
35
43
4
12
3
7
9
16
17
5
16
13
59
12
442
6
13
9
9
10
8
9
14
6
19
11
50
17
24
8
20
18
3
3
54
19
5
12
4
18
10
79
23
1
4
16
15
43
13
53
40
12
12
6
19
8
19
16
22
19
5
4
10
7
100
3
28
30
9
61
19
59
25
14
14
6
3
19
167
12
16
5
13
11
74
20
17
20
11
13
31
16
13
5
9
19
94
28
41
23
7
8
15
17
5
30
8
14
8
74
19
14
14
1
19
3
334
10
4
12
20
12
7
5
7
24
13
7
159
10
94
23
18
23
49
5
20
12
12
15
17
11
54
6
15
23
8
16
6
9
9
32
38
25
10
20
5
17
56
31
15
0
4
15
3
6
9
8
13
2
9
17
44
4
20
21
4
8
27
21
39
14
46
14
7
23
8
4
13
10
81
15
18
1448
8
18
4
16
15
9
5
8
25
19
3
8
9
78
12
12
7
53
8
15
14
5
26
4
18
45
20
11
6
35
9
19
9
6
4
19
7
6
12
14
8
11
17
55
2
63
14
30
13
80
5
5
28
44
10
39
18
21
23
2
8
6
8
17
5
19
16
7
7
14
34
6
10
8
3
9
9
26
6
4
45
34
11
13
4
25
24
11
11
4
203
62
15
38
17
33
25
24
16
4
17
13
11
5
26
11
19
5
12
20
7
96
10
9
17
7
29
7
15
14
10
15
26
5
31
17
24
6
5
11
8
8
65
11
4
18
6
6
14
6
5
47
17
185
5
46
2
12
35
39
84
33
9
15
5
9
16
17
28
8
64
4
6
41
40
5
37
15
7
20
12
110
2
8
6
27
10
70
23
22
26
6
5
8
22
4
20
21
3
20
3
4
16
26
20
17
36
8
10
11
18
12
8
37
73
11
5
10
12
2
18
29
29
11
50
48
11
140
16
6
33
10
14
89
12
6
1039
6
26
17
13
10
98
10
9
0
31
0
16
21
14
6
33
7
2
25
17
28
30
8
9
9
5
13
25
6
1
17
49
11
12
4
10
10
12
18
3
12
30
14
34
37
45
4
23
54
16
16
23
7
17
1
8
9
12
12
14
4
6
24
5
1
18
5
12
8
14
23
2
31
31
13
10
9
14
16
17
12
14
8
7
11
3
8
5
261
12
36
274
13
15
10
7
40
5
13
55
102
3
15
8
3
20
69
9
134
19
12
4
62
9
34
45
8
6
9
93
3
14
16
12
15
44
33
5
15
9
17
46
5
34
18
28
9
8
10
27
7
13
7
17
282
48
8
6
10
4
22
7
33
20
16
7
35
14
10
11
10
13
15
4
13
34
52
12
6
24
13
7
20
11
36
13
5
14
6
9
13
17
18
6
9
31
7
6
8
21
3
28
11
8
41
34
13
35
10
39
16
3
15
6
4
10
15
4
9
12
12
15
15
61
19
11
24
23
35
9
13
11
12
16
7
21
10
5
4
10
15
19
57
6
8
5
17
24
20
6
9
27
16
38
24
9
12
20
33
3
6
21
63
61
16
16
220
11
46
15
8
19
9
17
35
7
20
5
17
99
15
18
6
5
41
4
10
2
11
16
17
58
6
15
12
3
10
5
7
45
21
30
4
8
19
10
31
140
31
10
23
11
57
19
47
5
33
10
10
4
119
14
7
18
23
3
21
8
55
16
7
7
7
7
62
8
15
6
7
16
7
7
7
3
15
78
7
10
40
12
8
9
57
10
11
12
4
33
29
14
16
11
12
23
13
19
21
6
24
4
5
16
14
11
16
4
10
10
10
13
15
13
9
3
10
15
12
25
37
6
21
18
7
221
3
25
5
17
15
6
12
6
7
3
18
4
33
15
9
16
5
14
26
18
4
87
21
5
10
48
17
19
29
12
11
19
7
13
30
21
12
10
33
12
23
10
33
10
15
10
7
6
31
27
23
1
28
25
6
11
3
3
44
39
19
16
35
17
21
47
20
18
63
10
7
19
9
12
15
525
4
14
40
7
18
271
91
8
16
15
80
60
7
131
36
10
4
10
26
13
21
25
10
11
11
21
21
6
9
12
13
13
17
18
17
20
9
19
6
7
12
12
9
22
21
1
5
9
9
50
4
11
11
11
13
15
5
8
10
28
12
7
9
11
17
22
28
10
420
6
3
9
16
8
130
3
10
10
7
1
28
7
4
8
7
9
307
14
21
119
11
9
16
12
4
27
16
34
20
36
8
12
65
4
29
26
81
10
49
2
8
17
16
7
12
11
18
24
12
26
14
17
15
5
12
3
20
12
9
6
3
13
58
28
38
19
23
9
151
11
20
9
28
15
19
6
19
7
18
25
6
30
10
7
14
9
4
11
25
52
10
29
9
19
10
7
9
9
10
16
6
14
28
7
5
20
11
50
22
8
23
15
9
15
16
112
4
21
23
48
30
15
43
7
22
32
14
156
26
26
6
12
12
23
13
32
18
7
16
1172
10
11
29
28
15
7
8
22
5
1
10
4
7
15
18
5
2
59
12
16
20
5
13
27
234
4
14
29
14
9
19
61
19
7
9
19
15
22
10
4
11
10
33
5
11
140
12
5
9
13
23
28
153
12
6
2
32
5
13
8
8
11
31
14
132
4
43
4
18
8
91
14
6
16
6
7
13
7
16
5
14
14
11
6
15
28
14
9
8
9
10
1
46
19
39
13
12
12
36
42
8
4
453
3
15
12
16
19
8
28
9
5
10
16
6
7
14
8
13
9
7
46
9
13
58
10
7
18
8
15
20
20
91
37
16
51
8
6
27
10
27
13
4
34
18
51
18
11
17
13
11
23
7
3
41
3
7
25
161
20
16
6
9
27
11
10
52
59
10
11
18
49
7
23
11
15
5
20
16
3
17
6
14
40
4
12
37
41
9
15
34
4
17
5
22
9
10
23
15
8
8
18
43
27
16
10
9
81
17
7
17
7
2
58
10
9
18
6
9
8
101
12
18
17
18
66
3
104
6
19
20
8
13
19
57
16
4
3
4
4
11
12
13
19
14
9
6
6
73
23
9
20
28
5
17
3
19
10
27
8
30
24
9
32
12
58
63
11
24
13
7
15
10
17
33
20
11
22
9
9
9
6
21
7
10
8
8
5
7
11
11
20
3
14
37
11
10
9
32
12
11
32
20
9
145
9
1721
5
5
4
10
28
29
15
10
12
82
8
6
41
28
12
12
11
12
21
30
8
15
52
3
204
2
16
6
17
23
6
213
18
15
15
13
4
8
22
11
25
2
6
18
6
13
28
14
6
30
19
12
13
19
22
7
20
24
8
31
5
17
34
16
6
18
11
8
19
9
7
27
14
6
4
26
19
19
84
16
36
22
16
15
4
31
21
20
12
149
13
22
155
16
8
15
6
149
19
6
7
17
17
5
10
5
7
10
19
23
13
31
12
12
10
26
22
87
6
20
8
10
15
34
4
1
14
11
28
26
6
11
7
13
23
13
14
14
230
4
8
10
8
16
5
59
30
77
104
17
47
2
3
28
61
17
3
59
6
6
9
8
91
8
7
9
3
11
2
8
34
8
5
9
16
5
18
12
17
4
5
10
15
22
5
10
29
19
25
76
16
32
6
26
8
15
17
31
28
10
5
4
4
22
18
79
16
5
7
18
9
31
5
11
5
8
35
7
22
19
8
3
11
9
15
19
150
25
4
7
104
1
14
15
29
22
7
20
21
6
7
17
10
14
18
16
3
5
19
16
19
15
6
12
33
16
16
18
12
9
4
5
4
50
3
23
15
14
14
995
2
10
11
9
16
18
10
9
6
13
26
4
3
99
11
20
11
8
17
17
9
23
13
2
25
18
89
20
8
13
2
4
9
4
8
9
13
15
10
26
13
5
14
13
28
30
18
7
5
5
42
18
23
18
4
10
18
21
285
3
10
3247
36
25
9
21
12
38
23
8
6
10
8
70
13
13
22
7
8
3
26
6
7
17
11
31
19
17
15
69
4
4
449
2
7
20
4
141
15
0
15
9
10
13
17
195
8
55
10
303
21
42
13
20
9
9
7
108
6
10
12
12
15
51
18
18
21
19
26
5
8
9
6
14
45
9
7
13
14
5
18
23
9
8
18
18
1
1321
17
70
5
7
27
10
47
12
13
11
24
15
5
18
6
14
7
28
22
23
9
2
15
5
26
4
8
31
2
7
10
10
18
6
15
109
114
28
10
16
10
7
11
5
10
40
10
10
8
35
12
54
14
3
5
3
7
3
10
16
5
3
7
13
9
8
78
22
17
18
13
6
20
24
334
8
5
3
23
7
40
13
5
19
12
5
25
14
2
7
11
10
15
53
16
64
12
8
41
29
156
2
11
32
6
7
5
12
21
36
30
4
5
3
16
9
589
23
30
365
10
11
69
9
8
4
6
13
30
15
16
13
4
51
24
21
19
10
54
5
5
4
18
3
9
56
18
18
32
11
9
14
6
14
25
25
24
12
95
27
15
9
5
14
9
6
11
22
12
14
10
62
31
34
28
7
39
26
5
18
11
19
22
22
9
14
28
15
53
46
10
14
3
53
4
5
15
22
10
3
13
192
11
18
3
6
3
0
13
5
14
17
47
11
61
12
11
30
17
0
38
39
5
8
4
14
6
5
20
8
33
1
10
8
17
14
12
9
3
24
19
24
7
25
125
23
15
16
46
7
13
17
9
24
3
18
16
8
11
16
50
6
18
11
9
7
14
16
31
5
20
12
6
121
12
22
6
1
345
40
17
15
12
13
7
6
18
10
4
1482
4
22
36
4
16
15
84
1356
8
18
15
9
6
56
12
18
674
10
30
35
0
424
8
5
12
14
8
9
21
12
5
17
9
5
14
11
14
41
11
10
9
7
11
6
13
32
37
13
28
22
18
7
67
4
18
6
3
8
11
10
12
7
7
36
28
6
12
12
36
13
5
6
3
11
13
11
27
4
11
18
84
5
7
232
14
36
7
8
27
11
11
10
20
4
8
9
3
12
212
12
20
7
34
52
16
14
47
18
6
21
35
74
8
40
8
9
20
12
54
8
8
2
106
9
14
20
52
21
10
10
15
39
43
5
16
10
6
38
17
23
5
10
3
6
17
14
17
16
23
77
7
17
15
4
23
6
51
8
21
4
36
300
3
12
27
11
7
32
12
8
7
10
25
12
12
11
9
22
10
21
17
9
2
8
20
6
15
28
5
73
36
5
41
35
8
20
3
8
14
8
9
14
13
10
23
21
6
10
10
40
11
12
30
16
8
6
15
15
9
15
15
23
17
37
6
6
23
6
11
8
6
3
7
21
11
11
45
11
25
7
2
10
15
7
52
7
6
24
7
21
12
38
20
33
4
27
27
7
16
41
29
15
5
28
17
30
5
5
9
4
6
15
9
9
5
8
11
16
9
12
74
8
11
9
26
11
42
5
20
8
10
110
7
6
3
4
54
11
6
12
6
260
50
8
16
6
56
7
18
13
3
6
3
34
9
85
22
75
0
8
13
4
14
20
5
16
10
9
15
4
9
5
12
35
3
17
18
6
17
15
16
12
2
3
11
12
27
20
128
12
13
13
5
26
6
8
32
16
16
22
36
16
12
16
7
13
6
35
7
24
12
6
141
18
8
13
11
10
186
10
10
13
5
5
13
9
7
9
13
13
5
10
36
21
3
13
15
16
3
16
9
56
6
8
18
23
7
8
13
31
36
53
13
15
1
9
4
11
16
10
18
14
10
10
8
10
46
4
9
14
11
19
22
864
6
38
18
9
6
23
53
5
34
4
5
6
14
8
141
2
3
12
13
34
7
3425
13
1
15
112
13
12
340
30
23
9
5
17
4
16
14
9
37
777
12
16
18
16
31
26
6
13
27
1
16
13
11
15
12
5
8
7
9
12
14
8
8
3
102
12
13
14
33
1
11
10
8
10
4
11
11
21
16
15
4
9
10
26
7
18
216
9
14
8
16
7
3
11
12
20
40
6
9
4
24
2
19
21
2
7
9
15
21
16
158
17
6
532
3
9
10
11
12
54
11
39
13
7
6
21
11
9
7
8
1
24
41
2
14
9
7
9
7
7
3
11
32
6
5
4
10
21
10
43
17
10
15
26
23
38
18
8
11
9
5
4
4
15
6
16
5
8
8
7
9
36
8
41
28
8
10
13
23
6
34
11
7
5
42
10
6
39
5
16
9
2
160
20
5
80
17
8
92
5
37
8
32
10
22
8
1
13
14
41
9
8
12
4
14
7
5
5
161
11
2
19
37
6
6
6
3
17
5
13
3
7
9
11
50
6
16
14
126
5
19
16
21
17
16
30
11
16
38
18
67
21
8
34
5
3
8
31
12
12
2
28
10
12
13
5
9
10
6
10
12
15
9
19
8
9
11
18
46
7
23
464
14
10
32
22
30
8
22
3
10
4
25
5
7
6
13
17
61
13
16
11
31
13
27
21
9
10
26
14
12
8
4
27
6
11
11
39
9
94
9
2
102
219
71
6
36
120
5
16
11
38
6
4
11
7
7
29
14
16
10
9
9
35
186
1
25
10
11
24
17
4
9
6
25
5
10
18
7
14
11
46
7
38
29
11
6
9
46
54
9
15
15
21
5
30
14
45
38
31
4806
3
26
3
10
33
18
6
28
36
3
28
15
55
9
27
22
26
4
15
12
16
11
7
15
27
10
13
12
5
40
245
15
16
13
7
13
39
14
6
52
40
6
12
13
16
118
9
44
8
205
83
5
5
28
5
21
6
14
37
17
12
40
60
6
27
8
102
25
29
21
29
21
7
421
13
2
16
12
8
24
72
1607
6
14
11
14
65
6
9
2
15
2
11
42
80
3
8
18
6
13
10
22
6
3
20
9
53
22
26
7
1
48
59
6
10
5
16
3
103
10
11
4
22
44
3
25
209
11
70
9
11
39
5
8
9
0
9
9
15
6
1
10
17
16
9
2
21
6
46
6
20
25
62
18
7
3
56
11
12
20
11
12
3
12
6
11
17
23
8
2
51
12
20
14
13
3
17
15
16
9
21
3
19
19
21
31
24
7
23
7
10
9
35
6
32
8
13
3
20
26
16
54
7
16
29
5
46
37
23
5
4
5
13
2
12
4
27
60
7
7
4
13
30
32
260
16
2
6
9
14
41
152
22
7
10
6
71
3
3
21
13
18
61
6
10
10
18
4
29
7
19
46
40
38
110
7
2
7
18
19
13
3
29
9
8
21
30
19
10
9
17
11
23
26
14
9
10
9
11
3
402
8
3
15
42
4
16
9
69
225
83
7
19
10
27
7
12
13
21
13
26
15
362
24
11
28
6
4
19
10
12
5
15
19
221
31
22
11
6
9
63
13
121
26
34
7
5
42
13
11
13
3
6
8
21
8
19
21
8
9
14
4
7
3
8
7
14
6
5
15
1
9
6
8
42
28
94
57
8
16
3
19
16
12
5
17
1
211
10
283
11
5
14
65
12
6
10
14
107
5
4
14
4
19
14
6
20
5
13
26
7
12
42
23
23
17
7
8
10
8
15
5
14
4
9
9
11
10
9
9
10
9
22
17
6
10
10
9
13
4
15
20
5
6
28
19
11
5
6
18
10
18
13
19
8
36
10
12
46
7
5
75
115
6
9
13
3
16
5
16
46
12
9
11
13
27
23
7
5
60
20
8
16
11
102
16
5
32
463
7
40
5
12
24
13
16
4
11
14
52
14
31
24
9
10
17
10
8
5
368
33
5
12
94
3
8
34
50
10
5
8
18
54
14
5
31
29
4
22
12
22
13
10
9
18
24
16
28
7
5
7
19
6
34
33
12
17
23
15
12
477
66
6
22
42
18
4
10
7
16
10
13
23
10
9
10
18
13
138
13
16
12
8
13
18
18
15
22
24
4
3
24
15
58
1168
10
42
13
4
20
6
6
12
2
10
5
7
14
5
8
3
16
20
5
40
14
11
60
14
8
20
6
15
32
7
17
7
9
10
24
16
34
10
8
0
2
15
5
8
13
27
24
17
9
7
21
11
8
311
23
69
21
9
5
10
38
8
38
19
30
46
18
34
8
16
78
13
264
10
16
7
17
12
85
67
8
8
25
47
18
9
82
37
6
4
18
11
9
8
8
14
6
9
25
20
21
65
8
6
9
9
4
33
9
9
13
25
20
41
6
6
26
22
11
17
5
9
71
6
581
31
5
83
6
15
5
24
8
8
11
13
17
5
2
18
30
14
12
10
22
10
12
7
8
14
15
10
25
9
19
14
12
9
9
11
0
34
17
23
24
17
54
5
56
19
14
41
25
7
9
14
12
5
36
135
19
12
5
10
14
5
11
9
26
4
6
7
25
8
8
20
21
28
3
36
21
59
30
11
5
34
10
20
20
45
7
8
13
88
25
9
14
17
22
10
7
6
10
11
17
23
26
7
5
29
4
9
11
2
59
12
12
31
7
14
53
6
12
10
10
43
7
4
12
8
15
19
42
7
11
7
31
1
10
34
27
37
13
20
25
5
30
48
3
6
10
49
8
14
10
17
18
14
43
8
9
5
14
25
18
39
22
22
10
42
10
21
4
7
8
11
46
9
37
133
14
18
15
11
3
12
26
9
35
11
13
56
26
7
9
9
4
10
14
8
9
11
5
13
5
12
11
3
165
5
11
31
4
7
8
53
1
13
3
7
3
6
18
13
11
4
15
11
16
3
13
25
15
5
9
11
6
20
11
11
8
15
9
21
17
12
64
42
15
4
13
5
16
7
5
45
42
14
5
9
7
23
5
19
14
3
412
5
17
11
16
5
12
32
8
4
17
55
9
61
34
212
18
11
24
95
19
13
2
40
9
10
13
11
8
13
9
13
2
6
12
3
13
16
3
11
8
12
13
11
15
31
6
10
32
23
13
14
14
4
19
24
12
26
56
8
9
13
27
23
3
14
9
23
2
9
53
9
25
50
10
8
75
12
23
25
18
26
5
4
700
14
19
15
12
31
10
13
53
44
14
8
14
15
23
22
15
6
11
8
9
7
13
9
9
9
4
11
10
30
19
6
47
16
77
4
26
6
2
16
5
7
12
5
12
73
5
12
20
10
8
79
13
17
10
10
11
16
1
6
11
7
27
13
6
6
160
11
22
15
11
16
18
3
2
20
43
70
27
17
14
57
3
4
332
9
6
10
15
78
246
16
30
10
19
8
13
8
22
56
23
8
24
16
13
16
11
54
10
9
16
5
26
13
12
31
24
11
9
20
17
16
9
18
14
16
11
3
6
22
11
7
3
12
81
12
46
36
8
4
552
9
8
24
330
10
9
6
24
23
23
3
16
11
15
23
19
35
6
9
39
11
7
24
15
1
11
9
22
20
11
5
26
8
12
6
29
16
29
11
7
6
130
14
13
10
9
5
20
54
15
40
15
5
156
27
5
11
14
5
12
16
23
24
12
26
22
16
22
10
20
15
9
14
8
16
7
52
20
2
1
47
13
10
23
12
4
121
36
65
9
12
5
30
22
8
10
25
2
13
9
99
17
14
27
7
10
60
12
4
13
21
22
13
23
6
1
8
318
8
6
5
14
17
3
16
4
10
0
14
15
12
21
12
60
4
41
9
11
9
12
4
35
12
6
7
6
9
7
12
16
20
5
14
24
37
10
8
10
16
1
3
6
22
6
9
15
9
7
55
12
6
18
147
8
9
26
5
2
4
8
12
12
17
115
5
4
10
10
21
6
21
21
20
13
34
9
8
21
14
12
1
7
5
13
11
31
11
27
4
19
9
9
6
9
6
7
12
8
22
10
10
2
7
13
9
5
15
6
24
19
186
20
18
3
9
21
28
37
12
17
20
6
14
17
12
12
15
5
9
16
56
11
25
9
51
25
7
11
18
10
5
18
12
9
30
5
7
4
9
14
6
16
0
8
44
12
8
6
7
11
13
25
10
7
11
12
8
17
15
18
9
17
73
530
9
45
11
9
23
36
18
23
22
12
208
12
65
3
54
11
16
7
22
26
17
12
71
7
14
27
5
9
10
49
50
4
10
16
18
10
47
13
3
52
21
17
13
8
10
4
8
14
6
13
5
11
9
6
14
22
21
71
28
49
12
3
21
9
10
59
2
24
5
11
9
4
7
17
20
5
8
20
11
7
7
21
5
17
13
51
24
14
17
24
12
18
25
18
12
88
5
41
35
26
5
27
8
10
38
2
26
41
13
12
3
35
21
3
58
17
16
11
13
13
5
86
37
9
4
35
12
10
15
50
8
22
17
71
58
2
34
19
20
5
15
6
9
13
5
5
2
22
756
21
16
8
4
17
15
4
7
7
31
3
21
5
11
9
10
5
5
6
11
183
20
13
16
1
29
11
13
10
12
54
16
4
17
8
2
6
13
10
8
46
18
7
30
9
87
5
9
1
18
20
3
5
17
57
12
43
5
23
26
15
16
3
14
17
26
56
5
7
13
9
38
5
5
137
25
11
1
4
14
46
18
45
51
15
15
15
14
9
5
6
15
11
8488
11
15
91
16
12
13
34
1
11
16
6
10
8
21
12
15
6
14
241
12
12
7
11
3
13
18
38
12
19
14
20
12
5
23
21
12
24
11
8
13
11
359
11
12
6
4
11
14
19
12
11
19
12
9
44
23
40
15
19
9
4
38
527
9
167
15
8
9
24
11
15
6
18
23
3
9
9
14
35
7
18
10
10
4
53
84
15
4
19
1
17
47
50
11
13
10
29
12
18
23
30
8
12
119
23
7
32
5
8
7
4
14
6
14
61
4
11
36
19
18
50
18
22
37
9
5
7
16
9
10
615
24
9
29
20
1
45
191
11
15
30
15
2
24
6
12
8
3
20
10
10
8
9
10
23
9
3
7
4
9
1
18
11
37
35
84
7
11
8
4
13
5
13
4
3
22
1
15
15
62
18
9
13
12
12
4
6
20
22
56
15
11
12
19
21
29
22
12
23
8
9
31
8
30
6
29
18
15
8
16
22
9
52
31
7
6
11
12
35
12
12
7
8
11
19
12
13
5
12
15
5
86
54
13
6
6
14
12
12
7
8
3
12
8
42
2
15
14
122
13
5
11
24
12
21
6
8
39
22
11
14
15
8
22
6
3
18
