4
14
9
5
24
3
5
3
8
11
4
14
0
4
37
8
5
4
6
9
12
21
5
6
8
11
7
14
10
15
4
15
68
506
7
40
8
7
18
34
16
17
18
10
199
10
57
1
48
8
12
5
19
25
16
7
67
6
9
20
3
7
8
46
47
3
7
14
15
10
43
11
3
47
18
10
11
6
8
4
6
11
5
8
3
10
6
2
10
18
18
58
24
44
8
2
19
4
7
56
25
24
4
10
14
5
21
10
12
6
8
66
41
17
72
24
18
33
41
20
14
20
6
24
1
26
3
9
5
13
34
45
51
49
6
7
8
8
6
25
17
23
22
6
8
43
16
2
14
19
4
5
33
6
114
12
7
93
16
7
15
11
13
9
5
16
32
10
16
4
22
21
6
12
4
11
15
4
22
8
15
10
4
7
40
3
16
12
29
11
6
15
24
8
8
6
19
6
10
1613
7
6
24
3
8
12
16
9
17
7
32
10
7
19
19
18
5
6
8
2
10
30
17
67
9
9
58
16
11
25
7
17
23
8
8
28
8
12
7
19
4
28
9
6
24
32
12
5
3
2
8
1
63
6
10
28
3
19
110
2
16
10
9
12
4
16
8
10
3
15
72
10
3
7
16
8
8
15
3
15
17
12
23
5
6
24
16
8
63
12
140
6
4
6
9
10
7
9
10
13
16
13
2
11
4
11
16
7
6
7
12
39
4
11
13
20
8
3
7
5
1
23
8
15
3
5
36
66
12
40
6
6
16
26
11
16
15
9
13
30
10
20
14
30
1
1
1
5
16
8
16
67
7
11
71
3
15
3
33
6
2
166
6
0
55
37
10
3
24
11
11
29
5
5
8
7
22
8
0
10
4
20
1
22
9
9
13
20
7
66
11
10
5
9
2
1
11
10
17
21
7
48
11
13
22
2
5
6
2
2
32
8
4
4
13
3
12
104
9
8
4
10
4
29
6
25
2
11
181
7
6
2
8
19
8
70
26
12
6
68
19
22
5
30
7
7
16
114
25
19
4
24
4
23
26
2
13
6
185
6
5
18
17
0
107
20
9
2
8
15
65
10
123
5
7
6
36
1
6
3
472
6
337
3
22
5
4
12
10
7
10
12
7
17
11
15
10
8
28
4
4
14
9
5
24
3
5
3
8
11
4
14
0
4
37
8
5
4
6
9
12
21
5
6
8
11
7
14
10
15
4
15
68
506
7
40
8
7
18
34
16
17
18
10
199
10
57
1
48
8
12
5
19
25
16
7
67
6
9
20
3
7
8
46
47
3
7
14
15
10
43
11
3
47
18
10
11
6
8
4
6
11
5
8
3
10
6
2
10
18
18
58
24
44
8
2
19
4
7
56
25
24
4
10
14
5
21
10
12
6
8
66
41
17
72
24
18
33
41
20
14
20
6
24
1
26
3
9
5
13
34
45
51
49
6
7
8
8
6
25
17
23
22
6
8
43
16
2
14
19
4
5
33
6
114
12
7
93
16
7
15
11
13
9
5
16
32
10
16
4
22
21
6
12
4
11
15
4
22
8
15
10
4
7
40
3
16
12
29
11
6
15
24
8
8
6
19
6
10
1613
7
6
24
3
8
12
16
9
17
7
32
10
7
19
19
18
5
6
8
2
10
30
17
67
9
9
58
16
11
25
7
17
23
8
8
28
8
12
7
19
4
28
9
6
24
32
12
5
3
2
8
1
63
6
10
28
3
19
110
2
16
10
9
12
4
16
8
10
3
15
72
10
3
7
16
8
8
15
3
15
17
12
23
5
6
24
16
8
63
12
140
6
4
6
9
10
7
9
10
13
16
13
2
11
4
11
16
7
6
7
12
39
4
11
13
20
8
3
7
5
1
23
8
15
3
5
36
66
12
40
6
6
16
26
11
16
15
9
13
30
10
20
14
30
1
1
1
5
16
8
16
67
7
11
71
3
15
3
33
6
2
166
6
0
55
37
10
3
24
11
11
29
5
5
8
7
22
8
0
10
4
20
1
22
9
9
13
20
7
66
11
10
5
9
2
1
11
10
17
21
7
48
11
13
22
2
5
6
2
2
32
8
4
4
13
3
12
104
9
8
4
10
4
29
6
25
2
11
181
7
6
2
8
19
8
70
26
12
6
68
19
22
5
30
7
7
16
114
25
19
4
24
4
23
26
2
13
6
185
6
5
18
17
0
107
20
9
2
8
15
65
10
123
5
7
6
36
1
6
3
472
6
337
3
22
5
4
12
10
7
10
12
7
17
11
15
10
8
28
4
1
7
7
2
69
19
17
20
58
9
9
11
63
14
9
7
4
13
9
1
37
7
3
71
14
33
105
100
16
8
10
18
2
20
9
15
5
7
3
15
6
15
8
9
22
20
47
16
17
12
9
12
5
15
5
5
13
11
8
4
5
13
8
13
6
4
36
4
20
37
19
21
4
3
8
24
6
18
3
15
6
6
14
11
12
19
51
15
26
33
0
40
13
14
5
5
7
7
8
33
11
19
8
12
2
18
24
21
105
4
13
3
7
4
4
10
23
6
7
10
267
12
19
16
9
1
3
43
10
11
12
26
5
7
4
3
2
109
28
19
1
10
21
5
20
6
12
4
10
2
23
12
12
6
21
8
9
16
20
4
16
8
13
19
4
10
6
38
10
7
5
8
131
20
6
6
10
12
37
29
6
17
24
13
8
10
16
9
10
191
8
1
23
8
8
5
9
46
14
7
10
16
16
56
3
1
2
13
14
43
14
10
28
5
18
7
7
14
8
30
10
7
20
15
8
4
5
24
0
5
7
6
32
30
10
2
6
50
57
5
13
0
14
10
30
18
18
13
22
7
6
7
12
13
7
137
10
6
6
13
43
17
9
12
25
11
15
19
3
6
17
10
4
8
15
4
3
20
9
31
9
17
75
9
168
11
6
12
31
30
17
2
5
2
4
20
19
1
24
33
24
6
23
11
13
63
41
2
5
9
4
11
58
25
32
6
48
6
184
197
18
10
16
7
18
3
1
4
5
6
7
15
6
35
10
8
48
4
12
12
3
2
4
31
37
29
6
362
78
1
40
4
2
2
54
8
10
18
28
6
6
7
13
5
8
7
11
7
8
14
75
10
20
9
7
5
15
12
10
12
10
4
5
16
4
6
5
18
8
12
124
11
18
37
4
2
10
11
16
14
15
3
12
64
5
10
15
24
14
4
11
12
1
21
4
4
4
11
7
5
31
13
2
6
4
29
44
12
2
15
8
12
319
7
6
2
14
2
12
13
5
49
62
53
32
43
27
14
4
15
24
7
5
8
5
7
3
2
22
7
5
12
12
6
10
4
43
6
6
2
16
94
11
13
6
19
57
14
2
37
13
13
46
161
2
15
7
8
4
4
4
79
13
3
33
16
4
18
22
11
32
6
4
39
8
6
20
35
6
24
16
10
9
10
11
3
21
1
8
11
10
40
4
10
2
8
9
6
5
13
8
12
1
97
29
16
15
18
7
14
10
14
14
4
7
1
49
11
7
33
13
50
5
7
20
9
34
13
11
13
18
10
1
8
7
52
5
38
11
26
20
129
5
9091
11
12
4
3
7
9
82
0
8
12
10
10
11
10
20
7
6
17
11
21
3
20
36
3
6
9
12
12
10
7
16
3
9
9
8
32
9
10
17
6
17
213
927
12
7
9
18
49
33
19
6
7
14
5
18
4
13
42
15
12
6
7
26
18
126
10
11
21
10
2
2
10
4
5
32
7
8
39
9
12
9
6
27
7
10
6
6
19
113
17
7
5
13
5
8
7
12
7
3
5
14
5
19
21
5
6
20
8
7
12
39
18
9
12
20
24
6
4
3
12
10
4
4
16
185
6
15
88
29
15
14
35
5
7
4
2
14
11
85
100
9
9
2
6
30
11
19
44
14
9
9
9
6
11
4
9
86
26
11
20
3
2
10
6
5
19
10
11
3
11
13
10
3
5
31
4
10
7
7
129
6
8
7
8
12
5
7
8
8
26
58
1
11
61
38
7
4
8
952
8
20
6
13
4
4
4
7
9
11
10
58
12
22
3
3
102
14
7
130
10
4
5
60
35
9
12
10
11
7
7
7
8
3
18
4
5
6
22
10
6
24
2
30
17
0
6
17
20
11
36
8
10
19
14
15
15
13
1
6
12
17
49
19
3
27
14
41
13
8
3
7
40
7
12
5
17
10
0
2
2
4
24
27
8
7
7
2
7
7
8
15
15
6
29
3
13
4
20
19
9
8
9
10
3
7
23
2
6
14
9
3
5
14
7
8
1
15
21
5
6
24
22
16
17
9
39
36
51
7
7
3
6
3
0
11
12
3
18
20
1054
34
41
7
17
4
11
10
10
7
2
12
8
2
9
79
10
14
8
15
3
8
289
4
8
4
34
28
8
1
7
24
4
9
6
11
4
44
21
36
7
3
23
10
11
13
5
6
5
3
14
25
1
4
9
22
9
9
16
12
4
4
8
15
7
8
10
6
2
2
3
21
12
12
6
11
8
7
4
63
16
10
3
4
8
4
8
4
6
11
6
119
18
7
24
30
9
8
10
19
23
107
73
5
5
10
12
22
59
3
37
33
9
3
63
9
15
37
17
5
11
12
3
5
11
124
33
5
4
14
4
25
13
5
12
36
12
12
10
11
5
21
35
5
10
9
10
22
16
1
3
14
21
7
9
23
10
9
3
9
6
17
10
4
5
2
10
5
4
2
13
0
25
30
13
26
22
18
2
7
28
27
13
16
8
3
2
9
9
25
3
9
2
8
8
4
20
20
18
4
7
2
97
9
5
10
16
45
4
14
51
8
22
8
6
65
1
6
21
7
31
9
2
9
6
7
13
168
8
1019
12
15
9
4
11
17
23
17
7
10
11
10
3
10
16
5
7
7
3
3
13
46
47
18
32
10
8
2
6
8
17
5
23
10
39
3
16
10
21
60
18
9
7
16
76
5
2
9
7
7
6
4
2
13
0
15
1
19
6
1
4
5
5
3
7
13
3
26
7
4
7
4
3
2
11
2
31
7
17
15
17
6
2
7
1
32
9
14
36
4
10
20
2
8
20
7
5
13
11
20
3
4
10
8
21
13
11
17
12
114
9
4
41
9
6
9
5
13
11
12
14
9
3
7
5
7
52
81
10
7
12
13
6
14
37
16
32
3
2
32
10
4
21
5
10
24
9
4
10
3
27
4
4
23
12
2
7
1
12
14
262
43
8
8
472
2
16
4
13
14
6
27
7
93
29
10
44
4
3
4
2
10
4
9
5
76
11
8
6
9
28
9
6
13
9
8
53
7
28
5
5
9
10
4
19
9
22
15
5
130
2
9
8
4
20
9
8
17
19
9
13
6
80
28
6
8
19
4
35
6
0
8
4
6
9
112
6
48
1
5
86
3
12
19
13
0
7
10
18
3
4
10
7
6
10
36
2
16
9
116
3
1
6
9
13
38
3
14
48
5
14
58
19
8
31
13
66
8
41
148
44
35
4
6
5
17
4
44
30
13
14
7
7
10
3
11
17
13
12
19
10
4
5
39
16
13
6
21
11
11
4
6
12
6
4
12
18
6
7
3
12
12
15
7
6
8
6
18
1
8
8
9
6
17
11
17
9
44
12
2
15
3
13
2
10
16
4
7
2
3
249
7
7
5
30
20
11
75
10
3
12
19
10
16
15
4
21
30
11
21
7
11
4
15
9
8
4
2
5
5
7
17
18
3
6
17
8
10
8
24
26
10
34
7
9
6
12
36
8
7
7
4
3
7
8
7
7
16
6
8
4
61
14
7
3
4
230
31
50
5
30
8
11
5
3
6
3
12
9
6
8
17
20
14
3
34
13
10
6
17
6
27
7
2
4
11
9
8
65
10
11
13
6
3
15
96
45
14
6
14
7
9
12
10
17
112
35
4
12
3
5
14
5
9
9
12
7
18
5
7
8
1
5
53
19
6
4
11
28
12
31
12
7
2
20
2
10
14
20
17
17
30
2
31
2
8
5
5
6
24
4
54
7
14
58
8
20
4
7
7
53
16
13
8
11
11
12
7
7
6
10
80
5
6
18
10
4
7
12
12
21
7
12
3
22
7
13
4
4
7
40
7
12
71
5
7
22
0
3
16
5
7
7
12
177
13
4
30
16
11
37
26
4
8
10
141
3
147
12
5
6
17
13
9
13
17
16
4
36
21
18
13
3
234
14
28
4
6
65
11
11
8
16
5
4
11
7
8
5
9
5
11
6
3
1697
2
10
6
10
70
7
19
5
3
7
2
7
2
3
10
9
9
8
6
54
15
7
12
3
4
14
8
2077
49
200
10
39
18
109
3
1
6
5
31
3
10
8
10
20
42
12
44
26
15
7
25
2
2
17
14
5
11
6
13
9
4
9
14
4
24
13
29
3
21
73
2
11
7
13
7
14
184
12
4
5
4
3
12
6
1
10
30
11
9
7
2
5
24
113
32
1
8
2
8
29
5
3
18
5
33
7
46
10
23
8
3
13
3
12
6
2
16
3
15
5
5
3
7
8
12
6
7
54
22
5
10
13
41
7
13
1
10
33
16
8
35
30
15
4
21
9
6
13
23
1
7
17
8
309
2
5
17
6
13
8
2
335
18
10
9
2
11
15
10
6
4
8
1
2
4
30
2
6
14
18
7
4
4
8
6
7
7
9
12
10
118
32
12
15
24
20
55
9
40
2
44
16
23
7
7
10
96
4
1
4
6
6
6
10
19
15
14
19
22
11
375
18
29
3
4
12
8
42
16
10
8
7
12
22
227
5
18
7
2
3
21
6
20
19
27
6
12
93
5
89
3
5
17
6
22
29
16
1
7
13
6
23
8
6
11
11
3
3
22
15
17
16
161
9
34
32
59
16
12
108
15
9
28
1155
27
49
10
5
8
11
27
9
3
4
3
15
5
7
42
11
24
25
11
4
8
11
11
3
5
5
10
14
71
12
19
2
6
43
14
14
52
5
55
79
18
10
23
47
11
10
29
22
17
4
3
10
13
6
67
3
5
4
11
22
110
9
94
16
55
0
1
17
6
4
8
14
82
96
7
14
5
3
18
4
7
27
4
32
60
3
9
18
46
11
5
1
25
57
26
2
7
3
8
3
17
1627
4
519
7
14
38
18
5
18
45
24
18
20
9
23
15
6
229
41
6
9
11
8
22
5
4
9
3
5
14
24
15
11
6
8
9
10
3
17
4
6
15
15
12
27
46
49
6
11
1
5
5
13
9
11
6
3
13
14
5
4
31
23
14
8
30
5
16
23
16
4
135
101
16
12
5
4
23
3
10
33
1
6
10
8
10
20
14
5
30
8
9
19
7
6
52
6
1
12
3
8
6
8
6
5
6
12
6
5
12
12
11
4
4
13
16
41
3
7
22
9
24
24
12
22
4
2
4
15
5
12
10
12
18
22
36
10
22
53
18
15
10
12
20
2
7
24
4
13
7
16
16
4
19
3
20
12
14
33
13
40
14
4
3
7
14
8
8
8
0
11
3
19
12
11
43
12
4
48
5
16
35
4
15
9
3
12
32
19
23
16
2
9
12
20
26
9
44
7
10
40
8
117
31
45
45
4
2
44
44
3
18
54
6
9
34
3
5
7
13
2
8
4
16
49
5
8
34
2
10
21
15
47
11
5
11
5
12
4
6
4
13
1
8
25
5
7
3
8
15
26
6
26
6
7
5
13
5
84
7
5
7
8
8
29
11
4
4
48
37
11
17
17
3
9
12
19
9
5
23
7
10
23
5
8
5
5
2
2
16
12
9
19
13
16
3
13
18
4
32
0
64
11
14
39
6
12
19
8
2
15
4
5
11
88
3
30
125
8
30
8
6
51
16
20
7
10
13
36
16
8
5
9
10
12
42
32
4
44
18
30
9
4
8
5
215
7
8
7
13
2
57
1
8
0
6
5
6
15
26
8
10
19
5
12
3
67
46
6
8
2
3
8
25
8
21
8
3
18
9
4
413
2
88
3
6
12
48
4
9
3
83
0
12
12
7
0
19
6
4
8
17
23
8
10
1020
7
43
34
14
8
13
94
2
12
1
8
6
5
6
2
2
3
15
15
0
34
10
25
12
9
33
5
7
0
47
7
5
6
1
10
5
11
4
4
1
14
5
10
7
2
15
18
4
15
46
8
47
8
4
6
4
4
16
9
2
209
9
10
2
14
5
17
3
5
7
9
6
14
3
30
6
9
9
3
11
19
6
9
18
16
4
25
13
18
9
4
7
4
25
7
12
6
4
48
7
13
14
22
15
3
7
12
19
7
15
73
2
13
57
14
5
7
10
27
26
108
45
5
3
2
3
49
16
13
11
30
12
74
21
6
72
22
19
8
10
19
21
11
6
7
10
4
3
2
9
5
12
4
18
4
7
23
119
13
11
38
20
24
14
9
127
2
6
22
2
2
5
5
1
10
17
12
7
8
10
34
22
12
47
16
8
37
27
26
25
9
38
3
5
13
2
8
31
8
3
5
7
6
7
7
154
4
3
32
16
8
14
19
17
4
11
4
7
8
5
10
28
11
32
11
337
10
45
52
8
9
58
52
5
31
98
184
21
7
42
10
17
13
9
13
6
7
7
11
5
34
3
10
12
39
69
3
8
25
5
10
13
5
55
11
11
220
12
9
10
6
22
50
9
4
26
15
4
9
24
4
7
4
5
33
16
6
89
20
4
11
3
10
6
103
21
2
16
3
3
3
29
9
24
32
29
5
14
24
1
8
5
20
36
9
10
3
1
4
7
0
27
17
20
5
12
13
10
26
38
17
4
11
12
17
23
10
15
3
61
6
10
9
8
10
7
23
6
1
39
19
13
19
6
28
6
9
87
15
13
21
7
3
8
30
37
3
11
2
6
6
15
15
3
14
10
52
8
421
4
11
5
6
8
7
8
11
5
16
10
43
16
20
6
16
14
2
3
50
17
3
10
3
14
8
74
19
0
2
14
10
36
10
43
36
8
11
4
13
4
18
16
20
16
4
3
7
6
95
2
24
23
6
57
16
55
21
9
11
6
2
15
158
11
15
5
12
11
68
15
10
18
11
12
29
14
10
2
6
15
87
21
40
19
5
7
11
10
3
25
6
12
8
68
17
11
11
0
18
2
312
8
4
9
17
9
4
3
5
19
12
6
147
8
91
21
15
21
42
3
19
8
11
10
16
11
50
3
11
19
7
11
6
6
7
28
32
21
7
15
4
16
52
28
13
0
1
13
2
5
7
8
12
1
5
14
38
2
13
17
4
5
25
21
32
11
37
10
6
19
7
4
11
9
77
11
15
1406
6
13
4
14
12
6
5
7
22
16
2
6
8
66
9
11
5
44
8
12
13
5
23
2
16
41
16
10
4
30
7
15
6
3
2
16
6
4
10
13
5
8
14
53
0
60
12
25
12
72
2
3
22
38
7
34
13
13
17
1
7
2
6
15
3
16
14
4
4
10
30
3
7
7
3
5
8
21
5
1
43
28
9
10
4
22
23
7
7
3
192
61
14
33
14
26
21
21
12
3
16
11
11
5
23
10
17
4
12
15
5
89
8
7
14
6
25
5
8
12
8
12
24
4
27
13
17
6
5
10
7
5
58
7
3
15
4
4
12
4
4
35
11
174
3
44
2
8
32
36
75
28
7
13
3
7
14
15
27
5
56
2
6
37
38
5
32
11
5
13
10
103
0
3
3
25
8
59
19
16
25
5
4
7
20
3
16
18
2
14
2
3
12
21
15
11
27
7
6
9
14
10
7
32
68
9
1
8
8
2
14
23
25
7
46
43
9
133
14
5
25
7
12
81
10
4
981
6
23
15
12
7
94
8
8
0
27
0
15
15
11
3
28
5
2
25
13
26
27
6
7
9
4
11
20
3
0
11
40
5
10
2
8
9
11
15
3
8
28
9
29
33
43
2
18
50
14
15
20
5
14
1
7
7
10
11
12
3
6
22
4
0
13
4
10
7
10
16
2
28
25
11
9
6
11
12
14
11
10
6
7
10
2
7
4
239
8
29
262
10
11
8
3
36
3
11
52
91
1
11
4
3
16
65
9
124
19
9
4
52
5
30
42
7
3
6
86
1
13
14
12
10
39
26
2
14
7
15
41
3
32
11
25
5
6
8
24
7
9
6
17
259
41
6
6
10
3
17
6
29
18
13
5
29
10
6
9
8
9
10
3
11
31
46
9
2
19
12
5
16
10
34
8
3
12
5
7
10
13
17
5
7
27
7
5
7
20
2
21
11
6
36
28
11
33
7
35
12
2
12
5
4
6
13
3
8
8
10
13
13
59
17
9
18
21
31
8
10
8
9
15
6
18
5
5
2
10
13
18
51
4
6
2
13
19
19
3
8
24
13
34
24
7
12
16
29
2
6
19
61
55
12
13
209
10
43
14
8
18
6
13
30
6
15
3
14
93
13
15
5
4
36
3
8
1
8
9
15
47
5
14
7
3
6
3
7
43
19
26
3
6
16
8
28
125
29
9
20
10
49
15
44
4
26
7
8
4
109
11
5
15
21
3
19
6
46
11
5
4
5
6
55
6
14
5
6
16
5
6
4
3
9
71
4
8
36
7
6
8
50
9
6
7
3
29
26
12
14
8
10
22
9
15
18
3
23
3
4
12
10
10
10
2
6
8
7
10
13
10
9
1
7
13
7
20
34
5
16
16
6
215
2
19
4
14
13
4
12
3
6
2
12
3
31
12
9
14
4
12
24
14
2
82
18
4
8
46
11
14
25
11
9
15
6
9
24
18
7
8
29
12
21
10
25
9
9
10
6
4
28
20
20
0
25
22
4
6
2
3
40
36
18
15
30
15
17
45
18
15
52
9
6
15
6
8
14
499
3
9
36
6
11
253
87
6
12
13
73
56
5
120
29
6
3
6
22
12
18
24
9
11
10
17
13
4
7
9
12
10
14
16
16
18
7
18
4
4
10
9
8
19
18
0
3
6
9
42
3
8
9
11
8
10
4
8
8
23
9
6
6
8
15
21
22
9
400
3
2
6
12
4
117
1
9
5
5
1
26
6
4
7
6
6
286
12
16
109
11
7
13
9
4
22
11
30
15
29
6
7
60
1
28
18
77
8
46
0
6
11
12
6
12
7
14
18
9
22
7
12
13
2
12
3
19
9
6
4
2
11
55
27
35
19
19
6
142
10
18
7
26
12
13
5
17
6
16
21
4
27
8
7
9
6
2
8
21
45
8
26
9
12
7
5
7
8
5
10
3
9
26
4
5
12
9
46
20
7
14
14
9
13
14
106
4
18
20
41
29
12
38
5
19
28
11
146
23
25
5
10
10
18
12
24
14
3
11
1135
9
8
27
23
12
6
7
18
5
0
8
3
5
12
14
3
2
57
9
14
19
4
11
23
221
2
7
24
10
8
16
51
16
5
7
14
12
17
8
4
7
9
26
4
6
132
9
5
7
12
17
28
150
11
4
1
26
5
11
6
5
9
29
11
120
2
39
3
15
5
87
10
5
14
6
6
12
4
13
4
14
13
11
5
10
25
12
6
5
8
7
0
40
16
33
10
9
11
33
35
8
3
437
2
14
12
14
15
5
24
9
4
9
13
4
6
9
7
10
7
4
40
5
9
53
8
4
14
7
11
13
18
75
35
13
42
6
6
23
10
25
11
2
31
16
46
14
9
12
11
7
21
2
1
38
2
4
23
154
15
11
5
7
23
8
8
48
55
8
9
15
43
7
18
6
13
4
17
11
2
16
3
9
35
2
11
33
36
7
14
29
2
10
4
19
5
7
16
12
4
5
17
36
25
11
4
4
73
13
6
13
7
1
51
7
7
15
5
8
7
93
9
13
14
15
63
1
95
6
18
16
4
12
17
52
14
3
1
2
3
8
10
13
14
10
8
5
6
66
18
7
18
25
4
13
3
19
5
23
8
29
19
8
29
7
52
60
9
17
12
7
13
10
12
25
16
11
20
8
6
8
3
20
5
8
8
5
4
6
7
5
17
3
10
32
8
9
9
25
9
11
28
19
7
132
8
1643
4
3
3
6
25
22
12
7
10
74
6
6
37
24
12
9
8
11
16
25
7
12
45
2
191
2
13
4
15
19
5
198
16
13
10
10
3
5
17
7
19
1
5
15
6
9
26
9
3
23
17
7
11
12
20
5
14
20
6
28
4
15
28
13
4
13
10
8
16
6
3
21
10
5
3
22
16
15
76
11
28
19
10
8
2
27
15
18
10
140
12
21
147
13
7
13
6
139
16
4
4
17
16
5
8
5
6
6
17
17
11
27
8
7
9
25
17
81
3
14
7
10
13
32
3
1
12
8
22
20
5
11
6
10
17
7
11
10
222
3
6
7
7
15
5
52
27
72
94
10
45
1
3
24
56
13
2
48
2
4
6
7
85
7
2
6
2
9
1
7
29
7
5
8
14
4
13
10
16
2
4
8
13
18
3
8
27
16
21
64
13
25
3
21
8
13
16
27
26
7
2
3
2
19
15
73
14
1
5
15
7
27
3
11
4
6
30
6
19
16
5
2
9
6
14
14
142
23
4
6
96
0
10
14
27
17
5
19
15
4
7
14
9
12
15
10
1
4
13
12
16
8
5
10
25
14
11
15
10
9
2
3
4
46
3
18
14
13
13
968
2
9
9
5
13
17
10
8
3
12
21
4
1
92
9
17
8
6
15
15
7
15
9
2
23
12
87
16
8
11
0
2
8
3
5
6
11
11
6
20
10
5
13
13
23
25
15
3
4
3
31
16
19
12
2
9
14
16
267
2
6
3152
33
23
6
20
6
35
19
6
6
8
7
66
10
11
18
6
5
2
23
6
4
15
8
29
16
12
11
64
3
3
418
1
6
18
3
133
14
0
9
6
7
11
11
181
6
48
9
286
17
36
8
17
7
8
6
104
4
9
9
8
8
45
16
16
14
16
23
4
6
6
3
13
42
6
3
11
9
2
16
17
7
6
14
15
0
1248
16
63
2
6
22
8
42
12
8
11
18
13
4
15
4
12
6
25
20
20
7
2
11
3
25
4
5
29
1
7
8
6
16
2
13
99
102
21
8
12
9
6
10
3
6
29
9
9
6
31
9
50
12
3
2
1
3
2
9
14
3
1
5
8
6
6
70
20
12
16
9
3
18
24
309
4
3
2
20
5
37
10
3
13
6
4
23
12
2
6
8
9
13
50
12
55
9
5
34
26
146
1
10
30
5
6
4
11
19
34
24
3
4
2
10
7
552
18
28
351
6
7
65
7
7
3
5
10
24
13
12
10
3
48
20
19
16
8
49
5
4
3
15
2
8
53
15
15
27
9
5
12
3
12
20
24
20
9
85
19
12
5
2
12
6
4
8
17
8
9
7
53
28
30
25
6
30
21
4
16
10
15
20
18
8
13
25
12
47
40
9
11
2
43
3
5
14
18
8
1
12
186
7
17
2
3
0
0
11
4
12
16
36
9
54
7
10
25
14
0
35
35
4
5
3
9
5
5
17
4
28
0
9
8
13
10
8
6
2
19
18
20
5
22
109
18
15
13
38
7
10
14
6
21
1
17
13
6
10
12
50
1
17
8
7
5
12
12
25
3
15
11
6
114
7
22
6
1
318
37
15
13
10
10
7
4
14
9
3
1421
3
17
33
3
11
13
79
1276
6
14
13
7
4
54
11
17
645
9
25
28
0
408
7
3
12
10
6
6
18
11
4
16
6
5
10
8
12
34
7
5
6
6
10
5
8
26
34
8
24
19
15
6
64
3
15
5
1
7
9
6
10
7
5
33
25
5
8
9
34
13
2
5
2
7
10
11
26
2
8
14
78
4
5
208
12
28
4
5
23
9
10
9
20
3
6
8
2
12
193
10
15
2
31
50
12
12
41
16
6
18
31
70
7
37
7
7
16
11
47
6
7
2
102
7
9
17
44
17
9
9
12
36
35
1
15
9
4
31
16
20
4
10
2
5
15
8
15
13
19
70
4
11
13
1
22
3
46
8
15
4
32
283
2
9
24
9
6
28
11
8
7
10
24
10
9
6
7
19
8
18
12
8
2
6
15
5
10
24
4
68
32
5
38
31
5
17
2
7
13
7
6
12
11
6
20
18
2
9
7
34
10
7
26
14
6
3
12
13
7
11
10
18
15
33
4
6
17
5
10
5
5
3
3
18
5
10
39
10
19
4
1
7
12
4
44
4
5
19
3
19
10
35
18
28
3
24
17
4
14
36
20
11
4
25
11
26
5
4
6
2
4
12
6
6
4
6
7
15
8
8
71
4
9
9
23
9
37
5
13
6
8
101
7
3
3
1
50
7
5
12
3
242
45
5
15
5
51
4
15
9
2
6
2
26
5
81
21
70
0
7
10
3
10
17
4
13
9
6
11
4
9
3
9
30
1
13
13
4
15
12
13
11
2
2
11
8
23
16
121
11
9
11
4
23
5
7
27
11
14
19
29
15
10
11
6
9
5
33
7
23
7
4
129
14
5
10
8
10
180
10
9
9
5
5
11
6
3
6
11
11
2
7
32
19
3
12
14
13
2
13
8
49
5
5
16
21
5
7
9
25
35
49
10
12
0
7
3
8
13
10
13
11
9
6
7
9
45
2
7
11
5
16
17
815
5
32
16
8
4
18
50
4
29
2
4
4
9
5
130
2
2
9
10
30
7
3309
11
0
10
105
12
9
321
30
20
7
5
15
3
12
10
6
35
740
10
11
14
14
28
19
4
12
23
1
11
10
7
14
10
4
6
2
7
8
12
7
8
3
96
10
11
9
27
0
10
8
6
7
3
8
8
15
13
10
3
9
8
20
7
16
198
6
11
7
16
6
1
11
8
19
32
4
8
3
17
1
17
14
2
7
8
11
18
13
145
15
6
518
1
6
9
8
10
48
11
28
11
6
5
19
6
7
5
6
0
24
34
2
12
6
5
7
5
5
2
8
27
6
3
3
10
17
7
37
17
8
13
25
20
36
15
4
9
7
4
4
1
11
4
15
3
7
6
5
8
30
7
35
20
5
7
11
18
3
29
10
7
4
35
10
6
34
4
14
5
1
143
16
3
69
13
4
86
3
35
5
27
7
21
7
1
11
9
37
7
7
11
4
14
6
2
4
149
9
2
18
34
5
5
6
1
15
5
9
0
4
7
9
47
3
13
11
121
1
17
12
21
12
9
25
8
13
35
10
58
17
6
31
4
0
6
28
9
9
2
23
8
4
12
2
6
8
6
10
11
11
6
17
7
7
11
15
39
7
18
438
11
9
29
20
25
5
16
0
8
2
24
2
7
5
10
11
54
11
13
7
25
10
25
19
6
9
22
13
11
8
3
25
5
9
9
33
8
85
8
1
94
211
64
4
29
114
4
12
10
35
4
2
8
6
6
24
12
13
8
7
9
29
169
0
20
6
9
19
13
4
7
2
20
5
9
16
6
11
10
38
5
35
23
8
3
6
41
52
9
10
11
16
4
22
13
36
32
27
4628
2
23
2
7
29
13
5
24
30
2
23
14
51
5
22
22
23
2
12
10
13
6
5
11
20
5
9
11
3
34
232
12
16
13
4
10
35
13
3
47
37
5
12
8
13
111
7
38
6
197
77
4
5
24
4
15
4
12
35
13
10
35
54
4
21
7
93
20
25
15
27
20
3
407
9
1
12
10
8
21
64
1559
4
13
11
11
62
4
8
0
8
1
7
41
72
0
3
15
5
12
6
16
6
1
16
5
52
21
21
6
1
44
53
4
8
5
14
2
98
7
9
4
22
41
2
21
200
8
60
6
9
37
4
6
7
0
8
7
11
5
1
10
13
9
8
1
19
4
40
3
18
17
54
15
2
3
50
8
8
16
9
9
3
9
5
9
15
18
4
2
42
7
13
12
10
2
15
13
16
7
13
2
17
18
17
30
19
3
20
6
6
7
30
4
27
4
11
1
15
21
12
48
7
11
25
2
41
29
20
4
2
3
12
0
8
2
23
55
7
4
2
11
27
30
246
13
0
6
7
12
37
138
18
4
9
3
67
2
2
19
7
16
52
2
7
10
16
3
25
5
16
43
36
35
102
4
1
4
14
15
12
3
26
9
4
16
26
16
7
8
14
7
22
23
7
8
10
6
10
1
374
8
3
11
32
3
14
3
64
212
66
5
16
8
22
4
8
13
18
10
22
12
346
17
11
22
6
4
13
9
9
4
12
15
206
26
19
8
3
4
56
13
118
23
29
6
5
36
10
9
12
2
3
5
18
6
14
16
5
5
13
1
5
3
7
7
11
3
3
9
1
4
2
7
36
24
84
49
6
14
3
19
13
8
3
17
0
199
9
268
8
3
11
60
10
5
10
8
103
4
4
12
3
11
11
5
17
3
10
21
4
10
38
22
18
15
4
5
8
7
10
3
12
3
7
7
6
6
8
6
9
9
20
10
5
8
8
7
10
3
12
20
4
5
23
16
8
3
3
16
6
16
11
17
5
35
7
9
41
6
5
72
108
5
7
11
2
11
2
13
43
9
8
10
13
21
21
6
4
56
16
8
11
7
98
14
4
27
433
5
30
3
11
22
11
14
3
8
11
44
13
27
21
6
6
12
6
4
3
352
26
5
9
87
2
8
27
44
9
4
8
16
47
12
3
28
24
3
20
11
20
10
7
8
17
17
16
25
5
3
6
16
5
29
27
8
12
21
15
11
454
59
5
19
37
16
3
9
6
12
5
10
21
7
6
9
14
12
124
10
14
8
6
11
15
15
13
17
18
4
2
20
14
55
1111
9
38
10
4
15
5
5
12
2
9
4
6
12
4
6
1
13
18
3
37
10
10
55
11
6
17
4
11
28
6
13
4
6
10
19
13
31
8
6
0
1
14
2
5
11
25
19
14
7
6
13
9
6
294
20
58
17
9
4
8
34
6
32
15
25
40
11
29
4
13
69
8
254
9
12
6
10
10
80
60
7
8
22
43
13
4
78
35
5
0
17
7
7
8
3
9
5
8
21
14
14
58
4
4
5
5
1
31
9
9
11
20
16
38
3
5
22
19
8
13
2
8
64
5
555
27
4
75
5
10
4
17
3
7
6
7
13
4
1
14
26
9
11
8
20
7
8
4
5
12
12
8
24
5
16
13
8
6
8
7
0
32
16
19
20
14
47
3
47
16
11
37
18
4
8
12
12
5
28
129
10
10
4
8
8
5
8
5
24
3
5
5
20
6
8
15
19
24
2
33
19
51
28
10
4
26
10
16
16
43
6
6
12
76
17
8
9
17
17
7
3
3
10
8
14
20
20
5
5
25
4
7
10
1
54
10
9
30
4
8
46
5
9
8
9
37
6
2
8
7
13
15
37
6
7
6
30
1
6
32
23
34
12
15
23
3
27
43
3
4
7
43
6
11
7
12
12
11
37
8
7
3
13
22
16
36
19
17
7
36
9
16
4
6
6
8
40
4
33
130
10
13
10
10
3
11
21
5
31
6
10
46
19
6
8
9
2
8
11
5
8
7
2
10
4
11
9
2
159
5
8
26
2
6
2
45
1
10
1
5
3
4
16
12
9
3
13
7
12
2
11
22
11
4
6
9
5
15
9
9
8
14
7
18
13
10
60
36
13
2
12
4
12
5
5
39
41
14
4
6
5
19
3
19
11
0
395
4
17
10
14
4
8
29
7
3
14
48
7
55
30
199
14
11
19
87
14
8
2
35
7
10
12
7
5
11
7
7
2
6
9
2
10
13
2
8
6
9
11
10
13
25
6
9
28
21
9
10
11
3
15
19
7
20
47
6
5
10
24
18
2
13
9
17
1
7
50
7
23
46
8
7
70
8
21
24
13
20
4
2
666
12
14
13
9
28
7
11
46
40
11
7
10
12
22
18
11
4
8
6
7
4
11
8
7
8
2
7
9
26
17
4
42
14
69
4
22
5
2
9
3
5
8
2
11
66
4
8
17
10
7
71
11
16
5
7
7
12
1
4
7
3
24
11
4
4
151
10
17
12
7
11
14
2
2
16
38
64
24
12
10
50
3
3
317
7
4
9
13
68
230
13
25
7
16
4
9
8
19
54
20
8
21
14
12
9
9
51
10
7
13
4
19
10
6
27
23
9
6
16
10
14
7
14
12
13
9
3
3
21
9
7
3
10
69
9
39
33
6
4
508
9
6
18
312
7
6
4
20
20
20
3
10
9
13
19
18
34
4
5
35
9
7
20
12
1
9
6
20
17
6
4
19
7
9
3
24
14
24
9
6
6
121
10
10
6
6
3
17
49
13
33
12
2
145
23
4
9
11
5
10
14
20
21
10
23
17
14
19
8
15
12
7
13
5
12
6
45
17
0
1
40
13
7
19
9
4
111
33
61
6
8
3
27
18
6
8
18
0
8
6
88
12
10
25
6
9
51
12
2
12
15
17
11
18
5
1
6
303
6
5
5
12
14
1
13
4
9
0
10
14
11
19
9
56
1
35
8
7
8
8
4
32
12
5
5
6
8
6
10
11
13
4
10
22
31
6
7
8
13
0
0
3
20
4
8
13
8
7
51
10
5
16
137
6
8
22
4
2
2
6
8
12
13
112
5
0
7
8
18
2
15
17
15
11
30
8
4
16
8
5
1
3
1
8
4
27
9
23
3
16
6
5
4
7
3
4
9
7
20
8
7
1
6
13
7
4
13
6
18
18
176
15
16
2
7
18
23
32
10
12
19
5
12
11
9
12
11
4
5
11
53
8
20
5
47
22
4
7
18
8
4
14
9
5
24
3
5
3
8
11
4
14
0
4
37
8
5
4
6
9
12
21
5
6
8
11
7
14
10
15
4
15
68
506
7
40
8
7
18
34
16
17
18
10
199
10
57
1
48
8
12
5
19
25
16
7
67
6
9
20
3
7
8
46
47
3
7
14
15
10
43
11
3
47
18
10
11
6
8
4
6
11
5
8
3
10
6
2
10
18
18
58
24
44
8
2
19
4
7
56
1
23
3
8
9
3
5
16
17
2
6
16
8
5
6
18
3
14
12
49
23
10
12
18
10
16
23
14
10
79
3
38
30
21
4
24
4
8
35
1
21
35
11
7
2
30
16
1
48
16
15
8
11
11
5
78
32
8
3
33
9
9
13
50
7
20
12
63
51
2
31
15
17
4
13
5
8
13
3
3
2
20
716
17
13
4
3
15
13
2
6
4
27
2
18
4
9
9
9
3
4
3
8
177
15
9
11
0
25
8
10
7
9
51
12
2
14
7
2
5
10
10
5
42
17
6
23
6
81
5
6
0
15
14
3
2
13
49
12
39
3
19
19
11
11
2
11
15
22
52
4
6
9
8
31
3
4
132
23
8
1
3
12
40
15
42
44
13
14
6
11
6
3
4
13
10
8172
10
14
82
13
11
11
33
1
10
14
6
4
4
19
8
12
5
11
231
9
11
4
10
3
11
16
35
11
18
10
16
10
4
20
17
8
18
9
6
10
9
342
10
7
3
3
9
6
19
10
9
14
8
4
40
19
35
14
16
5
1
32
491
6
151
12
6
8
22
9
12
6
14
22
3
7
8
11
26
7
12
10
9
3
50
81
15
3
15
1
14
41
44
9
11
8
24
9
15
21
27
7
9
106
22
6
30
4
6
4
3
14
5
12
53
4
8
32
16
16
42
15
16
30
5
4
6
13
8
7
577
22
8
21
18
0
40
185
5
11
26
10
1
21
4
7
8
3
15
9
8
8
7
8
21
8
3
5
2
7
0
13
8
33
32
75
4
7
6
3
7
4
13
3
2
16
1
12
14
57
16
6
12
12
12
2
2
15
18
51
13
10
10
14
19
21
21
11
17
5
7
28
6
24
6
20
17
10
7
14
19
4
49
25
7
4
9
9
28
11
11
7
7
10
16
10
10
2
10
13
3
83
49
10
5
5
14
9
9
6
7
3
9
7
40
0
14
12
115
9
5
7
19
6
17
6
6
36
18
8
12
11
5
16
5
2
15
