13
14
13
4
112
7
6
17
4
13
2
8
12
9
27
5
13
9
1
15
6
29
3
3
5
19
7
31
5
11
7
5
4
2
37
17
3
6
22
4
22
26
6
4
7
4
7
8
16
8
25
59
11
13
2
2
11
9
111
4
5
9
13
10
3
17
6
15
1
10
8
9
3
3
30
2
8
6
15
2
3
14
3
10
35
14
8
18
33
45
5
5
11
11
5
3
8
6
18
3
4
6
7
26
27
7
9
7
3
7
1
26
2
6
5
3
9
6
3
23
22
6
19
11
3
20
9
16
20
7
0
7
19
7
6
3
2
9
7
6
49
19
16
3
10
4
3
13
13
20
2
6
4
16
7
43
5
23
4
6
6
10
32
4
5
4
5
14
8
8
13
2
3
3
12
8
34
2
0
3
4
12
9
31
17
6
28
46
5
2
15
13
14
1
5
24
17
21
12
5
3
14
3
0
6
4
87
60
5
2
7
4
126
6
12
4
5
4
11
8
4
18
7
17
19
5
5
7
4
12
7
9
10
72
7
9
8
6
15
3
3
9
7
56
5
11
3
10
15
10
7
29
8
7
2
6
3
16
97
41
2
4
7
29
2
5
25
4
31
32
4
39
34
63
64
50
6
16
22
13
11
28
19
22
13
4
1
5
59
13
3
17
5
3
6
14
8
5
6
8
113
20
3
28
2
29
17
7
13
20
5
15
3
10
6
6
27
93
23
2
9
14
4
2
4
1
9
5
15
8
7
2
9
17
5
18
4
10
1
19
8
15
4
0
3
4
6
7
19
4
3
1
8
20
5
7
11
3
43
12
14
1
8
7
6
7
30
19
1
2
1
11
8
2
5
5
2
13
5
18
10
5
11
28
8
150
7
6
5
5
9
6
11
2
3
5
13
6
8
32
5
4
8
11
12
6
6
373
2
3
3
18
4
11
6
32
6
8
6
5
5
10
8
12
5
13
9
34
3
5
17
27
2
5
4
31
12
6
21
0
9
10
3
106
7
6
2
8
11
15
13
3
3
7
4
5
6
10
4
4
6
16
7
66
15
10
6
4
2
48
9
8
12
4
17
5
26
9
8
7
7
8
11
3
10
10
4
8
13
648
76
14
3
5
13
11
16
17
9
4
13
14
13
4
112
7
6
17
4
13
2
8
12
9
27
5
13
9
1
15
6
29
3
3
5
19
7
31
5
11
7
5
4
2
37
17
3
6
22
4
22
26
6
4
7
4
7
8
16
8
25
59
11
13
2
2
11
9
111
4
5
9
13
10
3
17
6
15
1
10
8
9
3
3
30
2
8
6
15
2
3
14
3
10
35
14
8
18
33
45
5
5
11
11
5
3
8
6
18
3
4
6
7
26
27
7
9
7
3
7
1
26
2
6
5
3
9
6
3
23
22
6
19
11
3
20
9
16
20
7
0
7
19
7
6
3
2
9
7
6
49
19
16
3
10
4
3
13
13
20
2
6
4
16
7
43
5
23
4
6
6
10
32
4
5
4
5
14
8
8
13
2
3
3
12
8
34
2
0
3
4
12
9
31
17
6
28
46
5
2
15
13
14
1
5
24
17
21
12
5
3
14
3
0
6
4
87
60
5
2
7
4
126
6
12
4
5
4
11
8
4
18
7
17
19
5
5
7
4
12
7
9
10
72
7
9
8
6
15
3
3
9
7
56
5
11
3
10
15
10
7
29
8
7
2
6
3
16
97
41
2
4
7
29
2
5
25
4
31
32
4
39
34
63
64
50
6
16
22
13
11
28
19
22
13
4
1
5
59
13
3
17
5
3
6
14
8
5
6
8
113
20
3
28
2
29
17
7
13
20
5
15
3
10
6
6
27
93
23
2
9
14
4
2
4
1
9
5
15
8
7
2
9
17
5
18
4
10
1
19
8
15
4
0
3
4
6
7
19
4
3
1
8
20
5
7
11
3
43
12
14
1
8
7
6
7
30
19
1
2
1
11
8
2
5
5
2
13
5
18
10
5
11
28
8
150
7
6
5
5
9
6
11
2
3
5
13
6
8
32
5
4
8
11
12
6
6
373
2
3
3
18
4
11
6
32
6
8
6
5
5
10
8
12
5
13
9
34
3
5
17
27
2
5
4
31
12
6
21
0
9
10
3
106
7
6
2
8
11
15
13
3
3
7
4
5
6
10
4
4
6
16
7
66
15
10
6
4
2
48
9
8
12
4
17
5
26
9
8
7
7
8
11
3
10
10
4
8
13
648
76
14
3
5
13
11
16
17
9
4
7
5
5
9
2
3
91
5
20
1
4
6
13
2
28
9
4
111
3
3
12
10
5
11
19
1
5
5
9
9
39
14
18
4
10
79
0
12
12
77
4
9
6
19
9
11
6
12
24
3
8
6
6
4
17
7
11
7
4
3
26
17
5
4
16
4
13
4
8
36
16
5
5
4
5
33
8
1
10
3
2
9
5
38
36
9
6
8
4
6
8
4
3
6
7
7
12
4
8
4
3
4
9
1
10
3
7
10
8
1
13
8
2
3
4
12
13
9
6
3
6
5
3
14
3
10
42
8
13
4
8
6
24
8
4
7
4
12
11
1
22
4
4
108
6
10
10
13
38
5
4
5
10
22
15
7
1
29
13
8
12
3
20
10
14
9
46
1
6
7
1
14
5
6
359
2
8
5
16
79
11
7
6
4
4
14
4
3
16
17
9
5
8
114
14
9
6
6
13
8
2
15
5
11
5
5
38
13
9
379
0
19
4
4
5
4
9
2
7
24
13
6
4
25
31
32
141
12
8
5
7
14
10
18
10
5
10
17
13
6
32
21
7
11
48
8
11
4
5
2
10
6
7
4
5
4
3
8
16
10
5
0
15
5
27
6
7
5
4
7
17
7
6
20
7
2
3
3
9
5
9
3
2
19
22
11
6
16
9
3
7
10
8
5
6
3
6
6
38
28
10
7
6
3
13
7
3
10
6
2
6
4
20
3
11
6
13
154
9
2
20
226
1
5
7
14
2
1
4
14
4
0
9
5
2
6
6
1
0
2
12
9
3
14
3
9
6
11
16
15
17
44
12
3
20
6
16
2
1
8
3
10
5
9
7
5
16
19
8
4
2
4
3
9
144
2
6
2
19
11
16
15
85
5
5
15
5
33
6
22
5
1
7
5
11
11
2
7
6
11
2
7
11
3
26
4
63
26
8
0
7
5
6
6
5
7
8
4
5
20
9
2
8
11
3
46
6
7
18
12
24
5
28
9
16
22
9
6
5
31
6
6
4
5
51
10
9
3
19
10
3
12
6
5
5
4
4
2
11
2
1023
10
5
10
5
12
7
1
17
21
11
4
7
2
1
10
3
24
3
96
8
7
19
14
3
10
2
1
19
8
7
1
6
6
6
2
3
13
38
47
2
9
11
9
4
2
29
6
4
10
3
10
2
13
5
8
7
1
2
6
43
16
15
1
10
2
111
22
30
19
7
7
7
12
57
3
4
2
4
2
29
4
5
11
10
11
45
49
16
18
22
14
4
4
8
151
16
17
14
4
2
9
2
18
4
10
13
25
6
12
9
4
4
5
14
5
7
2
8
5
12
5
7
48
8
7
11
8
34
13
9
16
6
25
10
11
5
7
6
13
10
9
22
8
6
36
2
79
6
16
3
12
4
4
2
17
5
4
11
14
11
7
12
1
7
28
4
18
5
12
9
10
151
11
1
0
8
3
6
2
15
4
6
4
7
5
19
11
19
6
8
13
6
22
434
33
5
8
6
21
28
8
10
5
18
12
9
2
6
6
4
9
23
201
6
2
54
8
4
6
13
17
9
13
31
17
29
4
13
9
10
20
128
3
60
30
2
13
1
11
5
9
2
3
9
6
14
6
1
8
4
18
3
2
10
8
6
6
2
15
4
10
12
8
26
10
1
4
4
15
24
5
5
11
4
9
42
6
10
8
7
12
30
11
0
6
5
7
5
5
16
4
5
9
8
25
3
11
0
16
5
4
4
32
18
11
0
15
2
2
28
6
6
19
12
2
21
16
6
2
97
1
18
7
3
3
7
3
9
2
4
11
28
12
3
18
6
13
7
7
14
4
11
2
9
9
8
12
22
1
20
8
8
2
50
17
9
8
24
9
6
5
11
23
33
45
18
73
20
2
35
6
3
9
8
11
12
14
17
1
4
9
19
19
15
10
5
8
25
12
16
8
17
12
3
6
15
98
10
7
2
5
2
8
12
301
4
18
7
46
6
12
3
12
2
8
6
5
9
6
4
80
19
5
2
6
4
24
2
31
1
18
3
7
2340
11
9
9
1
3
6
6
20
0
8
2
2
13
69
3
4
7
2
10
11
7
5
1
14
24
24
1
39
10
7
15
5
10
15
86
8
18
2
12
4
9
3
29
5
4
9
4
1
2
4
3
4
3
7
49
6
3
13
6
33
20
5
17
23
7
15
14
4
4
2
12
10
10
6
24
3
7
21
9
12
4
7
1
6
4
4
369
4
21
7
9
1
9
11
7
1
11
78
5
11
0
9
12
0
23
5
9
251
4
14
0
8
11
1
4
7
4
16
88
9
5
8
3
6
3
4
11
20
5
11
2
6
12
41
8
3
7
6
4
3
15
6
4
4
13
11
16
3
3
6
1
4
3
3
5
10
5
5
15
8
18
5
9
7
8
7
22
15
19
9
3
5
2
10
3
10
16
1
12
13
19
5
9
5
3
3
114
8
4
9
6
4
3
6
34
12
2
5
8
272
2
8
10
11
7
9
5
3
13
8
5
2
4
9
1
4
9
10
5
22
9
1
7
343
14
2
14
5
24
8
6
1
19
10
6
21
13
7
3
10
4
11
8
9
15
2
12
4
7
10
8
62
8
1
19
9
4
29
1
2
11
10
6
4
8
7
7
8
6
2
8
2
19
13
4
3
8
11
9
8
10
8
2
12
3
9
2
8
7
14
1
87
15
3
14
11
12
12
6
5
4
11
19
13
8
17
5
20
3
12
2
18
0
7
5
1
9
22
35
17
1
11
7
12
2
4
103
14
7
4
6
23
36
2
10
3
29
5
12
8
6
50
1
24
12
4
9
4
13
5
6
5
10
10
204
1
5
16
5
20
3
7
5
15
3
94
9
8
4
7
6
8
13
7
1
11
45
5
4
5
12
9
21
13
2
94
15
11
7
6
6
4
52
13
6
4
4
7
8
12
3
9
10
1
3
12
13
3
6
9
11
33
14
9
8
9
8
12
14
6
5
3
5
7
11
6
3
7
3
33
4
5
20
7
3
13
8
3
6
13
10
13
13
10
4
24
7
14
12
8
3
27
12
22
3
13
5
8
4
5
4
8
5
6
8
10
19
10
6
7
13
22
7
12
3
4
1
5
3
5
4
5
11
11
6
1
76
16
6
8
8
27
15
6
62
6
49
6
12
7
9
3
9
6
4
2
3
5
6
13
14
4
4
2
410
6
4
10
5
19
15
7
9
4
4
0
8
6
22
12
40
4
8
1
6
4
7
50
6
7
14
10
4
65
2
5
8
1
6
12
8
334
12
55
5
9
6
1
3
4
3
9
5
5
21
4
9
4
12
2
16
14
10
3
21
9
24
7
9
30
1
8
18
15
6
12
3
2
17
3
4
20
7
3
8
3
1
6
4
8
2
9
10
8
21
13
8
4
9
34
23
4
2
14
4
4
3
4
6
4
7
5
12
4
21
9
4
3
7
4
13
13
8
21
8
5
13
17
6
6
12
4
151
7
5
3
217
7
18
5
0
10
17
2
3
8
1
25
4
3
4
26
2
5
17
4
16
7
48
7
16
4
4
8
4
9
9
7
5
9
12
12
11
8
7
53
20
6
7
4
5
22
46
13
9
11
5
14
3
24
5
12
8
10
7
6
11
6
20
13
20
11
13
61
12
3
7
4
11
4
15
3
5
5
3
4
6
100
13
11
5
3
4
4
12
13
7
9
2
11
7
10
7
6
10
11
3
7
4
9
14
1
4
6
10
3
4
4
29
10
11
2
12
17
4
5
14
11
30
6
5
6
7
44
16
16
13
8
7
10
5
8
12
5
6
5
5
22
3
11
28
15
6
6
6
5
4
3
13
23
2
2
5
30
11
8
8
12
20
53
7
14
674
1
4
3
9
7
37
3
9
6
4
14
13
15
12
54
11
6
9
12
16
8
3
3
19
0
13
11
10
7
0
10
14
3
27
11
16
5
5
22
4
87
7
16
1
11
23
1
9
5
10
8
1
10
11
8
46
2
2
6
25
5
13
5
11
10
10
7
8
4
8
2
7
10
30
16
3
56
4
3
1
6
2
72
12
9
14
32
2
13
13
5
14
449
6
12
27
17
8
5
18
18
55
11
2
10
11
6
42
13
13
11
6
18
5
4
7
3
10
2
17
2
3
201
14
90
14
20
6
6
5
14
5
31
6
2
11
15
8
6
12
14
10
7
4
3
4
8
8
10
105
21
15
6
7
8
3
5
4
21
27
6
3
3
4
2
7
2
6
17
10
8
1
10
5
50
7
5
7
6
11
5
5
7
12
10
7
20
4
11
1
56
7
3
18
99
8
9
10
28
5
105
4
265
11
7
64
7
24
11
7
3
4
18
0
2
5
5
2
3
1
26
1
9
10
7
5
13
33
7
3
22
0
6
9
7
9
8
2
9
2
4
15
42
10
9
8
2
16
6
20
4
10
11
39
4
6
26
3
9
5
2
14
30
3
3
9
4
5
6
43
5
11
8
11
9
5
8
6
21
5
10
3
2
5
21
4
4
2
29
1
15
19
10
161
9
21
13
4
9
2
6
0
3
5
8
6
7
4
6
6
2
9
9
2
10
2
4
2
3
5
26
9
13
18
5
4
4
9
50
4
10
5
9
0
7
0
5
6
137
15
36
6
4
2
16
6
10
6
3
13
7
3
12
8
12
7
3
15
2
15
19
11
12
16
5
7
13
3
6
11
12
4
7
7
8
22
6
7
7
4
6
2
3
6
4
13
15
8
4
8
17
9
7
17
18
20
406
3
12
1
17
4
7
5
13
22
11
5
16
11
7
5
3
7
5
8
12
11
31
8
1
9
8
15
42
11
7
18
15
14
2
9
3
8
10
7
1
5
4
7
9
4
4
5
3
10
3
2
1
3
1
9
4
7
4
18
12
73
4
4
9
4
2
7
0
5
9
5
11
8
27
1
5
19
11
9
1
5
43
26
3
0
12
5
8
4
3
14
52
33
9
8
3
19
2
70
10
6
14
16
41
12
9
20
8
10
8
9
8
6
4
11
84
4
4
9
4
17
6
0
7
12
3
6
80
6
3
11
17
5
14
3
21
7
10
18
6
7
4
8
9
7
4
14
16
2
12
9
52
5
11
11
13
9
11
2
7
6
6
4
13
6
10
20
16
8
4
22
7
4
26
18
10
23
6
3
13
19
2
9
4
2
13
22
4
12
8
11
2
7
7
11
7
4
14
8
14
7
3
6
9
4
10
10
30
1
13
13
2
9
3
42
6
9
105
10
9
11
7
3
14
8
5
4
8
11
8
7
7
5
4
3
14
3
12
3
20
4
1
5
53
5
9
6
5
14
16
3
6
8
42
7
12
2
4
5
7
3
7
10
23
2
2
7
13
1
75
29
3
16
10
7
59
6
7
4
10
63
6
5
19
8
8
2
6
45
6
13
3
6
1
7
25
8
30
5
24
6
3
2
6
1
16
6
14
20
4
1
8
3
130
5
18
17
10
40
15
6
5
8
1016
3
53
2
7
2
7
26
10
8
7
8
7
45
5
30
5
5
9
35
8
2
3
5
9
6
3
6
11
2
8
7
7
10
2
21
80
8
9
13
11
25
10
1
10
2
9
22
5
16
7
14
66
9
10
9
5
13
2
12
1
9
10
6
4
8
21
17
5
3
14
16
9
8
7
6
3
39
2
4
11
7
6
4
27
4
3
3
40
8
8
4
8
4
4
4
2
11
15
7
2
5
32
2
9
6
8
11
2
13
13
2
6
4
3
4
1
6
15
7
5
4
18
6
7
13
15
18
78
51
3
6
10
6
1
6
7
8
6
14
4
2
2
0
6
32
8
1
13
18
3
15
13
10
8
3
6
5
6
11
0
8
11
0
10
30
8
19
5
2
17
10
4
4
15
12
13
5
4
2
7
7
4
8
1
9
11
6
13
1
22
12
5
17
7
31
5
2
5
6
3
2
25
8
13
7
12
6
7
4
39
0
5
23
11
18
85
24
7
8
23
8
4
22
264
5
11
5
32
7
16
2
14
9
0
14
39
13
3
15
22
4
39
8
11
3
9
25
37
7
9
3
45
6
12
3
21
24
6
1
4
14
0
2
1
17
10
9
3
3
5
16
8
13
3
10
6
5
7
9
3
6
5
22
14
19
12
1
3
3
73
6
5
3
2
5
20
23
11
5
2
7
16
6
38
11
7
11
3
6
3
2
4
15
10
10
8
15
4
13
11
5
25
16
18
3
8
29
15
0
16
10
13
15
4
2
2
13
25
17
3
10
1
9
12
2
2
6
5
4
28
3
1
23
7
5
2
17
8
36
10
10
11
7
6
13
9
15
1
8
12
0
13
26
6
16
9
10
4
10
18
3
13
2
2
7
10
6
4
14
3
78
12
10
6
15
10
18
2
4
12
4
8
11
12
5
8
12
33
18
3
8
2
5
10
7
4
2
9
5
5
12
4
2
24
0
5
14
9
6
3
3
6
2
12
4
6
4
7
8
3
4
13
4
3
68
5
8
28
86
3
9
51
9
3
11
7
5
3
22
50
3
15
81
6
7
30
1
5
13
11
17
7
11
20
5
16
4
24
15
8
6
9
12
3
5
7
18
9
10
4
5
25
17
8
91
21
2
8
15
12
9
542
7
6
9
1514
6
11
27
50
5
2
147
19
8
8
11
34
4
60
6
3
62
16
15
4
5
7
8
31
8
18
9
7
9
44
9
5
5
5
14
153
9
1
5
15
24
3
6
1
7
26
3
17
11
6
9
21
5
14
14
18
8
5
6
9
3
1
15
4
18
7
7
12
45
13
11
5
14
23
6
2
2
9
9
313
3
17
3
57
10
6
10
18
21
3
5
6
17
5
5
61
8
31
13
17
3
22
7
2
24
3
18
3
19
8
23
4
2
10
21
1
10
16
10
5
4
10
13
11
4
8
33
11
4
2
1
6
14
5
69
16
5
5
8
5
6
4
11
4
3
7
2
5
11
6
3
12
6
4
12
14
6
34
17
7
76
19
28
35
38
11
49
21
3
22
5
4
7
3
12
11
11
30
12
4
13
11
4
2
10
24
11
11
4
28
6
13
16
9
70
20
7
6
3
13
6
17
3
11
15
4
11
7
8
7
23
37
6
5
6
15
3
0
9
4
4
4
5
4
16
24
2
7
9
5
31
6
0
12
17
22
7
9
15
4
11
3
169
18
9
37
5
12
20
1
5
2
10
2
3
4
6
6
7
6
5
9
1
8
16
3
13
13
7
13
2
6
6
6
13
15
7
13
6
9
9
7
1
10
10
15
12
5
6
7
2
9
5
3
6
19
5
5
7
18
10
9
2
5
6
2
42
7
8
2
1
7
7
5
12
10
4
6
2
2
2
4
4
3
145
53
11
15
4
23
7
2
11
7
8
6
2
2
18
15
11
23
4
10
21
1
7
1
21
4
5
9
4
9
8
4
12
8
22
4
9
2
3
2
9
5
7
20
5
5
1
6
4
10
1
3
13
35
3
4
8
3
11
10
21
7
17
4
6
13
13
26
2
35
4
4
9
5
0
10
5
10
127
14
10
13
15
3
2
14
7
4
21
6
14
26
3
3
4
18
0
16
33
1
7
2
1
19
28
5
3
36
3
10
6
10
1
2
7
0
12
20
5
20
35
5
3
11
5
12
13
3
62
14
20
167
2
10
6
8
30
6
5
10
2
0
2
11
2
24
17
2
5
7
2
5
7
9
37
59
16
14
7
10
5
4
6
2
6
6
11
9
2
5
5
5
10
4
5
9
12
87
6
41
4
9
7
7
5
5
5
11
3
3
4
2
2
4
6
11
3
9
8
18
16
11
7
12
7
6
2
6
6
21
7
3
4
11
15
7
5
4
9
6
4
35
2
6
6
12
6
5
8
4
19
45
20
25
64
4
20
8
6
11
4
5
4
26
7
7
13
5
2
20
2
29
34
6
2
5
38
13
4
3
12
14
9
28
46
29
4
73
83
7
8
5
5
7
2
3
3
7
7
5
20
14
18
10
16
4
6
11
9
24
18
2
7
5
3
12
120
39
10
3
3
18
9
31
5
25
13
9
7
2
3
14
80
2
6
8
16
27
7
34
1207
4
67
11
36
6
15
33
2
2
2
334
5
10
212
33
3
12
3
7
4
1
18
4
9
6
12
17
9
31
19
5
3
10
11
4
6
5
9
5
7
99
10
15
65
14
13
430
20
37
7
6
12
23
2
16
7
7
12
21
26
7
7
9
4
9
8
15
15
0
3
5
47
6
15
3
3
26
24
6
4
5
3
2
18
8
17
6
11
10
1
27
23
12
5
7
8
12
1
4
23
2
8
2
12
3
7
601
3
25
3
1
2
20
5
6
20
4
7
4
3
1
10
16
9
23
5
10
44
5
9
41
8
9
117
13
2
23
8
7
6
55
2
7
31
5
18
10
4
12
5
18
12
12
21
3
9
5
14
16
5
9
37
3
19
6
40
10
14
3
1
5
6
19
16
12
2
36
4
19
15
2
10
16
10
7
9
11
6
13
4
8
6
16
7
4
12
3
6
49
7
10
20
2
11
6
7
7
124
16
12
6
2
4
7
4
8
8
1
17
9
16
6
8
3
13
24
29
4
6
52
7
10
10
7
2
6
16
17
20
9
7
14
4
6
5
3
17
11
18
8
560
4
9
3
83
5
17
29
7
6
22
8
9
1
5
9
12
17
8
5
8
2
4
2
1
11
3
7
3
10
12
3
3
1
5
9
4
9
0
16
1
9
5
3
3
3
6
12
8
14
7
7
12
7
3
9
130
5
3
11
12
15
16
111
3
5
5
4
0
8
6
8
108
24
301
67
7
11
4
7
2
3
4
10
15
2
3
9
5
58
6
2
2
4
6
1
4
5
1
5
12
14
114
8
503
2
7
1
10
9
1
11
13
23
5
10
2
12
3
13
8
12
1
2
14
36
6
15
4
3
4
10
4
84
30
9
2
8
26
7
5
18
1
25
14
41
4
5
6
29
31
9
5
5
9
8
3
12
4
13
2
6
8
3
1
6
12
19
1
18
7
10
6
20
11
16
7
10
5
2
6
21
14
4
19
7
11
10
128
6
5
6
9
33
46
16
5
6
4
4
8
5
14
7
17
7
11
5
6
14
5
12
9
12
38
22
20
3
6
14
15
6
11
10
4
0
20
3
18
16
24
23
7
2
235
13
27
31
17
10
10
38
9
19
4
9
11
5
35
24
11
7
5
1
7
1
4
3
15
3
5
4
6
10
4
4
5
8
5
4
14
6
14
10
3
6
1
1
8
86
10
4
3
8
4
13
19
7
1
3
3
6
4
6
27
3
4
9
9
9
5
148
9
6
14
9
21
2
52
12
6
7
1
6
5
9
8
5
4
2
2
14
6
4
4
5
6
15
4
8
2
6
12
13
7
10
6
8
36
4
9
5
12
7
4
4
18
4
4
7
2
9
9
10
11
15
37
4
8
8
5
14
2
2
5
4
6
5
5
4
4
5
7
4
18
8
1
8
16
24
3
6
5
22
12
14
1674
5
2
7
4
2
6
33
4
5
14
4
6
13
5
23
3
15
8
4
11
2
10
6
5
13
6
3
9
6
3
5
7
13
27
7
13
22
2
6
15
3
6
4
80
13
6
51
7
7
6
3
12
4
7
4
4
7
3
5
27
2
11
11
4
27
15
5
7
3
6
37
11
13
7
7
3
3
4
9
4
8
7
5
4
16
4
9
5
2
11
6
8
9
1
5
14
8
6
5
5
19
2
13
9
9
1
2
32
7
179
20
9
15
10
10
1
29
10
7
8
3
15
9
1
5
11
4
18
11
11
14
2
10
6
9
15
18
2
4
10
25
9
10
3
17
8
0
20
51
1
19
22
5
22
12
40
8
8
11
6
11
15
11
9
11
16
11
2
8
30
12
16
2
2
6
33
3
8
5
6
7
18
11
7
11
22
1
28
4
26
3
9
3
7
6
5
3
3
11
91
3
4
16
40
75
6
12
15
8
1
16
2
1
6
5
3
9
24
3
3
4
2
2
3
18
8
10
67
16
9
2
4
20
43
1
6
17
4
9
7
3
46
18
4
6
8
4
8
3
11
10
23
0
14
3
14
15
4
7
1
10
17
3
4
8
13
7
12
5
5
7
3
9
8
4
4
11
1
7
8
5
2
3
12
15
7
7
9
14
5
7
7
8
7
8
10
13
9
9
14
30
13
10
4
2
33
3
4
3
14
12
13
3
7
7
4
10
6
1
5
7
10
2
2
6
8
9
10
7
4
10
11
7
139
7
6
11
6
22
5
17
8
7
5
2
12
12
4
11
58
4
2
16
30
27
2
61
7
4
12
4
3
11
7
17
10
21
1
6
11
15
2
6
30
12
2
0
4
3
2
9
6
10
163
10
6
21
7
12
5
11
4
7
17
2
3
3
4
13
9
12
18
8
21
10
16
0
15
11
3
3
3
8
2
9
5
4
5
2
3
6
3
63
6
12
4
6
4
8
6
43
5964
3
43
3
3
11
6
17
5
18
2
11
2
54
10
7
3
9
8
4
6
11
5
18
3
8
9
4
6
4
8
13
7
8
4
7
8
16
11
8
0
3
11
5
64
10
7
5
3
4
8
36
11
9
1
0
2
14
8
60
1
7
7
21
8
10663
3
6
10
28
25
26
5
6
8
9
6
6
10
9
7
1
7
1
70
7
7
7
2
5
8
5
36
6
9
13
148
12
6
21
15
4
4
3
2
3
1
0
6
14
34
10
5
4
7
5
4
13
8
9
22
7
8
3
5
14
1
135
12
7
6
19
22
3
54
5
12
5
7
10
11
61
16
4
46
13
9
3
7
5
10
23
8
5
5
4
60
22
7
8
20
5
3
4
9
8
4
8
14
2
6
3
10
16
1
5
97
3
9
14
49
35
17
6
8
2
14
3
4
16
16
7
10
4
2
17
5
15
5
5
4
11
3
8
5
9
5
6
1
9
9
3
10
4
6
24
7
5
16
14
33
5
7
5
1
3
3
6
39
9
26
7
20
8
4
20
11
3
7
15
1
9
7
7
14
14
14
16
3
15
9
17
11
29
15
2
7
3
5
17
1
6
5
23
4
9
2
4
3
8
14
3
2
14
4
1
5
12
1
3
4
6
32
7
0
0
10
26
19
13
6
8
8
15
2
19
10
1
29
0
10
12
3
73
48
4
16
26
10
12
4
4
22
3
7
3
15
3
23
3
4
11
3
5
2
9
7
29
10
6
2
4
10
12
1
17
6
1
12
8
26
4
65
15
7
19
21
4
14
11
4
19
21
16
2
7
3
11
3
3
4
38
11
8
9
7
3
5
9
13
8
4
6
5
7
21
15
10
5
9
6
7
3
1
10
6
19
3
5
17
14
1
24
3
3
8
10
4
5
11
11
7
3
3
14
1
4
1
17
16
5
3
7
12
10
9
210
5
6
5
11
45
24
9
13
10
2
7
4
2
4
4
3
10
7
8
5
3
6
242
6
44
19
8
8
1
4
5
17
17
5
5
9
14
9
32
6
1
602
6
16
10
8
3
19
3
3
8
3
16
9
10
21
17
4
1
3
2
12
4
9
13
2
3
9
26
18
4
8
8
16
10
189
6
15
6
11
0
3
18
20
4
12
9
4
8
5
5
7
8
8
13
11
12
29
45
34
2
9
19
9
9
14
1
4
15
18
12
5
13
4
1
95
5
32
5
5
13
78
9
3
6
11
20
8
35
11
43
2
5
11
4
9
15
14
2
6
14
7
20
10
6
7
31
20
7
22
4
4
2
18
18
22
14
15
8
7
35
4
6
8
6
6
1
33
7
8
18
4
3
3
4
22
13
13
7
7
2
215
14
4
11
42
1
14
13
9
7
3
6
10
2
2
12
6
4
7
5
4
13
4
1
6
9
8
1
5
3
7
14
8
3
5
4
37
11
5
3
13
13
7
12
2
0
5
2
6
14
15
18
5
5
231
7
25
16
4
32
6
1
4
5
15
27
16
10
4
18
9
7
20
9
9
5
3
1
33
5
15
8
9
5
6
21
6
20
8
7
24
12
22
7
5
5
3
3
6
10
1
7
1
30
12
14
26
6
2
21
7
8
11
13
17
3
20
14
33
5
8
6
5
9
4
36
5
4
20
2
2
13
12
9
2
3
26
6
4
1
8
14
13
35
18
16
0
6
20
7
15
15
1
24
7
13
13
12
5
40
15
7
9
35
16
3
2
9
7
4
3
0
8
1
2
5
11
67
11
9
6
2
4
12
8
0
22
4
1
3
27
8
9
10
26
15
11
396
7
9
9
27
45
3
8
74
13
9
2
11
7
21
8
14
9
7
10
9
13
42
1
5
10
11
4
4
4
7
616
9
8
3
3
7
2
3
7
12
6
6
9
4
4
13
8
4
2
3
9
4
29
7
5
11
3
27
6
6
5
6
4
25
7
2
6
9
10
4
18
3
11
8
49
2
6
7
1
7
11
6
6
1
11
10
5
26
6
4
8
7
5
6
25
9
4
4
4
7
4
8
12
4
34
35
3
20
6
8
7
0
20
5
9
5
9
13
7
14
17
40
1
0
27
8
2
13
2
6
6
15
4
30
9
6
19
4
10
55
10
28
5
20
6
14
5
2
9
2
20
25
8
8
11
15
6
7
8
8
19
5
5
5
9
15
4
9
3
4
9
8
0
6
10
18
1
14
6
24
11
7
10
13
6
4
13
2
22
72
12
2
3
3
7
14
5
14
230
7
11
10
3
9
3
4
25
4
1
257
5
3
7
7
11
2
24
45
8
22
10
18
112
19
28
6
17
1
3
39
1
8
79
8
4
11
7
20
7
3
1
47
9
2
8
7
6
7
6
24
6
12
9
9
1
4
18
6
6
7
13
2
6
35
18
7
5
6
11
14
23
7
6
3
3
5
2
13
26
31
37
7
3
7
9
2
8
10
7
2
29
5
9
4
26
7
14
19
3
3
1
21
3
9
15
5
1
9
11
6
16
3
8
6
1
2
2
19
3
38
9
4
19
34
9
3
5
9
11
16
5
27
13
2
39
28
19
5
9
2
14
15
4
13
2
20
5
16
5
9
6
2
9
53
51
5
27
14
6
6
5
1
14
9
3
5
4
9
2
11
5
4
11
7
5
19
10
18
2
9
4
6
11
89
6
3
25
12
11
56
3
6
3
8
3
7
2
7
1
45
61
8
14
1
15
16
16
1
2
42
5
10
3
11
3
8
18
1
1
5
7
3
12
8
11
11
6
1
19
14
0
12
5
19
8
22
16
55
6
17
3
10
35
14
7
9
1
17
53
4
2
1
5
9
9
7
8
3
3
5
4
11
4
10
168
4
22
2
11
25
13
10
9
6
3
1
18
9
14
11
8
10
17
6
7
13
5
11
11
5
5
12
20
12
7
7
13
7
86
3
3
8
12
12
2
9
7
6
0
1
10
13
11
7
5
6
18
19
8
17
2
4
7
15
6
5
11
5
5
27
9
4
7
6
6
3
51
5
8
3
4
14
11
9
158
3
2
14
5
139
20
14
3
13
3
19
6
31
2
7
31
6
17
143
18
5
7
7
6
7
11
5
2
6
11
11
4
6
9
8
17
3
17
26
31
7
5
86
24
8
16
17
9
9
2
3
61
4
12
2
13
9
22
5
17
119
5
9
7
3
8
58
2
7
10
4
14
5
10
38
3
6
14
3
35
3
44
25
4
2
5
9
8
6
7
8
27
24
5
1
12
10
15
10
23
22
15
5
4
1
6
1
1
3
1
6
59
25
0
40
16
27
8
5
2764
10
1
44
36
13
22
2
11
12
2
29
4
14
4
9
15
17
8
6
13
4
15
22
10
3
2
7
15
4
9
8
9
5
9
11
8
0
21
22
5
41
13
7
9
16
4
4
21
4
4
7
5
1
8
481
3
8
5
3
17
10
5
22
11
25
24
13
18
9
5
44
21
10
4
4
2
0
258
20
7
5
8
11
11
5
5
16
17
9
4
9
14
4
4
7
5
15
39
8
12
10
18
9
333
24
14
5
8
4
10
12
8
12
117
13
15
2
6
4
13
3
9
1
25
3
78
3
24
18
2
12
11
4
3
1
5
7
27
9
2
3
6
20
2
4
10
27
7
32
3
12
36
2
4
9
12
19
18
17
4
5
21
8
2
4
6
9
5
26
3
12
2
1
18
86
26
14
13
3
5
4
12
4
7
5
8
3
8
1
9
5
8
5
8
7
17
4
3
9
1
9
27
8
8
9
15
8
0
3
18
28
3
32
7
10
10
12
13
0
2
12
8
10
8
10
8
4
5
2
6
39
10
9
10
22
7
2
5
5
24
6
21
7
13
8
8
4
13
43
9
4
6
55
9
10
5
6
5
8
5
183
1
12
6
12
7
50
6
6
10
12
4
11
3
10
5
6
11
22
7
2
6
4
26
22
3
1
5
8
15
5
2
4
58
6
7
35
2
4
27
2
6
8
14
4
4
3
7
71
36
4
11
9
10
7
3
11
11
2
8
9
4
9
5
4
17
13
13
24
4
11
2
2
3
6
10
49
3
6
16
32
6
4
19
5
8
4
10
7
1
5
1
11
2
4
4
6
4
28
3
11
11
104
3
5
2
3
2
10
10
16
17
7
6
18
7
23
12
5
4
14
22
23
3
5
12
9
8
9
5
2
6
69
2
7
2
107
2
27
9
5
12
324
1
32
6
17
45
5
9
2
21
10
8
10
8
6
4
7
21
6
5
23
2
5
9
15
12
22
5
16
9
3
25
22
15
9
4
6
5
4
7
5
8
39
8
5
12
9
16
5
12
5
8
8
20
68
1
23
4
42
2
4
4
6
7
6
3
12
9
6
7
8
4
13
4
58
5
15
5
5
6
16
6
12
4
9
6
12
4
11
5
7
16
17
13
14
34
9
2
4
4
10
9
0
4
11
7
3
11
15
7
13
9
13
4
5
8
3
3
9
7
5
6
10
4
2
48
4
11
10
11
11
1
20
5
5
6
1
2
6
5
4
3
6
8
7
8
12
4
15
7
5
19
15
8
6
21
9
8
6
14
11
2
10
1
5
3
12
18
13
2
12
9
26
3
1
21
4
123
5
2
9
2
15
4
6
6
3
2
5
8
5
6
13
4
6
7
12
3
3
7
10
5
5
18
7
3
5
13
4
5
6
4
5
24
1
13
30
3
2
8
11
14
4
16
2
8
12
5
12
21
16
10
5
13
6
18
4
14
4
7
3
9
47
5
74
3
10
7
7
9
2
11
5
7
8
2
10
3
4
6
9
11
24
8
5
2
16
4
6
2
2
6
16
6
5
1
11
8
7
46
7
4
101
32
8
17
4
3
9
11
23
9
7
5
3
26
8
4
19
4
2
6
2
14
10
11
4
16
6
19
1
13
7
1
7
10
8
15
8
47
3
1
15
28
13
9
30
5
3
5
2
9
8
4
4
6
6
4
2
12
7
2
48
1
9
8
55
4
9
13
53
1
11
21
11
20
18
6
6
4
8
9
11
7
27
5
10
18
23
67
8
26
12
0
11
11
3
5
3
17
3
10
35
6
22
4
15
836
1
14
10
4
2
4
2
7
9
9
6
14
8
13
8
22
4
5
4
2
10
18
23
23
12
1
10
5
3
3
13
14
20
44
5
2
17
4
8
8
3
9
7
7
3
6
8
11
3
77
7
10
8
5
8
40
13
38
3
2
10
9
10
7
3
5
3
2
2
5
15
6
18
2
10
4
7
3
6
2
7
3
9
3
5
43
8
18
4
11
22
5
4
10
10
6
3
2
37
3
6
5
8
19
0
6
9
150
7
9
3
7
10
1
5
636
18
5
19
17
9
4
16
4
16
10
69
5
18
16
2
10
7
3
4
7
21
10
101
3
6
5
12
6
6
10
203
4
29
26
6
6
3
10
23
4
10
5
5
1
7
10
7
7
40
6
5
9
17
8
11
4
4
9
19
7
11
10
6
12
111
4
6
7
7
15
7
7
14
34
14
6
18
2
3
19
4
15
6
5
7
4
25
10
12
180
6
4
2
14
4
11
1
1
3
5
25
19
12
7
8
4
56
30
12
10
5
16
3
1
1
25
13
7
24
4
1
6
16
10
2
59
9
4
27
5
20
9
16
7
5
5
7
9
2
7
3
17
17
5
4
4
23
15
6
7
1
23
8
7
6
5
112
17
20
14
11
2
8
1056
4
8
7
11
44
17
10
0
5
10
16
8
12
7
3
15
5
3
16
1
12
5
10
2
13
15
4
25
11
5
6
6
23
14
11
1
17
69
38
7
0
9
8
7
19
6
2
10
12
6
3
2
3
8
9
14
5
8
2
12
5
8
8
23
21
3
11
7
15
11
7
11
2
12
4
2
5
6
29
13
20
7
21
92
6
6
3
3
11
2
8
13
8
17
6
4
23
35
5
6
2
3
3
5
24
13
14
9
18
9
0
6
12
9
4
19
11
5
12
17
22
5
15
2
18
4
11
44
9
7
36
5
28
4
5
8
4
4
5
12
14
5
1
2
1
12
6
8
54
8
41
68
11
4
14
5
8
22
5
6
10
4
14
4
10
22
6
26
39
6
7
9
9
12
12
7
3
0
10
5
13
9
9
8
1
16
15
12
13
16
7
25
14
25
4
19
8
1
78
10
0
3
6
5
6
4
331
127
9
14
2
4
3
17
15
3
26
11
13
8
3
13
14
13
4
112
7
6
17
4
13
2
8
12
9
27
5
13
9
1
15
6
29
3
3
5
19
7
31
5
11
7
5
4
2
37
17
3
6
22
4
22
26
6
4
7
4
7
8
16
8
25
59
11
13
2
2
11
9
111
4
5
9
13
10
3
17
6
15
1
10
8
9
3
3
30
2
8
6
15
2
3
14
3
10
35
14
8
18
33
45
5
5
11
11
5
3
8
6
18
3
3
3
25
5
2
12
41
14
9
1
9
29
16
5
6
8
4
13
47
8
1
3
7
14
9
23
5
4
6
4
7
9
6
13
5
25
2
24
5
24
2
48
16
6
7
8
7
5
58
3
6
25
13
9
0
16
9
6
9
14
8
3
6
9
6
38
19
8
2
17
41
7
5
28
7
11
81
173
3
20
10
6
2
33
3
19
14
5
2
1
4
5
9
3
8
14
285
2
4
7
8
39
59
5
4
12
8
44
4
12
9
3
7
3
2
7
4
18
34
0
778
13
5
3
7
6
33
6
14
4
9
9
4
7
5
4
3
21
35
8
7
12
5
3
4
9
65
9
368
12
31
12
5
1
2
13
246
1
12
1
1
31
10
6
16
5
8
9
11
30
10
17
9
43
8
6
5
4
4
4
11
3
6
9
15
3
4
9
20
4
14
6
10
2
25
3
16
11
3
12
21
11
6
16
7
13
16
3
10
9
9
9
10
7
51
10
17
5
5
8
10
8
37
5
4
4
3
14
1
6
12
9
11
12
27
6
5
4
8
6
5
9
10
19
30
2
9
12
14
6
5
11
4
5
3
168
7
5
11
6
15
2
1
4
93
2
11
14
29
8
23
6
7
11
12
2
14
6
10
3
9
20
7
4
24
20
21
25
6
9
1
3
4
17
6
62
6
2
7
6
