14
15
14
5
113
8
6
18
4
14
5
8
13
9
27
5
14
9
3
16
6
30
3
4
5
19
9
36
6
11
8
5
4
3
39
18
4
7
24
6
24
26
6
4
8
4
8
8
17
9
25
61
11
16
2
2
12
9
119
4
6
9
13
12
3
17
9
16
2
10
9
10
3
4
31
3
9
6
16
4
3
14
5
10
36
15
9
19
37
47
6
5
12
11
5
3
8
6
19
3
6
8
7
28
28
7
9
7
3
8
2
27
4
7
5
5
9
7
3
25
22
7
19
11
4
20
9
16
25
8
1
7
19
8
8
5
5
10
7
6
49
19
18
6
10
5
3
13
13
20
3
9
4
16
7
43
5
25
4
8
7
10
34
4
5
5
7
18
10
8
13
2
4
4
12
8
34
2
2
3
4
13
9
34
17
7
28
49
5
2
15
15
14
1
6
24
17
21
12
8
6
14
5
1
7
4
90
63
5
2
9
4
132
7
13
4
5
7
12
8
4
21
8
19
20
6
5
7
5
12
7
11
10
73
8
10
10
7
15
4
4
9
7
56
6
11
4
11
17
10
8
34
10
8
3
6
4
17
98
43
3
4
9
31
2
5
30
5
32
32
6
41
37
64
66
53
8
17
22
13
11
28
20
22
13
4
2
5
64
13
3
18
5
3
7
17
9
7
7
9
116
22
4
29
2
32
17
7
13
21
7
15
4
11
7
9
28
94
24
2
11
16
4
2
4
2
9
6
16
8
9
2
9
17
6
19
5
10
3
21
9
16
4
1
3
6
7
8
19
5
3
2
8
20
6
7
13
6
44
13
15
1
9
7
6
7
30
20
1
2
1
12
10
2
5
5
3
14
5
20
11
7
12
29
8
152
8
8
5
5
12
7
11
3
3
6
14
7
8
32
5
6
9
11
14
7
7
382
4
3
3
18
4
12
9
33
6
9
7
5
6
12
10
14
6
16
12
34
3
5
17
27
2
5
4
31
13
7
22
0
12
10
3
106
9
6
3
9
13
16
14
3
4
7
5
7
6
10
5
5
6
16
7
68
17
12
6
5
3
48
10
10
13
6
21
7
27
10
9
7
10
8
12
4
11
11
5
8
14
660
77
15
3
5
13
12
16
17
9
6
14
15
14
5
113
8
6
18
4
14
5
8
13
9
27
5
14
9
3
16
6
30
3
4
5
19
9
36
6
11
8
5
4
3
39
18
4
7
24
6
24
26
6
4
8
4
8
8
17
9
25
61
11
16
2
2
12
9
119
4
6
9
13
12
3
17
9
16
2
10
9
10
3
4
31
3
9
6
16
4
3
14
5
10
36
15
9
19
37
47
6
5
12
11
5
3
8
6
19
3
6
8
7
28
28
7
9
7
3
8
2
27
4
7
5
5
9
7
3
25
22
7
19
11
4
20
9
16
25
8
1
7
19
8
8
5
5
10
7
6
49
19
18
6
10
5
3
13
13
20
3
9
4
16
7
43
5
25
4
8
7
10
34
4
5
5
7
18
10
8
13
2
4
4
12
8
34
2
2
3
4
13
9
34
17
7
28
49
5
2
15
15
14
1
6
24
17
21
12
8
6
14
5
1
7
4
90
63
5
2
9
4
132
7
13
4
5
7
12
8
4
21
8
19
20
6
5
7
5
12
7
11
10
73
8
10
10
7
15
4
4
9
7
56
6
11
4
11
17
10
8
34
10
8
3
6
4
17
98
43
3
4
9
31
2
5
30
5
32
32
6
41
37
64
66
53
8
17
22
13
11
28
20
22
13
4
2
5
64
13
3
18
5
3
7
17
9
7
7
9
116
22
4
29
2
32
17
7
13
21
7
15
4
11
7
9
28
94
24
2
11
16
4
2
4
2
9
6
16
8
9
2
9
17
6
19
5
10
3
21
9
16
4
1
3
6
7
8
19
5
3
2
8
20
6
7
13
6
44
13
15
1
9
7
6
7
30
20
1
2
1
12
10
2
5
5
3
14
5
20
11
7
12
29
8
152
8
8
5
5
12
7
11
3
3
6
14
7
8
32
5
6
9
11
14
7
7
382
4
3
3
18
4
12
9
33
6
9
7
5
6
12
10
14
6
16
12
34
3
5
17
27
2
5
4
31
13
7
22
0
12
10
3
106
9
6
3
9
13
16
14
3
4
7
5
7
6
10
5
5
6
16
7
68
17
12
6
5
3
48
10
10
13
6
21
7
27
10
9
7
10
8
12
4
11
11
5
8
14
660
77
15
3
5
13
12
16
17
9
6
7
5
6
9
3
4
94
7
21
2
4
8
14
4
29
9
6
113
3
4
12
10
6
11
20
1
6
5
10
10
43
14
19
4
10
80
0
13
13
79
4
9
6
22
9
11
7
14
24
4
9
7
6
5
19
8
11
7
5
3
28
18
5
6
19
5
13
4
10
37
16
7
6
5
6
36
9
3
10
3
2
9
6
40
36
9
7
9
4
7
8
5
5
7
8
8
13
5
9
5
4
6
10
1
11
3
9
10
8
1
14
8
2
5
5
13
15
10
6
4
7
5
3
16
4
12
46
9
14
4
9
6
24
8
4
7
5
12
11
1
23
4
4
110
7
11
11
13
40
8
5
7
10
24
16
7
1
29
16
10
12
3
21
11
15
9
49
2
6
9
1
15
6
7
362
3
8
6
17
80
11
8
7
4
4
14
4
3
16
17
11
6
9
117
15
9
6
6
14
9
3
15
6
12
6
8
39
13
10
385
1
20
4
4
7
6
9
3
7
26
14
6
4
26
32
35
142
12
8
6
8
16
11
18
11
5
10
17
14
7
34
21
7
12
49
10
12
5
7
2
10
6
9
4
5
4
3
8
18
11
6
0
15
6
28
7
8
6
5
9
17
7
7
23
8
2
3
5
10
6
10
4
3
19
23
12
6
17
9
4
8
10
9
8
7
4
6
6
38
29
12
7
7
3
14
8
3
10
6
2
8
4
20
4
12
6
15
156
9
3
20
229
2
6
8
14
2
2
5
16
5
1
9
5
3
7
7
3
1
2
13
10
3
16
3
9
7
13
17
15
17
45
12
4
22
7
17
2
1
9
3
12
5
10
8
5
16
21
8
6
3
4
3
9
149
2
8
2
19
12
18
18
92
6
5
15
6
35
6
24
6
3
9
7
11
11
2
10
9
12
4
8
11
4
31
4
65
26
9
0
8
6
7
8
6
8
9
4
5
20
9
2
9
11
3
49
7
7
18
14
26
6
29
9
18
23
10
6
5
31
7
8
4
5
52
10
11
4
23
11
4
12
7
6
7
4
5
2
13
2
1035
12
6
11
6
12
9
1
20
23
15
4
9
2
2
10
3
24
3
100
12
9
19
15
3
10
2
2
20
8
8
1
7
6
6
2
3
15
40
48
2
11
12
9
4
3
31
6
7
10
5
11
2
15
6
9
9
2
2
9
45
16
18
1
10
3
113
25
31
23
9
8
9
12
59
6
5
3
4
4
29
4
6
13
10
11
48
51
16
18
23
14
4
5
10
153
18
17
14
4
3
13
2
19
5
12
13
26
7
13
9
4
5
5
14
5
7
3
8
7
13
6
10
53
8
9
12
8
38
15
12
16
7
26
10
12
5
9
8
13
15
12
22
9
10
36
2
83
7
17
3
16
4
5
3
18
7
5
12
15
12
9
13
2
8
30
6
20
6
12
10
10
154
13
1
1
8
3
7
2
16
5
7
5
7
7
19
11
24
6
9
14
7
22
443
38
5
9
7
22
29
8
11
5
19
13
11
2
6
7
4
10
24
204
6
2
55
9
4
6
15
19
9
14
32
18
31
5
13
10
10
20
131
3
67
32
4
13
2
12
6
9
2
5
9
6
14
6
2
8
4
18
3
3
13
8
7
7
4
17
4
12
13
10
28
10
1
5
5
16
25
6
6
11
4
9
45
6
10
10
7
13
34
11
1
7
5
8
7
6
17
4
7
11
8
28
4
12
1
16
8
5
5
32
19
14
1
15
3
4
30
7
6
20
12
3
21
18
6
4
98
1
18
10
3
3
7
3
11
3
4
12
28
12
5
21
7
14
7
8
15
5
12
2
9
9
9
13
22
2
20
8
8
2
51
19
9
10
25
10
6
5
12
25
33
47
19
73
23
3
35
7
4
9
8
13
12
15
17
1
4
10
19
21
17
11
6
9
26
13
16
8
18
12
3
6
18
100
10
7
2
5
3
8
14
309
5
19
7
47
6
13
4
13
2
8
6
5
9
7
4
82
21
6
2
8
4
25
2
31
2
19
3
7
2365
12
10
9
2
3
6
7
22
1
8
2
2
13
71
4
4
8
2
12
11
8
5
2
15
28
25
1
40
12
9
16
6
10
16
90
9
18
4
12
4
9
5
31
6
5
10
6
1
2
5
3
4
3
7
50
6
4
14
7
33
20
5
17
25
7
16
16
6
4
2
13
11
11
7
24
3
8
21
10
13
6
8
1
7
5
7
372
4
21
8
11
1
10
11
7
1
11
80
6
11
2
11
14
1
24
5
10
255
4
15
0
8
11
2
5
7
4
17
92
11
6
9
5
6
3
5
12
20
5
12
3
6
12
41
9
3
8
6
5
4
15
6
4
7
14
11
18
6
4
8
1
4
3
4
6
11
6
7
16
8
19
7
9
10
11
10
23
15
20
9
3
5
4
10
3
10
18
1
13
13
19
7
11
6
3
4
117
10
6
9
7
4
3
8
36
14
4
6
9
274
2
8
12
12
8
9
6
3
15
8
5
4
5
9
3
4
10
10
5
22
10
1
7
352
14
3
15
5
25
8
8
1
20
10
8
22
16
8
4
10
5
11
9
9
16
4
13
4
7
11
9
62
9
3
21
9
4
31
1
4
13
10
6
5
13
10
8
10
7
2
10
3
20
15
6
3
8
12
10
9
11
9
3
15
5
12
2
8
8
14
1
88
17
3
15
11
12
14
7
5
4
13
19
13
8
18
5
21
3
12
2
21
0
8
7
2
11
24
35
19
1
12
7
12
2
4
105
14
8
4
6
23
37
3
11
3
30
6
15
9
6
50
1
24
12
4
10
6
13
5
7
5
11
10
212
2
7
17
5
23
4
7
5
15
3
98
11
9
5
8
7
8
15
8
1
11
48
5
4
5
12
9
24
14
4
96
15
16
8
6
6
5
53
14
7
4
5
7
9
13
4
10
10
1
3
12
14
3
6
11
12
35
15
10
8
10
8
13
14
6
6
4
5
7
12
6
6
8
4
33
4
6
20
9
4
14
8
3
10
14
10
14
14
12
4
25
8
15
12
8
5
28
13
22
4
14
5
9
4
5
4
8
6
8
8
10
21
10
6
8
14
23
7
12
4
5
2
6
5
6
6
6
11
13
8
1
77
18
6
9
9
28
16
9
64
6
53
6
12
10
11
3
12
6
5
2
3
6
6
13
17
5
4
2
417
7
4
10
5
19
15
9
10
5
6
0
9
6
24
14
41
4
8
1
6
4
10
52
12
7
14
13
6
65
2
6
11
2
7
12
9
336
12
56
7
10
8
1
4
4
3
10
5
6
22
4
9
7
13
4
17
15
11
4
22
9
24
8
9
30
2
8
18
16
7
13
5
3
18
3
4
22
8
4
9
5
2
6
5
10
3
12
10
8
22
13
8
5
9
34
23
4
3
14
5
6
4
5
8
4
8
5
14
4
23
9
4
3
7
4
13
14
8
21
9
6
14
17
8
7
14
5
155
9
6
3
218
7
18
8
0
13
19
2
4
10
2
25
6
5
4
27
4
6
17
6
18
8
49
7
18
4
4
8
5
10
9
8
5
10
12
12
11
10
7
56
20
6
8
5
5
22
47
14
11
11
7
15
4
25
8
13
8
11
8
9
12
8
20
13
20
11
13
62
14
4
9
4
11
4
16
3
5
6
4
5
7
104
13
11
5
3
5
6
13
15
7
10
2
11
8
10
9
8
10
13
4
8
4
10
14
2
6
8
10
3
4
5
30
11
12
2
12
17
5
7
16
12
30
6
5
7
7
47
17
16
13
10
10
11
7
9
12
5
6
5
6
24
4
12
29
15
7
6
6
6
4
3
14
24
4
4
6
30
12
9
8
13
22
55
8
15
689
2
5
4
9
8
38
4
10
7
5
15
14
16
12
56
11
7
10
15
18
9
4
3
19
0
14
13
10
7
1
11
14
3
27
11
16
6
6
23
4
89
9
16
1
11
27
1
9
6
11
9
1
11
12
10
47
3
2
6
28
8
14
5
14
12
10
8
8
4
8
2
8
11
31
16
3
56
4
4
1
6
3
74
12
9
17
33
2
16
15
6
14
457
7
13
28
17
8
5
19
20
56
11
3
10
11
6
45
15
13
13
10
19
5
5
9
4
11
2
20
4
5
205
15
95
14
21
7
7
7
15
7
31
6
3
11
15
8
8
13
15
14
7
4
3
4
8
9
10
108
22
15
7
7
8
3
5
4
23
29
6
4
3
5
3
7
2
6
20
11
9
1
11
5
50
8
5
7
7
12
6
6
8
12
10
7
21
5
12
3
58
8
5
18
100
11
10
10
28
5
105
6
274
13
9
65
10
25
11
8
5
5
19
1
2
5
6
2
3
1
27
1
9
10
7
5
14
34
7
4
24
1
7
11
7
12
8
2
9
2
4
16
45
11
10
8
2
16
8
20
5
10
11
39
4
6
26
5
9
5
3
15
30
4
4
9
5
6
6
44
5
12
10
11
9
5
9
6
22
5
13
4
3
5
23
4
4
2
29
2
16
20
11
161
9
22
13
5
10
3
7
0
3
6
8
6
10
4
6
8
3
9
10
2
10
3
4
2
3
6
27
9
13
18
5
4
6
10
56
5
10
5
9
0
7
0
5
6
137
16
37
6
4
2
18
8
10
6
3
14
8
3
12
9
13
9
3
15
3
17
19
11
13
16
6
7
14
4
7
12
13
4
8
7
11
24
6
8
7
5
8
2
4
7
5
13
16
9
5
8
18
9
9
17
18
20
415
5
12
2
17
7
8
5
14
22
13
7
18
12
8
6
3
9
5
8
15
11
31
9
2
9
12
15
42
12
7
20
18
14
3
9
3
9
11
7
1
5
5
8
9
4
5
5
4
10
4
2
1
7
1
10
4
9
5
18
13
75
5
4
10
5
3
8
1
5
9
6
11
10
28
1
6
20
12
10
1
7
43
26
5
0
12
5
9
7
3
15
54
35
9
9
3
20
3
72
11
7
14
17
43
12
9
21
9
10
8
11
9
6
5
11
86
6
4
10
6
18
6
0
8
13
4
6
81
7
3
13
19
5
14
3
21
7
12
18
8
8
5
10
10
8
4
14
17
2
14
10
53
5
11
11
13
10
11
3
8
8
7
4
16
7
10
20
17
9
5
24
7
4
28
18
10
24
8
3
13
20
2
9
5
2
14
24
6
12
10
12
3
7
7
11
8
4
14
10
17
9
3
7
11
4
10
11
32
2
13
13
2
9
3
48
6
9
107
11
9
12
7
3
19
8
7
4
8
12
10
8
10
5
4
4
16
4
12
3
22
4
1
6
56
5
11
8
5
14
16
4
6
10
43
10
12
2
5
8
7
3
7
12
24
3
3
8
15
1
77
30
4
20
10
9
60
6
7
6
11
65
7
7
20
8
9
2
8
50
6
14
4
7
1
8
26
9
30
5
24
7
4
3
6
2
18
7
15
21
4
3
9
3
134
6
18
21
10
45
16
6
5
9
1033
3
55
3
7
4
9
27
13
10
7
9
8
47
5
31
5
6
9
36
10
2
3
5
10
8
3
7
11
3
9
7
10
12
2
22
80
8
10
13
11
27
13
1
11
3
10
22
7
17
8
16
69
10
10
11
5
15
3
15
2
9
10
6
6
8
21
18
7
3
14
19
9
8
8
7
3
41
3
4
11
7
9
4
28
4
5
5
47
9
10
6
9
7
5
5
3
12
16
9
4
6
32
3
9
6
9
11
3
14
15
3
6
4
3
5
1
7
18
7
5
5
19
6
10
13
17
18
83
52
3
6
11
7
3
6
8
8
8
14
5
2
2
1
6
34
9
1
13
18
4
15
14
10
8
3
7
6
7
13
0
8
11
0
12
30
8
21
6
3
17
11
4
5
15
12
14
6
4
3
8
7
6
8
2
9
12
10
14
1
22
14
5
18
8
32
5
3
5
6
5
3
26
10
13
8
13
7
8
4
39
0
7
23
12
19
86
24
7
9
24
10
4
26
267
5
14
6
33
7
16
3
14
10
1
15
41
14
3
15
24
6
40
9
11
3
11
26
39
7
10
4
46
6
13
4
21
26
6
2
5
15
1
3
1
17
11
10
4
3
5
17
13
15
3
11
6
5
7
10
4
8
6
22
14
21
12
1
3
4
76
6
5
3
3
5
22
25
12
5
2
8
16
6
39
12
8
11
3
6
4
2
5
16
11
12
11
15
4
13
11
6
28
17
20
5
9
30
15
0
17
10
14
16
5
4
2
13
27
20
4
10
1
9
12
2
2
7
5
4
28
3
1
25
7
5
2
17
9
37
11
12
12
7
6
15
11
16
2
8
12
1
14
27
7
16
12
11
6
11
18
3
13
2
2
8
10
6
5
14
3
80
14
10
6
17
12
19
5
4
12
5
8
14
13
6
8
13
35
22
3
8
3
5
11
8
5
2
9
6
5
12
4
2
25
0
6
14
9
7
3
3
8
2
12
6
8
5
7
10
4
5
13
5
3
68
5
9
29
86
3
9
51
11
3
11
10
7
3
24
52
3
16
85
7
8
33
1
5
15
11
20
8
14
22
5
18
5
28
17
8
6
12
14
3
6
7
20
9
11
4
7
25
20
8
91
22
4
8
17
12
10
549
9
6
10
1528
6
11
27
50
5
2
153
20
8
8
11
36
4
62
10
4
62
17
17
4
5
7
9
33
9
18
10
7
10
49
10
7
6
5
14
155
10
1
5
15
25
4
7
2
7
28
4
21
11
6
9
22
7
17
14
19
8
5
7
9
3
2
17
5
19
8
9
13
47
15
13
6
16
24
7
4
2
9
9
319
6
18
3
60
11
7
12
18
22
3
6
7
19
6
5
64
8
33
15
19
3
25
8
2
25
3
19
3
20
9
24
4
3
11
21
1
14
18
11
6
5
11
15
13
4
9
33
12
4
2
2
6
14
5
72
16
6
5
10
5
6
6
12
5
6
8
2
6
11
8
3
13
7
4
14
14
6
34
17
7
79
20
29
38
40
13
52
23
4
25
6
4
7
4
16
12
13
31
12
6
16
15
4
2
10
26
11
12
4
28
7
14
16
11
75
21
9
8
4
14
6
17
3
13
16
4
11
8
9
7
23
41
6
5
6
15
3
1
10
4
4
5
6
5
16
25
3
8
11
5
34
7
1
13
17
23
7
9
16
5
11
4
173
19
12
39
6
13
23
1
5
3
11
2
3
4
7
7
7
8
6
9
2
10
18
4
14
13
8
13
4
6
7
8
13
15
9
14
7
12
9
8
2
10
10
15
12
8
6
7
2
10
5
3
7
21
5
6
8
19
11
9
3
6
6
2
45
8
8
3
1
8
9
6
13
10
6
6
2
2
2
4
4
4
149
54
12
15
4
23
9
4
12
7
10
6
3
2
19
16
12
23
4
10
23
1
8
1
21
5
6
9
4
9
8
4
13
8
22
5
10
3
5
2
10
7
7
20
7
7
2
6
4
11
2
4
13
35
3
5
8
4
11
11
23
8
17
5
7
13
16
27
4
36
5
4
9
5
1
11
5
10
131
17
13
13
17
3
3
15
8
5
21
8
16
27
3
4
4
20
0
16
35
1
7
2
4
20
28
5
3
38
5
11
8
10
1
4
8
0
14
21
5
20
35
5
3
13
7
12
13
4
64
14
20
168
3
11
8
8
30
7
6
10
4
0
3
11
2
26
17
2
6
7
5
8
9
10
38
61
18
14
7
11
6
4
6
3
7
6
12
9
2
5
5
5
10
4
6
9
12
88
6
45
5
10
9
8
6
7
6
11
3
3
4
2
3
5
6
12
4
10
8
19
18
12
10
14
7
7
2
6
7
22
8
4
4
11
15
7
6
5
9
6
5
36
4
6
6
12
6
5
8
5
21
47
20
26
66
5
20
8
7
11
4
5
4
27
8
7
16
5
2
20
4
30
35
6
2
6
38
14
5
4
14
17
10
29
48
29
6
74
83
8
8
5
5
9
2
3
3
8
7
7
20
16
20
12
18
5
7
11
10
24
19
4
7
6
3
12
125
40
12
4
3
18
10
32
5
27
13
9
7
2
4
14
83
3
7
10
17
28
8
34
1223
5
70
11
36
8
15
34
2
3
2
340
5
10
214
33
3
14
3
9
4
1
19
4
10
6
12
19
13
32
22
5
3
10
12
5
7
5
10
6
7
102
11
18
66
14
13
430
20
38
8
7
12
23
2
17
9
8
13
21
28
7
8
10
5
9
10
15
16
1
3
5
49
6
16
4
4
26
25
8
6
5
5
2
20
8
17
7
15
11
3
27
23
14
6
8
10
13
1
6
24
2
9
2
13
3
8
611
3
26
3
2
2
20
5
6
20
4
7
4
3
1
11
17
9
24
7
10
45
7
9
41
9
10
118
14
2
23
9
7
6
57
3
7
33
5
20
11
4
12
5
21
12
13
21
5
12
6
15
18
7
9
37
3
20
7
44
12
16
5
2
5
7
20
17
12
2
38
4
22
17
3
11
17
10
7
10
12
7
14
5
10
7
17
7
5
13
5
6
50
8
11
22
2
15
6
9
9
127
16
13
6
4
4
8
4
9
9
1
17
12
16
7
8
3
13
26
30
4
6
54
8
10
11
7
2
8
16
17
22
10
8
15
4
8
5
4
20
11
19
10
565
7
10
3
87
5
19
31
7
9
23
8
9
2
5
9
12
19
10
6
9
4
5
3
1
11
4
7
3
11
13
5
3
2
6
9
4
10
1
19
1
9
7
3
5
3
7
12
8
15
8
7
13
8
4
11
133
8
4
11
13
15
16
114
4
6
6
4
0
9
6
8
110
24
305
69
8
11
5
8
5
6
5
11
15
2
4
10
5
61
6
2
4
4
7
1
5
6
2
5
13
14
116
9
508
4
8
2
12
12
2
11
15
24
5
11
2
13
4
16
8
13
1
3
14
37
7
16
5
3
4
10
4
85
34
11
3
9
27
10
5
20
1
27
16
42
4
5
6
29
32
11
6
5
9
9
3
12
4
13
2
6
9
3
3
6
12
20
2
19
9
11
6
23
12
18
8
12
6
2
7
22
15
4
19
7
15
10
131
6
6
6
10
33
46
18
5
6
4
5
8
7
16
7
18
7
11
6
6
15
5
12
13
13
40
22
21
3
7
14
19
7
11
10
4
0
20
4
18
17
25
24
7
3
238
14
29
32
17
11
12
39
9
21
4
10
12
5
35
25
13
7
8
2
7
2
4
4
18
4
5
4
7
11
4
6
5
8
5
4
15
6
15
11
3
8
1
2
8
92
10
5
5
9
5
16
19
9
1
3
3
6
4
7
29
5
4
9
9
11
5
149
9
9
15
10
21
3
52
13
6
9
2
7
6
10
10
5
6
3
3
16
6
4
4
6
7
16
4
8
3
7
12
13
8
11
6
8
38
5
11
5
13
8
4
5
19
4
5
7
3
9
11
11
13
15
40
4
8
12
5
15
2
2
5
4
6
6
5
5
4
8
7
6
18
8
1
9
19
25
4
6
5
23
14
15
1692
5
2
7
5
2
7
33
4
6
14
5
6
15
7
25
4
16
9
4
12
2
10
7
7
15
6
4
9
7
3
5
7
14
27
7
14
23
2
6
15
3
7
5
81
13
6
52
7
8
8
3
13
4
9
6
6
7
4
5
27
2
11
12
7
27
16
7
8
3
6
39
15
14
7
7
4
5
7
10
4
8
8
5
6
16
6
9
5
2
11
8
8
10
3
6
14
8
6
6
6
23
2
14
9
10
3
4
38
8
184
20
9
18
11
10
2
29
11
7
8
5
16
9
1
5
11
5
18
11
11
15
3
12
6
10
19
18
3
4
10
26
11
10
4
18
9
0
22
53
1
20
22
8
24
13
41
8
10
12
6
11
17
12
9
11
16
12
3
9
30
12
17
2
3
9
34
4
11
5
7
8
22
11
7
12
23
1
28
4
26
3
10
4
7
7
5
4
5
11
93
3
4
19
44
77
6
15
15
8
4
17
3
1
6
5
4
9
25
4
3
4
2
4
4
20
9
10
68
18
9
2
5
21
44
1
7
19
4
10
7
5
49
18
4
8
8
4
9
3
12
11
24
2
15
3
14
15
6
8
2
10
18
3
5
8
13
8
12
7
5
8
3
10
10
4
4
11
1
9
8
6
4
5
13
17
7
9
11
15
5
7
7
8
8
9
10
13
9
12
15
32
16
13
5
2
34
4
4
3
15
13
15
4
8
8
4
10
6
1
5
8
11
3
3
7
9
9
13
7
5
10
13
9
141
8
7
11
6
23
6
17
9
8
6
3
13
14
4
13
62
5
6
17
30
28
3
66
8
5
12
4
3
11
7
17
14
23
2
7
11
15
2
6
30
12
2
1
5
4
2
9
6
13
164
10
7
21
11
12
6
11
4
8
18
2
4
5
4
17
10
13
20
10
23
13
17
1
17
13
3
3
3
9
2
10
6
4
5
2
4
6
3
63
6
13
4
7
5
10
8
43
6027
3
43
3
3
11
6
17
5
18
4
11
2
56
12
7
3
9
9
4
8
11
5
19
4
8
10
6
6
4
9
13
7
9
5
7
8
18
12
8
3
3
12
7
66
11
7
5
3
4
9
40
11
9
3
0
3
14
9
61
3
8
7
23
9
10784
4
8
10
29
25
26
5
6
14
9
9
6
11
11
7
2
10
2
70
7
8
8
4
5
9
5
38
6
9
13
152
12
6
22
15
4
6
5
2
3
2
1
6
16
34
10
5
9
9
6
6
14
9
10
24
7
9
4
7
17
2
136
14
8
6
20
23
3
55
5
12
5
7
12
11
67
16
4
47
15
9
3
7
6
11
27
9
6
6
5
64
22
9
8
20
5
4
5
9
9
5
8
14
3
6
3
10
17
1
5
100
4
10
16
50
37
18
7
8
3
14
5
5
17
16
8
10
4
2
17
5
15
5
6
6
12
3
8
6
9
6
7
2
10
9
3
10
5
6
28
8
5
18
15
37
5
7
6
2
3
3
6
40
10
27
10
22
8
4
21
13
4
7
15
1
10
8
8
14
15
16
17
3
15
10
17
11
30
15
3
8
4
5
18
3
6
5
23
4
11
2
5
3
9
14
6
3
15
4
1
5
12
1
4
4
6
35
7
0
2
11
27
23
14
6
8
8
16
4
19
10
1
30
1
10
13
3
75
50
5
16
29
11
13
4
4
23
4
10
3
17
4
24
4
4
11
3
5
3
9
8
31
10
7
2
5
10
12
2
18
6
1
14
9
27
4
66
15
8
21
23
6
15
12
4
19
23
18
2
9
3
13
3
3
4
38
13
8
9
8
7
7
9
14
9
5
6
6
7
22
17
11
5
10
6
7
4
1
12
7
19
4
5
19
15
2
26
4
3
9
10
5
5
11
16
8
3
3
15
1
4
1
17
18
7
4
8
13
10
9
213
5
7
5
12
47
25
11
13
10
2
7
5
2
5
4
3
10
7
8
6
4
7
244
6
45
20
9
10
1
4
5
20
17
5
6
11
17
9
34
8
2
612
7
17
10
9
3
22
6
3
8
3
19
9
12
21
17
4
1
3
3
14
6
9
13
3
6
10
26
19
5
8
9
19
12
192
6
18
6
14
0
3
19
21
4
12
9
5
8
5
5
8
8
9
14
12
12
31
46
35
2
9
22
9
11
14
2
4
17
18
14
5
15
5
1
98
6
33
5
6
13
81
9
4
7
12
23
10
36
12
43
2
7
12
7
10
16
15
2
6
14
8
20
10
9
7
32
20
7
24
4
4
2
18
21
23
16
17
8
8
36
4
8
10
6
6
2
34
8
8
19
5
3
5
4
22
16
14
7
7
3
225
17
4
14
44
2
15
13
9
8
6
8
11
2
3
12
7
5
7
5
5
13
4
2
6
9
8
1
8
5
8
15
8
5
5
4
37
15
6
4
14
14
8
15
2
0
5
5
6
14
15
18
5
5
238
8
26
17
4
35
8
2
5
6
16
28
17
12
5
18
9
7
20
9
11
5
4
2
34
6
16
8
10
5
7
22
7
21
8
9
24
12
23
7
5
6
3
3
6
11
3
7
2
32
13
17
27
6
2
22
7
8
11
13
17
4
23
15
34
5
8
6
5
10
5
39
6
4
23
2
2
15
13
10
2
3
27
6
5
1
8
16
13
35
18
17
0
9
20
8
15
16
2
24
7
13
15
12
5
42
15
8
9
35
17
3
2
11
7
4
3
0
8
1
2
6
12
68
11
9
6
2
5
13
9
0
24
4
1
3
29
9
11
12
26
15
11
405
9
12
10
30
46
6
8
74
15
12
3
12
7
23
9
14
10
9
11
9
13
46
1
5
10
12
4
4
5
7
627
9
9
4
4
8
3
4
8
13
6
6
10
6
4
13
9
5
2
3
9
5
29
8
7
13
3
27
6
8
8
7
5
26
7
2
6
11
11
5
18
4
11
11
50
2
6
7
2
7
11
6
8
1
12
10
6
27
8
5
8
8
5
7
27
9
5
4
5
7
5
8
13
4
36
36
3
24
6
9
7
1
20
6
11
6
9
14
11
17
17
42
1
0
27
8
4
14
3
7
9
15
4
32
9
7
21
4
11
61
10
29
5
21
6
15
6
2
10
3
24
27
8
8
11
17
6
7
8
10
22
6
5
6
10
16
6
9
3
4
11
8
0
6
10
19
1
14
6
25
13
8
10
13
6
4
13
2
24
73
12
2
3
3
8
16
6
14
233
7
11
11
4
10
4
4
26
7
3
260
5
4
9
8
13
2
25
47
8
22
10
20
118
20
32
7
17
1
3
40
1
9
81
8
7
13
7
21
9
4
2
50
9
4
8
7
6
9
7
25
6
13
9
9
2
4
18
7
6
8
13
2
6
35
20
7
5
7
12
16
24
9
7
4
4
7
4
14
27
31
37
7
4
8
9
3
9
10
8
4
29
5
10
5
26
7
14
19
5
4
2
21
3
11
15
5
1
9
11
7
17
3
9
6
1
2
2
20
4
38
9
7
20
37
11
7
5
11
12
17
9
30
17
3
40
32
21
5
9
2
15
18
4
14
3
20
5
16
5
9
6
2
10
54
52
6
27
15
7
6
6
2
14
9
3
5
6
11
2
11
6
5
11
8
6
20
10
19
3
10
5
6
12
89
6
3
29
13
11
56
3
6
5
8
5
7
3
9
1
47
67
8
15
1
15
16
17
2
3
44
5
11
4
13
4
9
20
1
1
6
9
4
13
8
12
16
8
2
20
14
0
12
5
20
8
22
16
55
6
19
3
13
37
14
8
9
1
18
54
5
2
2
6
9
11
7
9
4
3
5
4
13
6
11
168
4
23
2
13
28
13
10
10
6
3
1
20
10
18
14
8
12
18
7
8
14
6
11
13
6
6
12
22
14
7
10
15
7
88
3
3
10
14
16
3
9
7
7
0
1
11
14
11
8
6
6
18
20
9
17
2
4
8
15
6
6
11
6
6
28
10
6
8
6
6
4
54
5
9
3
6
14
13
10
161
4
3
14
5
143
21
14
5
14
4
22
6
33
2
10
33
6
20
147
21
5
7
9
6
8
12
5
2
6
12
12
4
7
10
8
18
3
18
26
32
8
6
86
25
8
16
17
10
9
3
4
63
5
12
2
14
9
23
5
18
123
8
10
8
3
8
59
3
8
11
4
14
8
10
39
5
6
14
5
36
3
45
25
4
2
6
9
9
7
7
9
27
25
5
1
12
10
17
11
23
24
15
5
5
1
7
1
1
3
1
7
60
26
0
44
17
27
8
6
2793
10
1
46
40
14
23
3
12
14
5
32
4
14
4
10
16
19
9
6
16
4
16
22
13
3
2
8
15
5
9
9
10
7
11
11
11
0
22
23
6
43
15
7
11
16
6
5
23
5
4
8
8
1
8
489
4
8
5
5
20
12
5
24
12
26
25
14
20
10
5
45
22
13
4
5
2
0
261
22
8
5
8
12
11
7
5
17
18
9
5
9
16
5
6
7
6
16
40
9
12
12
18
9
336
24
15
6
8
4
11
12
9
13
120
14
18
3
7
4
14
4
11
1
27
3
79
5
26
20
2
15
11
5
4
1
6
8
30
9
3
5
6
23
3
5
12
28
9
32
4
13
36
2
5
9
14
19
18
18
4
7
21
9
2
4
7
10
7
27
5
12
2
1
18
88
27
15
13
3
5
4
12
4
7
5
8
3
9
2
10
6
8
5
8
7
20
5
4
10
1
10
31
8
8
9
15
11
3
3
20
31
3
32
7
11
10
12
13
0
3
14
9
12
10
12
9
4
5
2
6
40
10
10
12
23
8
2
6
6
25
6
22
7
13
10
10
4
13
43
9
4
8
55
10
10
5
6
6
9
6
186
1
12
6
12
7
52
6
7
12
15
5
12
4
10
6
7
11
24
8
3
8
4
28
23
3
3
5
8
18
6
2
5
60
6
7
35
2
4
27
2
6
8
16
4
5
5
7
72
37
4
14
9
12
11
3
11
13
2
8
10
5
9
6
5
18
13
16
25
5
11
3
2
3
7
10
52
3
6
17
34
8
4
20
7
8
4
12
7
1
5
2
12
2
4
5
7
4
29
3
11
12
108
3
7
2
4
3
10
10
18
17
7
7
21
8
24
14
8
4
16
22
24
3
6
13
10
8
9
5
2
6
71
3
9
2
109
3
28
12
6
12
329
1
32
8
21
46
6
9
2
21
11
9
11
9
8
4
7
22
7
5
23
2
6
10
15
13
23
6
16
9
3
26
24
17
9
6
7
7
5
7
5
8
42
9
7
13
9
18
5
13
5
8
10
21
71
2
23
4
42
2
6
5
7
9
6
4
12
11
6
7
8
4
15
4
59
5
16
5
6
6
16
6
12
6
11
8
13
5
12
6
8
16
17
15
16
35
12
3
4
4
11
10
1
4
12
8
5
11
15
8
13
13
15
5
6
9
3
3
9
9
5
7
11
4
2
53
5
12
10
11
12
3
21
6
7
8
1
3
6
5
5
4
6
8
7
9
12
5
15
8
6
19
18
9
10
21
12
8
8
14
11
4
11
1
6
3
14
20
15
2
13
9
28
3
1
22
6
127
8
3
11
3
15
6
7
6
5
3
5
8
6
7
15
4
6
7
12
4
4
7
10
7
7
20
8
3
5
16
4
6
6
5
5
26
3
14
31
5
2
8
11
14
5
17
2
8
13
7
12
23
17
10
6
13
7
20
5
16
4
8
6
10
50
7
78
4
11
7
9
10
2
11
5
7
8
5
12
3
4
8
11
11
26
9
5
2
16
6
7
2
2
7
17
7
7
3
14
8
7
47
9
4
102
32
9
20
5
4
9
11
23
10
7
5
4
28
8
5
20
4
3
6
2
14
11
12
6
17
6
19
1
14
8
3
9
10
8
16
11
48
3
1
15
30
13
9
32
6
3
5
3
10
8
5
5
6
6
4
5
13
10
2
51
1
11
8
57
4
10
16
54
2
11
22
11
20
18
7
6
5
9
10
12
7
27
5
11
19
26
71
9
27
14
3
14
12
4
7
3
17
3
11
37
8
23
4
15
855
1
15
10
5
3
4
2
7
10
10
6
15
8
15
8
25
6
5
4
4
11
18
26
24
12
1
10
5
4
3
13
14
23
45
6
2
18
5
8
8
3
10
7
9
3
9
8
13
4
78
10
11
10
5
8
42
14
39
3
4
11
10
12
8
4
7
3
4
2
5
16
9
20
3
13
6
7
3
6
3
7
4
10
5
7
44
9
19
6
11
23
5
4
10
12
7
3
3
38
3
7
5
9
20
0
7
11
153
9
10
3
7
11
1
5
646
18
5
20
18
11
5
16
6
17
10
71
6
18
19
2
10
8
3
4
7
22
11
105
3
6
7
12
6
6
11
210
5
34
26
6
8
3
12
23
4
11
6
6
1
7
11
7
7
43
6
6
9
18
10
11
4
4
12
20
7
11
10
6
12
113
4
7
9
7
15
7
8
16
35
15
7
18
3
4
19
4
15
7
6
7
5
25
10
13
180
6
4
5
14
4
12
2
1
4
6
25
23
13
7
10
6
60
30
12
10
6
18
4
2
2
27
13
7
24
5
1
6
16
11
2
61
11
7
30
6
22
11
17
10
5
6
7
11
2
8
3
17
18
6
5
5
26
15
6
8
2
24
9
7
7
6
114
19
22
14
11
3
9
1072
4
11
7
12
47
17
11
1
7
11
18
9
13
8
3
16
7
3
16
5
14
6
12
2
15
16
5
26
11
6
7
6
25
15
12
1
18
70
40
7
1
10
11
7
20
6
3
10
13
7
5
4
3
8
9
15
5
11
2
13
6
8
10
28
24
3
12
9
17
12
7
12
3
12
4
2
5
6
33
16
20
7
24
94
6
6
3
4
15
4
9
15
9
19
7
5
23
37
6
6
2
3
3
5
24
14
14
9
20
9
0
9
13
12
5
19
14
5
14
17
23
5
15
3
21
4
11
47
9
8
37
6
30
4
5
10
8
5
6
12
14
8
2
2
2
12
6
10
57
9
43
69
11
4
14
5
8
24
5
7
10
5
14
5
11
24
8
27
41
7
7
11
9
16
12
7
4
0
10
5
14
13
10
8
1
18
15
15
14
16
9
27
14
26
5
21
8
2
78
12
1
3
6
5
6
4
336
128
11
15
4
4
3
17
15
4
29
12
13
9
4
14
15
14
5
113
8
6
18
4
14
5
8
13
9
27
5
14
9
3
16
6
30
3
4
5
19
9
36
6
11
8
5
4
3
39
18
4
7
24
6
24
26
6
4
8
4
8
8
17
9
25
61
11
16
2
2
12
9
119
4
6
9
13
12
3
17
9
16
2
10
9
10
3
4
31
3
9
6
16
4
3
14
5
10
36
15
9
19
37
47
6
5
12
11
5
3
8
6
19
3
3
3
26
5
2
12
41
15
10
2
9
29
16
5
7
9
4
13
49
10
2
3
7
15
9
23
5
4
7
5
8
9
6
13
5
26
2
25
6
26
2
51
16
7
8
11
8
5
63
4
6
26
14
9
0
17
9
7
11
14
9
3
8
10
6
39
20
10
3
18
43
7
5
30
8
11
82
178
3
20
11
6
2
34
4
20
16
7
3
2
4
6
11
5
9
14
288
2
5
7
12
39
60
6
4
13
8
46
4
12
11
4
9
3
2
7
5
24
36
1
786
13
6
4
7
6
35
6
14
4
9
10
4
7
6
4
3
23
36
9
7
12
6
4
4
9
67
12
370
12
34
13
6
1
3
13
247
1
13
3
2
31
10
7
17
5
9
10
12
30
11
20
10
46
8
7
6
4
5
4
11
4
7
9
15
3
4
9
21
5
16
6
10
2
27
6
18
13
4
12
22
11
6
16
7
15
16
4
13
9
10
11
11
8
54
11
18
6
7
8
11
8
38
6
5
6
4
14
2
6
13
10
11
13
30
8
7
6
12
6
6
9
10
20
30
3
9
13
14
8
5
11
4
5
3
170
11
6
11
7
15
2
1
4
99
3
11
14
29
9
24
6
7
12
14
3
15
9
14
3
10
21
11
5
25
21
24
26
6
9
2
5
4
19
8
63
6
4
7
6
