0
0
3
0
5
0
0
0
1
0
0
0
0
0
9
0
0
0
0
2
3
6
0
0
1
4
0
4
1
0
1
4
20
263
0
10
1
2
1
8
3
4
4
4
100
1
20
0
24
0
1
0
0
1
4
0
19
0
1
4
0
1
1
12
20
0
2
5
2
2
7
0
0
13
1
2
1
0
2
0
0
2
1
1
0
0
2
1
1
8
3
11
7
8
0
0
5
1
0
28
5
5
0
0
3
0
6
1
0
0
1
26
10
5
30
7
4
8
17
3
2
1
0
6
0
4
0
0
0
2
21
10
9
18
0
0
0
1
1
1
6
3
7
0
1
15
1
0
2
7
0
0
7
1
57
0
0
26
4
1
3
1
0
0
0
1
7
3
1
0
11
2
0
2
0
0
0
0
7
1
1
2
0
1
12
0
4
1
7
3
0
2
5
0
1
0
7
1
1
984
0
1
10
1
0
4
2
0
4
1
10
2
0
2
8
4
0
0
2
0
0
9
4
30
3
0
32
0
0
8
0
1
7
1
2
2
0
4
0
3
2
8
0
1
6
5
0
0
2
0
0
0
14
1
1
10
0
7
44
1
1
1
1
4
2
1
0
0
0
1
34
1
0
1
0
1
0
1
0
1
3
1
5
0
1
1
0
1
14
5
57
1
0
0
1
1
1
0
2
4
5
0
0
0
0
1
7
0
0
0
0
13
0
0
1
4
1
0
0
0
0
6
2
1
0
0
15
25
1
11
0
2
2
8
0
1
2
2
2
5
0
5
4
7
0
0
0
1
2
0
2
26
1
1
38
0
8
0
12
1
0
68
1
0
18
15
2
0
3
0
1
5
0
0
1
0
6
3
0
1
0
0
0
4
0
0
1
2
0
25
1
0
0
1
0
0
0
0
2
4
0
19
5
4
11
0
1
0
0
0
5
2
0
0
4
1
2
43
1
1
0
0
0
5
1
10
1
0
99
2
0
1
2
4
1
28
9
0
1
20
2
1
1
10
0
0
1
50
7
6
0
5
0
9
1
0
6
0
85
0
0
2
1
0
44
11
1
0
0
2
14
1
47
1
0
0
7
0
0
0
261
0
173
0
7
0
0
1
1
0
3
1
0
6
1
0
0
1
5
0
0
0
3
0
5
0
0
0
1
0
0
0
0
0
9
0
0
0
0
2
3
6
0
0
1
4
0
4
1
0
1
4
20
263
0
10
1
2
1
8
3
4
4
4
100
1
20
0
24
0
1
0
0
1
4
0
19
0
1
4
0
1
1
12
20
0
2
5
2
2
7
0
0
13
1
2
1
0
2
0
0
2
1
1
0
0
2
1
1
8
3
11
7
8
0
0
5
1
0
28
5
5
0
0
3
0
6
1
0
0
1
26
10
5
30
7
4
8
17
3
2
1
0
6
0
4
0
0
0
2
21
10
9
18
0
0
0
1
1
1
6
3
7
0
1
15
1
0
2
7
0
0
7
1
57
0
0
26
4
1
3
1
0
0
0
1
7
3
1
0
11
2
0
2
0
0
0
0
7
1
1
2
0
1
12
0
4
1
7
3
0
2
5
0
1
0
7
1
1
984
0
1
10
1
0
4
2
0
4
1
10
2
0
2
8
4
0
0
2
0
0
9
4
30
3
0
32
0
0
8
0
1
7
1
2
2
0
4
0
3
2
8
0
1
6
5
0
0
2
0
0
0
14
1
1
10
0
7
44
1
1
1
1
4
2
1
0
0
0
1
34
1
0
1
0
1
0
1
0
1
3
1
5
0
1
1
0
1
14
5
57
1
0
0
1
1
1
0
2
4
5
0
0
0
0
1
7
0
0
0
0
13
0
0
1
4
1
0
0
0
0
6
2
1
0
0
15
25
1
11
0
2
2
8
0
1
2
2
2
5
0
5
4
7
0
0
0
1
2
0
2
26
1
1
38
0
8
0
12
1
0
68
1
0
18
15
2
0
3
0
1
5
0
0
1
0
6
3
0
1
0
0
0
4
0
0
1
2
0
25
1
0
0
1
0
0
0
0
2
4
0
19
5
4
11
0
1
0
0
0
5
2
0
0
4
1
2
43
1
1
0
0
0
5
1
10
1
0
99
2
0
1
2
4
1
28
9
0
1
20
2
1
1
10
0
0
1
50
7
6
0
5
0
9
1
0
6
0
85
0
0
2
1
0
44
11
1
0
0
2
14
1
47
1
0
0
7
0
0
0
261
0
173
0
7
0
0
1
1
0
3
1
0
6
1
0
0
1
5
0
0
0
0
0
30
1
2
1
14
0
0
0
10
2
0
1
1
2
0
0
10
0
0
36
1
8
35
45
4
2
2
2
0
7
1
2
0
0
1
0
0
0
3
2
4
4
14
1
6
1
1
0
0
2
0
0
4
3
0
0
0
0
1
1
1
0
12
0
8
9
6
8
0
0
2
7
1
4
0
4
0
0
2
2
1
0
20
2
7
7
0
10
2
3
0
2
2
0
0
8
0
3
0
0
0
1
10
7
42
0
1
0
1
0
0
0
5
0
1
0
122
0
4
8
1
0
0
21
1
1
1
7
0
0
1
0
0
39
11
6
0
2
0
0
3
0
1
0
0
0
5
0
4
2
5
0
2
4
9
0
2
3
2
8
0
0
1
10
2
1
0
0
52
5
0
1
4
2
10
10
0
3
15
0
0
1
6
0
1
89
2
0
5
0
0
0
1
22
0
0
2
2
2
13
0
0
0
0
4
11
1
2
8
2
2
1
1
1
0
7
1
0
4
3
0
0
0
3
0
0
1
0
12
11
3
0
0
15
27
0
7
0
5
1
8
2
10
2
6
0
0
1
1
1
0
42
1
0
0
6
16
1
0
1
7
1
0
1
0
0
3
1
0
3
1
2
0
6
1
11
2
8
29
1
86
1
0
1
8
9
1
0
0
0
0
2
5
1
3
7
6
0
8
1
0
20
19
0
2
0
0
4
24
4
5
0
9
0
82
73
3
2
0
0
3
0
0
0
0
0
1
0
0
5
1
1
9
1
1
2
0
1
0
6
7
11
0
193
43
1
13
3
0
0
12
1
2
2
7
1
0
0
0
0
0
2
1
0
0
5
28
1
3
2
2
0
1
3
0
3
0
0
0
1
0
1
1
1
0
0
52
1
3
15
2
0
0
3
3
2
4
0
2
32
0
2
0
4
1
1
2
1
0
5
0
0
0
3
0
0
8
1
0
0
0
9
13
0
0
4
0
1
154
0
0
0
5
0
0
4
1
14
15
23
10
14
11
4
1
1
5
0
0
1
0
0
0
0
2
1
1
1
0
0
0
1
11
0
1
0
2
28
1
1
0
6
19
2
0
15
0
0
20
73
0
2
0
3
0
0
0
16
4
0
10
7
0
11
2
2
8
0
0
12
0
1
2
9
0
3
2
1
1
0
2
0
1
0
1
1
1
6
0
1
0
0
0
1
0
1
0
1
0
30
6
3
1
6
0
2
3
0
2
1
2
0
22
3
1
8
3
13
1
1
5
1
9
3
2
3
6
2
0
1
0
18
1
13
2
7
4
55
0
5805
1
0
1
0
0
0
28
0
0
1
2
3
1
3
4
2
1
3
3
4
0
0
11
0
0
1
6
3
1
2
2
0
1
0
1
8
3
0
6
0
1
113
575
2
0
0
7
15
10
0
0
0
3
1
2
1
2
16
2
0
1
0
4
2
61
3
0
5
2
0
0
0
0
1
6
2
1
13
1
0
0
0
2
1
0
2
2
3
49
5
0
0
2
0
2
0
2
1
0
0
3
0
3
1
2
0
7
1
0
4
13
6
0
1
4
6
0
0
0
4
2
1
0
2
101
1
4
43
8
2
1
12
0
0
0
0
5
3
23
35
0
0
0
1
15
1
2
10
2
1
2
0
0
2
0
4
27
13
1
6
1
0
1
0
0
4
1
2
0
0
3
0
0
0
4
0
2
1
1
61
0
1
0
0
4
0
4
0
1
7
31
0
0
21
8
1
0
0
588
2
7
1
0
0
0
0
0
1
1
1
21
0
2
0
1
36
0
0
74
2
0
2
20
12
2
0
1
2
0
0
1
1
0
3
0
0
0
1
2
1
3
0
7
3
0
0
3
4
2
13
0
1
3
2
0
2
0
0
0
1
1
16
2
0
2
2
13
1
0
0
1
10
1
3
0
5
1
0
0
0
0
8
7
3
5
2
0
0
0
0
3
0
1
13
0
3
0
6
4
1
0
0
3
0
0
6
0
2
2
3
0
0
3
0
1
0
0
2
1
0
5
5
4
2
0
18
13
12
0
4
0
0
0
0
0
1
0
4
4
537
9
10
1
3
0
0
0
0
0
0
2
2
0
0
32
2
0
0
2
0
0
156
0
0
0
6
4
1
1
1
9
0
5
0
0
0
12
11
21
0
0
3
2
2
1
0
0
0
0
2
5
0
0
0
6
1
0
6
0
0
0
1
0
0
2
0
0
0
0
0
6
1
1
2
3
1
2
0
23
2
1
0
0
2
0
0
0
1
1
0
62
4
0
13
9
2
0
0
5
8
58
36
0
0
1
1
1
23
0
14
7
0
0
25
0
3
14
1
0
1
1
0
0
1
49
7
0
0
3
0
4
3
0
1
11
3
4
0
1
1
6
12
0
1
0
1
2
2
0
0
1
2
1
2
3
0
1
1
1
0
3
0
0
0
0
2
0
1
0
7
0
6
9
1
6
11
1
0
2
16
6
3
1
1
0
0
0
0
6
2
2
0
0
0
0
2
6
2
0
0
0
50
1
0
2
3
14
0
1
16
1
2
0
0
29
0
3
2
1
5
2
0
0
0
0
0
80
1
548
3
3
1
0
2
4
4
2
0
1
3
0
0
2
3
2
0
0
0
0
3
8
15
2
13
1
2
1
1
1
1
1
13
3
13
0
6
1
4
29
4
3
1
8
32
0
0
0
2
1
0
1
0
2
0
4
0
7
1
0
0
2
0
0
0
1
0
7
0
1
2
0
0
0
0
0
13
0
1
2
4
0
0
2
0
11
0
3
11
0
0
6
0
3
10
0
0
5
0
3
0
1
0
1
4
0
0
3
2
29
0
0
14
1
0
6
1
2
3
1
4
2
0
1
1
1
17
40
1
0
1
1
1
0
12
3
17
0
0
12
1
0
1
1
0
5
1
0
2
0
2
1
0
8
2
0
0
0
3
1
127
14
0
1
246
0
2
1
0
1
1
13
0
51
7
4
19
0
0
0
0
0
0
1
0
21
1
0
1
1
10
2
0
1
0
3
20
0
3
0
0
1
1
0
5
1
1
1
0
50
0
2
1
1
5
1
1
1
4
0
1
0
26
7
0
1
5
1
8
0
0
0
0
0
2
49
1
19
0
2
51
0
0
8
1
0
1
1
1
0
0
0
0
0
3
10
0
1
0
57
0
0
0
3
1
7
0
5
19
0
3
24
1
1
7
2
18
1
12
64
18
10
0
0
0
3
0
18
9
1
2
0
3
1
1
2
1
4
3
3
1
0
1
11
7
2
0
2
1
1
0
1
1
2
0
0
6
0
0
0
1
2
5
1
0
1
0
2
0
0
1
0
0
2
1
2
4
14
0
0
1
0
1
0
3
4
0
1
0
0
109
2
0
0
10
3
0
25
1
0
2
2
4
0
2
1
2
2
1
1
1
0
1
3
1
0
1
0
0
0
1
5
2
0
1
3
4
1
0
7
3
0
11
0
0
0
2
3
1
1
3
0
0
1
1
0
1
4
0
0
1
14
0
0
0
0
105
4
17
0
9
2
1
2
0
1
0
0
1
0
2
3
4
4
0
12
1
1
0
2
1
8
0
0
0
3
2
0
23
2
1
1
1
1
1
34
10
1
0
1
0
1
0
2
5
47
6
0
5
0
0
0
0
2
1
0
1
0
0
2
1
1
1
25
4
0
0
3
11
3
2
0
0
0
8
0
2
0
6
3
0
4
0
4
0
0
0
1
0
13
0
14
0
2
30
0
8
0
1
1
15
3
0
1
3
0
3
0
3
0
0
28
0
0
1
1
0
0
2
1
3
1
0
0
2
1
4
0
0
1
6
0
2
22
0
0
4
0
2
1
1
0
1
1
90
0
0
11
2
0
8
2
0
0
2
70
0
86
3
0
0
4
4
2
3
4
3
1
11
5
2
0
0
102
2
4
0
1
29
0
2
2
5
0
1
1
0
0
0
0
1
2
1
0
1150
0
0
0
3
32
0
7
0
0
0
0
1
1
0
4
0
1
0
1
13
4
1
1
0
0
0
0
1138
14
93
1
12
2
54
0
0
0
1
4
0
0
0
1
2
18
2
12
5
2
1
6
0
0
0
1
1
0
0
1
0
0
1
5
1
3
0
9
0
2
27
0
5
0
3
0
2
73
0
0
0
0
0
1
0
0
2
19
1
2
1
0
0
8
46
9
0
0
0
0
6
2
0
3
0
6
0
6
1
3
0
0
1
0
0
0
0
2
0
4
0
0
0
0
1
0
0
1
16
8
0
2
2
18
0
4
0
2
6
0
0
10
7
5
1
9
2
1
1
9
0
1
5
0
213
0
0
1
0
0
0
0
150
2
2
1
0
2
2
0
0
0
1
0
0
0
12
0
1
1
4
1
1
0
0
0
0
0
1
4
1
45
16
0
2
8
11
16
0
14
0
16
4
9
0
1
0
62
1
0
0
0
0
0
2
2
2
1
5
6
0
216
7
5
0
0
1
2
22
3
0
3
1
1
13
116
0
2
0
0
0
2
3
7
2
8
0
3
40
0
35
0
0
5
0
9
4
0
0
0
1
2
5
1
0
1
1
0
0
6
4
0
1
72
1
8
16
19
4
4
57
7
0
8
715
7
10
2
0
0
0
8
0
0
0
0
1
0
1
21
0
5
6
0
0
0
0
4
0
0
0
0
1
36
4
7
0
0
10
6
2
16
0
21
25
7
1
3
12
0
0
16
1
3
0
1
0
2
0
22
0
0
0
3
3
37
1
40
1
21
0
0
1
2
0
4
1
26
27
0
2
0
0
2
0
2
2
1
10
15
0
1
5
22
0
0
0
10
24
7
0
0
0
1
0
4
1148
0
234
0
3
6
0
1
3
14
6
4
2
1
5
2
0
87
13
1
0
0
0
5
0
1
0
0
0
6
3
4
3
1
0
1
0
0
3
0
2
0
2
2
7
4
19
0
1
0
0
2
2
1
3
0
0
0
4
0
0
6
4
4
0
8
0
4
9
2
0
67
55
2
3
0
0
5
0
2
4
0
1
0
0
2
7
6
1
9
0
0
2
0
0
21
0
0
0
0
3
0
0
1
1
0
0
0
0
3
1
2
0
0
3
3
11
0
4
3
0
6
8
1
8
0
0
0
3
0
4
1
0
2
1
11
2
4
12
6
1
0
1
1
0
1
8
0
1
0
5
6
0
0
0
2
0
1
7
0
11
3
0
0
1
2
1
2
1
0
1
0
5
0
0
13
4
1
15
0
2
6
0
2
0
0
2
7
3
2
3
0
0
1
3
9
0
13
1
3
19
0
36
3
11
13
0
0
14
17
1
3
21
0
2
7
0
2
1
2
0
1
0
6
12
0
2
9
0
0
6
1
15
0
0
1
0
0
1
0
0
4
0
0
7
1
0
0
1
3
10
0
3
2
0
0
0
1
46
1
0
1
2
1
0
0
0
0
14
12
0
5
1
0
0
1
4
2
0
2
2
0
4
0
0
0
1
0
0
3
3
2
3
1
3
0
2
1
0
6
0
21
0
2
5
0
0
4
0
0
1
0
0
1
28
0
10
52
2
6
0
0
18
4
1
0
0
3
9
5
1
1
1
0
1
13
16
0
10
4
7
0
0
0
0
118
3
0
0
1
0
26
0
1
0
0
1
0
5
0
0
2
3
1
0
0
13
15
3
1
0
0
0
4
0
1
2
1
1
1
0
232
0
38
0
1
1
20
0
1
0
35
0
1
0
1
0
3
0
0
1
4
5
1
3
583
1
9
11
0
1
0
27
0
5
0
1
1
0
0
0
0
0
4
2
0
7
0
9
0
1
12
1
0
0
12
0
0
0
0
1
0
1
0
0
0
2
0
1
2
0
1
2
0
3
9
0
21
1
0
0
0
1
5
3
0
102
0
0
0
0
0
1
0
1
0
0
0
5
0
5
1
1
2
0
2
2
0
1
5
3
0
4
1
2
0
0
1
0
2
2
2
0
0
14
0
3
1
1
2
0
1
1
2
0
0
29
0
3
29
4
0
1
2
1
6
72
21
2
0
0
0
18
3
3
3
10
8
27
5
1
19
6
4
0
0
8
6
0
1
0
0
1
0
0
0
0
2
0
4
0
3
7
57
3
1
7
4
6
1
1
53
0
1
5
0
0
0
0
0
0
1
2
0
0
1
6
12
4
14
2
1
9
9
3
7
1
18
0
0
1
0
0
5
1
0
1
0
0
0
0
87
0
0
4
3
4
1
4
4
1
0
0
0
2
0
2
4
0
6
0
147
1
16
29
0
0
22
15
2
5
44
102
3
1
12
1
0
1
3
6
1
1
0
0
1
13
0
0
1
9
36
0
0
6
0
1
0
0
19
0
1
130
1
3
0
0
2
17
0
0
14
1
1
1
7
0
0
2
0
9
3
0
43
10
1
0
0
2
0
40
4
0
2
1
0
0
8
3
3
5
3
0
4
10
1
3
0
1
4
1
1
1
0
1
0
0
9
2
1
0
0
1
1
4
6
4
0
0
0
4
9
2
2
0
23
0
4
2
1
1
0
5
0
0
13
1
3
2
0
15
0
0
31
5
1
3
0
0
0
7
9
0
1
0
0
0
4
3
0
0
2
20
1
246
0
2
0
0
1
0
0
3
0
3
1
15
1
4
0
4
4
0
0
14
1
0
1
0
2
0
29
4
0
0
2
2
11
3
7
11
0
2
1
5
0
7
6
5
1
0
0
1
0
53
0
3
4
0
11
2
14
3
0
3
0
2
1
90
1
1
0
0
0
27
0
2
4
2
3
7
2
3
0
1
0
42
3
12
5
0
0
2
1
0
6
0
3
2
34
4
0
0
0
2
0
142
0
0
0
1
2
0
0
0
3
2
0
68
3
34
6
2
5
17
0
3
1
0
1
4
2
19
0
3
0
0
2
1
0
0
4
8
1
0
2
0
3
23
8
1
0
0
1
1
1
1
3
3
0
0
0
8
0
5
8
0
0
8
4
8
1
8
1
1
2
2
0
0
1
37
0
1
877
0
0
1
3
1
1
1
1
4
6
0
0
2
24
1
2
0
18
0
1
2
0
3
0
5
14
0
2
0
7
0
3
1
0
0
1
0
0
0
1
0
0
1
23
0
10
1
6
2
21
0
0
2
9
0
5
0
2
0
0
0
0
1
2
0
1
6
1
0
1
5
0
1
0
0
1
0
5
0
0
8
4
1
3
0
5
8
0
1
0
126
20
8
11
2
3
1
3
5
0
0
1
1
0
10
1
8
0
4
2
0
44
0
0
4
2
11
1
0
0
0
1
1
0
6
1
0
0
0
0
0
0
32
1
0
2
0
0
2
0
0
5
0
72
0
23
0
0
12
5
24
2
1
2
0
0
3
3
5
0
14
0
0
10
2
0
14
0
2
3
1
32
0
0
0
10
0
18
5
4
5
0
0
0
4
0
2
5
0
1
0
0
2
6
4
1
5
0
0
1
3
1
1
5
29
0
0
1
0
0
0
2
12
0
12
15
0
67
0
1
4
0
4
33
2
0
477
1
5
0
0
3
38
1
0
0
9
0
1
1
1
1
7
1
0
6
1
7
8
0
1
0
0
1
0
0
0
1
17
1
2
0
1
0
1
2
0
0
14
0
11
8
5
0
3
19
1
4
4
0
2
0
0
0
0
3
0
0
1
6
0
0
1
0
1
0
1
4
0
13
6
3
1
0
2
2
3
3
0
0
2
0
0
1
0
85
1
6
115
1
2
0
0
9
2
2
13
45
0
1
1
0
2
21
2
54
3
3
0
10
0
8
12
1
0
0
51
0
1
1
0
2
7
8
0
2
0
1
21
0
8
1
5
0
0
1
6
0
0
0
3
100
16
0
0
1
0
4
1
5
3
3
0
2
3
0
1
2
2
2
0
0
14
25
0
0
6
3
1
2
1
3
0
1
1
1
0
2
2
1
0
1
7
0
1
1
7
0
5
3
0
12
7
1
13
0
9
0
0
3
0
0
0
0
0
1
2
3
0
4
20
5
1
4
4
9
1
3
2
0
3
0
2
0
0
0
0
2
5
24
0
0
0
3
2
2
0
1
5
5
8
6
1
0
3
12
0
0
5
32
19
1
3
78
1
14
2
0
4
0
4
2
0
0
0
3
47
1
3
1
0
12
0
0
0
0
0
1
9
0
3
0
0
0
0
0
16
1
5
0
0
0
2
14
45
7
2
7
1
19
0
14
0
9
1
1
0
56
2
1
2
8
0
5
0
16
1
0
0
1
2
19
1
1
0
0
2
0
0
0
0
1
16
0
0
15
0
0
2
10
0
1
1
0
3
8
4
3
0
1
5
0
2
1
0
7
0
0
2
0
0
1
0
0
0
0
1
1
3
0
0
0
1
1
8
6
0
4
1
1
115
0
1
0
2
3
0
0
0
2
0
1
0
4
0
0
0
1
2
9
5
0
40
1
0
1
16
3
3
6
4
0
0
0
2
5
4
0
0
12
2
3
4
6
1
2
0
0
0
7
7
0
0
3
2
1
2
0
1
18
12
4
0
2
3
4
9
6
4
12
0
1
1
2
1
2
257
0
1
8
0
0
146
51
0
2
1
12
24
1
46
6
0
0
1
4
5
5
5
0
3
0
2
1
0
0
0
1
2
1
2
2
6
2
9
0
0
1
1
1
5
4
0
0
0
2
13
0
0
0
2
2
5
0
2
0
7
3
2
1
0
1
4
11
3
247
1
0
0
1
0
43
0
2
2
1
0
7
0
0
0
1
0
140
2
0
54
0
2
1
0
0
4
0
5
2
6
1
0
25
0
3
5
51
0
15
0
0
3
4
1
3
1
2
2
0
5
1
3
1
0
3
0
1
0
0
0
0
1
13
3
11
4
4
0
53
0
5
0
5
1
1
1
4
1
1
3
0
4
2
0
1
0
0
0
6
26
0
3
2
0
0
0
0
1
1
0
0
0
2
0
0
0
0
13
7
0
6
2
0
4
3
56
0
1
6
5
6
0
5
1
6
6
0
55
8
4
0
0
1
3
3
7
1
1
1
738
1
0
4
4
1
0
1
2
2
0
1
0
1
3
2
0
0
11
1
0
2
0
0
4
85
0
0
4
0
0
2
7
3
0
1
3
2
5
1
1
0
0
9
0
0
45
1
1
2
2
2
12
78
2
1
1
6
1
1
0
0
1
8
2
34
0
8
1
1
0
28
3
0
0
2
0
1
0
3
0
6
2
0
0
0
4
1
0
0
0
1
0
8
2
9
2
0
0
13
7
2
1
267
0
0
1
1
1
0
7
1
0
0
1
1
0
2
0
1
2
0
5
0
3
17
0
0
2
1
1
3
5
42
15
4
13
0
1
7
0
10
0
0
10
5
17
0
3
3
0
0
5
0
0
19
0
0
2
95
2
4
0
0
5
1
0
14
22
1
0
4
11
0
6
0
2
0
4
1
0
4
1
0
7
0
1
3
12
1
2
7
0
0
1
2
0
0
6
2
0
0
4
6
4
2
0
0
31
4
0
0
1
0
12
1
0
0
2
0
0
29
3
1
2
1
32
0
39
1
6
1
0
0
4
13
1
0
0
0
0
0
1
2
4
1
1
1
0
20
1
0
7
2
0
1
0
5
0
4
0
9
2
1
6
1
15
10
1
8
1
2
0
1
2
4
0
3
4
0
0
0
0
1
0
0
0
1
0
0
0
1
4
0
1
9
2
1
0
9
1
4
9
4
1
61
0
838
0
0
0
0
10
4
1
1
0
35
0
0
11
12
1
2
1
1
1
6
0
4
15
0
89
0
0
0
2
5
0
95
5
3
0
1
0
0
3
2
3
0
1
4
2
2
8
0
0
5
3
1
2
1
5
1
1
4
0
14
0
4
8
0
0
4
1
0
4
2
0
1
0
0
1
1
4
2
31
2
8
3
1
0
0
5
3
5
1
64
2
8
81
2
0
2
0
43
2
0
0
7
6
0
0
0
0
0
3
2
2
3
0
0
0
6
3
31
0
4
0
4
2
5
0
0
2
0
1
4
0
1
0
0
5
0
2
1
115
0
1
2
2
1
0
17
10
34
40
0
15
0
0
4
27
4
0
7
0
0
0
1
30
0
0
0
0
2
0
1
13
0
1
3
1
0
4
1
4
0
0
0
1
1
0
0
3
3
2
18
1
6
0
9
1
3
4
11
2
0
0
0
0
3
4
26
0
0
0
3
1
2
0
0
0
3
2
0
1
0
0
0
1
0
0
1
44
4
0
1
35
0
2
4
13
2
2
7
3
0
2
3
2
1
2
1
0
0
1
0
5
1
1
2
10
2
1
3
3
2
0
0
0
22
0
0
2
2
2
660
0
1
2
0
2
4
1
0
0
1
4
0
0
33
1
0
0
0
4
8
0
1
0
0
3
2
32
1
1
1
0
0
0
0
0
0
2
1
0
4
1
0
2
2
2
7
2
0
0
0
7
3
2
3
1
2
1
8
150
0
0
2116
11
3
0
4
0
11
0
2
0
0
1
27
5
1
3
0
1
0
5
1
0
1
0
3
4
2
0
28
0
0
181
0
0
3
0
62
2
0
2
0
1
3
2
86
0
10
2
163
2
8
2
4
1
0
0
60
1
0
0
1
0
18
2
5
0
4
5
0
0
2
0
1
13
0
0
0
2
2
1
3
0
1
2
2
0
607
4
24
0
1
8
1
6
3
0
1
1
3
0
1
1
0
0
6
8
3
0
1
6
0
6
0
0
10
0
3
0
1
1
0
2
53
33
4
2
1
0
0
0
0
0
4
0
0
0
6
2
13
3
0
1
0
0
0
0
1
1
0
0
0
0
1
28
4
1
3
2
0
5
3
170
0
0
0
3
0
9
2
0
5
0
0
3
0
0
0
3
1
2
18
3
12
1
0
8
5
61
0
1
1
0
2
0
0
1
12
3
0
3
0
2
0
326
1
6
203
0
4
27
0
2
1
1
2
4
2
2
0
0
20
3
3
0
1
25
2
0
0
2
0
3
11
4
3
9
1
2
0
0
2
4
9
5
2
32
3
2
0
0
0
2
2
1
5
1
1
0
17
6
11
4
0
9
4
0
3
0
1
6
3
3
2
8
1
15
14
2
1
0
10
0
0
2
5
1
0
2
101
0
4
0
0
0
0
0
0
0
8
9
2
25
2
0
5
4
0
8
5
0
0
0
0
0
1
2
0
5
0
1
3
0
2
0
0
0
2
2
2
0
10
38
4
2
1
8
0
1
1
1
4
0
4
1
0
0
1
20
0
4
0
1
0
2
1
1
1
5
0
0
44
2
2
0
0
183
4
2
0
0
0
0
0
6
0
0
926
1
6
7
0
0
2
40
624
0
2
2
3
0
18
0
4
368
0
2
2
0
234
0
0
0
0
0
0
3
2
0
3
0
0
0
0
1
9
1
1
2
0
1
0
2
3
8
0
1
6
1
0
24
0
2
2
0
1
1
1
0
0
2
11
2
1
1
3
12
5
0
1
0
3
1
5
7
0
1
5
35
0
0
62
1
7
0
0
2
0
0
4
2
0
0
1
0
1
92
1
4
0
11
15
2
2
11
2
3
7
13
25
1
16
1
0
3
0
14
2
0
1
53
2
2
6
11
2
0
1
1
11
10
0
5
0
0
5
3
0
0
2
0
0
7
1
4
6
4
26
0
1
3
0
2
0
19
0
2
0
6
113
0
0
9
0
2
7
1
1
3
2
12
2
3
0
0
3
0
4
3
0
0
1
0
0
1
4
0
21
12
0
14
12
1
0
0
0
0
0
0
6
1
1
0
1
0
0
1
8
0
2
9
3
0
0
3
1
0
1
0
4
5
12
0
1
5
0
2
0
0
0
0
5
0
1
11
1
2
1
0
2
6
0
9
0
0
3
0
5
1
7
0
11
0
9
5
0
1
5
2
1
0
0
0
8
0
0
0
0
2
1
0
0
0
1
2
1
0
1
22
0
1
1
2
1
9
0
0
0
2
36
0
0
0
0
12
0
0
1
0
128
14
0
0
0
23
0
1
1
0
1
0
5
0
31
1
25
0
2
2
0
1
3
0
3
1
0
1
0
1
0
1
7
0
2
5
0
4
3
4
0
0
0
0
1
6
1
43
1
1
0
0
5
0
1
6
2
1
2
7
3
0
2
0
2
0
14
1
5
0
0
51
2
1
1
0
2
112
0
0
0
1
0
4
0
1
0
0
0
0
2
11
3
0
2
9
2
0
0
0
6
0
1
3
8
0
1
0
7
14
15
0
1
0
2
1
0
0
0
1
0
1
0
0
0
5
1
0
3
0
1
1
411
0
16
8
0
0
1
11
0
5
0
0
0
3
0
40
0
0
0
1
8
0
2067
0
0
0
44
5
0
173
18
4
1
0
4
0
6
0
0
9
470
0
2
4
5
6
4
0
0
8
0
1
0
1
0
0
1
0
0
1
3
1
0
0
0
40
0
1
0
4
0
1
0
0
0
1
0
0
1
2
2
1
2
2
3
2
5
103
1
1
1
1
2
0
1
1
3
10
0
0
2
1
1
7
0
0
0
0
2
2
1
65
2
0
309
0
1
0
0
0
18
4
3
2
1
0
4
1
2
0
0
0
7
6
0
2
0
0
0
0
0
0
3
2
1
0
1
1
1
0
11
4
0
0
7
2
9
3
2
0
2
0
0
0
1
1
1
0
0
0
0
0
6
0
7
5
0
1
0
2
0
4
1
1
1
13
0
0
15
0
3
1
0
53
5
0
20
2
0
44
0
11
1
6
0
4
2
0
1
1
10
0
1
2
0
2
0
0
0
66
0
0
6
10
0
1
1
0
4
1
0
0
0
1
0
11
1
4
1
61
0
3
2
3
4
0
4
1
3
7
1
14
5
2
16
0
0
0
15
2
2
0
6
0
1
2
0
1
0
0
2
1
2
1
0
1
0
3
0
8
1
2
226
3
1
5
2
7
0
2
0
1
0
5
0
0
0
1
5
21
0
1
0
9
1
9
2
1
2
2
0
1
0
0
4
0
0
0
9
2
38
1
0
50
104
20
0
2
48
0
1
1
10
0
0
1
0
2
6
3
1
2
0
1
3
61
0
2
1
1
8
2
0
0
0
3
0
0
2
0
0
2
13
0
10
1
1
0
1
6
19
2
0
0
2
1
2
2
6
17
3
3030
0
2
1
1
8
4
1
6
11
0
7
1
17
0
4
9
4
0
1
1
0
0
0
1
4
0
0
1
0
12
104
1
5
1
0
2
9
0
0
18
13
0
1
0
5
53
0
11
1
118
22
0
1
9
0
3
1
3
2
1
1
7
12
0
4
1
33
0
4
6
6
2
0
238
1
0
3
1
1
9
24
1045
0
2
1
3
24
0
1
0
0
0
0
11
28
0
0
6
1
1
1
1
2
0
1
0
23
4
5
0
0
12
21
0
0
0
1
0
56
2
1
1
11
18
0
3
96
0
20
0
1
12
0
0
1
0
2
0
0
1
0
0
1
1
0
0
0
0
13
0
6
2
24
1
0
0
30
1
0
3
0
3
1
0
0
3
6
2
0
0
16
0
0
2
0
0
5
2
1
1
5
0
1
4
8
16
7
0
4
0
0
0
7
2
12
0
1
0
1
5
1
15
0
0
7
0
11
12
4
0
0
1
0
0
0
0
0
18
0
1
0
1
3
13
114
3
0
0
0
2
5
52
1
0
0
0
33
0
0
2
1
4
11
0
0
0
3
0
6
0
0
15
11
13
37
0
0
0
0
3
2
0
6
4
0
4
8
2
1
1
5
0
6
3
1
1
1
0
1
0
188
0
0
2
12
0
2
0
29
111
19
0
0
2
3
0
3
1
4
3
3
2
184
1
0
5
0
0
2
3
1
0
2
0
72
4
4
1
0
0
19
3
78
7
4
0
0
9
4
0
2
0
1
1
0
0
1
4
0
0
3
0
1
0
4
0
0
0
0
0
0
0
0
1
5
7
31
10
0
5
0
6
2
0
1
4
0
85
0
138
1
0
0
22
0
0
1
3
39
0
0
0
1
0
0
0
2
0
2
6
0
0
19
14
2
3
0
0
0
1
3
0
2
0
1
1
0
1
0
0
1
0
3
3
1
0
0
0
0
0
0
5
0
0
5
7
1
0
0
1
1
2
1
4
0
16
0
1
15
1
1
37
39
0
0
2
0
0
0
4
14
2
0
0
2
7
4
0
2
14
3
4
0
1
52
4
0
9
204
0
4
0
1
5
3
4
0
3
2
14
2
8
2
0
0
2
0
1
1
165
6
2
0
30
0
3
6
19
4
0
2
5
9
0
0
8
7
0
8
3
5
4
1
0
6
0
2
6
0
0
0
2
1
7
10
0
2
10
2
0
287
28
0
5
12
4
0
2
0
1
0
2
5
0
1
4
1
0
68
2
2
1
0
2
4
3
1
6
1
0
0
5
3
17
569
1
12
0
0
5
0
0
1
0
0
0
0
0
0
0
0
2
1
0
17
2
1
21
1
0
3
0
1
6
0
2
1
0
0
7
0
5
0
0
0
0
0
0
0
0
11
10
1
0
0
1
2
0
141
0
16
6
1
0
0
3
1
7
0
4
17
2
3
1
3
27
2
143
0
2
0
1
0
31
15
0
0
3
10
2
0
43
5
0
0
5
0
1
1
0
0
0
0
2
2
1
28
0
0
0
0
0
9
0
0
2
6
2
9
1
0
2
8
1
2
0
0
21
0
300
7
0
23
0
3
1
2
0
2
0
0
0
0
0
2
7
1
7
1
4
1
1
0
0
1
1
0
11
0
5
1
2
1
1
0
0
8
0
2
4
2
10
0
21
2
1
5
6
1
0
2
1
0
5
62
1
1
0
3
0
0
0
1
3
0
0
0
5
1
0
4
2
0
0
6
8
8
11
2
0
3
0
3
6
17
1
2
3
33
2
0
0
3
2
1
0
0
1
1
1
2
3
0
0
5
0
0
1
0
15
1
1
12
1
1
8
1
0
1
0
10
0
0
1
0
2
2
12
0
0
2
9
0
1
13
2
3
1
1
7
0
5
16
0
1
0
9
1
1
0
1
3
0
8
1
1
0
0
5
0
8
5
4
0
10
1
3
0
0
0
3
13
0
9
59
1
0
1
1
1
2
4
0
4
0
1
12
3
0
5
0
0
1
1
1
1
0
0
1
0
1
1
0
99
0
0
2
0
0
0
14
0
0
0
0
0
0
1
4
2
0
1
0
4
0
0
1
1
0
0
0
0
1
1
0
1
2
1
4
1
2
19
8
0
1
1
0
2
1
0
13
17
3
0
2
0
7
0
3
1
0
205
0
3
2
1
0
1
11
4
0
2
12
0
17
8
69
4
1
2
30
2
0
0
7
0
1
6
0
0
2
0
0
0
0
1
0
3
2
0
0
0
2
1
2
3
6
0
0
7
1
2
0
1
1
1
2
3
0
14
1
1
2
6
2
0
0
0
1
0
0
17
0
0
11
1
1
21
1
8
6
0
1
0
0
355
1
0
1
0
10
0
1
24
13
2
0
2
1
1
0
3
0
0
0
0
1
3
1
0
1
0
0
2
6
1
0
8
1
28
0
3
0
0
0
1
0
0
0
1
48
0
0
2
0
0
30
3
1
0
0
0
1
0
1
1
0
3
1
0
1
63
0
1
2
2
2
1
0
1
0
7
27
5
2
1
20
0
0
181
1
0
3
1
21
96
0
2
2
0
0
1
0
6
18
7
1
3
3
4
0
1
22
3
0
3
0
2
0
0
6
4
1
1
0
1
2
0
2
1
3
0
1
0
8
1
0
0
0
22
0
28
11
1
0
227
0
0
5
145
0
1
0
1
4
4
0
0
1
2
2
0
19
0
0
11
1
0
1
1
0
0
0
3
2
1
0
2
0
1
0
2
1
5
1
0
1
38
1
1
0
0
0
4
18
3
7
2
0
81
6
0
0
2
0
0
2
4
8
2
4
2
4
6
1
1
1
1
5
0
3
0
16
1
0
0
15
2
0
2
2
0
38
4
25
0
0
0
12
4
2
2
0
0
0
0
20
2
2
4
1
1
10
1
0
0
5
2
0
0
0
0
1
137
0
1
0
1
5
0
1
0
1
0
0
3
1
4
0
19
0
12
0
1
1
0
0
10
1
0
0
2
3
0
2
1
0
0
4
5
12
0
1
0
2
0
0
0
4
0
0
0
0
0
18
0
1
0
61
0
0
4
0
0
0
0
0
0
0
57
1
0
1
0
5
0
3
1
3
0
7
0
0
2
0
0
0
0
0
0
0
5
0
1
0
1
0
0
0
0
0
0
0
1
7
2
0
0
0
0
0
1
5
0
5
1
121
2
1
0
1
1
4
13
0
2
5
1
0
2
2
2
0
0
0
1
14
0
9
0
8
4
0
1
3
1
0
0
3
0
5
0
0
0
1
0
0
0
0
0
9
0
0
0
0
2
3
6
0
0
1
4
0
4
1
0
1
4
20
263
0
10
1
2
1
8
3
4
4
4
100
1
20
0
24
0
1
0
0
1
4
0
19
0
1
4
0
1
1
12
20
0
2
5
2
2
7
0
0
13
1
2
1
0
2
0
0
2
1
1
0
0
2
1
1
8
3
11
7
8
0
0
5
1
0
28
0
4
0
3
1
0
0
2
4
0
0
2
0
1
1
2
0
2
3
15
5
1
6
5
0
3
8
3
0
40
0
7
6
8
0
1
0
0
13
0
8
13
2
0
0
5
2
0
7
2
2
0
4
4
0
36
8
0
0
9
1
0
1
18
1
2
0
17
14
0
16
1
4
1
0
0
0
1
2
0
0
6
382
1
2
1
0
1
7
0
0
0
4
0
3
0
0
0
0
0
1
0
0
66
1
0
3
0
4
1
0
2
0
18
0
0
3
0
0
1
3
1
0
10
3
1
6
1
42
0
1
0
2
1
0
0
1
14
1
6
0
5
4
1
4
0
0
1
3
11
0
0
0
1
9
0
2
44
5
2
0
0
1
15
0
11
13
2
4
0
1
0
0
0
4
1
5041
0
1
36
1
2
1
9
0
0
0
1
0
0
3
0
2
0
0
119
1
4
0
1
1
0
2
11
3
3
0
1
0
0
6
2
0
1
2
1
1
2
178
1
1
0
0
1
1
4
4
2
2
0
0
9
3
13
0
4
0
0
7
244
1
61
1
0
0
5
1
1
0
0
13
0
1
1
2
4
0
2
3
0
0
23
35
3
2
2
0
1
12
10
1
1
0
2
1
1
3
6
0
1
33
7
1
8
1
1
0
0
0
0
1
7
0
1
8
1
2
18
4
3
11
1
0
0
5
0
1
274
5
1
7
6
0
13
98
1
0
17
0
0
6
0
0
2
0
2
2
0
0
0
1
4
0
0
1
0
1
0
3
0
5
13
17
0
1
0
0
1
0
1
1
0
1
1
0
1
26
2
0
0
1
1
0
0
4
5
13
0
1
1
1
5
3
1
1
1
0
0
13
0
2
2
9
4
0
1
2
7
1
21
10
0
0
2
0
7
0
2
0
0
1
1
1
2
0
0
3
1
29
15
0
1
1
2
0
1
0
0
0
1
0
13
0
2
1
56
1
2
0
4
1
2
0
0
9
4
0
2
0
0
9
0
0
2
