77
198
72
99
72
68
81
74
72
100
73
68
70
78
121
110
77
72
72
70
61
85
309
76
106
74
65
102
59
68
96
82
79
78
73
101
76
92
68
70
89
14375
79
124
171
59
88
71
85
70
78
71
96
78
71
76
92
189
101
99
108
86
73
74
71
72
85
98
82
88
62
76
63
146
95
97
76
96
80
70
66
73
79
99
106
76
74
76
100
97
106
110
81
89
233
80
95
79
82
82
90
108
79
84
58
89
67
67
64
82
74
97
77
93
88
86
80
76
84
77
87
75
76
94
81
86
89
77
92
99
52
87
74
91
72
89
94
145
74
71
86
99
92
92
78
81
85
88
92
77
96
84
91
2359
74
85
82
71
104
87
72
80
80
81
77
76
91
88
77
70
93
94
62
82
72
69
76
81
94
69
70
96
120
85
59
100
110
89
67
84
92
83
64
95
96
98
87
72
89
90
62
63
68
96
61
80
76
71
118
104
81
106
94
72
93
88
265
69
70
72
95
59
90
73
72
117
74
78
98
83
64
99
315
72
120
107
94
70
74
84
65
82
79
90
85
84
76
106
89
70
76
121
76
69
114
83
67
98
139
81
94
66
97
87
101
128
104
87
90
230
89
77
140
70
68
139
59
67
79
73
82
93
99
76
80
111
82
83
263
61
83
60
120
72
87
96
97
106
75
60
69
82
92
150
53
95
84
131
84
86
86
74
84
76
62
89
63
95
75
71
76
85
93
74
69
75
71
88
128
78
82
79
88
85
92
73
90
91
95
89
75
74
100
101
68
77
68
52
83
60
84
78
85
91
111
94
47
99
78
62
79
83
77
85
64
74
102
91
215
66
90
119
66
76
73
72
71
89
78
87
165
92
62
83
91
118
389
98
75
66
89
88
109
67
75
71
75
79
92
87
80
79
78
71
89
79
83
84
84
115
80
76
66
121
88
62
91
79
83
81
88
97
89
54
74
60
96
100
114
73
102
74
86
97
114
83
76
95
75
144
108
73
81
78
75
93
75
56
63
71
262
90
88
70
72
91
77
195
144
133
83
160
49
89
138
79
83
92
157
89
89
73
66
117
70
64
78
90
83
63
152
58
72
85
81
71
79
61
75
75
78
124
93
75
83
81
90
75
87
73
77
198
72
99
72
68
81
74
72
100
73
68
70
78
121
110
77
72
72
70
61
85
309
76
106
74
65
102
59
68
96
82
79
78
73
101
76
92
68
70
89
14375
79
124
171
59
88
71
85
70
78
71
96
78
71
76
92
189
101
99
108
86
73
74
71
72
85
98
82
88
62
76
63
146
95
97
76
96
80
70
66
73
79
99
106
76
74
76
100
97
106
110
81
89
233
80
95
79
82
82
90
108
79
84
58
89
67
67
64
82
74
97
77
93
88
86
80
76
84
77
87
75
76
94
81
86
89
77
92
99
52
87
74
91
72
89
94
145
74
71
86
99
92
92
78
81
85
88
92
77
96
84
91
2359
74
85
82
71
104
87
72
80
80
81
77
76
91
88
77
70
93
94
62
82
72
69
76
81
94
69
70
96
120
85
59
100
110
89
67
84
92
83
64
95
96
98
87
72
89
90
62
63
68
96
61
80
76
71
118
104
81
106
94
72
93
88
265
69
70
72
95
59
90
73
72
117
74
78
98
83
64
99
315
72
120
107
94
70
74
84
65
82
79
90
85
84
76
106
89
70
76
121
76
69
114
83
67
98
139
81
94
66
97
87
101
128
104
87
90
230
89
77
140
70
68
139
59
67
79
73
82
93
99
76
80
111
82
83
263
61
83
60
120
72
87
96
97
106
75
60
69
82
92
150
53
95
84
131
84
86
86
74
84
76
62
89
63
95
75
71
76
85
93
74
69
75
71
88
128
78
82
79
88
85
92
73
90
91
95
89
75
74
100
101
68
77
68
52
83
60
84
78
85
91
111
94
47
99
78
62
79
83
77
85
64
74
102
91
215
66
90
119
66
76
73
72
71
89
78
87
165
92
62
83
91
118
389
98
75
66
89
88
109
67
75
71
75
79
92
87
80
79
78
71
89
79
83
84
84
115
80
76
66
121
88
62
91
79
83
81
88
97
89
54
74
60
96
100
114
73
102
74
86
97
114
83
76
95
75
144
108
73
81
78
75
93
75
56
63
71
262
90
88
70
72
91
77
195
144
133
83
160
49
89
138
79
83
92
157
89
89
73
66
117
70
64
78
90
83
63
152
58
72
85
81
71
79
61
75
75
78
124
93
75
83
81
90
75
87
73
75
92
68
94
86
88
78
69
91
85
75
71
91
165
105
91
68
119
84
53
105
205
64
85
68
75
68
83
81
75
79
84
107
90
138
116
1220
77
128
84
68
79
90
121
90
97
92
57
89
67
108
75
85
106
69
80
92
72
95
86
63
79
89
94
135
99
76
75
102
89
86
178
92
96
79
123
89
62
75
90
74
102
80
66
124
99
101
86
84
77
118
81
105
71
160
53
97
62
87
74
107
55
79
131
132
64
114
64
76
65
97
75
81
115
87
108
88
64
79
92
73
226
74
81
91
70
81
78
95
89
78
81
60
120
79
91
87
86
86
82
91
164
74
59
70
86
88
69
95
93
80
108
75
107
139
88
84
61
70
91
80
96
101
76
217
83
90
66
83
123
96
76
75
96
83
75
124
88
82
75
76
65
64
72
84
67
85
112
71
82
107
81
91
77
214
73
95
85
84
90
91
73
89
95
81
81
59
66
87
71
87
80
93
105
86
112
76
99
56
75
69
67
118
91
102
188
75
64
73
91
68
100
75
97
190
76
91
141
78
68
64
90
176
91
86
85
81
108
80
93
59
80
92
83
67
71
80
112
84
130
62
112
79
89
83
79
78
621
194
76
94
68
96
67
73
126
76
93
85
90
91
103
98
81
75
133
73
99
76
102
105
85
83
94
77
134
88
78
108
88
93
95
81
67
82
80
87
62
91
90
93
77
102
78
92
71
61
79
132
112
70
84
72
87
93
86
87
82
88
79
68
108
80
85
86
85
86
74
81
80
74
74
82
80
91
85
119
85
82
79
61
69
77
101
69
66
90
114
85
78
54
87
85
83
84
69
78
65
68
70
73
79
77
84
67
71
61
74
83
62
68
116
80
89
76
61
75
86
89
81
114
68
61
66
88
88
85
78
73
74
77
92
99
54
104
82
83
111
126
87
74
86
69
64
71
71
86
89
78
93
76
89
93
82
82
71
93
71
76
63
81
90
87
88
119
93
79
70
68
86
88
236
91
83
82
99
85
71
78
65
83
270
77
73
60
71
115
103
95
77
96
93
94
79
65
97
79
87
127
135
254
140
87
76
77
69
89
120
89
96
156
89
67
89
68
58
70
86
74
71
91
86
63
88
83
75
66
94
173
69
70
110
89
73
72
69
71
65
103
70
107
81
63
84
63
126
77
86
77
83
92
71
82
71
87
75
91
65
85
94
89
64
81
93
78
87
80
75
74
83
87
87
81
77
85
89
74
108
74
71
123
86
76
75
154
54
72
67
73
79
75
93
89
85
1842
61
92
86
75
81
67
93
460
87
93
106
89
66
190
66
70
52
83
72
78
184
89
88
67
78
83
95
83
96
69
81
80
65
73
101
93
88
104
98
83
97
84
122
85
70
75
66
83
68
73
66
81
71
68
90
80
71
69
77
75
140
87
109
85
93
92
82
141
50
74
71
73
66
73
74
81
65
57
638
85
92
148
113
90
64
84
84
127
66
60
70
102
77
96
65
110
101
75
71
75
110
103
72
94
75
101
119
95
92
84
80
106
120
70
77
82
67
93
86
89
60
134
67
119
83
65
78
76
53
80
85
130
74
81
78
92
128
126
91
88
187
77
73
72
57
71
70
106
110
126
84
87
76
101
73
131
82
67
74
69
70
105
93
165
75
86
100
82
81
113
129
78
69
127
66
85
78
95
83
88
72
86
100
64
83
88
112
54
92
86
97
115
86
90
78
67
72
80
169
78
71
80
99
98
69
83
77
90
120
306
73
154
91
60
89
69
81
72
98
76
83
80
109
75
75
76
82
116
95
54
75
84
93
70
103
109
83
83
67
84
83
76
81
84
94
74
69
81
62
91
80
100
113
102
67
63
87
86
129
76
84
88
76
62
84
60
92
342
64
67
67
84
77
79
75
88
87
117
76
81
65
99
60
87
101
86
98
90
82
96
71
77
74
106
75
80
78
82
79
81
79
75
78
71
208
75
71
80
79
65
128
53
108
71
80
78
106
109
79
101
77
80
89
89
103
76
89
79
44
88
66
95
66
83
64
75
72
84
73
80
100
85
105
77
74
75
67
72
87
69
84
83
294
62
51
89
71
81
65
58
83
96
87
87
73
77
385
65
70
70
84
112
83
77
56
124
91
102
83
79
77
93
72
86
81
66
88
59
89
69
89
66
85
74
214
66
71
75
84
85
66
65
69
63
63
88
86
68
218
84
108
80
147
110
89
79
101
71
91
72
113
85
348
78
74
76
83
62
79
94
77
78
57
79
91
75
99
82
90
109
69
103
80
66
84
96
90
82
90
67
73
82
96
122
82
97
79
83
69
82
83
73
66
69
101
143
60
74
88
74
64
83
76
67
101
85
71
98
115
97
73
139
75
80
75
78
65
67
78
74
65
216
75
62
137
91
82
85
63
75
75
60
77
104
157
80
82
71
66
81
138
77
77
80
79
74
79
83
79
114
78
83
96
69
71
69
64
77
97
74
152
70
63
74
302
102
81
80
67
119
90
154
94
108
88
55
72
81
83
65
107
86
104
96
71
83
70
93
80
75
65
67
77
102
77
107
90
71
82
76
69
85
60
80
87
57
117
57
92
72
98
198
142
78
76
74
87
65
77
81
72
115
124
78
89
102
94
117
85
91
70
110
88
84
100
73
57
88
100
58
77
71
88
81
110
118
85
83
69
88
79
107
99
81
88
121
77
72
200
169
125
99
83
107
97
98
60
67
88
83
88
129
372
64
77
69
98
83
85
81
72
80
100
84
90
65
98
87
84
77
74
99
79
97
75
67
81
97
89
97
93
74
96
82
85
333
76
84
79
183
103
86
69
66
96
87
68
107
78
101
72
55
67
67
143
91
72
93
59
73
64
103
83
78
113
74
70
75
69
52
268
104
76
85
100
124
135
82
49
79
257
60
77
124
82
86
83
71
86
68
88
87
75
68
82
79
84
71
100
102
89
80
55
272
66
81
78
70
91
79
118
92
74
120
91
70
73
92
76
87
74
64
97
83
79
82
92
63
83
66
83
75
128
75
130
85
152
79
76
113
65
77
66
84
77
73
80
85
74
80
89
103
92
108
65
86
104
89
71
80
76
82
62
91
92
141
86
95
132
77
78
100
146
67
100
88
69
84
76
91
113
86
123
86
68
116
90
65
84
78
79
59
78
80
114
119
78
93
69
193
74
92
83
68
62
83
113
93
79
71
91
88
151
74
89
75
106
78
153
89
68
117
90
89
106
59
101
73
68
95
72
73
77
85
93
72
73
77
78
127
77
79
143
74
92
68
59
88
90
94
116
93
83
64
91
85
73
63
90
821
85
82
86
72
97
91
84
98
73
91
80
79
84
508
70
81
79
79
97
68
69
94
75
66
153
104
75
97
70
66
58
78
103
68
85
97
61
83
81
82
62
97
74
73
61
73
96
87
73
80
194
72
91
80
74
88
70
72
61
85
83
233
64
96
107
91
151
90
83
103
83
86
102
81
73
67
89
61
73
119
104
73
75
102
60
137
129
103
95
82
59
95
79
71
101
101
65
77
80
82
85
92
77
86
87
71
92
71
62
109
79
107
71
107
76
86
77
81
111
120
66
86
84
87
81
77
104
77
78
99
176
65
90
92
95
82
112
181
97
78
83
78
73
83
84
64
76
80
71
77
76
85
75
68
93
81
81
83
72
86
94
62
81
87
100
88
94
86
108
102
69
76
112
87
96
510
105
85
74
74
107
106
80
80
72
94
78
74
76
75
78
102
58
75
81
72
80
57
111
83
109
85
60
86
91
155
114
71
75
81
98
165
71
66
66
75
101
85
85
98
62
63
74
84
90
82
65
78
116
74
190
79
125
74
93
70
101
80
106
74
83
104
74
98
100
86
81
68
66
257
4436
63
72
66
88
77
73
88
74
77
87
90
70
77
97
98
70
94
105
64
311
67
74
76
66
114
76
63
72
104
77
137
77
80
63
87
115
68
73
236
96
72
146
85
88
76
80
87
100
75
85
71
85
79
98
80
75
99
83
77
73
84
70
101
83
147
67
64
75
69
91
129
90
93
43
80
129
91
75
71
85
79
92
80
100
63
140
76
82
84
95
69
82
77
86
130
78
82
89
79
79
141
120
72
82
88
336
76
95
95
74
67
70
134
440
54
74
79
60
95
69
70
85
80
76
97
80
87
91
72
149
72
93
76
279
78
77
77
75
98
102
58
77
104
79
98
73
72
63
72
63
82
79
89
104
91
77
64
77
280
84
98
77
52
69
84
83
83
89
77
179
115
62
80
83
58
98
74
66
81
74
77
139
79
49
104
104
110
88
86
159
95
49
95
82
73
96
97
74
76
78
119
80
85
91
112
111
75
80
80
101
98
87
63
226
86
122
74
65
78
61
77
80
95
120
74
61
72
85
66
64
120
82
115
104
72
66
84
65
104
83
58
106
95
97
73
77
79
83
113
68
84
82
176
82
73
92
82
85
90
125
71
91
64
70
101
47
83
122
98
101
117
131
106
82
67
92
92
71
102
88
128
71
62
160
71
74
70
71
161
63
91
74
70
83
87
77
87
72
73
92
74
78
76
93
66
89
96
80
87
183
62
101
86
79
85
93
99
57
89
67
57
69
65
165
67
77
91
85
99
79
167
86
88
67
75
79
182
67
58
100
84
76
70
69
89
77
74
89
98
82
92
115
93
79
150
84
130
104
63
95
76
75
90
92
80
115
86
79
121
63
83
120
89
109
136
71
77
96
61
82
88
105
84
72
86
105
118
63
69
81
71
88
77
61
100
74
82
58
71
93
67
70
55
99
92
91
74
90
102
91
169
159
96
104
64
75
70
75
97
73
71
78
597
59
184
94
83
141
82
102
77
101
122
90
95
87
85
70
77
77
110
93
84
81
103
76
500
87
80
88
75
91
146
1244
81
87
83
72
95
90
72
99
218
173
88
118
83
93
87
281
106
93
79
170
85
129
78
77
84
179
88
78
173
63
89
67
65
86
78
125
102
77
82
62
84
59
84
68
68
69
100
95
91
53
81
105
71
60
95
90
340
114
90
84
167
80
82
62
72
158
83
88
85
87
75
102
57
72
75
94
170
64
76
66
74
62
73
64
94
76
77
70
82
68
81
129
125
153
68
88
86
81
88
75
110
74
80
69
77
87
103
121
92
214
82
82
65
62
74
84
93
110
80
77
91
96
61
70
109
93
74
69
91
81
124
74
117
109
99
63
85
75
98
63
74
99
111
64
52
86
88
63
82
69
92
98
100
114
61
72
80
82
70
63
88
89
67
86
88
50
53
87
81
106
93
60
72
62
98
84
133
75
88
105
81
91
102
85
87
96
79
61
78
74
108
74
72
79
301
93
192
72
89
91
120
76
75
70
87
79
101
68
58
77
61
90
114
87
84
67
87
76
96
92
153
97
108
75
100
99
86
81
100
82
92
70
95
105
80
70
82
108
90
49
109
68
84
119
75
114
84
89
95
79
77
73
86
93
70
61
74
122
69
78
73
1030
83
66
87
67
84
99
87
83
70
78
92
77
93
97
77
74
75
98
124
101
87
166
111
86
86
72
92
88
80
95
209
84
79
66
79
86
95
89
74
105
84
71
92
151
70
95
76
85
81
73
93
87
55
78
85
82
54
147
72
72
143
72
93
73
83
64
81
88
247
60
113
75
81
76
64
79
76
85
86
150
69
73
70
81
77
60
85
70
84
76
70
77
105
96
107
92
164
204
86
155
78
76
63
73
75
82
79
80
70
85
70
92
85
110
92
90
111
122
85
78
73
75
381
89
120
158
80
66
92
81
47
63
97
86
231
139
57
90
89
81
123
74
74
69
85
67
86
77
61
72
90
114
86
87
88
88
88
81
112
86
71
87
109
109
90
88
61
114
152
82
81
102
79
77
90
103
75
87
64
81
82
72
95
85
74
83
84
120
77
77
88
226
85
72
67
118
66
78
96
66
61
64
72
90
100
85
98
91
75
75
66
109
88
64
61
62
92
69
68
64
77
100
88
106
92
79
65
97
72
93
73
71
67
92
59
88
859
68
65
89
81
75
97
90
97
111
97
100
117
123
98
78
107
80
94
70
106
83
112
106
121
84
90
63
81
71
100
84
79
63
82
65
71
72
88
82
102
92
51
92
60
75
79
86
142
68
71
73
81
78
76
87
64
65
86
77
94
80
67
86
82
75
93
101
171
117
63
61
70
95
94
77
73
88
88
88
130
119
92
82
84
74
81
73
75
85
67
70
96
68
72
70
79
124
73
74
59
86
109
89
75
75
84
69
77
81
85
117
88
71
69
91
103
90
81
97
76
83
78
76
79
117
149
100
85
96
78
76
90
100
99
58
99
114
85
76
87
81
70
66
86
77
89
76
88
68
87
78
109
107
112
96
98
85
93
83
73
80
97
67
64
76
86
113
72
87
74
66
86
63
120
111
104
135
81
67
80
61
102
81
114
128
75
93
61
85
86
88
80
120
72
81
160
78
90
69
81
117
83
98
91
79
121
88
70
91
69
72
92
99
99
93
82
87
52
79
122
75
70
63
61
69
56
78
94
86
82
102
88
89
68
70
73
109
7108
71
82
77
77
64
111
76
78
84
90
70
79
167
106
105
73
65
71
74
77
73
115
114
108
119
71
69
89
61
100
83
77
56
71
87
72
110
84
62
93
81
86
83
76
69
99
112
82
79
73
90
69
74
71
116
93
99
65
91
67
56
103
67
69
76
137
77
92
81
61
74
78
105
78
92
79
67
71
85
94
85
84
67
74
125
97
96
64
84
112
70
76
103
67
93
93
81
113
85
78
83
68
81
112
74
90
52
99
84
86
81
85
84
107
74
83
99
80
79
87
90
124
81
86
78
70
82
70
67
74
82
66
77
70
91
61
72
108
116
90
71
127
117
95
72
78
80
94
103
74
113
88
76
141
95
90
152
83
74
105
85
67
81
62
71
109
71
88
67
92
94
83
114
67
83
62
82
78
77
121
82
84
107
81
90
131
88
79
91
89
111
132
73
81
71
89
66
74
93
90
63
67
84
184
144
76
78
71
126
89
79
82
73
81
97
82
72
79
118
95
71
109
74
99
168
127
70
79
77
227
73
75
101
76
95
70
81
102
92
433
79
69
76
74
73
75
67
92
187
80
120
80
71
106
55
76
98
90
186
70
77
65
89
69
103
61
108
64
69
97
1004
78
135
85
76
99
76
86
86
63
97
76
104
101
85
86
75
122
88
86
84
101
107
127
92
70
85
84
62
74
210
75
94
69
75
109
82
86
77
120
84
97
63
99
92
67
86
62
86
56
144
99
75
79
83
84
76
95
65
191
85
115
123
78
60
81
59
85
74
96
78
87
91
78
66
68
334
90
141
73
77
65
89
123
90
85
46
69
97
163
83
81
85
91
69
81
61
151
90
92
81
69
93
62
96
152
67
83
65
90
73
76
134
61
80
68
79
74
76
70
130
91
53
92
94
79
83
88
69
72
91
71
96
96
77
74
86
61
60
83
110
81
98
92
134
90
66
66
79
89
117
61
74
139
98
97
85
63
98
97
123
125
90
82
74
88
79
65
70
65
70
77
113
121
72
72
77
67
63
107
65
74
209
89
108
82
115
89
79
72
66
102
65
70
100
81
98
80
102
133
77
75
118
74
102
140
116
68
70
85
78
66
69
82
60
80
87
69
64
96
85
147
74
94
127
101
75
60
85
64
75
77
67
92
87
80
102
73
88
66
63
93
93
97
82
88
78
64
65
81
97
87
196
93
71
78
107
97
110
88
65
106
71
84
85
89
121
65
72
175
131
73
65
81
65
64
73
82
83
74
70
78
77
72
117
84
87
68
72
65
117
110
92
90
73
80
113
67
103
110
183
64
80
68
119
92
98
73
93
79
77
197
71
91
78
88
97
67
71
100
88
72
80
74
91
81
74
78
128
90
82
60
125
95
77
86
64
71
106
68
84
442
80
73
90
75
71
82
60
61
107
79
83
132
61
57
97
88
81
71
70
115
93
72
75
85
83
65
98
72
76
88
80
95
98
79
79
75
100
138
83
85
65
64
82
88
67
80
65
65
277
64
80
98
113
97
163
95
96
82
86
70
101
69
98
121
141
74
83
87
62
177
75
85
105
73
98
83
97
88
66
101
92
128
70
89
63
81
97
73
78
88
95
78
90
87
75
60
89
78
87
75
166
82
81
69
1091
79
69
71
88
84
88
127
79
112
92
73
70
85
91
75
78
103
107
71
86
76
78
80
72
91
97
66
67
79
88
65
87
102
77
106
77
85
84
65
127
74
92
78
61
63
136
105
57
111
359
88
83
77
92
94
67
76
68
76
63
77
73
96
78
92
84
69
111
71
114
236
105
100
153
69
85
76
100
71
101
104
134
56
69
69
106
81
88
91
92
78
84
94
152
69
67
63
83
77
69
80
77
81
89
94
80
95
104
64
59
58
85
55
68
80
95
80
82
89
1171
81
50
64
84
99
80
107
121
117
127
81
142
130
84
81
72
75
82
67
78
67
87
82
92
102
117
99
73
79
68
77
107
73
220
82
77
60
94
81
238
82
77
80
92
75
110
219
62
92
70
101
79
84
98
91
103
81
95
120
60
72
88
71
93
96
78
92
90
81
86
70
176
82
57
82
73
84
80
92
94
87
63
60
66
76
80
118
68
67
71
77
81
95
104
69
90
78
66
72
80
79
104
78
78
65
92
93
77
96
105
94
93
74
91
137
71
59
100
73
84
140
75
105
74
82
62
94
66
144
78
98
72
131
62
82
89
63
88
69
58
107
90
87
71
87
64
84
80
71
63
80
63
77
119
63
76
77
63
71
90
122
77
79
63
88
73
111
83
117
86
87
76
93
74
61
99
74
92
77
102
74
65
62
85
85
67
112
131
67
166
125
65
105
111
69
87
69
94
80
77
78
90
120
83
81
126
111
76
73
91
70
90
88
93
70
75
351
78
84
69
96
107
90
54
79
81
68
72
94
62
72
240
97
92
76
86
108
70
70
74
88
81
148
84
84
117
125
153
64
79
66
82
107
77
58
93
103
60
83
71
96
72
55
137
85
93
82
90
76
76
94
82
72
160
100
68
64
67
113
68
74
78
83
69
143
92
76
76
83
66
65
87
79
74
73
116
74
88
86
76
62
77
75
116
78
65
88
60
70
69
77
68
147
74
74
71
79
62
101
76
98
71
73
92
67
101
77
98
94
99
90
284
126
101
61
80
67
109
67
80
84
91
80
77
111
67
80
97
96
85
145
173
79
101
76
71
419
81
75
67
594
73
77
88
69
82
83
74
67
62
105
69
115
72
97
73
113
127
75
115
346
72
125
74
78
72
69
84
396
94
69
66
78
82
82
75
90
49
92
75
321
87
89
77
89
110
146
100
68
117
81
96
96
76
103
93
85
77
94
191
87
91
72
86
64
1068
84
93
176
239
81
89
88
112
111
87
90
80
117
152
79
86
74
98
112
80
83
72
69
119
85
54
92
85
145
75
68
47
72
86
97
81
86
71
60
82
91
70
94
59
68
64
92
71
70
63
75
134
70
84
47
61
80
83
77
71
83
82
70
80
60
106
73
79
76
71
79
81
113
92
81
90
77
121
83
86
135
120
93
67
94
93
107
80
84
70
89
74
130
95
77
77
100
74
72
157
91
56
53
107
82
79
84
87
129
144
110
72
146
101
67
140
95
105
67
67
86
53
70
92
90
67
66
87
105
83
110
76
65
81
68
604
109
61
68
81
116
75
99
68
92
68
61
120
87
79
72
76
65
75
88
82
88
81
80
78
108
83
88
99
159
89
142
63
88
92
87
62
72
66
76
78
303
77
107
88
89
71
95
71
78
80
72
73
87
109
94
90
72
67
66
74
75
73
111
89
103
97
74
64
83
159
90
71
101
87
72
166
65
113
320
117
86
87
73
98
91
162
132
57
69
76
87
88
88
71
70
82
70
59
104
69
98
69
87
484
59
82
81
81
116
95
90
82
113
83
108
86
126
102
191
63
127
86
91
82
53
82
78
87
131
91
75
81
74
102
89
98
91
91
69
90
76
66
71
64
102
109
94
71
82
104
95
56
103
86
118
84
74
73
89
81
79
61
87
82
76
67
63
91
75
86
67
97
87
76
100
68
85
96
55
71
92
96
106
55
65
120
75
70
101
66
74
85
91
70
71
185
115
81
118
130
94
70
58
71
89
99
100
81
105
69
102
90
77
94
91
81
89
88
96
72
327
96
77
76
83
105
80
68
96
106
381
79
90
73
117
83
81
83
77
114
146
66
98
78
80
76
76
103
73
55
111
99
89
103
99
110
82
82
93
93
82
135
73
83
106
119
101
71
82
95
76
74
110
61
160
134
90
97
58
74
70
80
117
91
113
66
187
89
77
105
83
118
68
76
76
78
109
84
75
76
76
72
73
60
89
74
75
73
136
79
72
84
91
108
73
91
99
78
72
172
62
103
937
127
85
62
68
103
93
101
57
94
89
122
114
71
72
79
54
116
82
83
114
865
113
181
657
65
85
99
60
78
80
100
61
69
66
93
101
92
98
83
83
94
70
78
74
95
93
60
74
68
95
87
70
81
73
72
83
74
81
86
73
102
72
83
77
96
90
76
94
84
74
75
73
65
58
71
98
96
75
89
96
77
98
199
89
82
57
134
83
73
173
92
61
93
103
74
73
119
102
79
88
76
93
84
58
75
139
83
76
69
90
80
85
119
614
148
85
60
91
122
104
80
91
69
82
131
70
84
63
73
138
73
81
139
86
69
81
77
73
177
71
83
69
73
68
79
86
77
52
84
67
82
112
70
78
80
83
243
93
73
73
75
133
99
98
116
94
73
71
98
86
87
102
112
56
61
62
79
84
288
112
89
71
67
111
81
87
82
95
72
69
69
87
86
76
73
74
70
96
71
73
82
70
79
120
77
76
72
145
70
82
77
71
73
83
118
89
73
54
85
76
89
75
79
79
80
120
68
53
63
79
77
94
74
81
83
83
116
75
112
113
81
54
81
195
79
116
103
106
77
69
59
98
63
104
148
69
121
75
85
80
92
83
87
69
67
76
77
74
97
63
87
87
114
87
53
81
89
102
76
80
115
117
102
87
104
69
93
76
849
63
77
61
61
72
96
82
78
77
77
89
94
105
73
58
74
77
77
77
108
54
103
76
90
81
75
81
74
96
100
85
153
71
88
72
78
65
76
70
69
95
115
83
95
73
81
79
76
69
98
114
95
70
88
74
132
83
61
70
64
86
103
85
90
120
74
76
69
120
198
77
75
73
121
126
88
88
85
100
77
72
76
73
100
100
66
73
154
74
116
73
88
83
83
103
69
82
100
79
91
86
64
79
230
104
58
55
97
81
70
108
61
78
121
105
86
89
81
90
74
82
81
83
123
77
93
114
99
69
112
76
48
82
71
67
218
83
89
79
91
81
62
105
72
78
134
59
69
86
68
92
67
101
89
73
90
70
72
85
102
82
75
135
65
62
80
65
80
72
103
81
72
129
75
78
71
86
78
75
155
65
74
75
80
64
119
72
80
71
69
91
83
83
61
115
136
99
88
91
95
115
102
81
105
102
79
81
67
109
70
80
87
83
93
79
66
105
72
74
214
81
96
72
80
48
95
72
94
78
77
163
80
369
85
109
80
72
79
78
57
71
80
70
89
68
80
109
78
52
91
93
108
77
84
79
75
106
82
94
91
79
100
218
74
79
143
53
100
82
86
86
101
90
99
5436
69
77
102
67
78
94
74
73
68
73
79
67
77
111
80
70
96
71
90
91
111
93
72
99
70
117
99
76
97
86
97
97
90
54
72
64
58
105
80
88
74
102
93
77
105
84
100
107
87
68
74
70
102
75
339
72
67
116
79
59
104
85
85
71
70
56
82
113
82
128
119
86
69
70
112
77
76
82
74
85
74
78
86
84
99
77
76
75
84
71
100
89
61
82
69
81
171
76
87
86
66
73
83
79
90
95
96
90
86
130
67
89
86
81
71
71
170
55
93
73
81
69
86
82
109
63
74
96
71
85
74
96
72
55
95
113
96
179
91
86
1022
126
85
99
59
85
100
171
76
82
96
96
136
62
742
76
70
96
71
73
74
73
452
83
82
94
94
93
66
101
72
88
96
105
102
79
88
163
87
78
76
67
88
76
96
75
76
71
86
162
75
80
86
62
69
71
88
73
91
79
106
75
63
91
73
73
86
128
280
75
69
120
79
92
125
89
56
62
78
122
92
80
85
85
69
72
83
103
71
94
85
75
108
66
64
117
87
79
74
92
83
79
79
100
81
65
96
53
90
192
90
85
66
101
98
106
70
108
62
86
155
101
84
73
64
74
96
90
91
79
72
77
85
188
73
85
81
275
85
73
95
72
72
86
97
114
62
113
90
72
76
103
83
89
73
88
83
105
79
85
84
93
83
80
94
81
76
185
64
77
112
82
86
86
115
89
85
87
66
79
81
115
74
84
82
82
83
70
70
75
80
83
63
82
102
61
76
101
122
63
87
76
91
102
183
96
537
86
66
86
67
71
75
105
62
87
72
93
89
88
80
78
74
68
84
94
78
75
85
90
107
89
74
64
99
81
62
146
84
77
78
82
87
85
88
74
94
69
80
89
83
197
65
77
78
85
71
79
68
93
90
78
108
93
58
599
93
93
170
78
89
127
70
102
69
111
65
105
109
83
119
79
83
92
123
94
94
99
86
72
70
71
82
69
104
95
1232
91
85
80
76
97
84
76
58
82
123
85
108
66
63
73
104
95
127
79
87
73
79
90
71
102
91
85
79
88
92
86
75
88
79
87
102
104
130
95
79
67
83
112
84
87
85
87
78
91
72
73
79
81
82
59
74
189
62
111
79
75
96
74
97
93
91
66
83
108
121
95
84
72
73
99
67
81
85
62
80
316
147
94
78
86
73
171
79
117
83
97
76
96
69
86
71
430
67
54
76
96
57
79
96
109
75
117
85
66
83
82
103
88
90
76
68
132
136
67
77
91
73
95
77
83
86
80
64
63
91
87
83
86
200
84
100
98
69
138
68
86
69
88
98
87
80
99
149
79
110
70
87
115
92
74
70
66
88
90
72
88
82
61
69
187
86
70
88
103
84
70
95
150
101
76
81
111
72
86
110
143
75
133
91
82
74
62
75
83
100
85
63
64
101
93
71
75
78
79
89
81
81
64
97
113
250
96
89
78
85
83
112
89
83
91
66
102
103
71
72
87
95
85
68
92
87
73
64
102
78
110
73
80
74
106
63
93
79
71
76
110
89
70
115
142
87
72
122
75
104
67
98
55
74
97
92
84
85
86
82
94
87
137
69
90
68
82
90
84
77
96
78
90
192
75
62
74
104
71
84
76
83
75
714
119
73
74
67
109
75
86
80
67
81
95
246
127
83
64
77
83
88
80
133
83
83
78
74
86
94
99
93
85
76
76
94
109
93
71
74
85
111
108
72
46
117
82
86
59
68
101
72
91
83
76
67
78
90
89
87
67
80
55
87
119
64
74
72
112
85
82
78
81
99
85
80
73
81
75
105
72
92
104
101
67
61
113
92
71
88
42
97
84
87
75
65
82
69
67
82
92
54
60
110
88
394
126
87
76
88
175
87
78
73
90
100
65
81
82
304
75
92
77
157
61
99
86
85
88
135
95
158
83
95
88
77
89
65
109
66
168
72
113
127
67
74
73
70
83
97
83
78
98
129
77
85
96
75
85
62
63
79
70
85
77
99
104
86
112
62
95
112
87
63
95
82
82
102
86
68
94
85
66
85
106
108
65
105
79
73
88
68
79
78
66
95
92
77
159
80
92
93
93
71
87
122
203
108
86
61
83
89
69
87
354
93
92
80
99
60
90
73
88
77
93
76
81
82
88
86
90
90
90
53
102
69
106
78
74
138
72
77
68
78
88
59
139
75
117
98
73
88
83
113
191
141
97
78
70
99
73
77
70
67
70
70
94
79
86
133
104
187
132
80
81
73
75
95
59
91
59
61
83
96
69
84
70
76
101
68
94
92
92
101
87
83
86
58
76
84
100
85
75
81
74
74
66
73
87
66
113
90
63
78
113
82
79
89
92
77
77
104
339
106
79
86
96
71
68
117
95
68
62
62
84
74
84
91
74
111
76
91
83
68
81
87
68
82
63
86
101
103
98
96
95
89
69
101
72
78
102
99
81
79
89
82
166
81
73
76
118
79
65
99
55
91
87
77
137
106
58
63
76
91
100
78
132
60
81
98
75
64
75
71
118
78
78
80
97
76
86
81
91
86
47
117
76
80
84
73
76
71
91
188
103
64
93
114
124
66
71
250
95
134
199
64
84
58
80
113
59
84
92
74
84
85
64
101
88
78
92
71
67
70
84
118
74
81
91
57
70
79
89
67
101
86
72
120
86
73
98
82
87
73
98
81
73
103
75
114
92
92
135
72
72
78
83
114
252
69
80
83
78
58
67
135
133
82
72
57
145
77
82
109
73
94
72
73
79
70
129
107
61
144
82
72
134
71
79
77
86
127
89
80
73
67
65
78
116
106
87
140
80
94
108
71
67
90
75
109
98
158
61
93
78
90
100
80
196
107
77
70
88
62
72
91
78
75
95
87
83
92
97
71
74
78
74
94
67
92
77
103
76
83
89
93
89
83
92
86
87
164
76
75
74
68
86
75
69
105
86
78
103
86
143
106
108
80
79
81
69
83
69
47
100
88
87
121
92
96
86
77
74
102
78
74
86
71
79
82
72
74
92
86
77
94
77
113
70
61
106
90
75
209
78
106
103
109
74
150
93
80
60
90
68
90
384
70
91
82
77
73
126
120
75
96
120
104
127
85
71
77
84
75
107
114
78
54
97
88
74
99
70
86
87
82
88
91
101
92
117
70
81
77
100
172
79
63
63
80
74
69
87
60
69
105
88
99
78
88
58
66
161
73
70
76
108
76
66
64
102
65
100
111
73
72
84
65
75
100
92
79
82
174
96
90
140
86
57
102
80
70
76
98
231
74
103
75
76
81
402
69
65
86
83
94
65
59
65
85
92
85
101
68
100
77
70
74
62
118
62
84
115
91
93
88
87
87
72
107
79
122
81
98
94
83
73
154
107
73
77
119
80
88
68
131
90
113
79
87
80
68
71
185
62
107
57
78
100
94
89
81
92
59
96
75
70
81
111
96
127
101
104
58
74
100
117
104
74
137
99
78
1403
126
104
79
68
94
85
88
70
97
92
85
146
60
77
66
60
102
176
80
69
90
162
99
83
62
99
60
79
105
77
76
87
76
77
69
80
74
171
82
89
125
210
61
71
85
83
93
95
102
65
88
159
75
77
99
212
78
117
140
64
80
80
96
82
93
64
82
75
101
79
68
58
77
78
75
62
83
98
106
77
112
78
55
78
94
73
85
95
70
79
84
85
59
102
78
60
76
79
113
69
190
115
76
78
91
80
90
64
83
872
74
85
64
81
78
91
73
72
76
76
67
80
63
85
76
69
124
51
99
77
91
77
66
72
99
65
69
91
80
82
68
96
76
68
84
70
161
86
81
110
78
93
72
70
115
81
62
95
80
272
81
67
53
84
89
65
84
92
689
88
68
84
73
71
72
92
79
165
95
89
89
96
74
77
62
71
74
81
78
69
67
61
50
72
82
51
72
74
158
72
96
94
74
134
70
71
78
71
81
107
68
75
118
77
134
87
82
72
65
76
82
85
86
111
140
105
161
95
73
140
81
78
80
110
74
84
109
96
108
98
91
121
72
80
99
78
71
88
78
78
97
136
106
69
78
79
89
61
84
96
100
193
83
67
68
369
95
89
67
71
77
84
98
97
94
121
53
75
92
70
85
76
70
79
82
117
83
90
116
86
90
605
79
72
83
78
81
93
138
79
49
51
80
89
72
73
107
89
52
72
64
87
79
80
92
115
85
63
68
77
198
72
99
72
68
81
74
72
100
73
68
70
78
121
110
77
72
72
70
61
85
309
76
106
74
65
102
59
68
96
82
79
78
73
101
76
92
68
70
89
60
92
74
71
88
72
80
67
113
94
75
89
77
78
500
151
84
74
114
92
75
76
95
79
75
93
79
156
74
74
88
163
79
72
89
62
110
65
86
142
83
95
64
92
72
81
110
84
97
87
70
73
88
134
66
59
96
107
101
126
94
74
98
84
72
98
115
99
65
95
77
78
75
67
102
79
69
81
79
89
85
85
67
92
80
83
100
92
77
91
53
198
67
86
59
88
75
87
82
74
77
83
76
103
113
101
90
64
82
86
67
77
88
135
167
84
82
78
120
81
74
96
73
84
72
102
64
85
101
144
98
138
66
69
61
73
80
86
148
84
88
91
94
108
63
68
97
80
91
66
94
97
88
72
68
66
94
82
78
112
86
74
150
81
75
90
59
67
73
73
83
112
85
92
63
147
72
98
76
68
130
74
74
82
145
108
77
72
74
92
91
151
50
91
96
65
83
91
70
171
79
62
85
79
83
62
69
89
90
116
94
99
68
86
118
87
65
60
83
90
61
74
71
91
80
80
75
88
88
103
80
81
125
89
68
87
84
156
75
73
80
77
72
58
94
86
95
77
95
63
99
70
78
97
95
81
96
131
75
81
81
73
70
105
89
92
93
86
81
56
89
74
85
92
66
68
79
97
66
100
72
91
88
106
100
71
85
93
69
91
90
61
98
97
77
99
60
72
89
79
83
91
81
75
105
77
69
73
80
84
85
84
72
52
71
99
136
83
110
98
76
64
83
74
134
81
73
85
70
103
78
67
66
53
76
93
82
103
93
65
90
75
78
91
112
72
94
66
83
126
70
83
69
94
68
298
93
88
64
65
68
80
93
72
66
107
84
146
81
108
78
108
115
69
86
106
85
81
92
44
75
88
115
72
77
94
72
79
122
357
90
73
79
76
102
82
105
76
79
96
75
79
89
100
73
74
84
67
249
92
82
72
89
75
73
79
100
89
63
85
91
106
88
88
76
92
76
73
68
85
94
118
72
89
75
81
72
80
61
93
63
85
114
86
97
66
64
61
83
67
81
60
85
81
78
85
76
134
77
