5
84
3
7
3
3
0
1
5
15
7
8
1
4
17
28
10
4
8
7
0
9
163
3
15
8
0
10
1
2
12
6
7
9
2
18
1
8
3
2
3
11124
3
34
41
0
6
12
4
6
3
4
10
6
4
6
8
72
20
8
21
8
3
3
1
2
13
17
6
8
1
5
1
60
7
9
3
6
3
4
3
1
5
17
7
6
2
7
20
9
6
31
5
2
95
2
14
2
2
4
4
22
4
2
0
8
3
2
3
10
1
13
9
11
10
6
9
4
9
5
8
1
5
11
6
3
4
7
12
14
0
4
5
9
2
5
8
34
3
3
10
7
14
8
1
3
8
13
11
6
12
2
4
1770
4
4
10
0
9
4
3
3
6
5
7
4
12
5
5
10
12
6
0
6
4
1
1
3
5
5
1
10
16
2
0
15
16
13
1
4
10
10
1
7
6
12
7
1
11
8
2
3
3
17
3
6
10
2
28
10
7
23
15
5
15
11
111
4
3
3
15
0
7
3
6
19
4
2
10
0
3
12
148
2
16
23
20
9
3
5
5
4
3
4
9
7
0
6
11
1
8
27
2
6
20
9
7
28
51
4
4
3
12
7
21
46
8
12
5
108
17
5
29
0
3
30
0
3
10
2
8
12
13
6
6
9
8
8
116
0
7
1
33
2
10
13
22
17
4
0
6
5
0
30
1
5
16
38
9
7
1
10
9
2
3
15
1
9
5
2
6
3
16
0
1
4
3
5
28
2
3
3
4
9
9
0
10
15
19
11
11
7
21
6
7
3
1
1
10
1
0
5
12
10
18
15
1
11
1
2
6
4
5
4
3
1
5
7
95
2
14
15
5
4
8
5
3
8
2
1
57
8
1
2
7
13
230
8
2
1
14
7
26
4
2
2
5
7
10
12
2
4
1
3
8
1
9
7
5
22
2
4
5
18
7
1
5
2
4
5
12
1
2
0
3
1
8
15
25
8
9
4
6
13
26
7
6
13
6
45
16
3
7
2
2
2
3
2
3
1
115
4
10
0
3
3
14
82
52
28
4
59
1
7
30
2
6
9
43
6
9
5
3
20
0
5
14
8
6
4
69
0
0
10
9
1
10
0
1
5
2
36
7
9
12
7
7
5
18
4
5
84
3
7
3
3
0
1
5
15
7
8
1
4
17
28
10
4
8
7
0
9
163
3
15
8
0
10
1
2
12
6
7
9
2
18
1
8
3
2
3
11124
3
34
41
0
6
12
4
6
3
4
10
6
4
6
8
72
20
8
21
8
3
3
1
2
13
17
6
8
1
5
1
60
7
9
3
6
3
4
3
1
5
17
7
6
2
7
20
9
6
31
5
2
95
2
14
2
2
4
4
22
4
2
0
8
3
2
3
10
1
13
9
11
10
6
9
4
9
5
8
1
5
11
6
3
4
7
12
14
0
4
5
9
2
5
8
34
3
3
10
7
14
8
1
3
8
13
11
6
12
2
4
1770
4
4
10
0
9
4
3
3
6
5
7
4
12
5
5
10
12
6
0
6
4
1
1
3
5
5
1
10
16
2
0
15
16
13
1
4
10
10
1
7
6
12
7
1
11
8
2
3
3
17
3
6
10
2
28
10
7
23
15
5
15
11
111
4
3
3
15
0
7
3
6
19
4
2
10
0
3
12
148
2
16
23
20
9
3
5
5
4
3
4
9
7
0
6
11
1
8
27
2
6
20
9
7
28
51
4
4
3
12
7
21
46
8
12
5
108
17
5
29
0
3
30
0
3
10
2
8
12
13
6
6
9
8
8
116
0
7
1
33
2
10
13
22
17
4
0
6
5
0
30
1
5
16
38
9
7
1
10
9
2
3
15
1
9
5
2
6
3
16
0
1
4
3
5
28
2
3
3
4
9
9
0
10
15
19
11
11
7
21
6
7
3
1
1
10
1
0
5
12
10
18
15
1
11
1
2
6
4
5
4
3
1
5
7
95
2
14
15
5
4
8
5
3
8
2
1
57
8
1
2
7
13
230
8
2
1
14
7
26
4
2
2
5
7
10
12
2
4
1
3
8
1
9
7
5
22
2
4
5
18
7
1
5
2
4
5
12
1
2
0
3
1
8
15
25
8
9
4
6
13
26
7
6
13
6
45
16
3
7
2
2
2
3
2
3
1
115
4
10
0
3
3
14
82
52
28
4
59
1
7
30
2
6
9
43
6
9
5
3
20
0
5
14
8
6
4
69
0
0
10
9
1
10
0
1
5
2
36
7
9
12
7
7
5
18
4
1
9
1
17
15
9
8
3
13
5
4
11
5
52
15
8
2
16
12
2
16
85
2
2
5
1
4
5
5
1
6
5
8
8
44
29
847
3
30
7
1
6
5
32
5
10
2
0
2
0
25
5
2
14
2
6
8
2
11
3
4
8
4
13
37
17
3
8
11
9
3
66
5
15
11
18
12
3
5
6
4
9
2
1
29
12
18
6
1
7
19
1
18
1
57
1
6
0
18
5
33
4
3
34
30
1
30
4
9
6
8
2
3
19
2
19
13
0
5
14
7
90
1
3
4
3
7
4
13
4
7
9
2
35
15
11
1
8
6
17
6
52
10
1
6
6
6
3
6
4
7
18
2
24
37
4
1
0
1
2
7
23
10
2
81
6
10
2
0
14
8
5
9
8
4
6
25
4
10
0
2
2
5
5
4
0
1
27
7
4
13
9
1
6
79
7
5
3
13
11
22
1
10
9
1
4
5
3
7
7
1
4
10
6
9
24
11
6
3
1
3
2
31
8
2
81
3
2
6
4
1
15
2
15
75
1
12
31
2
2
1
15
65
10
12
3
5
10
3
14
2
4
4
13
2
9
6
24
6
36
4
23
8
1
7
8
4
374
81
1
10
1
19
4
4
11
3
4
8
7
10
14
15
9
6
31
0
14
4
16
11
4
3
12
6
14
6
7
18
7
14
13
5
2
1
4
9
2
8
2
14
1
11
6
6
1
1
0
39
16
1
6
0
8
9
5
4
2
7
5
2
8
6
5
18
4
6
2
5
8
1
8
4
9
7
1
13
4
3
4
0
1
6
15
0
0
2
14
5
14
2
5
9
5
8
3
6
5
0
3
3
5
0
7
0
3
0
5
5
6
2
19
1
13
6
3
1
4
5
3
21
6
1
1
10
14
14
3
2
8
4
12
13
1
13
7
6
11
30
2
10
5
3
6
2
5
12
12
1
12
3
12
12
5
2
0
8
2
2
5
2
10
11
15
24
5
11
7
4
3
16
118
6
2
5
11
4
6
3
5
7
158
2
1
3
1
15
6
9
6
5
9
16
4
1
11
6
8
29
35
119
28
8
1
3
1
5
39
8
8
52
3
3
10
3
3
3
2
3
0
5
7
3
10
8
0
1
11
61
3
6
35
11
4
1
5
1
2
15
2
10
3
0
3
0
18
5
1
2
2
15
1
3
3
8
2
11
7
5
13
4
0
9
7
4
8
1
2
2
9
1
5
1
1
8
10
6
15
5
5
9
5
3
10
41
1
2
4
9
6
3
13
11
5
1320
2
2
6
5
7
2
8
255
2
2
22
10
3
56
2
2
3
7
3
5
51
2
2
6
1
2
6
6
18
5
6
8
4
2
7
6
5
15
6
1
6
3
20
8
2
2
3
10
2
10
4
10
3
3
6
6
3
2
1
3
24
8
6
10
13
7
6
41
1
6
2
5
2
3
3
3
0
3
414
9
4
37
26
8
1
7
6
27
2
1
0
3
1
15
4
13
14
2
1
7
16
19
1
7
4
7
25
8
19
13
12
8
16
4
1
1
3
3
11
5
8
21
3
26
9
2
1
1
1
7
1
32
2
4
4
4
29
39
1
0
63
3
5
0
3
0
8
14
26
22
7
9
1
14
8
25
4
3
2
4
9
18
7
46
4
12
13
7
9
12
21
6
4
34
1
7
1
25
2
5
2
7
12
2
4
1
15
1
5
7
16
12
5
10
2
1
5
5
28
5
6
0
9
19
1
3
4
6
17
158
2
35
5
2
7
0
9
2
14
5
6
6
5
2
4
5
3
16
11
1
9
15
21
6
25
16
7
0
3
13
2
6
10
10
7
1
5
4
3
8
2
12
22
8
4
2
8
2
18
7
11
16
4
4
9
7
6
193
3
7
1
5
10
2
21
13
4
21
2
5
2
9
2
7
14
6
5
14
8
7
7
3
1
13
6
2
4
1
6
3
1
4
7
0
85
12
4
5
4
3
15
3
8
3
8
0
14
13
6
4
8
9
14
9
11
2
10
11
5
4
3
6
3
13
9
3
8
16
2
3
11
9
10
1
5
1
6
1
6
5
2
5
138
0
1
3
3
2
6
0
3
14
6
10
2
1
256
0
3
3
5
18
5
7
0
42
11
13
4
10
5
15
9
5
10
4
10
3
2
5
12
8
10
3
86
1
3
8
5
3
3
8
6
3
6
5
5
1
83
6
18
1
39
25
8
2
6
6
3
4
20
4
203
6
1
11
3
0
6
10
9
11
0
12
8
3
21
6
12
23
3
11
6
4
3
8
8
9
16
0
5
6
9
27
12
6
3
3
0
6
5
1
1
3
18
47
3
11
11
0
1
6
5
4
5
9
4
15
24
10
1
32
3
5
1
3
2
3
2
0
4
94
5
1
57
12
6
4
1
2
2
3
2
12
47
12
2
4
0
3
35
2
2
5
4
6
15
6
0
7
3
5
11
3
3
7
3
2
17
2
42
2
0
1
181
20
6
6
5
17
9
44
7
21
24
0
2
10
4
1
13
2
20
9
1
9
0
9
6
3
2
0
13
16
6
22
2
2
3
6
0
9
2
2
6
1
17
6
3
2
7
106
33
1
3
6
5
0
2
5
10
11
22
10
10
15
14
12
3
7
5
13
7
4
13
1
3
12
17
0
3
1
7
8
18
23
5
1
1
2
9
18
5
1
12
19
0
5
75
67
21
16
5
17
8
7
1
2
14
10
12
43
210
0
7
3
10
8
7
10
4
3
8
8
7
3
18
1
5
3
1
20
3
4
3
1
4
18
8
3
3
2
12
5
8
160
3
9
8
49
17
1
2
0
15
10
9
10
3
10
4
0
1
3
36
8
3
6
2
5
1
21
5
8
24
5
0
7
3
1
117
8
5
10
13
28
35
7
2
1
133
5
8
31
3
5
8
2
12
2
8
2
6
9
3
4
5
2
15
17
5
2
2
108
0
3
3
5
8
6
33
1
10
33
12
2
6
8
3
6
6
1
5
3
7
3
1
2
4
2
5
2
26
5
30
5
56
6
3
13
4
5
5
1
2
4
3
10
1
12
6
8
3
15
4
4
16
4
5
1
4
4
2
18
21
46
5
6
24
4
4
20
56
3
12
17
6
4
5
12
15
7
10
7
2
17
4
5
4
2
4
3
2
4
33
21
6
10
2
72
5
5
5
6
3
5
22
12
14
2
5
7
35
3
7
1
14
3
56
1
6
33
2
6
19
2
19
3
0
12
2
8
10
11
18
2
6
6
3
26
3
2
43
3
13
6
0
0
15
9
33
20
3
0
9
0
5
3
8
610
2
3
13
7
8
6
6
13
9
2
9
3
7
310
4
11
6
8
5
4
4
7
2
3
28
15
1
2
4
1
1
2
8
6
3
9
5
14
3
2
3
14
3
4
2
1
12
3
4
10
93
1
6
2
1
8
3
4
2
4
4
96
4
12
11
6
41
15
2
15
9
7
6
1
5
0
8
6
8
20
10
3
2
22
4
41
25
1
8
3
0
11
3
6
9
12
2
3
5
4
11
10
4
7
15
3
5
0
8
11
6
27
5
6
3
4
1
7
8
11
5
10
7
1
5
5
10
5
3
19
65
6
4
12
12
3
25
54
21
3
5
5
3
5
6
3
4
4
6
3
2
6
7
1
12
4
2
2
3
10
11
1
7
5
5
8
8
11
16
19
2
4
12
10
3
277
5
11
4
7
16
10
1
10
1
9
6
0
3
7
3
8
2
4
13
3
4
1
10
2
30
7
1
0
5
46
23
1
4
7
4
58
7
4
3
3
14
12
8
2
0
1
4
5
8
8
2
2
25
4
68
6
40
9
16
2
7
1
18
8
6
15
9
3
10
10
4
1
1
93
3515
2
3
1
6
5
0
8
7
9
8
2
2
6
9
16
1
10
22
1
160
2
0
3
6
26
6
0
13
10
2
46
2
8
1
1
13
2
0
105
15
7
42
2
0
2
8
3
18
5
5
0
6
7
11
5
8
16
5
9
4
5
0
18
6
32
7
2
8
3
3
30
10
6
2
4
44
10
6
5
4
3
9
2
5
1
24
5
4
4
6
7
7
8
5
42
6
4
2
0
9
30
12
1
12
11
136
11
10
2
2
2
3
35
248
0
10
3
0
14
1
3
6
6
3
7
9
3
4
0
59
2
11
5
123
1
10
3
4
14
23
4
10
14
12
8
3
3
2
2
1
5
2
9
19
6
4
1
6
132
5
12
6
0
0
9
1
7
2
0
72
27
1
7
10
0
7
3
1
5
4
4
46
4
0
8
11
23
14
6
49
10
0
21
4
3
7
4
4
4
5
33
4
9
14
18
16
5
6
5
14
6
6
3
103
3
17
5
1
6
4
5
5
8
28
1
2
8
12
1
2
37
7
28
11
2
4
3
2
20
15
1
20
7
16
1
6
5
2
20
3
1
7
64
1
6
8
2
17
9
34
1
9
2
3
6
0
1
27
7
10
17
19
27
6
6
3
9
4
12
6
24
4
5
70
6
2
5
5
71
5
16
5
1
4
8
8
10
2
2
14
2
5
4
7
2
10
9
4
1
65
3
22
6
1
6
5
13
0
6
5
2
3
2
66
0
0
7
3
10
6
58
4
7
4
4
8
56
3
1
19
11
6
1
3
0
2
11
6
12
5
4
18
2
5
44
5
40
11
0
17
10
2
9
9
5
16
5
9
26
1
14
25
4
22
37
1
5
11
4
7
10
16
6
0
4
23
17
4
3
1
1
7
6
1
14
4
10
1
2
7
5
3
3
11
5
15
1
11
17
7
81
73
17
6
0
3
2
1
4
9
6
7
363
4
76
20
9
32
2
16
10
9
25
7
9
10
4
2
9
2
25
3
2
4
21
3
269
6
0
9
0
13
29
922
8
10
12
0
16
3
8
10
74
65
3
15
4
6
11
130
8
12
9
61
8
16
13
3
4
81
12
9
70
4
17
0
3
15
4
23
14
9
1
4
3
0
3
10
2
2
13
5
8
1
4
17
6
3
3
11
180
15
9
6
55
7
3
0
4
58
5
12
3
6
1
13
3
5
5
15
63
2
3
1
1
0
4
2
7
4
2
8
0
8
5
33
19
40
6
21
12
5
2
5
13
4
6
1
1
19
14
27
6
89
6
4
1
4
1
1
1
16
10
6
11
15
1
0
17
7
5
6
7
2
37
3
11
30
13
2
7
4
8
0
1
13
18
3
0
2
8
3
3
2
5
2
13
30
2
5
7
1
5
2
8
6
2
5
3
1
3
21
12
16
5
1
7
8
20
9
29
6
12
17
5
6
9
3
4
8
5
3
2
1
14
7
1
8
159
18
64
0
2
6
41
7
4
6
7
6
12
3
5
5
2
4
29
9
9
6
5
5
5
11
59
15
22
4
11
8
4
8
19
7
7
0
5
20
3
1
2
14
6
3
21
2
2
35
3
24
1
2
3
6
0
2
8
9
3
2
5
28
5
3
2
715
4
2
13
2
11
6
7
11
7
7
10
2
13
15
4
1
7
10
40
15
4
70
35
14
7
3
3
9
5
7
103
10
2
5
4
2
6
10
6
12
4
1
24
31
4
9
5
7
3
4
5
6
1
0
7
3
0
47
11
0
39
3
9
12
12
2
4
8
105
5
26
2
2
10
1
2
4
7
5
58
1
3
6
6
5
6
8
0
7
5
2
1
10
10
11
6
49
85
8
34
5
10
5
2
11
9
3
4
1
3
1
6
3
9
5
8
28
25
9
3
4
2
177
1
41
60
4
5
7
5
1
2
9
9
89
41
1
13
8
10
22
7
3
2
3
1
2
23
1
3
4
32
10
11
11
17
8
13
32
1
0
7
21
23
9
6
3
16
51
8
3
4
3
3
13
16
3
1
5
14
9
6
12
6
0
6
4
18
4
9
8
85
1
4
4
23
5
7
14
5
4
1
3
12
7
13
9
3
4
6
2
13
15
2
0
1
7
3
4
0
4
13
11
26
7
0
0
7
6
7
1
3
5
25
4
9
582
5
4
10
11
5
6
10
2
28
8
12
20
28
11
10
27
9
25
7
29
10
14
19
23
4
6
2
2
0
27
12
2
1
4
0
2
4
9
3
12
5
1
6
1
9
6
7
19
2
7
8
6
2
5
6
1
3
8
2
6
8
3
2
5
6
13
11
58
19
3
2
3
10
14
6
2
3
7
6
27
21
15
8
12
1
6
3
5
4
6
5
6
3
4
7
4
14
4
6
1
6
14
5
6
1
3
3
5
12
5
14
3
2
1
4
21
10
4
11
5
6
4
2
6
27
42
10
5
3
2
11
17
25
4
2
24
27
3
1
8
3
3
6
7
1
8
12
8
15
8
6
19
17
23
11
11
5
12
4
0
4
2
6
3
6
13
28
9
5
2
1
3
1
29
17
13
27
2
4
6
2
5
9
37
34
4
6
5
8
8
8
5
21
2
8
64
1
8
4
10
21
4
10
9
3
21
13
8
7
1
2
8
15
7
9
4
8
4
9
31
4
5
5
1
5
2
4
8
4
6
12
19
4
4
1
0
21
5550
10
7
3
3
7
24
2
1
6
9
3
3
62
14
14
5
2
3
6
7
3
16
13
19
9
4
5
12
2
17
6
8
3
5
11
3
33
8
2
8
5
4
2
4
3
12
22
7
2
3
4
6
3
3
21
4
17
0
14
0
0
21
5
2
13
33
3
4
3
6
2
3
10
4
8
6
2
2
8
13
11
8
2
2
37
13
4
4
6
28
4
2
7
1
19
7
1
26
7
7
5
2
7
12
3
9
2
7
9
6
3
9
2
8
3
7
19
7
3
11
10
40
9
2
10
8
5
3
2
7
2
13
4
1
4
0
1
6
25
7
11
32
40
14
3
5
1
11
9
4
27
1
5
35
11
9
52
6
10
32
13
1
1
4
2
18
9
5
6
7
6
7
22
1
8
1
12
8
4
17
1
6
17
3
5
37
9
4
7
12
10
39
0
4
3
16
4
4
1
6
1
4
0
60
38
2
3
1
29
8
7
12
5
7
16
4
3
4
16
12
3
18
4
3
67
29
5
10
3
73
2
5
20
8
2
3
3
9
2
258
5
3
10
1
4
4
2
7
60
3
24
1
2
6
0
4
18
18
81
1
5
2
9
4
27
2
14
6
4
14
659
4
39
6
3
3
2
2
6
1
13
3
20
9
1
8
0
22
4
12
12
18
18
34
6
1
2
9
1
6
89
0
8
3
4
11
5
11
1
22
10
6
5
1
19
7
4
1
2
1
43
3
6
5
13
7
3
10
2
86
7
11
24
4
3
1
1
7
0
3
4
8
10
3
0
5
197
8
25
4
2
8
4
27
13
10
1
12
5
42
2
6
4
11
0
3
3
30
4
4
7
3
12
0
19
51
12
4
2
4
0
6
32
0
0
3
3
2
1
4
27
6
2
4
4
8
1
15
1
1
28
1
11
5
5
2
4
0
2
6
12
3
13
8
25
4
4
2
4
8
17
1
3
50
9
10
3
3
17
16
27
19
8
4
2
5
5
6
0
0
2
5
20
16
1
0
5
5
2
7
4
1
84
3
14
4
21
11
4
3
3
26
1
3
5
9
13
3
27
33
1
2
25
3
14
45
20
3
3
3
2
3
3
6
0
5
6
2
1
5
3
41
4
4
40
5
3
2
1
0
1
1
1
11
3
6
18
7
10
3
2
1
9
15
2
7
1
4
3
8
12
7
70
8
8
0
11
12
12
4
2
10
1
12
2
5
27
2
4
69
42
2
4
11
0
3
5
7
1
5
6
12
15
4
20
4
2
3
2
4
17
17
10
12
3
8
16
3
5
12
51
0
5
0
24
12
13
3
22
9
4
74
3
6
8
11
3
5
6
10
8
4
4
6
10
13
2
4
15
12
3
3
33
12
4
2
1
3
11
1
4
265
6
3
8
1
3
1
4
5
17
8
9
23
2
4
13
11
4
17
3
27
3
3
4
11
11
3
11
1
2
4
13
6
8
4
11
4
20
45
10
6
1
5
9
6
3
7
3
2
111
3
5
11
11
9
57
13
4
4
4
3
13
2
4
24
42
8
6
20
1
78
2
7
10
1
15
10
9
9
4
22
6
28
5
9
1
7
18
2
1
2
33
6
7
9
7
3
5
2
14
2
44
3
2
3
826
6
3
3
8
5
9
24
5
9
10
3
4
7
13
3
0
15
15
5
9
5
2
8
3
11
17
2
2
11
13
1
6
3
1
15
2
2
5
7
36
1
4
5
2
2
30
11
1
9
184
7
2
1
16
15
2
3
4
5
3
10
4
5
2
11
7
1
17
5
15
98
9
10
42
2
7
7
20
10
29
16
24
1
0
2
12
0
6
2
7
2
6
5
68
2
9
3
12
1
2
4
3
1
11
13
2
28
11
4
2
4
18
0
4
12
9
7
4
6
806
7
1
2
10
10
3
18
16
43
29
2
26
30
2
4
4
3
4
0
11
8
12
4
5
10
34
25
1
5
0
1
10
4
74
1
8
1
4
3
101
8
1
16
7
4
34
98
0
24
3
10
2
7
11
12
33
4
3
28
2
1
7
4
4
6
4
19
10
0
3
4
46
11
6
3
8
2
1
3
10
10
7
0
1
3
1
27
0
2
4
1
2
10
17
4
7
7
5
3
1
4
14
5
2
2
11
10
7
18
5
3
13
3
8
38
3
2
7
1
2
56
7
7
1
12
0
3
2
53
11
12
1
33
2
5
13
1
5
3
0
23
15
3
4
5
2
11
6
1
1
7
2
5
25
1
5
1
2
4
13
34
4
3
10
3
2
7
2
34
12
11
1
8
3
5
11
4
10
10
24
16
3
6
6
5
4
20
18
4
70
29
1
20
10
10
4
11
4
2
4
13
7
27
2
2
33
13
7
6
11
4
16
0
23
2
7
171
0
2
2
13
13
10
2
8
5
2
4
4
1
2
113
8
10
11
3
24
0
7
2
7
8
54
12
2
23
31
48
1
6
4
1
21
8
5
4
6
0
3
7
9
2
0
42
10
16
9
2
9
2
10
1
3
42
13
4
1
3
24
4
4
15
3
2
46
11
1
7
1
1
2
2
5
6
6
41
3
5
4
5
2
7
6
29
3
2
6
1
1
1
5
4
40
12
5
8
2
3
16
8
9
0
10
6
5
20
1
5
9
10
4
141
44
7
0
8
7
29
3
5
1
12
9
5
28
3
4
13
8
11
31
76
18
11
1
6
243
3
4
4
346
2
8
1
3
1
2
2
8
3
27
5
22
1
13
4
17
30
0
19
205
2
16
2
2
0
3
8
243
9
0
2
3
6
9
4
7
2
8
1
165
8
13
4
15
15
47
12
2
18
2
2
13
5
16
4
4
5
19
74
7
11
8
14
1
747
6
18
62
118
3
9
8
15
21
15
10
12
29
37
2
3
4
14
37
3
5
8
2
32
4
1
17
7
45
7
2
0
4
3
16
8
5
3
1
7
6
6
23
2
7
2
7
1
5
3
2
29
2
3
0
2
4
4
2
0
12
6
6
0
1
21
4
1
3
0
4
9
26
14
9
3
8
41
5
4
47
15
6
2
6
17
4
7
4
6
10
5
16
8
4
3
21
0
2
36
13
2
6
19
0
14
7
15
27
31
16
2
36
8
2
40
13
11
3
2
6
2
5
7
10
5
2
4
6
6
18
2
4
6
3
347
16
1
5
4
16
1
15
3
18
0
0
63
4
10
5
6
1
3
8
6
10
6
3
3
19
1
7
14
56
8
38
1
7
16
6
3
2
2
5
1
152
2
10
3
2
0
15
3
6
3
10
1
5
27
5
4
1
3
0
3
1
2
26
4
13
22
6
3
6
38
6
1
34
16
2
46
2
24
175
24
6
4
3
12
5
45
39
4
2
8
2
11
14
1
6
12
3
0
15
3
8
2
1
325
1
8
6
5
18
12
4
4
16
8
27
2
33
8
73
3
15
4
7
4
0
4
4
10
30
4
6
4
2
6
11
7
8
2
6
12
4
4
6
5
11
16
10
3
2
34
15
1
4
8
30
8
5
7
6
2
0
3
4
9
7
4
2
10
1
7
2
7
3
1
16
6
14
5
1
2
9
15
5
2
2
22
0
3
0
3
7
11
6
4
6
75
13
2
22
46
12
2
1
5
10
6
2
3
14
3
17
7
1
11
10
0
13
6
1
5
167
7
1
1
5
9
11
9
16
12
225
6
5
5
30
6
9
13
5
22
38
1
14
11
3
5
5
26
10
1
27
22
5
11
6
22
1
7
19
9
10
24
3
4
11
34
12
3
2
12
4
1
14
1
64
33
4
16
5
5
4
3
23
11
29
0
44
7
2
12
2
18
3
5
2
5
13
8
3
10
1
9
4
1
3
4
6
7
46
0
9
4
5
11
1
9
7
3
1
59
1
16
597
20
7
2
5
9
15
21
1
2
6
27
14
4
2
3
1
15
5
3
21
532
18
94
523
4
11
3
2
2
10
10
3
2
5
9
12
7
5
7
6
2
1
4
7
8
6
3
7
8
16
6
3
4
3
4
5
5
5
9
3
12
0
9
1
6
9
3
5
4
7
4
4
1
1
4
12
19
7
2
9
4
12
65
10
5
0
27
10
1
54
9
3
5
16
4
3
22
18
1
11
5
12
11
4
5
29
4
2
5
3
1
3
23
372
59
5
2
6
22
13
1
10
4
4
29
2
2
0
7
32
3
4
50
8
1
4
10
15
45
3
7
1
8
4
8
7
3
1
3
1
7
23
0
2
10
16
129
9
3
4
4
38
28
23
33
16
6
4
11
10
5
5
23
0
2
0
6
6
165
27
4
5
1
14
12
2
4
15
2
3
2
4
4
3
2
1
7
24
5
3
7
1
7
15
7
0
7
27
6
3
10
1
0
2
26
5
1
1
7
2
15
2
8
4
0
23
3
1
3
6
4
18
2
7
6
7
7
15
23
15
5
0
8
64
4
24
8
21
2
1
1
18
4
9
37
3
17
4
7
1
13
5
4
2
5
6
6
5
10
1
9
8
16
20
0
4
7
8
6
6
28
23
12
9
20
10
5
8
570
0
6
1
0
0
11
1
5
7
4
1
6
11
3
0
2
2
7
3
9
1
16
4
9
1
7
4
3
4
15
6
37
2
6
2
1
7
3
2
2
6
18
2
7
3
10
6
11
7
9
38
8
4
5
5
26
3
8
3
4
13
27
5
3
13
4
0
4
20
91
1
4
2
29
43
9
4
4
7
5
2
2
1
8
6
0
14
29
2
24
5
4
5
4
19
4
6
16
5
7
0
1
10
116
18
1
1
4
14
0
16
0
5
16
11
3
2
3
8
3
1
6
6
23
8
5
18
15
10
17
1
0
9
5
5
84
6
10
6
6
7
3
11
1
6
22
3
4
4
7
8
1
9
4
6
3
5
1
16
14
5
2
30
10
2
3
2
3
1
11
17
2
36
4
3
5
10
11
0
82
0
4
2
7
5
13
0
8
2
4
12
2
19
3
20
62
7
6
6
6
16
5
3
18
13
2
2
5
16
3
3
5
9
12
3
3
27
3
1
96
7
15
4
6
2
5
2
11
3
9
72
2
193
4
21
2
4
4
9
1
0
4
2
10
2
7
27
7
2
3
9
22
6
1
2
1
16
8
8
5
9
5
85
2
8
57
2
17
10
6
3
12
7
20
4089
8
5
12
5
2
9
4
1
2
3
3
2
3
22
7
0
10
3
12
13
21
7
3
10
4
22
4
3
11
2
3
19
5
0
2
6
1
5
3
6
2
21
10
6
7
12
21
8
11
3
6
5
6
3
164
0
6
27
8
3
14
5
2
4
1
0
16
10
7
31
24
10
1
7
12
7
0
2
4
0
1
1
4
6
16
4
5
4
3
2
13
23
10
4
11
6
64
1
9
14
7
3
4
2
13
11
16
7
7
31
3
5
3
1
4
6
68
0
6
1
8
4
6
1
20
0
4
7
3
0
3
10
2
2
3
25
16
56
16
5
620
36
10
4
2
4
15
63
1
5
11
7
34
4
427
6
1
6
2
2
0
2
269
11
9
12
8
4
5
5
10
3
6
30
26
7
7
60
6
6
2
1
11
2
6
2
2
10
3
45
4
4
2
1
3
4
3
7
11
6
23
11
2
12
2
3
2
17
130
0
2
17
2
4
30
13
1
1
12
23
8
4
7
9
2
4
4
9
1
7
5
4
49
4
5
25
9
5
2
16
9
2
2
8
7
0
6
0
9
75
2
5
5
17
18
11
7
27
2
5
53
13
3
6
0
4
15
10
9
3
14
1
3
67
11
3
1
129
5
4
10
3
5
3
9
15
0
22
4
5
0
9
9
4
2
15
15
17
6
6
4
7
1
11
9
4
3
55
2
7
14
4
3
2
16
2
3
9
0
6
6
16
2
2
16
12
11
1
1
3
3
12
3
15
13
3
5
7
42
2
15
0
9
10
72
10
318
5
4
6
0
6
1
27
5
9
6
14
12
4
2
6
3
1
6
4
9
1
4
11
29
5
3
4
18
0
2
35
5
1
1
8
12
8
3
2
8
9
6
10
5
62
0
5
7
5
8
10
6
7
7
4
25
7
0
381
8
5
46
2
3
20
3
20
10
18
4
7
13
9
28
4
9
9
31
3
12
12
10
2
12
0
3
3
16
7
897
11
6
3
4
10
6
3
2
7
37
11
14
1
3
6
13
5
37
5
10
1
9
4
1
18
21
9
7
3
9
13
4
5
1
17
23
16
43
11
4
0
9
23
4
5
7
6
3
12
3
4
6
4
6
2
1
78
1
19
3
2
14
2
15
6
3
2
2
14
29
4
2
2
4
21
4
2
4
0
5
131
25
10
3
13
3
57
4
34
4
5
2
11
0
5
0
229
0
2
2
23
3
8
10
11
3
27
5
3
12
9
15
8
16
7
7
35
56
5
3
12
1
4
11
2
8
6
0
0
12
1
1
5
86
4
9
13
2
27
2
7
4
19
7
3
5
7
37
12
16
8
12
35
7
2
1
8
8
7
1
8
8
0
1
88
3
4
11
21
10
0
3
69
9
2
8
18
9
9
6
41
5
27
10
7
5
2
4
0
13
9
4
3
7
15
1
6
4
14
6
7
6
2
3
25
130
10
4
10
5
7
21
12
6
6
1
19
13
9
3
8
5
12
2
14
12
2
3
6
6
10
7
5
6
12
0
8
5
8
5
25
5
3
22
47
5
1
16
8
21
3
22
1
5
4
4
6
0
11
17
10
6
33
3
11
0
5
4
5
2
15
4
9
79
3
4
5
11
1
15
1
12
6
416
26
2
6
0
26
2
11
7
3
3
7
99
39
10
1
8
3
3
2
37
3
5
2
7
2
4
9
8
3
2
5
6
7
16
0
6
6
21
8
15
2
21
4
12
4
4
23
2
4
2
1
1
6
3
4
10
8
7
2
13
27
1
4
5
15
10
2
2
9
6
3
8
9
3
2
16
3
2
18
5
5
4
22
4
3
10
0
14
7
11
5
3
9
1
3
9
5
2
4
8
15
199
29
1
4
5
59
8
5
7
4
12
2
6
5
153
1
10
3
51
4
13
6
7
4
49
4
50
7
8
4
6
5
4
24
7
56
2
25
27
3
7
0
2
12
7
6
2
10
14
8
6
20
5
9
0
2
1
4
5
2
7
8
8
18
3
12
21
7
3
2
12
1
16
4
2
11
8
3
7
16
24
2
5
7
1
4
2
3
6
5
19
12
1
60
5
5
9
3
4
6
24
70
8
0
1
6
4
8
1
180
11
12
10
9
2
4
1
6
6
5
2
8
10
5
8
3
18
7
1
9
9
8
3
9
27
4
4
7
7
12
2
36
1
28
15
8
1
3
16
79
46
4
9
5
17
3
4
2
1
4
4
11
5
11
29
15
69
35
8
3
2
0
7
1
9
1
0
11
7
3
6
5
2
8
2
6
8
7
7
9
1
16
7
2
17
18
3
6
7
6
0
2
1
6
2
16
17
2
4
22
10
10
17
4
3
15
23
162
13
4
4
19
3
5
7
16
1
3
2
6
4
3
7
8
15
1
1
4
1
3
9
5
3
3
4
13
25
8
5
9
11
4
3
3
7
21
16
6
9
3
15
54
3
4
6
34
0
2
10
1
12
6
9
35
11
0
1
3
7
18
5
35
0
7
19
6
6
2
1
33
7
5
1
10
1
7
8
9
10
2
13
6
3
5
3
2
6
14
60
12
4
8
26
27
2
5
112
4
47
76
1
2
0
2
14
1
6
16
0
4
3
6
16
7
4
8
1
2
2
7
24
2
4
5
0
2
1
10
6
12
4
0
22
10
8
7
6
6
0
18
9
2
13
3
31
8
9
39
1
2
13
5
44
114
1
5
5
6
6
8
32
25
3
3
4
25
6
8
9
4
14
3
5
5
1
28
12
0
54
4
2
41
1
5
8
1
21
9
3
3
5
0
2
27
7
5
47
4
12
12
4
2
18
4
24
10
55
1
7
4
15
18
8
72
18
2
2
3
0
1
5
7
3
14
19
6
5
18
4
0
2
5
4
1
10
7
18
9
4
6
5
8
3
7
4
9
55
9
16
4
3
9
5
5
4
9
2
23
8
24
18
27
3
7
7
2
8
8
1
13
2
4
19
12
16
12
10
0
10
3
5
5
0
11
8
7
8
12
2
4
5
1
16
4
3
15
5
8
70
3
9
13
15
1
45
4
7
0
11
3
5
228
12
5
10
6
3
45
25
7
14
26
10
27
1
3
2
12
3
15
19
1
2
11
8
2
11
1
12
7
4
5
7
9
10
28
3
10
12
11
59
3
1
2
3
1
3
7
1
4
17
17
23
8
10
1
3
48
0
1
3
16
6
2
2
13
3
21
14
4
3
1
2
4
16
16
3
13
60
9
14
39
12
0
46
9
3
4
12
88
1
8
5
5
8
209
1
1
4
9
7
1
2
3
16
13
6
15
3
14
3
8
6
1
27
3
2
7
6
18
9
7
1
4
24
1
28
11
10
7
15
3
45
27
0
8
23
7
5
3
43
5
15
5
2
2
1
7
61
4
8
1
10
14
11
7
4
9
1
6
2
0
2
11
5
29
10
18
0
3
5
18
11
1
45
5
8
949
21
2
2
1
6
2
4
2
5
3
0
49
1
13
3
1
17
57
6
3
9
60
16
10
8
21
2
2
15
14
2
11
1
14
3
2
1
59
9
4
25
79
1
4
7
4
2
10
11
3
3
54
1
5
20
82
15
31
54
1
3
9
8
4
4
0
4
6
17
7
5
2
9
6
3
2
3
8
17
8
23
6
0
7
10
12
1
12
3
4
6
2
10
13
4
2
4
10
8
5
81
17
5
2
14
3
9
5
11
558
3
2
5
6
5
9
8
7
9
3
3
8
1
5
9
4
10
1
15
1
2
3
0
3
15
1
5
5
1
4
5
10
9
3
5
4
56
6
0
14
3
12
6
3
11
5
0
7
14
138
3
3
1
2
19
7
14
7
401
0
4
14
1
2
4
9
1
55
10
5
11
18
4
2
6
2
1
3
1
3
3
1
0
3
11
1
1
0
35
7
7
7
5
41
7
6
3
3
4
10
0
2
33
6
20
7
2
2
1
1
9
2
0
25
41
20
50
10
5
37
4
10
5
23
6
11
13
14
19
9
5
20
4
1
9
5
2
7
2
3
8
39
22
5
3
6
6
3
8
2
14
69
7
3
1
204
6
5
2
7
7
2
32
13
10
29
0
7
9
6
9
9
4
3
0
30
2
6
24
6
6
359
1
10
4
2
5
6
44
6
0
1
5
14
4
0
2
10
1
6
1
3
5
1
5
19
7
4
4
5
84
3
7
3
3
0
1
5
15
7
8
1
4
17
28
10
4
8
7
0
9
163
3
15
8
0
10
1
2
12
6
7
9
2
18
1
8
3
2
3
0
14
8
5
3
2
8
1
16
6
4
9
4
5
300
42
3
2
17
4
8
3
3
6
1
6
7
44
4
8
4
34
9
0
3
2
10
1
1
51
11
18
0
11
0
9
8
5
10
6
6
8
11
22
0
1
6
24
12
43
1
1
8
8
3
8
12
15
1
3
3
7
4
6
5
0
2
5
0
2
3
0
1
6
9
7
17
5
3
5
3
82
2
5
3
2
3
16
4
10
1
7
12
12
17
13
3
2
1
6
1
5
5
30
61
7
6
9
47
7
6
14
4
3
2
16
2
5
10
42
7
44
0
1
0
1
4
9
67
2
4
9
3
15
4
2
13
8
3
2
5
24
4
3
2
5
4
2
5
34
12
4
46
10
8
15
6
2
5
5
0
19
2
16
7
44
9
7
5
5
34
7
5
0
43
13
12
2
11
12
4
41
2
7
13
4
6
13
3
61
12
5
4
0
3
3
1
1
6
13
9
14
0
8
24
7
7
1
12
11
0
4
3
14
7
4
5
7
13
18
4
5
39
5
0
3
5
53
0
1
6
6
3
1
21
7
16
5
7
2
15
4
3
20
10
10
17
34
7
8
5
3
10
22
9
13
13
9
2
2
3
4
1
11
4
5
9
4
3
12
2
8
10
21
15
0
7
9
1
14
3
3
7
6
7
9
2
3
6
2
3
3
11
6
10
3
1
6
0
4
4
7
5
2
3
12
45
8
23
4
2
4
8
7
23
3
7
5
7
17
6
5
4
5
2
14
11
25
4
3
2
2
2
9
32
5
10
2
6
36
2
5
1
7
0
164
3
6
4
1
3
4
3
2
1
22
5
44
8
12
1
25
29
0
5
12
12
4
6
0
4
3
17
3
6
7
6
3
22
176
3
7
7
3
19
3
9
2
4
10
3
10
10
6
2
3
4
3
109
10
5
3
2
4
2
6
11
4
1
4
9
21
9
13
4
8
7
2
2
22
2
23
3
5
6
12
3
3
1
7
2
3
14
8
18
3
2
1
3
7
4
0
3
5
5
5
3
22
4
