0
0
2
0
4
0
0
0
1
0
0
0
0
0
7
0
0
0
0
1
3
6
0
0
1
3
0
4
1
0
1
3
19
248
0
10
1
0
1
8
2
3
3
2
93
0
16
0
21
0
1
0
0
0
4
0
18
0
1
4
0
0
1
11
19
0
1
5
2
2
5
0
0
9
1
1
1
0
2
0
0
0
1
1
0
0
2
1
0
5
3
10
7
8
0
0
3
1
0
26
5
3
0
0
3
0
5
1
0
0
1
25
9
4
26
7
4
8
13
2
1
0
0
5
0
3
0
0
0
2
20
9
7
17
0
0
0
1
1
1
6
3
5
0
1
14
1
0
1
7
0
0
7
0
50
0
0
24
3
1
3
0
0
0
0
1
7
2
1
0
10
1
0
2
0
0
0
0
6
1
1
0
0
0
11
0
4
0
6
1
0
2
4
0
1
0
5
1
1
933
0
1
8
1
0
2
1
0
3
1
9
1
0
2
7
3
0
0
2
0
0
9
4
28
3
0
28
0
0
8
0
1
7
1
2
2
0
3
0
2
2
8
0
1
6
4
0
0
1
0
0
0
12
0
0
10
0
7
42
1
1
1
1
4
2
1
0
0
0
1
28
1
0
1
0
1
0
1
0
0
3
1
5
0
1
1
0
1
12
3
48
1
0
0
1
1
1
0
2
3
5
0
0
0
0
1
7
0
0
0
0
11
0
0
1
3
1
0
0
0
0
5
1
1
0
0
15
25
1
11
0
1
2
8
0
0
2
1
1
4
0
5
4
7
0
0
0
1
2
0
2
25
1
1
36
0
7
0
11
1
0
59
1
0
15
11
1
0
3
0
0
5
0
0
0
0
4
2
0
1
0
0
0
4
0
0
1
2
0
20
0
0
0
0
0
0
0
0
2
3
0
15
4
2
10
0
1
0
0
0
4
1
0
0
4
1
1
42
0
1
0
0
0
4
1
8
1
0
96
0
0
0
2
3
1
24
8
0
0
17
1
1
1
9
0
0
1
42
7
6
0
4
0
9
1
0
5
0
80
0
0
1
0
0
40
11
0
0
0
2
12
1
39
1
0
0
7
0
0
0
241
0
162
0
6
0
0
1
1
0
3
1
0
5
1
0
0
1
4
0
0
0
2
0
4
0
0
0
1
0
0
0
0
0
7
0
0
0
0
1
3
6
0
0
1
3
0
4
1
0
1
3
19
248
0
10
1
0
1
8
2
3
3
2
93
0
16
0
21
0
1
0
0
0
4
0
18
0
1
4
0
0
1
11
19
0
1
5
2
2
5
0
0
9
1
1
1
0
2
0
0
0
1
1
0
0
2
1
0
5
3
10
7
8
0
0
3
1
0
26
5
3
0
0
3
0
5
1
0
0
1
25
9
4
26
7
4
8
13
2
1
0
0
5
0
3
0
0
0
2
20
9
7
17
0
0
0
1
1
1
6
3
5
0
1
14
1
0
1
7
0
0
7
0
50
0
0
24
3
1
3
0
0
0
0
1
7
2
1
0
10
1
0
2
0
0
0
0
6
1
1
0
0
0
11
0
4
0
6
1
0
2
4
0
1
0
5
1
1
933
0
1
8
1
0
2
1
0
3
1
9
1
0
2
7
3
0
0
2
0
0
9
4
28
3
0
28
0
0
8
0
1
7
1
2
2
0
3
0
2
2
8
0
1
6
4
0
0
1
0
0
0
12
0
0
10
0
7
42
1
1
1
1
4
2
1
0
0
0
1
28
1
0
1
0
1
0
1
0
0
3
1
5
0
1
1
0
1
12
3
48
1
0
0
1
1
1
0
2
3
5
0
0
0
0
1
7
0
0
0
0
11
0
0
1
3
1
0
0
0
0
5
1
1
0
0
15
25
1
11
0
1
2
8
0
0
2
1
1
4
0
5
4
7
0
0
0
1
2
0
2
25
1
1
36
0
7
0
11
1
0
59
1
0
15
11
1
0
3
0
0
5
0
0
0
0
4
2
0
1
0
0
0
4
0
0
1
2
0
20
0
0
0
0
0
0
0
0
2
3
0
15
4
2
10
0
1
0
0
0
4
1
0
0
4
1
1
42
0
1
0
0
0
4
1
8
1
0
96
0
0
0
2
3
1
24
8
0
0
17
1
1
1
9
0
0
1
42
7
6
0
4
0
9
1
0
5
0
80
0
0
1
0
0
40
11
0
0
0
2
12
1
39
1
0
0
7
0
0
0
241
0
162
0
6
0
0
1
1
0
3
1
0
5
1
0
0
1
4
0
0
0
0
0
28
1
2
1
9
0
0
0
9
2
0
1
0
2
0
0
7
0
0
33
0
8
30
39
4
2
2
2
0
6
1
2
0
0
1
0
0
0
3
1
3
3
13
1
5
1
0
0
0
2
0
0
3
1
0
0
0
0
1
0
1
0
10
0
6
7
6
8
0
0
2
4
1
3
0
3
0
0
2
2
1
0
16
0
7
4
0
9
1
3
0
1
2
0
0
8
0
1
0
0
0
1
9
7
37
0
1
0
1
0
0
0
3
0
1
0
113
0
4
6
0
0
0
21
1
1
1
5
0
0
1
0
0
33
10
5
0
2
0
0
3
0
0
0
0
0
5
0
3
1
3
0
1
4
6
0
1
3
2
7
0
0
1
10
2
1
0
0
46
4
0
1
4
1
10
10
0
2
15
0
0
1
5
0
1
81
1
0
4
0
0
0
1
21
0
0
1
2
2
12
0
0
0
0
4
10
1
2
5
1
2
0
1
1
0
7
0
0
4
3
0
0
0
2
0
0
1
0
10
11
2
0
0
12
26
0
6
0
5
1
7
2
8
1
5
0
0
0
1
0
0
38
1
0
0
5
14
1
0
1
7
0
0
0
0
0
2
0
0
3
1
2
0
6
1
7
1
6
23
0
77
0
0
1
8
8
0
0
0
0
0
2
4
0
3
7
6
0
7
1
0
17
15
0
2
0
0
3
18
3
4
0
9
0
77
65
3
1
0
0
3
0
0
0
0
0
1
0
0
4
1
1
9
1
1
1
0
1
0
6
7
11
0
181
42
1
9
3
0
0
10
0
2
1
7
1
0
0
0
0
0
1
1
0
0
5
26
1
2
1
2
0
1
2
0
3
0
0
0
1
0
1
0
1
0
0
50
0
3
12
2
0
0
3
3
1
3
0
1
29
0
1
0
3
0
1
1
1
0
5
0
0
0
2
0
0
7
0
0
0
0
8
11
0
0
2
0
1
146
0
0
0
4
0
0
3
1
11
12
19
10
12
10
4
1
0
5
0
0
1
0
0
0
0
1
0
1
1
0
0
0
1
10
0
1
0
1
22
1
1
0
6
18
2
0
13
0
0
19
70
0
1
0
3
0
0
0
11
4
0
6
6
0
11
2
2
6
0
0
10
0
0
2
9
0
3
1
1
1
0
2
0
1
0
1
1
1
5
0
1
0
0
0
1
0
1
0
1
0
28
6
3
1
5
0
1
2
0
2
1
1
0
20
1
0
7
3
10
1
1
3
1
8
3
2
2
6
2
0
0
0
16
1
12
0
5
3
45
0
5508
1
0
1
0
0
0
25
0
0
1
1
3
1
3
4
2
1
2
3
3
0
0
10
0
0
1
6
3
0
2
2
0
1
0
0
7
2
0
6
0
1
108
536
2
0
0
7
13
10
0
0
0
3
1
2
1
1
14
0
0
1
0
4
2
52
3
0
4
1
0
0
0
0
1
6
2
1
13
1
0
0
0
2
1
0
2
1
3
45
5
0
0
2
0
2
0
1
1
0
0
3
0
3
1
1
0
7
0
0
4
11
5
0
1
3
6
0
0
0
3
2
0
0
2
97
0
3
40
6
2
1
12
0
0
0
0
4
3
22
33
0
0
0
1
14
1
2
9
2
1
2
0
0
2
0
4
25
13
0
6
1
0
1
0
0
4
0
2
0
0
3
0
0
0
2
0
2
0
1
54
0
1
0
0
3
0
3
0
1
6
30
0
0
18
6
1
0
0
567
2
4
1
0
0
0
0
0
0
1
1
19
0
2
0
1
31
0
0
62
2
0
1
15
11
1
0
0
2
0
0
1
0
0
2
0
0
0
0
2
1
3
0
7
3
0
0
2
4
2
12
0
0
3
2
0
2
0
0
0
1
0
14
1
0
2
2
12
1
0
0
1
7
1
2
0
5
1
0
0
0
0
8
5
2
5
2
0
0
0
0
1
0
0
11
0
3
0
5
4
0
0
0
3
0
0
5
0
2
2
3
0
0
3
0
1
0
0
1
1
0
5
4
4
1
0
18
13
10
0
4
0
0
0
0
0
0
0
0
2
485
8
9
0
3
0
0
0
0
0
0
2
2
0
0
31
2
0
0
2
0
0
144
0
0
0
6
2
0
1
1
8
0
4
0
0
0
10
9
21
0
0
2
2
2
0
0
0
0
0
2
5
0
0
0
4
1
0
6
0
0
0
1
0
0
1
0
0
0
0
0
5
1
1
2
3
1
1
0
21
1
1
0
0
2
0
0
0
0
1
0
53
3
0
12
9
2
0
0
3
5
55
32
0
0
1
1
1
22
0
12
5
0
0
22
0
3
12
1
0
1
1
0
0
1
45
6
0
0
2
0
4
3
0
0
10
3
2
0
1
1
4
12
0
0
0
0
2
2
0
0
1
2
1
0
3
0
1
1
1
0
1
0
0
0
0
1
0
1
0
6
0
4
7
1
6
9
1
0
2
13
5
3
0
1
0
0
0
0
5
1
2
0
0
0
0
2
6
1
0
0
0
46
1
0
2
2
12
0
0
15
1
2
0
0
28
0
2
1
0
4
0
0
0
0
0
0
74
1
509
0
3
1
0
1
2
3
2
0
1
2
0
0
1
2
2
0
0
0
0
3
6
14
2
12
1
1
0
1
1
1
1
12
0
13
0
4
0
3
25
4
2
1
7
28
0
0
0
1
1
0
1
0
1
0
4
0
7
0
0
0
2
0
0
0
1
0
5
0
1
2
0
0
0
0
0
11
0
0
2
3
0
0
2
0
10
0
3
9
0
0
3
0
3
10
0
0
5
0
3
0
0
0
1
4
0
0
3
2
27
0
0
13
1
0
6
1
1
3
1
4
1
0
1
1
1
11
32
1
0
1
1
1
0
10
1
16
0
0
10
1
0
1
1
0
4
1
0
2
0
2
1
0
8
2
0
0
0
3
0
118
13
0
1
227
0
1
1
0
1
1
11
0
49
6
3
19
0
0
0
0
0
0
1
0
15
1
0
0
1
3
2
0
1
0
2
19
0
2
0
0
0
0
0
4
0
0
1
0
48
0
1
1
1
5
1
1
1
4
0
1
0
24
6
0
1
5
1
8
0
0
0
0
0
2
49
0
16
0
2
51
0
0
7
1
0
0
0
0
0
0
0
0
0
2
10
0
1
0
48
0
0
0
2
0
7
0
5
16
0
3
23
1
1
5
1
16
1
10
58
18
9
0
0
0
3
0
15
5
1
2
0
2
1
1
1
1
2
1
2
1
0
1
10
7
2
0
1
1
1
0
1
1
2
0
0
6
0
0
0
1
2
3
1
0
1
0
1
0
0
1
0
0
2
1
1
3
13
0
0
1
0
1
0
3
4
0
1
0
0
96
1
0
0
8
3
0
24
1
0
2
2
4
0
2
0
2
2
1
1
1
0
1
2
1
0
1
0
0
0
1
5
2
0
1
2
4
1
0
6
2
0
9
0
0
0
1
2
1
1
1
0
0
0
1
0
1
4
0
0
1
11
0
0
0
0
93
4
12
0
9
1
0
2
0
1
0
0
1
0
1
3
2
4
0
11
1
1
0
2
0
6
0
0
0
3
2
0
21
1
1
1
1
1
1
29
10
1
0
1
0
0
0
2
2
39
4
0
5
0
0
0
0
2
1
0
0
0
0
2
1
0
1
23
3
0
0
2
8
3
0
0
0
0
6
0
0
0
6
1
0
4
0
4
0
0
0
1
0
12
0
9
0
1
26
0
6
0
1
1
12
3
0
1
3
0
3
0
3
0
0
24
0
0
1
0
0
0
2
1
1
1
0
0
1
1
3
0
0
1
6
0
1
18
0
0
3
0
2
1
1
0
1
1
82
0
0
10
2
0
7
1
0
0
1
66
0
80
3
0
0
3
3
0
3
3
3
0
10
5
1
0
0
90
2
4
0
1
25
0
1
1
5
0
0
1
0
0
0
0
1
1
1
0
1098
0
0
0
3
30
0
6
0
0
0
0
1
0
0
3
0
1
0
1
10
4
1
0
0
0
0
0
1056
12
83
1
12
2
48
0
0
0
1
4
0
0
0
1
1
16
2
9
5
2
1
5
0
0
0
0
0
0
0
1
0
0
1
4
0
3
0
9
0
2
25
0
5
0
0
0
2
67
0
0
0
0
0
0
0
0
2
15
1
1
1
0
0
5
40
8
0
0
0
0
4
1
0
3
0
6
0
6
1
3
0
0
1
0
0
0
0
2
0
3
0
0
0
0
1
0
0
1
14
5
0
2
2
14
0
3
0
2
5
0
0
8
7
5
0
8
2
1
1
8
0
1
5
0
203
0
0
1
0
0
0
0
135
2
2
1
0
1
2
0
0
0
0
0
0
0
12
0
0
1
4
1
1
0
0
0
0
0
1
2
1
37
16
0
1
6
10
13
0
12
0
16
4
8
0
1
0
59
1
0
0
0
0
0
2
2
2
1
4
3
0
204
5
5
0
0
1
1
18
2
0
3
1
1
13
106
0
1
0
0
0
2
1
6
1
7
0
3
38
0
31
0
0
5
0
7
4
0
0
0
1
2
5
0
0
1
1
0
0
6
3
0
0
68
1
6
14
18
1
3
51
7
0
7
663
5
9
2
0
0
0
8
0
0
0
0
1
0
1
21
0
4
4
0
0
0
0
4
0
0
0
0
1
35
4
6
0
0
7
6
2
16
0
19
21
5
0
3
9
0
0
13
1
1
0
0
0
2
0
22
0
0
0
3
2
30
1
40
1
19
0
0
0
1
0
4
1
25
22
0
2
0
0
2
0
2
2
1
7
14
0
1
4
21
0
0
0
10
20
7
0
0
0
1
0
4
1093
0
215
0
2
3
0
1
3
13
5
4
2
1
5
2
0
80
12
1
0
0
0
5
0
1
0
0
0
6
2
3
3
1
0
0
0
0
3
0
0
0
1
2
7
3
17
0
1
0
0
1
1
0
3
0
0
0
3
0
0
5
3
4
0
7
0
3
8
1
0
58
52
2
3
0
0
4
0
2
4
0
1
0
0
2
6
5
1
9
0
0
2
0
0
19
0
0
0
0
2
0
0
0
1
0
0
0
0
1
1
2
0
0
3
2
10
0
4
3
0
6
6
0
6
0
0
0
1
0
3
1
0
2
1
10
1
3
11
6
1
0
1
1
0
1
7
0
1
0
4
3
0
0
0
1
0
1
5
0
7
3
0
0
1
2
1
1
1
0
1
0
1
0
0
11
4
1
14
0
1
3
0
2
0
0
1
5
3
2
3
0
0
0
3
8
0
10
1
2
16
0
35
3
10
12
0
0
12
16
0
3
19
0
2
7
0
2
1
2
0
0
0
6
10
0
1
9
0
0
4
0
14
0
0
1
0
0
0
0
0
3
0
0
7
1
0
0
0
2
5
0
3
0
0
0
0
1
45
1
0
1
1
1
0
0
0
0
13
12
0
3
1
0
0
1
4
2
0
2
2
0
3
0
0
0
1
0
0
2
3
1
3
1
2
0
2
1
0
5
0
18
0
2
3
0
0
3
0
0
1
0
0
1
23
0
10
50
2
5
0
0
17
4
0
0
0
3
7
4
1
1
0
0
0
12
14
0
8
4
6
0
0
0
0
105
2
0
0
1
0
21
0
0
0
0
1
0
4
0
0
2
2
1
0
0
11
11
3
1
0
0
0
2
0
1
1
1
1
0
0
217
0
35
0
1
1
18
0
0
0
31
0
1
0
1
0
3
0
0
1
3
4
1
2
548
1
6
10
0
1
0
22
0
4
0
1
1
0
0
0
0
0
3
1
0
6
0
7
0
1
11
1
0
0
10
0
0
0
0
1
0
1
0
0
0
2
0
1
2
0
1
2
0
3
7
0
20
0
0
0
0
1
5
3
0
94
0
0
0
0
0
1
0
1
0
0
0
4
0
4
1
1
2
0
2
2
0
1
4
2
0
3
0
0
0
0
1
0
1
2
2
0
0
13
0
1
1
1
1
0
0
1
2
0
0
28
0
3
27
4
0
1
1
1
6
69
16
1
0
0
0
14
2
3
2
10
7
23
5
0
19
4
3
0
0
7
4
0
1
0
0
0
0
0
0
0
1
0
1
0
3
7
56
3
1
6
4
4
1
1
47
0
1
5
0
0
0
0
0
0
1
2
0
0
1
5
11
2
14
2
0
8
8
1
7
1
17
0
0
1
0
0
4
1
0
1
0
0
0
0
78
0
0
3
3
3
1
3
4
1
0
0
0
2
0
1
3
0
6
0
140
1
14
28
0
0
20
13
1
3
39
95
2
1
10
1
0
0
3
5
1
1
0
0
0
13
0
0
1
7
34
0
0
5
0
1
0
0
17
0
1
123
1
3
0
0
1
13
0
0
10
1
0
1
6
0
0
2
0
7
2
0
40
10
1
0
0
2
0
35
3
0
2
1
0
0
7
2
3
5
2
0
4
9
0
3
0
0
3
1
1
1
0
0
0
0
9
2
1
0
0
1
1
3
6
4
0
0
0
3
9
2
2
0
22
0
2
2
1
1
0
4
0
0
12
1
2
2
0
13
0
0
26
3
0
1
0
0
0
6
7
0
1
0
0
0
4
3
0
0
1
20
1
230
0
2
0
0
0
0
0
2
0
2
1
11
1
4
0
3
2
0
0
8
1
0
1
0
1
0
26
4
0
0
2
2
10
3
5
11
0
2
1
5
0
7
6
4
1
0
0
0
0
50
0
3
4
0
10
2
13
3
0
3
0
2
0
79
0
1
0
0
0
25
0
1
4
2
3
5
2
2
0
1
0
35
3
9
5
0
0
2
0
0
5
0
2
2
31
4
0
0
0
1
0
128
0
0
0
1
2
0
0
0
2
1
0
65
3
30
6
1
4
16
0
2
1
0
1
3
1
17
0
3
0
0
1
0
0
0
3
8
0
0
2
0
3
21
6
1
0
0
0
1
0
1
3
2
0
0
0
7
0
4
7
0
0
7
3
7
0
7
1
1
1
2
0
0
1
34
0
0
825
0
0
1
3
1
1
1
1
3
5
0
0
2
22
1
2
0
17
0
0
2
0
2
0
4
12
0
1
0
7
0
1
1
0
0
1
0
0
0
1
0
0
1
21
0
6
1
5
1
19
0
0
2
7
0
4
0
2
0
0
0
0
0
2
0
1
6
1
0
1
3
0
0
0
0
1
0
4
0
0
7
4
0
3
0
4
8
0
1
0
119
16
7
10
2
3
1
2
5
0
0
1
1
0
8
1
8
0
4
2
0
43
0
0
4
2
9
1
0
0
0
1
1
0
4
1
0
0
0
0
0
0
31
0
0
2
0
0
2
0
0
3
0
70
0
22
0
0
8
5
19
2
1
2
0
0
3
2
5
0
13
0
0
9
1
0
14
0
2
3
0
29
0
0
0
9
0
15
5
4
4
0
0
0
4
0
2
5
0
1
0
0
1
5
3
1
4
0
0
1
3
1
0
4
24
0
0
1
0
0
0
2
12
0
10
13
0
64
0
1
4
0
3
30
1
0
442
1
5
0
0
2
35
1
0
0
6
0
0
1
1
1
7
1
0
5
1
7
7
0
1
0
0
0
0
0
0
1
15
0
2
0
0
0
1
1
0
0
11
0
10
5
4
0
3
16
1
4
4
0
2
0
0
0
0
3
0
0
1
5
0
0
1
0
1
0
1
3
0
12
6
1
0
0
2
1
3
2
0
0
2
0
0
0
0
78
1
5
102
1
0
0
0
8
2
2
11
38
0
1
0
0
2
21
2
48
3
3
0
8
0
6
11
1
0
0
49
0
1
1
0
2
4
7
0
2
0
1
17
0
6
1
5
0
0
0
3
0
0
0
3
88
13
0
0
0
0
4
1
5
2
3
0
2
2
0
1
2
1
0
0
0
10
22
0
0
5
2
1
1
0
3
0
1
1
0
0
2
1
1
0
0
6
0
0
0
7
0
5
3
0
10
7
1
12
0
7
0
0
3
0
0
0
0
0
1
2
2
0
3
19
4
0
3
2
9
1
3
2
0
2
0
2
0
0
0
0
1
5
21
0
0
0
3
2
1
0
1
5
5
5
5
1
0
3
11
0
0
3
31
18
1
2
65
1
13
2
0
4
0
3
2
0
0
0
3
45
1
3
0
0
11
0
0
0
0
0
0
9
0
2
0
0
0
0
0
13
1
5
0
0
0
1
14
38
6
2
5
1
18
0
14
0
9
1
1
0
53
2
0
2
8
0
4
0
13
0
0
0
0
0
18
1
1
0
0
2
0
0
0
0
1
15
0
0
11
0
0
1
6
0
1
1
0
3
6
4
3
0
1
5
0
2
1
0
4
0
0
2
0
0
1
0
0
0
0
1
1
3
0
0
0
1
0
8
6
0
3
1
1
105
0
1
0
2
3
0
0
0
2
0
1
0
4
0
0
0
1
2
8
5
0
35
1
0
0
10
2
3
4
4
0
0
0
1
4
3
0
0
8
1
2
3
4
0
2
0
0
0
7
6
0
0
3
1
0
2
0
0
16
11
4
0
2
3
4
7
6
4
10
0
0
1
2
1
2
238
0
1
7
0
0
129
47
0
0
1
10
24
1
40
5
0
0
1
4
5
5
5
0
2
0
1
0
0
0
0
1
1
1
2
2
5
2
9
0
0
1
1
1
5
4
0
0
0
1
10
0
0
0
2
2
5
0
2
0
6
2
2
1
0
1
3
9
3
234
1
0
0
1
0
39
0
2
2
0
0
4
0
0
0
1
0
128
2
0
50
0
2
1
0
0
3
0
5
2
4
1
0
21
0
2
5
49
0
13
0
0
3
3
1
3
1
2
1
0
2
1
3
1
0
3
0
1
0
0
0
0
1
10
2
9
4
4
0
51
0
5
0
5
1
1
1
3
1
1
2
0
3
1
0
1
0
0
0
6
25
0
2
2
0
0
0
0
1
1
0
0
0
1
0
0
0
0
10
6
0
5
2
0
2
3
55
0
1
4
4
4
0
5
1
5
6
0
48
5
3
0
0
1
3
2
6
1
1
1
697
0
0
4
2
1
0
1
2
1
0
1
0
1
3
2
0
0
10
1
0
2
0
0
4
77
0
0
2
0
0
1
6
1
0
1
1
2
3
1
0
0
0
8
0
0
43
1
1
1
2
2
10
70
1
0
0
5
1
1
0
0
1
6
2
30
0
7
1
0
0
26
3
0
0
2
0
1
0
2
0
6
2
0
0
0
4
1
0
0
0
1
0
5
2
8
2
0
0
11
7
2
1
247
0
0
1
0
1
0
7
1
0
0
1
1
0
1
0
1
1
0
4
0
3
14
0
0
2
1
1
2
5
40
14
3
12
0
1
5
0
7
0
0
9
5
15
0
2
2
0
0
3
0
0
18
0
0
2
94
2
3
0
0
4
1
0
13
19
1
0
1
10
0
5
0
2
0
4
1
0
3
0
0
7
0
1
2
11
1
2
6
0
0
0
2
0
0
6
1
0
0
2
3
3
1
0
0
29
4
0
0
0
0
10
1
0
0
2
0
0
26
3
1
1
0
28
0
36
1
6
1
0
0
3
12
1
0
0
0
0
0
1
1
4
0
1
1
0
16
1
0
6
2
0
1
0
5
0
1
0
8
1
1
4
1
14
7
1
6
1
0
0
0
2
2
0
3
4
0
0
0
0
1
0
0
0
1
0
0
0
0
3
0
0
9
2
0
0
9
1
4
9
4
1
59
0
790
0
0
0
0
10
4
0
0
0
34
0
0
11
12
0
2
1
0
1
6
0
3
10
0
79
0
0
0
2
4
0
86
3
2
0
1
0
0
3
1
2
0
1
3
2
1
7
0
0
4
3
0
2
0
5
1
1
4
0
13
0
4
6
0
0
3
1
0
4
2
0
1
0
0
1
1
4
2
28
2
7
3
1
0
0
4
2
5
0
58
2
6
76
1
0
1
0
40
2
0
0
4
6
0
0
0
0
0
3
2
2
2
0
0
0
6
2
28
0
4
0
3
2
5
0
0
2
0
1
3
0
0
0
0
3
0
2
0
112
0
0
2
2
1
0
17
9
32
38
0
13
0
0
3
22
4
0
6
0
0
0
0
27
0
0
0
0
2
0
1
12
0
1
3
1
0
2
1
2
0
0
0
0
1
0
0
3
2
2
16
1
6
0
9
0
3
3
10
2
0
0
0
0
3
3
24
0
0
0
3
1
2
0
0
0
2
2
0
1
0
0
0
0
0
0
0
39
3
0
1
28
0
0
4
11
2
2
7
1
0
2
3
2
1
2
1
0
0
0
0
4
1
1
2
8
2
1
3
3
0
0
0
0
17
0
0
2
2
2
630
0
1
2
0
2
4
1
0
0
1
4
0
0
26
0
0
0
0
3
5
0
0
0
0
3
2
31
0
1
1
0
0
0
0
0
0
2
0
0
4
1
0
2
2
1
4
2
0
0
0
4
3
2
2
1
2
1
8
135
0
0
2018
7
2
0
4
0
11
0
0
0
0
1
22
5
1
2
0
0
0
5
1
0
1
0
3
3
2
0
23
0
0
168
0
0
3
0
58
1
0
0
0
1
3
2
80
0
10
1
157
1
6
2
2
1
0
0
54
1
0
0
0
0
14
2
4
0
3
5
0
0
2
0
0
13
0
0
0
2
2
0
3
0
0
2
1
0
564
2
22
0
1
7
1
5
3
0
1
1
3
0
0
1
0
0
5
8
2
0
0
5
0
5
0
0
10
0
3
0
1
1
0
2
48
31
4
2
1
0
0
0
0
0
4
0
0
0
6
2
11
3
0
1
0
0
0
0
1
1
0
0
0
0
1
23
3
1
1
2
0
4
2
160
0
0
0
2
0
8
1
0
5
0
0
1
0
0
0
1
1
1
17
3
9
0
0
6
5
53
0
1
1
0
2
0
0
1
10
2
0
3
0
2
0
307
1
6
192
0
4
24
0
1
0
1
1
4
2
1
0
0
19
3
3
0
1
21
2
0
0
2
0
3
10
3
2
7
1
2
0
0
2
3
8
3
1
30
2
2
0
0
0
2
2
0
3
1
0
0
16
6
9
3
0
8
4
0
3
0
1
5
2
3
0
8
0
13
11
2
1
0
7
0
0
2
4
0
0
2
93
0
4
0
0
0
0
0
0
0
7
9
2
23
2
0
4
4
0
6
5
0
0
0
0
0
0
2
0
5
0
1
2
0
1
0
0
0
2
1
0
0
10
36
4
1
1
6
0
1
0
1
4
0
3
0
0
0
1
17
0
4
0
1
0
2
1
1
1
4
0
0
43
2
1
0
0
172
4
1
0
0
0
0
0
6
0
0
888
1
5
7
0
0
1
37
569
0
2
2
3
0
16
0
4
352
0
2
2
0
221
0
0
0
0
0
0
3
2
0
1
0
0
0
0
0
8
1
1
2
0
1
0
1
3
8
0
1
4
1
0
23
0
2
2
0
0
1
1
0
0
2
9
2
1
1
3
12
4
0
1
0
2
1
5
5
0
1
4
33
0
0
53
0
7
0
0
2
0
0
4
2
0
0
1
0
1
82
1
3
0
9
10
2
2
9
1
2
6
11
23
1
15
0
0
3
0
13
1
0
1
49
2
2
5
10
1
0
0
0
9
6
0
5
0
0
3
2
0
0
1
0
0
6
1
4
5
2
22
0
1
1
0
2
0
18
0
2
0
5
99
0
0
9
0
2
7
1
1
3
2
11
1
2
0
0
2
0
1
1
0
0
0
0
0
0
3
0
19
12
0
14
10
1
0
0
0
0
0
0
5
1
1
0
1
0
0
0
7
0
2
7
3
0
0
3
1
0
0
0
2
5
12
0
1
4
0
1
0
0
0
0
4
0
1
9
1
2
1
0
2
5
0
7
0
0
3
0
5
1
4
0
10
0
9
4
0
0
5
2
1
0
0
0
8
0
0
0
0
2
1
0
0
0
1
1
1
0
1
20
0
1
1
1
1
7
0
0
0
2
31
0
0
0
0
11
0
0
1
0
118
12
0
0
0
21
0
0
1
0
1
0
5
0
26
1
22
0
2
1
0
0
3
0
3
1
0
1
0
1
0
1
6
0
1
4
0
4
2
2
0
0
0
0
1
5
1
39
1
1
0
0
4
0
1
6
2
1
2
7
1
0
2
0
2
0
12
1
4
0
0
45
1
0
0
0
2
107
0
0
0
1
0
4
0
1
0
0
0
0
2
10
3
0
1
9
1
0
0
0
6
0
0
3
5
0
1
0
6
13
13
0
1
0
2
1
0
0
0
1
0
0
0
0
0
4
1
0
3
0
1
0
385
0
16
8
0
0
1
10
0
4
0
0
0
2
0
37
0
0
0
1
7
0
1944
0
0
0
38
5
0
161
17
3
1
0
2
0
5
0
0
9
445
0
2
4
4
6
4
0
0
5
0
0
0
1
0
0
1
0
0
1
2
1
0
0
0
38
0
1
0
4
0
1
0
0
0
0
0
0
1
1
2
1
0
1
3
2
3
99
1
1
1
1
2
0
1
1
3
9
0
0
2
1
1
6
0
0
0
0
2
1
1
59
2
0
287
0
1
0
0
0
15
4
3
1
1
0
3
1
0
0
0
0
7
4
0
2
0
0
0
0
0
0
1
2
0
0
1
1
1
0
8
2
0
0
6
2
7
2
0
0
2
0
0
0
1
1
1
0
0
0
0
0
4
0
7
5
0
1
0
2
0
3
1
1
1
10
0
0
14
0
3
1
0
49
5
0
17
1
0
41
0
11
0
3
0
3
1
0
1
1
9
0
1
2
0
2
0
0
0
61
0
0
6
9
0
1
1
0
4
0
0
0
0
1
0
9
1
3
1
57
0
2
1
2
4
0
2
1
2
7
1
12
5
1
16
0
0
0
14
2
0
0
4
0
1
1
0
1
0
0
2
1
1
1
0
0
0
1
0
7
1
2
207
3
1
5
1
6
0
1
0
0
0
4
0
0
0
1
4
20
0
0
0
7
0
8
1
1
2
1
0
0
0
0
4
0
0
0
8
2
34
1
0
47
91
18
0
2
44
0
1
0
8
0
0
1
0
1
6
3
1
2
0
1
1
56
0
1
0
0
5
1
0
0
0
2
0
0
2
0
0
2
13
0
9
1
1
0
1
6
19
2
0
0
2
1
2
2
6
17
2
2892
0
2
0
0
6
3
0
5
11
0
7
1
16
0
3
6
4
0
1
1
0
0
0
1
4
0
0
1
0
12
96
1
5
1
0
2
7
0
0
17
11
0
1
0
4
49
0
11
1
113
19
0
1
8
0
3
1
3
2
1
1
5
11
0
4
0
31
0
3
4
6
2
0
226
1
0
3
1
1
8
19
1000
0
1
1
3
19
0
0
0
0
0
0
9
24
0
0
6
1
1
1
1
2
0
1
0
21
4
3
0
0
11
18
0
0
0
1
0
51
2
1
1
10
15
0
2
88
0
20
0
1
9
0
0
1
0
2
0
0
1
0
0
1
1
0
0
0
0
11
0
6
0
23
1
0
0
29
0
0
3
0
1
1
0
0
3
5
2
0
0
12
0
0
2
0
0
5
2
0
0
5
0
1
2
7
13
7
0
4
0
0
0
6
1
11
0
1
0
1
5
1
14
0
0
5
0
10
11
3
0
0
1
0
0
0
0
0
15
0
1
0
1
1
13
101
2
0
0
0
0
3
50
0
0
0
0
30
0
0
2
1
4
10
0
0
0
3
0
6
0
0
14
7
10
37
0
0
0
0
3
1
0
5
4
0
4
6
1
0
1
3
0
5
3
1
0
1
0
1
0
172
0
0
1
9
0
2
0
28
104
17
0
0
1
3
0
1
1
2
3
3
2
174
1
0
4
0
0
2
3
1
0
1
0
63
4
4
1
0
0
19
3
72
4
3
0
0
8
3
0
2
0
1
1
0
0
0
4
0
0
3
0
1
0
2
0
0
0
0
0
0
0
0
1
3
7
30
7
0
5
0
6
2
0
0
2
0
78
0
130
1
0
0
19
0
0
0
2
35
0
0
0
1
0
0
0
2
0
1
5
0
0
18
14
2
2
0
0
0
1
3
0
0
0
1
1
0
0
0
0
0
0
1
3
1
0
0
0
0
0
0
5
0
0
4
6
1
0
0
0
1
2
0
4
0
15
0
0
11
1
1
36
36
0
0
2
0
0
0
3
13
2
0
0
2
6
4
0
2
13
3
4
0
1
48
2
0
9
186
0
4
0
1
4
2
3
0
2
1
14
1
6
2
0
0
2
0
0
1
147
6
2
0
27
0
3
6
17
4
0
1
5
8
0
0
6
4
0
8
3
5
2
1
0
5
0
2
5
0
0
0
1
1
6
5
0
1
9
2
0
279
27
0
5
11
4
0
2
0
1
0
2
4
0
0
4
0
0
64
2
2
1
0
2
4
2
1
5
1
0
0
5
3
16
527
1
12
0
0
5
0
0
0
0
0
0
0
0
0
0
0
2
1
0
17
2
0
15
1
0
3
0
0
5
0
2
1
0
0
7
0
5
0
0
0
0
0
0
0
0
10
9
1
0
0
1
2
0
130
0
15
6
0
0
0
3
0
4
0
4
17
1
2
1
2
25
1
132
0
2
0
1
0
30
11
0
0
3
9
1
0
42
5
0
0
4
0
0
0
0
0
0
0
2
2
1
22
0
0
0
0
0
8
0
0
2
5
2
8
0
0
2
7
1
2
0
0
19
0
287
7
0
20
0
2
1
2
0
2
0
0
0
0
0
2
6
1
7
1
4
0
0
0
0
1
1
0
9
0
5
1
1
1
1
0
0
8
0
2
4
1
9
0
21
2
0
5
6
1
0
2
1
0
3
59
0
1
0
3
0
0
0
0
3
0
0
0
5
1
0
3
2
0
0
6
8
8
11
2
0
3
0
3
6
17
0
1
3
32
2
0
0
1
2
1
0
0
1
1
0
2
2
0
0
3
0
0
1
0
13
1
1
12
1
1
8
0
0
1
0
6
0
0
1
0
1
1
11
0
0
2
9
0
1
12
2
2
1
1
7
0
3
15
0
1
0
7
1
0
0
1
2
0
7
1
1
0
0
4
0
8
4
3
0
9
1
3
0
0
0
1
12
0
8
51
0
0
1
0
1
2
3
0
3
0
1
10
3
0
5
0
0
0
1
0
1
0
0
1
0
0
1
0
90
0
0
2
0
0
0
13
0
0
0
0
0
0
1
4
2
0
0
0
2
0
0
1
1
0
0
0
0
1
1
0
1
2
1
3
1
2
17
8
0
1
0
0
2
1
0
13
17
3
0
1
0
6
0
3
1
0
193
0
2
1
1
0
1
11
3
0
2
10
0
15
8
58
4
1
2
28
2
0
0
6
0
0
4
0
0
2
0
0
0
0
1
0
3
2
0
0
0
1
1
2
2
4
0
0
7
1
2
0
1
1
1
2
3
0
9
1
1
2
3
2
0
0
0
1
0
0
12
0
0
8
0
1
18
1
8
6
0
1
0
0
335
1
0
1
0
9
0
1
22
10
2
0
1
1
1
0
2
0
0
0
0
1
3
1
0
1
0
0
0
6
1
0
4
1
27
0
3
0
0
0
1
0
0
0
1
45
0
0
1
0
0
26
3
0
0
0
0
0
0
0
1
0
3
1
0
1
58
0
1
1
2
2
0
0
1
0
3
26
2
1
1
19
0
0
168
1
0
3
0
19
88
0
2
1
0
0
1
0
5
18
6
1
3
2
4
0
1
21
2
0
3
0
2
0
0
3
3
0
0
0
1
2
0
2
1
1
0
0
0
8
1
0
0
0
21
0
26
11
1
0
206
0
0
4
133
0
1
0
1
3
4
0
0
1
2
2
0
16
0
0
9
1
0
1
1
0
0
0
1
2
1
0
1
0
1
0
1
1
4
1
0
0
32
1
1
0
0
0
3
15
2
6
2
0
76
5
0
0
1
0
0
1
3
8
2
3
0
4
5
0
1
1
1
4
0
1
0
16
0
0
0
14
1
0
1
1
0
34
4
22
0
0
0
12
3
1
2
0
0
0
0
17
1
2
4
1
0
8
1
0
0
3
1
0
0
0
0
0
126
0
1
0
0
4
0
0
0
0
0
0
3
1
3
0
15
0
10
0
1
1
0
0
10
1
0
0
2
3
0
2
0
0
0
4
5
10
0
1
0
2
0
0
0
4
0
0
0
0
0
15
0
0
0
53
0
0
3
0
0
0
0
0
0
0
53
1
0
1
0
4
0
2
0
2
0
7
0
0
2
0
0
0
0
0
0
0
4
0
1
0
0
0
0
0
0
0
0
0
1
7
1
0
0
0
0
0
1
4
0
5
1
117
1
1
0
1
1
3
9
0
2
4
0
0
1
2
2
0
0
0
1
11
0
6
0
7
4
0
1
3
1
0
0
2
0
4
0
0
0
1
0
0
0
0
0
7
0
0
0
0
1
3
6
0
0
1
3
0
4
1
0
1
3
19
248
0
10
1
0
1
8
2
3
3
2
93
0
16
0
21
0
1
0
0
0
4
0
18
0
1
4
0
0
1
11
19
0
1
5
2
2
5
0
0
9
1
1
1
0
2
0
0
0
1
1
0
0
2
1
0
5
3
10
7
8
0
0
3
1
0
26
0
3
0
2
1
0
0
2
4
0
0
2
0
1
1
2
0
2
2
13
5
1
5
5
0
3
6
2
0
38
0
5
6
8
0
1
0
0
12
0
8
10
1
0
0
4
2
0
7
2
2
0
3
3
0
33
7
0
0
9
1
0
1
17
0
1
0
16
13
0
15
1
4
1
0
0
0
0
2
0
0
4
350
1
2
1
0
0
7
0
0
0
4
0
2
0
0
0
0
0
1
0
0
60
1
0
2
0
3
1
0
2
0
15
0
0
3
0
0
0
3
1
0
8
3
1
3
1
40
0
1
0
2
1
0
0
0
12
0
5
0
5
4
0
3
0
0
1
3
10
0
0
0
1
6
0
2
42
5
1
0
0
1
14
0
9
11
2
4
0
0
0
0
0
4
1
4735
0
1
33
1
2
1
7
0
0
0
1
0
0
3
0
1
0
0
114
1
4
0
1
0
0
2
9
3
2
0
1
0
0
6
1
0
1
2
1
0
2
162
1
1
0
0
1
0
4
3
1
1
0
0
7
3
12
0
3
0
0
5
224
0
50
1
0
0
3
1
1
0
0
13
0
1
1
1
4
0
1
3
0
0
22
31
1
1
1
0
1
10
7
1
1
0
1
0
0
2
6
0
1
31
6
0
8
1
1
0
0
0
0
1
3
0
1
8
0
1
15
4
2
11
1
0
0
4
0
1
256
4
1
6
6
0
13
91
1
0
16
0
0
5
0
0
2
0
1
2
0
0
0
1
3
0
0
1
0
1
0
3
0
3
12
15
0
1
0
0
1
0
1
0
0
0
1
0
1
24
1
0
0
1
1
0
0
4
5
12
0
1
1
0
4
3
1
0
1
0
0
12
0
2
1
9
3
0
1
2
6
0
20
10
0
0
2
0
5
0
2
0
0
1
0
1
2
0
0
3
1
27
14
0
1
0
2
0
1
0
0
0
1
0
13
0
2
1
54
1
1
0
4
1
1
0
0
8
4
0
1
0
0
8
0
0
2
