3
72
0
2
2
1
0
1
2
12
5
6
1
2
12
22
10
4
6
3
0
8
149
2
10
8
0
7
0
2
11
4
7
7
0
17
1
6
2
2
2
10563
0
28
28
0
3
10
4
4
3
1
7
6
3
5
5
69
17
6
15
3
3
3
0
1
6
13
6
6
0
4
1
51
7
7
3
3
3
2
3
0
5
15
5
5
2
4
14
5
4
26
5
2
88
2
10
1
1
3
2
21
2
2
0
6
2
1
1
9
1
10
8
9
8
6
8
3
9
4
5
1
4
8
4
2
2
4
10
11
0
2
4
8
2
3
5
31
3
2
8
4
10
5
1
0
6
12
8
5
10
2
4
1673
2
3
9
0
7
2
3
2
4
5
4
3
9
2
4
8
10
4
0
5
3
0
0
3
5
4
1
9
10
2
0
12
14
11
0
4
5
7
0
5
5
11
3
0
8
3
2
3
3
16
2
4
10
1
23
9
6
20
11
3
13
7
99
3
1
2
11
0
5
3
6
15
3
1
6
0
3
8
135
2
16
20
15
4
3
2
4
2
3
3
7
6
0
6
9
1
6
21
2
2
16
8
5
24
49
3
4
2
9
6
13
38
4
10
5
102
14
3
22
0
2
26
0
3
8
1
7
9
10
5
1
8
8
7
103
0
5
1
27
1
9
8
20
16
2
0
4
3
0
24
1
4
13
34
8
5
1
7
8
2
3
13
1
7
5
0
4
2
15
0
1
4
3
5
25
0
0
2
4
8
7
0
8
12
18
8
10
5
19
4
5
2
1
0
8
1
0
3
9
7
15
10
1
9
0
1
4
4
3
1
3
1
5
4
88
1
11
13
4
3
7
4
2
7
1
0
48
5
1
1
6
9
212
5
2
1
12
5
25
3
2
1
3
5
9
11
2
4
0
3
5
1
8
5
3
19
1
3
4
16
3
0
5
1
3
4
10
0
1
0
2
1
6
10
20
7
9
4
3
10
20
7
4
13
4
38
11
1
5
2
0
2
3
1
1
1
99
2
9
0
1
2
13
69
40
22
3
51
1
7
25
2
5
6
38
4
6
5
3
14
0
3
12
6
5
4
66
0
0
8
8
0
9
0
1
4
1
31
4
7
9
5
6
4
17
3
3
72
0
2
2
1
0
1
2
12
5
6
1
2
12
22
10
4
6
3
0
8
149
2
10
8
0
7
0
2
11
4
7
7
0
17
1
6
2
2
2
10563
0
28
28
0
3
10
4
4
3
1
7
6
3
5
5
69
17
6
15
3
3
3
0
1
6
13
6
6
0
4
1
51
7
7
3
3
3
2
3
0
5
15
5
5
2
4
14
5
4
26
5
2
88
2
10
1
1
3
2
21
2
2
0
6
2
1
1
9
1
10
8
9
8
6
8
3
9
4
5
1
4
8
4
2
2
4
10
11
0
2
4
8
2
3
5
31
3
2
8
4
10
5
1
0
6
12
8
5
10
2
4
1673
2
3
9
0
7
2
3
2
4
5
4
3
9
2
4
8
10
4
0
5
3
0
0
3
5
4
1
9
10
2
0
12
14
11
0
4
5
7
0
5
5
11
3
0
8
3
2
3
3
16
2
4
10
1
23
9
6
20
11
3
13
7
99
3
1
2
11
0
5
3
6
15
3
1
6
0
3
8
135
2
16
20
15
4
3
2
4
2
3
3
7
6
0
6
9
1
6
21
2
2
16
8
5
24
49
3
4
2
9
6
13
38
4
10
5
102
14
3
22
0
2
26
0
3
8
1
7
9
10
5
1
8
8
7
103
0
5
1
27
1
9
8
20
16
2
0
4
3
0
24
1
4
13
34
8
5
1
7
8
2
3
13
1
7
5
0
4
2
15
0
1
4
3
5
25
0
0
2
4
8
7
0
8
12
18
8
10
5
19
4
5
2
1
0
8
1
0
3
9
7
15
10
1
9
0
1
4
4
3
1
3
1
5
4
88
1
11
13
4
3
7
4
2
7
1
0
48
5
1
1
6
9
212
5
2
1
12
5
25
3
2
1
3
5
9
11
2
4
0
3
5
1
8
5
3
19
1
3
4
16
3
0
5
1
3
4
10
0
1
0
2
1
6
10
20
7
9
4
3
10
20
7
4
13
4
38
11
1
5
2
0
2
3
1
1
1
99
2
9
0
1
2
13
69
40
22
3
51
1
7
25
2
5
6
38
4
6
5
3
14
0
3
12
6
5
4
66
0
0
8
8
0
9
0
1
4
1
31
4
7
9
5
6
4
17
3
1
6
0
13
8
6
5
2
12
5
4
9
3
46
13
6
1
11
11
1
12
75
2
2
5
1
3
4
4
0
4
4
7
6
39
23
782
2
26
4
0
5
4
30
5
6
1
0
1
0
22
3
1
9
1
3
5
1
9
3
2
7
1
7
34
15
2
7
8
5
3
56
5
10
10
12
10
2
4
4
4
4
1
0
21
9
16
4
1
4
15
1
14
0
48
1
5
0
16
4
27
1
2
28
25
1
28
3
7
4
7
2
1
18
2
16
12
0
5
10
4
76
0
1
3
2
5
4
10
1
7
7
2
29
14
7
1
6
2
16
6
45
7
1
5
4
6
3
5
1
6
13
0
19
30
3
0
0
1
1
6
21
8
2
73
4
8
2
0
10
7
3
9
8
3
2
22
4
6
0
2
2
4
4
4
0
0
21
4
4
10
6
1
4
70
5
3
2
12
9
18
1
6
8
1
4
3
1
5
5
0
3
8
1
5
20
8
5
2
1
3
0
26
3
2
70
1
1
5
3
0
13
1
11
61
0
11
29
2
2
1
14
53
8
11
1
4
9
3
12
2
3
4
9
2
7
5
21
5
26
3
20
6
1
7
7
3
340
73
1
6
0
16
2
4
9
1
4
6
5
7
10
14
8
4
23
0
13
2
14
7
1
1
9
5
13
6
5
18
4
9
12
2
1
1
3
7
2
5
0
11
1
9
5
5
1
0
0
36
13
0
3
0
7
7
4
3
1
5
5
0
5
6
2
11
3
6
2
5
7
1
6
4
5
4
1
9
3
2
3
0
1
5
11
0
0
2
10
5
13
2
5
9
3
7
2
4
5
0
3
0
5
0
4
0
3
0
3
4
4
2
16
0
13
3
1
1
0
2
2
17
4
1
1
5
14
9
2
1
8
4
11
12
0
11
3
6
11
23
2
7
4
1
5
2
3
11
9
1
9
2
10
5
3
2
0
8
2
2
4
2
8
9
13
17
2
10
1
4
2
16
100
5
2
3
7
3
1
3
3
5
147
2
1
1
0
13
5
8
6
1
7
13
4
1
7
5
7
27
33
113
23
5
1
3
1
3
36
5
8
42
2
3
8
3
2
2
1
1
0
4
6
3
8
7
0
1
9
54
3
5
31
10
3
1
4
1
2
9
1
9
2
0
3
0
17
4
1
1
2
12
1
2
2
5
2
8
5
4
11
3
0
9
7
2
6
1
2
2
7
1
5
0
1
7
8
5
13
5
2
6
3
2
8
33
1
1
4
8
3
1
11
10
3
1231
1
2
5
5
6
1
6
237
0
1
19
9
3
51
1
2
2
7
3
5
47
1
2
5
1
1
5
4
15
4
6
8
2
2
5
6
4
12
4
1
5
2
16
7
2
1
2
7
2
9
4
9
3
2
3
6
1
0
0
1
22
4
4
9
13
6
3
39
1
4
1
5
1
1
3
3
0
3
388
7
4
29
20
7
0
3
3
24
2
1
0
3
0
14
3
9
14
1
0
3
13
17
1
5
2
5
20
6
18
11
10
3
11
3
0
1
3
3
9
4
7
19
1
22
5
1
1
0
0
5
1
28
1
3
4
3
25
33
1
0
57
3
4
0
3
0
7
13
21
18
5
6
0
10
4
22
2
2
1
3
9
16
3
41
2
7
11
5
6
12
16
5
3
31
0
7
1
20
0
5
2
2
12
2
4
1
13
0
4
5
14
10
4
6
2
1
4
2
24
5
5
0
7
17
1
2
3
5
12
148
1
32
2
2
5
0
7
2
12
4
6
5
4
1
2
4
2
12
9
1
7
14
17
6
22
12
6
0
2
11
2
5
7
8
3
1
4
4
2
7
1
9
17
6
1
1
3
1
14
6
7
13
1
2
7
5
5
170
2
6
0
4
7
2
17
12
3
18
0
3
0
9
1
6
11
3
4
13
5
4
6
3
0
9
3
1
3
0
5
2
0
4
5
0
73
11
2
2
3
2
8
2
3
3
4
0
10
9
4
4
7
8
10
5
9
1
9
11
3
2
2
5
2
11
8
3
6
11
1
3
11
6
7
0
2
1
5
1
6
5
1
3
117
0
1
2
2
2
4
0
1
13
4
7
1
0
247
0
2
3
5
16
2
5
0
37
5
11
2
8
3
12
8
1
8
2
8
3
2
5
6
6
8
2
78
1
2
7
4
1
1
7
5
2
3
2
2
1
78
5
13
1
31
23
3
2
4
6
0
3
14
3
185
5
1
6
2
0
6
7
7
8
0
10
3
2
20
5
10
20
3
6
2
2
2
5
6
6
11
0
5
4
7
23
8
5
3
3
0
6
3
1
0
2
16
39
2
7
4
0
0
3
4
2
4
9
2
11
20
7
1
28
2
4
1
3
1
2
2
0
1
84
4
1
51
6
5
3
1
2
1
2
2
9
41
11
2
3
0
3
26
1
1
4
3
4
14
5
0
5
1
3
8
2
2
5
2
1
14
2
31
1
0
1
171
16
4
4
4
14
8
39
7
17
22
0
2
7
2
1
10
1
17
6
1
9
0
8
6
2
2
0
10
13
5
21
1
1
2
5
0
7
2
1
4
1
13
3
0
1
4
99
30
1
3
3
3
0
0
1
7
9
20
10
8
15
13
10
2
6
2
12
7
2
10
1
3
9
14
0
2
0
5
7
15
20
3
1
1
2
4
18
2
0
10
16
0
2
68
66
18
11
4
16
5
5
0
2
10
9
10
37
194
0
6
2
10
7
7
5
3
3
8
5
4
3
15
0
4
1
0
12
3
4
2
1
4
17
6
2
3
2
10
2
5
149
2
9
8
41
13
1
1
0
9
5
6
8
1
8
3
0
1
2
30
7
3
5
2
4
0
18
5
8
20
4
0
6
3
0
105
7
5
8
13
24
30
5
1
1
119
5
7
29
1
3
7
1
12
1
4
1
6
4
2
2
4
2
14
17
2
2
2
93
0
1
1
4
5
4
30
1
10
28
9
1
4
6
2
6
4
1
2
2
5
3
1
2
4
2
4
2
25
5
25
4
51
6
3
12
4
3
3
1
1
4
2
7
1
8
5
6
3
9
3
2
15
3
3
0
4
2
1
14
19
44
4
4
20
3
1
19
53
2
9
12
5
3
4
10
15
6
9
5
2
13
3
5
3
1
4
2
1
4
31
16
4
9
2
62
5
3
4
3
2
4
20
6
10
2
3
5
29
1
7
0
11
3
54
0
5
29
2
5
13
1
14
3
0
7
2
7
10
11
17
1
5
4
1
22
2
0
34
2
12
5
0
0
12
9
28
17
1
0
6
0
4
2
6
574
2
1
13
3
7
5
3
8
8
1
7
3
5
284
4
8
4
7
4
1
2
4
1
2
18
15
1
1
4
1
1
2
6
3
2
8
4
11
2
1
2
14
3
1
2
1
11
1
0
7
77
1
5
2
1
8
2
4
1
3
2
87
3
10
9
4
38
13
2
13
7
3
5
0
3
0
7
4
8
19
7
1
2
17
4
39
23
1
3
1
0
10
2
4
7
10
0
2
4
3
10
5
4
4
13
2
4
0
8
8
6
23
5
5
1
3
1
6
7
10
4
8
6
1
4
5
7
3
2
18
57
3
2
8
12
2
21
46
17
2
4
4
2
2
4
3
0
2
4
3
1
5
5
0
8
2
2
2
2
9
11
1
4
3
2
5
7
6
15
19
1
2
10
6
3
251
3
6
4
6
13
9
0
7
1
7
4
0
1
7
2
6
1
3
10
3
4
1
8
1
26
5
1
0
3
39
17
1
3
6
3
48
2
3
2
1
10
11
7
2
0
0
3
3
6
8
0
1
24
2
62
5
36
8
12
1
5
1
11
7
4
13
9
2
8
9
2
0
1
81
3376
1
1
1
5
4
0
5
6
8
7
1
2
5
6
13
1
7
20
0
143
2
0
3
6
21
4
0
12
8
2
37
1
6
0
0
10
2
0
91
9
5
33
1
0
2
5
2
16
3
5
0
6
6
8
2
4
10
4
7
2
4
0
16
5
21
5
2
5
2
2
27
7
3
1
1
40
7
1
5
4
1
8
2
4
1
19
2
3
3
5
6
7
7
4
39
4
4
2
0
7
25
11
0
11
7
123
7
7
1
1
1
3
23
213
0
6
3
0
7
1
1
5
5
3
5
7
1
4
0
56
1
8
5
113
0
10
3
4
12
16
3
9
11
10
6
2
2
0
2
0
5
2
6
13
4
3
1
2
119
4
9
3
0
0
8
1
6
2
0
69
24
1
4
8
0
7
3
1
4
3
4
37
3
0
8
9
19
11
4
43
7
0
20
4
1
5
4
4
4
3
31
3
6
10
12
12
3
4
2
12
3
4
2
94
3
16
5
1
4
3
3
2
5
21
1
2
8
10
1
1
34
7
23
9
1
3
3
1
14
11
1
14
3
13
1
6
2
1
19
2
1
7
54
1
4
7
1
17
7
30
1
7
2
1
4
0
1
23
5
8
9
16
21
5
5
1
7
3
10
5
18
4
2
64
5
1
3
3
67
3
13
4
1
3
6
5
8
1
2
10
1
5
2
7
1
9
8
4
1
58
3
20
4
0
4
5
10
0
5
5
0
3
2
58
0
0
7
3
9
3
54
3
4
1
4
5
52
2
1
13
8
3
1
0
0
1
11
5
9
3
4
18
2
2
39
2
35
7
0
16
9
2
4
6
5
11
5
5
24
0
10
21
2
20
28
0
4
9
2
4
7
12
6
0
3
18
15
3
3
1
1
6
6
1
11
4
10
1
2
3
4
2
1
8
4
13
0
10
15
5
78
68
13
4
0
2
2
1
3
5
3
4
338
3
72
16
6
30
2
12
7
7
20
7
8
10
2
2
8
2
23
3
1
3
20
2
230
4
0
9
0
11
24
856
5
10
10
0
14
2
7
5
62
58
2
15
2
3
11
121
6
11
9
55
7
13
11
3
4
72
9
8
61
3
15
0
2
12
3
17
10
8
0
4
3
0
2
7
2
2
11
4
7
1
4
13
2
3
3
9
160
10
7
4
46
6
2
0
3
47
5
10
2
6
1
11
3
3
3
12
59
2
2
1
0
0
4
2
6
3
1
5
0
5
2
26
14
33
5
19
10
3
1
4
11
4
5
1
1
16
12
21
1
77
3
1
1
3
1
1
1
13
8
6
6
9
1
0
16
6
4
3
4
2
35
2
10
24
11
0
6
3
5
0
1
12
16
2
0
2
6
2
2
1
5
2
10
25
2
4
7
1
4
2
4
4
2
4
2
1
2
18
9
11
4
0
7
4
15
9
26
6
11
13
2
6
7
3
3
7
5
2
0
1
12
6
1
5
146
13
51
0
2
5
40
5
3
5
5
5
12
3
4
5
1
3
26
5
5
5
4
3
4
9
55
11
18
3
9
6
4
6
16
6
7
0
5
16
2
1
1
11
5
3
18
1
2
31
2
20
0
2
2
6
0
2
7
8
1
2
4
26
1
3
1
658
3
1
12
2
7
4
6
9
7
3
9
1
12
14
2
1
7
8
37
12
3
61
28
11
7
3
2
7
3
7
92
6
1
4
2
1
6
9
4
7
4
1
20
28
3
5
5
4
3
1
3
5
1
0
3
1
0
40
11
0
35
3
9
8
12
1
3
5
92
4
19
2
1
8
1
2
4
7
5
51
1
2
5
3
4
5
5
0
6
4
2
1
9
6
11
4
41
77
7
29
3
6
4
1
10
4
2
4
0
3
1
4
2
8
4
6
24
25
2
2
4
1
161
1
36
48
3
5
4
5
0
2
6
8
76
35
1
12
5
8
18
5
3
2
2
0
0
20
1
2
1
27
9
9
5
15
7
12
28
0
0
6
19
21
6
5
2
10
46
8
3
4
2
2
12
12
3
1
5
9
6
4
12
4
0
4
4
18
3
8
4
70
1
4
2
21
5
6
11
3
2
0
2
10
5
12
4
2
3
5
2
12
12
1
0
1
6
2
3
0
3
11
9
24
4
0
0
6
5
6
1
3
1
22
3
9
542
4
1
6
10
3
5
7
2
25
6
9
19
19
8
8
24
7
23
4
26
6
12
14
17
3
5
2
1
0
20
8
1
1
3
0
0
2
7
3
8
2
0
3
1
5
4
4
17
1
5
6
5
2
3
4
1
2
7
2
3
6
1
2
5
4
9
6
47
18
2
1
3
9
11
5
1
2
7
5
21
16
11
6
10
0
4
2
2
4
4
5
4
2
4
5
2
11
2
6
1
3
9
4
6
1
3
1
5
9
3
6
3
0
1
3
19
7
3
9
3
3
3
2
3
25
38
6
5
3
2
6
16
22
2
2
21
23
2
1
7
2
3
5
7
1
6
9
7
12
6
4
15
14
21
8
8
2
10
3
0
2
2
5
2
5
9
21
8
5
2
1
3
0
23
14
11
24
1
2
4
1
2
7
33
29
3
4
4
7
6
8
1
15
1
6
56
1
7
2
9
18
3
8
6
3
20
11
7
4
0
2
7
11
6
7
4
6
4
3
25
1
3
2
0
5
2
1
6
3
6
10
16
1
3
0
0
16
5258
8
3
3
3
6
19
2
1
5
7
3
2
53
10
9
4
2
2
6
4
3
14
11
19
7
3
4
6
2
14
6
7
2
4
8
2
31
5
1
8
3
3
2
4
3
11
19
6
2
3
2
4
1
3
16
3
17
0
11
0
0
14
4
1
10
28
0
3
2
4
1
3
5
4
5
3
1
1
6
10
7
7
2
1
32
11
2
4
5
23
3
2
6
0
16
7
0
21
5
7
4
1
5
10
3
9
1
6
5
5
3
8
2
5
2
7
16
6
3
11
8
39
8
1
8
8
2
3
1
5
2
12
2
1
4
0
1
5
24
6
8
28
36
11
0
4
1
7
6
3
24
0
2
30
9
7
50
4
9
29
9
0
1
3
1
13
7
4
5
6
6
3
19
1
6
1
8
4
3
12
0
6
14
2
3
34
8
3
3
8
10
38
0
2
1
14
3
3
1
5
0
3
0
53
34
1
3
0
26
4
4
11
5
7
11
3
3
4
13
11
3
10
2
3
62
24
3
9
2
65
1
4
16
7
2
2
2
7
0
243
4
2
7
1
3
4
0
6
53
3
21
1
1
6
0
3
16
18
68
1
3
2
8
2
21
2
13
4
1
13
624
3
29
5
3
2
1
2
3
0
10
2
16
8
1
6
0
20
3
10
9
15
16
31
5
1
2
6
0
4
80
0
4
2
3
10
3
7
1
18
7
4
3
0
15
6
2
0
2
1
42
2
3
4
10
6
2
7
2
77
5
9
19
4
1
1
0
4
0
2
2
5
8
2
0
4
181
7
19
4
2
5
2
25
9
9
1
9
5
39
1
6
3
9
0
3
3
29
3
4
6
3
9
0
17
45
10
3
1
3
0
6
28
0
0
2
1
0
1
4
23
5
1
2
3
5
0
15
1
1
26
1
11
3
3
1
1
0
2
3
11
1
9
7
21
4
2
0
3
7
14
1
3
44
8
10
3
1
15
15
25
16
7
3
1
4
5
3
0
0
2
4
17
12
1
0
5
2
2
6
3
0
76
1
12
3
18
10
3
3
3
22
1
3
3
6
8
3
24
26
0
1
17
2
11
36
15
1
3
1
2
2
2
3
0
4
3
1
1
3
3
36
3
3
32
4
2
2
0
0
1
0
1
8
2
4
17
3
9
2
1
1
5
10
2
5
1
2
2
5
12
6
62
5
6
0
8
11
7
2
1
6
1
11
2
4
21
2
2
64
38
2
2
6
0
2
2
6
0
4
5
10
14
4
19
2
2
0
1
3
15
15
7
10
3
7
13
1
4
11
45
0
5
0
20
12
11
3
20
9
3
67
3
5
6
11
3
5
5
5
5
3
2
6
8
11
2
4
11
8
3
2
31
12
2
2
0
3
9
1
3
238
5
3
4
1
1
1
4
3
14
4
8
18
0
2
8
9
4
15
3
27
3
2
3
9
9
3
11
0
1
4
12
3
4
4
5
4
18
41
10
5
0
4
5
4
2
6
3
2
94
1
3
11
10
9
49
11
2
3
4
3
10
2
3
18
39
5
4
13
1
70
0
3
8
0
15
6
7
7
4
19
3
24
4
9
1
3
16
1
1
1
26
6
6
5
2
1
4
0
8
2
36
1
0
2
790
4
2
1
7
4
7
16
2
7
8
2
3
7
6
3
0
11
13
4
6
4
2
6
3
10
14
2
1
9
9
0
5
3
1
13
2
1
3
6
30
1
2
5
1
1
25
10
1
7
168
6
1
0
14
12
2
2
3
4
2
7
3
4
2
9
6
1
13
3
14
86
3
7
36
1
6
5
19
9
28
14
16
1
0
1
8
0
4
1
7
2
3
5
64
2
6
3
10
1
1
3
2
1
10
12
1
24
5
4
1
3
14
0
3
10
8
7
1
5
757
4
0
2
8
6
3
11
13
40
25
1
23
24
2
3
3
2
4
0
11
7
10
3
5
8
32
23
0
3
0
1
9
4
63
0
7
0
2
3
91
7
1
13
5
3
30
92
0
21
1
7
2
3
9
12
32
1
2
23
1
1
3
2
2
3
1
19
8
0
3
4
39
7
6
2
8
0
1
3
6
9
4
0
0
2
0
26
0
2
2
1
2
7
13
3
5
4
3
3
1
4
13
3
1
0
9
8
3
15
4
1
11
2
7
32
1
1
4
0
1
50
4
4
1
11
0
2
2
47
9
10
1
32
1
5
13
1
3
1
0
19
7
1
3
3
2
10
5
0
1
7
1
4
21
1
3
1
1
4
9
27
4
3
7
2
1
3
2
31
7
9
1
7
3
5
10
2
8
7
18
15
2
6
4
3
4
16
15
2
63
27
0
18
7
7
2
11
3
2
3
10
4
20
1
2
26
5
2
4
10
4
14
0
19
2
7
159
0
0
2
11
10
9
2
7
4
1
3
3
1
2
103
6
8
10
2
18
0
6
2
4
6
48
9
2
15
26
41
1
5
3
1
20
6
3
3
4
0
3
3
7
1
0
38
9
15
8
2
6
1
8
1
1
36
12
4
1
2
21
4
4
11
2
2
36
10
1
6
0
0
0
2
5
6
6
36
1
3
4
5
2
5
4
22
2
0
4
1
0
0
3
3
37
9
3
2
1
1
10
7
8
0
9
5
3
15
0
2
7
9
3
127
37
5
0
4
5
25
3
3
0
10
8
4
24
2
4
11
7
11
28
65
15
7
0
5
224
2
3
3
319
1
8
1
3
0
2
2
7
3
20
4
21
1
11
3
15
26
0
16
180
0
14
2
1
0
3
5
214
5
0
1
0
5
7
4
7
2
6
1
155
7
10
2
13
11
46
12
0
13
2
2
9
4
10
4
3
4
17
66
6
9
7
12
0
710
3
15
53
106
3
7
7
15
15
12
8
8
21
29
2
2
3
10
33
1
3
6
1
28
3
1
13
3
38
6
2
0
4
3
11
7
3
2
0
5
5
4
20
0
5
1
6
1
4
3
2
25
2
3
0
1
4
3
2
0
8
5
5
0
0
16
4
1
0
0
2
7
22
13
6
2
7
35
5
3
38
11
6
0
6
13
4
5
4
5
8
3
13
5
2
2
17
0
2
33
9
2
5
15
0
9
6
13
23
24
12
1
31
7
2
37
10
8
2
2
5
2
4
4
9
4
2
3
6
3
15
0
4
3
3
303
13
0
3
3
13
1
9
2
16
0
0
58
3
7
5
5
0
0
7
3
6
4
2
2
17
1
5
12
51
5
34
0
3
13
5
1
1
1
4
1
136
0
7
2
1
0
12
2
2
3
8
1
4
18
2
1
1
2
0
3
1
1
20
2
11
19
3
1
6
35
4
1
31
14
1
37
1
19
154
17
4
2
1
7
3
37
33
3
1
5
2
8
9
0
3
10
1
0
14
0
3
1
0
307
1
6
3
4
10
9
3
3
15
7
25
2
30
4
66
1
13
2
5
4
0
2
3
10
29
2
4
3
1
6
7
6
6
1
5
10
3
1
5
4
8
13
8
2
1
32
14
1
2
6
27
6
3
6
6
0
0
1
4
5
7
4
1
6
0
7
1
6
3
1
14
4
12
4
1
1
8
14
3
1
2
19
0
3
0
2
5
11
4
4
6
66
12
1
13
40
6
2
0
5
8
4
2
1
10
3
13
5
1
7
7
0
12
3
1
2
156
4
1
0
4
8
7
7
11
9
205
2
4
3
22
5
7
10
2
17
32
0
12
9
3
3
3
25
6
0
24
20
4
10
6
20
1
4
13
6
8
21
2
2
11
32
4
2
1
7
3
0
13
0
55
30
4
14
5
5
2
1
18
6
27
0
37
5
2
9
1
14
3
4
1
5
8
4
3
8
1
6
4
0
2
3
3
7
34
0
5
3
4
9
1
5
7
2
1
54
1
14
548
15
3
1
3
7
11
17
0
1
3
24
11
2
2
1
1
12
2
2
20
480
10
86
510
3
6
3
1
2
9
7
1
1
3
5
10
2
3
4
6
1
1
3
4
4
6
0
4
8
14
6
1
3
2
2
4
5
3
6
3
9
0
6
0
5
8
1
3
3
6
1
4
0
0
3
10
16
6
2
6
4
9
57
6
4
0
23
8
1
49
7
3
4
13
4
3
19
14
1
5
4
10
5
3
3
23
4
2
3
2
0
2
21
348
47
3
2
3
16
12
1
8
4
1
24
1
2
0
6
27
3
3
47
7
0
3
7
11
34
3
2
0
8
3
7
6
2
1
2
1
6
16
0
2
8
14
119
6
2
2
3
35
25
16
26
13
4
3
9
7
4
4
23
0
2
0
5
5
157
22
3
4
1
13
11
2
2
13
2
3
1
3
2
3
1
1
7
20
5
2
5
1
4
10
3
0
5
26
4
3
9
0
0
1
22
4
1
1
5
1
13
1
6
2
0
19
1
1
3
4
4
15
1
6
3
5
6
14
22
13
4
0
2
55
0
22
7
17
1
0
1
14
4
8
27
3
10
4
4
1
8
4
4
0
3
5
5
2
8
1
9
7
11
15
0
4
6
6
3
6
24
19
10
5
19
8
4
5
525
0
6
1
0
0
9
1
3
4
3
1
4
7
3
0
2
2
5
3
7
1
13
3
6
0
7
2
0
2
14
3
30
1
5
2
1
5
3
1
1
5
15
1
6
3
9
5
8
5
7
33
3
4
3
4
24
2
5
1
4
11
23
3
0
9
3
0
3
12
82
1
2
0
24
37
7
2
3
6
3
2
2
0
8
6
0
11
22
1
20
5
2
3
3
14
3
5
15
3
5
0
0
9
106
14
0
0
2
8
0
13
0
4
13
10
1
1
2
7
2
1
5
4
20
7
3
14
12
7
12
1
0
7
4
2
77
6
9
6
5
7
1
11
1
5
19
2
2
4
6
6
1
6
2
4
2
3
0
11
10
4
2
26
9
1
2
1
3
1
10
14
2
31
2
1
4
8
9
0
77
0
4
2
5
4
12
0
4
2
2
7
2
15
1
20
55
5
4
5
6
12
3
3
14
9
2
1
5
9
3
3
4
8
11
2
1
24
2
1
87
6
12
1
6
0
4
2
10
3
6
67
1
179
3
16
1
3
3
9
0
0
4
2
9
2
6
22
5
1
1
6
20
5
0
1
1
10
6
4
4
6
5
77
1
7
51
1
15
7
1
2
10
5
16
3855
8
5
10
4
0
8
3
0
0
1
2
1
1
17
5
0
8
3
9
11
20
4
1
9
1
21
3
1
9
2
1
13
3
0
0
2
1
5
3
4
1
17
6
5
5
10
15
5
9
3
4
3
4
2
137
0
6
23
7
1
12
4
2
4
0
0
12
6
5
26
21
10
1
6
11
6
0
1
2
0
0
0
4
5
13
1
5
2
2
0
10
23
9
4
8
4
55
1
8
10
5
3
4
1
12
10
14
4
5
30
2
3
1
1
4
4
59
0
2
1
7
3
5
1
15
0
2
6
3
0
1
8
1
2
2
21
11
52
15
3
563
31
6
2
1
4
13
56
1
4
10
6
30
3
393
4
1
6
1
2
0
2
241
10
7
9
5
4
3
4
8
3
5
26
17
6
6
55
5
6
2
1
8
1
6
1
1
9
2
41
4
3
2
1
1
4
2
5
7
4
21
8
1
10
0
1
1
16
115
0
2
12
2
3
26
11
1
0
11
19
7
3
6
8
1
4
3
6
1
6
4
3
48
3
4
22
8
3
0
15
8
1
0
5
5
0
5
0
8
66
1
4
3
16
16
9
6
25
2
3
48
10
3
5
0
2
9
10
7
2
13
1
3
61
6
3
1
117
4
3
5
3
5
3
8
11
0
18
3
4
0
7
6
4
0
14
13
11
2
5
3
6
1
9
7
3
2
45
2
6
12
3
2
1
12
2
2
8
0
6
4
12
1
2
14
10
9
0
1
2
1
10
1
10
11
1
2
5
35
0
11
0
8
7
62
8
295
4
3
5
0
4
1
24
2
9
3
9
9
3
1
5
2
0
5
4
8
1
4
7
25
3
1
4
16
0
1
29
2
1
0
6
11
7
3
1
5
5
5
9
4
50
0
5
5
4
7
8
5
7
5
2
20
4
0
345
7
5
38
1
1
18
3
12
8
18
2
1
9
7
26
2
9
7
25
2
11
12
6
1
8
0
2
1
15
4
853
9
5
3
3
10
5
2
1
5
26
9
10
0
2
6
8
3
34
5
8
1
6
3
1
17
17
7
6
1
7
10
3
3
0
15
22
13
36
9
3
0
6
17
3
4
6
6
1
11
2
3
5
3
5
2
0
70
1
13
1
1
11
1
10
4
2
0
2
13
23
3
1
2
3
20
3
2
2
0
5
112
22
9
2
8
3
50
3
33
4
3
1
9
0
4
0
204
0
1
1
20
1
7
9
6
1
21
2
2
10
5
13
4
14
5
5
32
51
3
2
7
1
1
9
1
7
5
0
0
10
0
1
5
73
2
7
12
2
21
1
6
1
15
6
3
5
4
29
7
15
5
8
30
6
0
1
7
5
4
1
7
7
0
0
80
1
4
8
21
9
0
1
65
8
1
4
13
8
7
5
33
3
20
10
3
3
2
2
0
12
7
3
2
4
11
1
5
2
10
5
5
3
2
3
21
124
10
4
7
4
5
20
8
5
5
1
14
10
5
1
7
4
10
1
12
9
2
2
4
6
7
7
4
5
10
0
8
4
5
5
21
4
2
17
44
4
1
12
3
17
3
18
1
3
3
1
5
0
8
16
10
3
27
2
11
0
4
3
3
1
11
3
6
70
2
2
5
5
1
11
1
9
4
377
24
1
5
0
25
2
7
5
1
2
4
85
36
7
1
5
2
0
0
35
3
5
1
4
2
1
7
6
1
2
2
1
7
13
0
5
5
16
6
14
0
16
4
12
3
3
22
2
3
1
1
0
5
2
3
7
6
5
1
12
23
0
3
4
9
9
2
1
6
3
1
8
7
3
0
12
1
2
12
4
4
3
19
2
3
8
0
10
7
10
4
3
7
0
1
8
1
2
3
6
10
181
25
0
3
4
50
5
4
3
3
9
0
4
4
134
1
10
2
42
4
11
4
5
3
45
3
36
5
3
4
5
5
3
17
7
50
2
23
23
3
6
0
2
8
6
4
2
9
11
6
4
20
3
9
0
2
1
3
1
1
4
7
7
16
3
9
18
5
3
2
9
1
14
2
0
9
7
2
7
13
21
2
3
6
0
4
2
3
4
4
15
12
1
53
4
3
9
3
3
5
20
61
6
0
1
6
3
6
1
157
11
9
8
3
1
1
0
6
5
4
0
4
9
2
6
2
13
4
1
8
8
6
2
8
23
3
1
7
5
9
2
30
0
22
13
6
1
1
15
74
40
2
9
5
15
1
4
1
1
4
3
11
1
7
18
7
65
29
4
3
2
0
6
1
7
1
0
8
6
1
4
3
2
4
2
4
5
5
4
6
1
15
6
2
13
15
2
3
4
6
0
0
1
4
2
13
12
2
2
18
8
10
15
3
1
11
12
149
8
2
3
18
1
5
6
15
1
2
1
3
4
2
5
7
12
1
0
2
0
1
7
5
3
2
2
12
18
5
2
7
9
3
1
2
6
17
10
3
7
1
14
48
1
3
4
26
0
0
9
1
11
4
8
32
8
0
0
3
6
12
4
31
0
4
14
3
6
0
0
29
5
4
0
6
1
7
7
6
7
1
11
4
3
4
2
1
4
11
49
9
2
2
21
25
1
3
101
3
45
66
0
1
0
2
13
0
3
13
0
2
2
4
15
7
4
5
1
2
2
4
21
2
2
4
0
0
0
8
3
9
3
0
19
9
6
6
3
4
0
14
6
2
10
2
28
8
7
39
1
1
11
4
43
101
1
4
3
6
5
5
23
24
0
2
4
20
4
7
5
4
12
2
5
3
1
27
10
0
53
2
1
34
1
5
5
1
16
6
2
2
5
0
2
26
5
4
43
2
10
11
4
0
17
3
23
7
51
0
7
3
9
15
7
61
17
1
2
1
0
1
2
6
2
9
18
6
1
11
2
0
1
5
3
1
10
4
16
7
2
2
4
5
3
6
3
7
47
6
14
4
3
4
3
4
2
6
2
23
5
20
16
23
1
6
5
2
7
6
1
10
0
2
13
12
11
11
6
0
8
2
5
5
0
6
7
4
4
11
1
3
3
1
12
2
2
14
3
3
60
3
5
11
14
0
40
2
5
0
9
3
3
208
9
4
8
6
1
42
19
3
12
23
10
23
1
1
1
10
3
13
19
1
1
10
6
2
8
1
8
4
4
4
6
8
8
20
3
8
9
9
54
2
1
2
2
1
3
5
1
2
12
14
20
5
8
1
3
47
0
1
2
14
3
1
1
11
2
19
12
2
3
0
2
1
12
12
3
10
50
8
13
35
10
0
41
7
3
4
10
77
0
7
4
3
5
186
0
1
0
4
5
1
0
2
15
5
5
10
2
13
2
5
5
1
21
3
2
7
3
17
7
5
1
2
21
1
20
9
8
5
13
0
39
21
0
8
20
5
3
2
35
2
10
4
1
2
1
4
55
2
6
0
5
13
9
5
4
9
1
5
0
0
2
8
5
23
10
14
0
1
4
15
7
1
41
5
5
883
21
2
2
0
5
2
3
2
4
2
0
43
1
10
2
0
15
47
5
2
8
54
12
8
6
16
1
1
12
12
1
8
0
11
3
1
1
51
8
3
19
70
0
4
6
3
0
7
10
3
2
42
1
1
16
77
14
27
49
1
2
6
5
3
3
0
3
1
14
4
4
2
4
5
3
1
2
6
14
7
20
3
0
7
7
10
1
6
2
0
6
1
8
11
1
0
3
8
7
4
76
14
4
1
13
2
8
2
7
499
2
2
2
2
5
8
6
6
7
2
2
6
0
4
6
3
7
0
11
0
2
1
0
2
11
1
1
4
1
3
3
5
9
1
5
4
48
4
0
11
3
11
5
2
8
4
0
4
12
131
3
3
1
2
17
6
11
6
366
0
3
14
1
1
4
8
1
46
6
4
7
16
4
2
4
1
1
2
1
3
3
1
0
1
10
1
0
0
26
7
6
4
4
30
6
4
1
3
4
7
0
2
27
3
16
5
2
2
0
1
8
1
0
22
37
19
45
8
4
29
3
9
2
22
4
11
10
11
14
7
5
10
3
1
5
4
1
3
0
2
7
35
16
3
3
5
5
3
6
2
8
64
4
3
1
189
6
3
0
2
5
0
27
12
9
24
0
4
4
5
5
8
3
3
0
26
1
4
20
5
4
332
1
8
2
2
3
3
43
4
0
1
1
13
2
0
1
9
0
3
1
2
3
0
2
14
5
4
1
3
72
0
2
2
1
0
1
2
12
5
6
1
2
12
22
10
4
6
3
0
8
149
2
10
8
0
7
0
2
11
4
7
7
0
17
1
6
2
2
2
0
11
6
3
3
2
6
1
10
4
4
9
3
2
279
35
3
0
15
3
4
3
3
6
1
5
4
38
3
6
4
22
9
0
3
1
7
0
0
48
10
16
0
8
0
7
6
2
9
4
5
6
8
21
0
1
5
19
11
38
1
1
7
7
3
6
11
12
1
2
2
7
3
1
4
0
1
5
0
2
2
0
0
5
6
6
14
4
3
5
3
70
0
3
2
0
2
15
0
8
1
7
12
11
14
9
3
2
1
5
0
2
4
25
56
4
4
7
44
6
5
12
4
1
2
13
1
1
7
33
3
36
0
0
0
0
3
6
61
1
3
7
3
12
1
1
10
7
3
1
4
20
2
3
1
3
3
2
4
30
10
2
38
6
8
15
5
1
5
1
0
19
0
13
4
37
6
5
5
3
29
7
5
0
41
10
9
2
9
8
1
36
2
5
11
4
5
12
1
56
10
4
2
0
1
3
1
1
4
12
7
11
0
8
19
6
7
0
9
9
0
4
2
11
7
4
5
4
12
17
3
3
35
4
0
2
4
47
0
1
5
6
1
1
17
6
13
4
6
2
15
2
2
14
8
9
14
31
5
6
4
1
7
16
8
11
12
5
2
1
2
2
0
7
3
5
7
2
1
11
2
4
8
18
12
0
6
8
0
8
2
2
5
2
5
5
2
3
6
1
1
2
11
5
8
0
1
4
0
3
4
6
1
0
2
8
38
7
12
3
2
3
8
6
17
3
4
5
5
12
4
5
3
4
0
12
9
17
3
1
2
2
1
5
29
2
7
2
5
31
2
2
1
6
0
153
1
3
0
1
3
3
0
0
1
20
2
36
6
11
1
23
27
0
5
10
12
3
4
0
1
3
15
3
6
4
6
2
17
158
0
6
4
2
15
1
6
1
3
8
1
8
5
5
2
3
4
2
104
9
3
1
2
4
0
4
9
3
1
4
6
18
5
12
2
6
6
1
1
17
1
20
1
5
5
9
1
1
1
7
1
2
8
8
16
1
0
0
3
3
4
0
3
4
3
5
2
19
3
