18
117
8
12
15
12
8
12
12
30
13
17
8
10
38
45
17
20
15
16
7
25
217
9
28
20
5
22
4
11
26
19
18
18
12
36
10
26
9
7
9
13126
14
53
78
5
19
22
18
11
21
18
27
13
11
21
24
109
33
22
38
13
8
9
9
7
27
31
15
17
6
17
11
84
23
31
13
20
12
13
12
10
13
30
23
17
10
16
27
31
22
48
11
17
138
16
26
10
15
20
16
38
14
7
4
27
9
8
7
26
10
27
14
25
29
18
15
12
23
15
25
9
10
21
20
13
19
12
30
26
3
21
17
21
8
21
21
55
12
12
22
29
28
24
9
17
17
31
21
12
25
11
17
2115
11
12
24
8
23
17
14
12
15
15
14
14
26
14
12
15
30
19
5
16
10
11
10
15
17
11
8
22
34
11
6
29
42
26
10
13
21
21
8
18
20
30
23
6
24
19
7
10
9
27
11
20
19
7
50
25
22
45
31
21
23
21
158
10
9
11
29
3
15
14
18
39
15
14
33
10
8
26
206
10
39
37
27
19
9
22
15
11
16
13
24
20
2
24
23
8
20
45
7
19
42
19
11
42
71
15
24
11
25
18
34
66
30
20
20
143
29
11
55
3
13
61
8
8
20
9
20
29
27
18
21
27
19
17
155
8
21
4
46
4
22
23
42
38
14
3
16
16
13
53
8
13
26
64
15
17
12
22
17
5
10
23
8
26
15
7
14
10
36
3
7
11
14
18
50
10
9
9
10
22
17
8
21
27
26
26
20
16
35
18
15
17
9
5
21
9
11
13
18
19
37
31
8
30
6
10
20
13
22
17
12
7
20
21
139
6
23
31
9
13
13
15
12
21
6
17
86
12
8
13
28
45
298
24
13
6
26
19
44
10
17
10
16
20
17
25
6
20
9
8
18
10
18
20
15
39
11
16
12
34
23
7
15
17
13
9
24
21
13
4
7
6
24
35
44
24
24
10
16
30
46
16
18
29
13
72
44
10
17
16
10
12
13
5
7
13
175
15
18
6
14
12
23
116
74
46
13
79
4
27
54
12
19
25
74
21
25
13
9
40
5
11
24
16
16
14
86
4
16
21
20
7
15
5
5
13
6
54
19
18
23
19
23
9
33
12
18
117
8
12
15
12
8
12
12
30
13
17
8
10
38
45
17
20
15
16
7
25
217
9
28
20
5
22
4
11
26
19
18
18
12
36
10
26
9
7
9
13126
14
53
78
5
19
22
18
11
21
18
27
13
11
21
24
109
33
22
38
13
8
9
9
7
27
31
15
17
6
17
11
84
23
31
13
20
12
13
12
10
13
30
23
17
10
16
27
31
22
48
11
17
138
16
26
10
15
20
16
38
14
7
4
27
9
8
7
26
10
27
14
25
29
18
15
12
23
15
25
9
10
21
20
13
19
12
30
26
3
21
17
21
8
21
21
55
12
12
22
29
28
24
9
17
17
31
21
12
25
11
17
2115
11
12
24
8
23
17
14
12
15
15
14
14
26
14
12
15
30
19
5
16
10
11
10
15
17
11
8
22
34
11
6
29
42
26
10
13
21
21
8
18
20
30
23
6
24
19
7
10
9
27
11
20
19
7
50
25
22
45
31
21
23
21
158
10
9
11
29
3
15
14
18
39
15
14
33
10
8
26
206
10
39
37
27
19
9
22
15
11
16
13
24
20
2
24
23
8
20
45
7
19
42
19
11
42
71
15
24
11
25
18
34
66
30
20
20
143
29
11
55
3
13
61
8
8
20
9
20
29
27
18
21
27
19
17
155
8
21
4
46
4
22
23
42
38
14
3
16
16
13
53
8
13
26
64
15
17
12
22
17
5
10
23
8
26
15
7
14
10
36
3
7
11
14
18
50
10
9
9
10
22
17
8
21
27
26
26
20
16
35
18
15
17
9
5
21
9
11
13
18
19
37
31
8
30
6
10
20
13
22
17
12
7
20
21
139
6
23
31
9
13
13
15
12
21
6
17
86
12
8
13
28
45
298
24
13
6
26
19
44
10
17
10
16
20
17
25
6
20
9
8
18
10
18
20
15
39
11
16
12
34
23
7
15
17
13
9
24
21
13
4
7
6
24
35
44
24
24
10
16
30
46
16
18
29
13
72
44
10
17
16
10
12
13
5
7
13
175
15
18
6
14
12
23
116
74
46
13
79
4
27
54
12
19
25
74
21
25
13
9
40
5
11
24
16
16
14
86
4
16
21
20
7
15
5
5
13
6
54
19
18
23
19
23
9
33
12
8
23
9
27
30
19
18
14
22
16
13
18
17
77
37
16
7
38
24
4
31
118
8
17
16
12
10
13
7
4
16
16
27
18
71
45
1035
8
56
17
8
18
19
54
19
27
10
7
16
6
38
16
14
31
9
23
18
5
24
11
13
15
27
29
52
34
11
22
29
23
20
100
21
35
21
47
26
8
13
17
17
23
13
11
43
28
39
12
16
16
41
7
30
5
91
6
23
1
24
13
48
10
15
54
59
5
51
11
17
14
23
9
12
33
14
34
23
2
19
28
13
138
6
7
12
10
11
17
34
16
13
19
7
55
22
22
15
15
19
27
14
74
20
4
18
17
23
11
18
13
20
40
4
45
65
13
10
1
9
12
17
39
22
7
131
16
29
7
11
40
21
21
18
26
13
26
44
14
19
6
11
8
15
12
18
11
9
46
15
15
33
18
10
13
133
17
28
10
25
19
34
4
27
20
9
16
10
8
20
17
12
10
26
20
19
50
21
16
8
9
10
17
40
17
13
111
10
5
12
15
8
31
9
24
116
15
26
59
13
10
11
29
103
22
25
8
15
28
16
30
5
11
15
24
11
15
11
39
13
60
15
39
21
11
17
16
14
500
119
3
22
12
27
8
14
31
12
21
21
16
19
32
23
17
16
55
10
28
12
35
34
11
8
35
9
47
17
17
28
19
22
23
15
4
11
13
19
7
18
8
33
9
23
15
14
9
7
10
55
33
8
20
7
23
24
18
20
9
18
12
6
25
13
14
28
16
13
11
15
20
11
15
13
17
17
14
35
13
12
12
8
12
15
27
9
10
20
39
17
19
6
17
20
11
20
19
15
13
4
13
16
16
7
20
10
12
3
14
14
17
6
45
16
28
19
9
11
12
12
14
40
13
6
10
25
25
21
9
11
15
10
25
33
1
32
19
19
30
56
7
17
12
14
9
11
13
21
23
14
27
15
22
33
12
11
8
22
15
9
12
15
23
24
29
46
12
21
14
15
17
28
163
18
11
18
23
12
14
17
13
20
192
15
6
10
9
33
22
22
22
17
21
29
11
9
20
16
16
52
55
166
64
20
6
15
9
16
56
20
23
76
13
11
19
9
8
15
13
14
11
16
16
6
24
22
5
12
26
91
12
18
48
26
15
8
17
10
7
31
10
26
10
5
12
1
44
11
9
15
10
25
7
11
11
23
15
23
14
11
24
17
9
20
24
8
21
9
14
8
18
8
11
12
8
16
21
17
33
16
10
36
15
14
22
73
11
9
8
20
10
9
20
25
20
1592
7
9
16
12
17
15
21
344
10
13
44
26
14
105
10
5
6
17
15
14
84
13
16
16
16
9
14
16
33
19
18
22
7
13
25
23
18
28
24
16
21
16
44
15
11
14
9
26
14
20
12
21
12
8
18
18
15
6
10
7
52
24
18
23
32
18
17
71
4
16
5
15
7
20
12
9
4
11
513
17
24
68
41
24
8
15
17
49
10
6
7
15
9
28
7
34
31
14
9
15
34
39
4
20
11
26
49
19
31
23
19
24
33
13
10
12
8
21
26
9
15
50
15
47
23
6
6
9
2
17
11
48
10
13
12
15
54
64
12
13
99
11
12
3
7
6
13
26
38
43
21
22
7
25
18
52
16
11
15
8
15
37
21
82
12
30
21
17
17
34
40
21
10
52
6
17
15
32
11
15
15
22
24
10
11
16
37
9
19
23
31
34
11
22
10
6
13
16
63
19
13
9
21
35
8
15
14
14
35
204
11
65
16
7
16
7
19
7
33
19
19
20
31
11
12
17
12
38
25
7
16
22
34
12
36
33
15
13
7
27
13
16
19
21
23
17
11
12
10
24
12
34
37
18
13
7
18
12
50
20
24
28
14
11
19
11
25
257
4
15
9
15
14
13
31
28
13
39
14
14
6
27
13
22
19
16
19
28
17
21
14
11
6
27
14
12
20
10
22
12
14
12
17
4
119
24
15
17
14
10
36
8
24
14
22
6
31
32
18
16
15
17
20
18
36
14
23
20
12
13
11
20
10
32
14
13
16
27
10
18
25
20
28
13
14
7
12
8
17
10
12
14
194
6
5
13
12
11
22
2
13
40
19
23
10
10
306
6
16
7
19
36
15
14
9
64
24
25
14
17
12
25
21
14
23
8
25
9
7
15
18
15
17
13
130
5
13
18
11
19
14
18
14
4
11
15
17
10
128
16
30
13
73
45
17
7
22
18
14
13
37
12
257
18
9
25
15
2
17
22
17
21
4
22
14
12
33
18
24
38
9
30
13
11
17
20
23
26
24
8
19
19
26
48
29
17
15
20
6
18
13
5
7
12
31
66
12
18
26
4
6
19
16
8
19
17
17
31
43
24
12
56
15
17
4
14
11
10
9
6
10
132
15
7
71
24
18
14
3
15
10
10
9
31
75
17
8
10
10
13
50
11
9
19
13
17
21
16
8
22
10
18
24
10
10
12
11
10
34
12
67
11
6
11
227
29
15
11
13
34
18
70
18
32
36
2
8
17
17
9
28
12
39
18
5
18
1
24
14
11
8
4
26
27
14
33
14
7
11
9
4
25
8
11
22
6
38
12
10
5
25
134
62
17
10
14
17
4
6
17
19
26
50
22
17
31
27
39
14
22
11
26
18
14
26
10
10
26
34
3
10
7
19
12
43
49
16
9
11
16
20
37
15
10
24
35
10
17
114
96
44
33
18
34
20
19
11
7
28
16
31
68
263
5
15
13
23
21
18
22
14
8
28
21
17
9
31
14
17
8
8
40
8
18
13
10
20
34
24
11
12
9
27
14
17
238
14
16
16
88
38
10
11
5
27
19
21
32
8
27
14
4
13
13
60
13
10
20
9
16
6
29
17
18
40
15
8
16
14
8
176
26
18
20
28
50
62
15
6
14
178
11
13
52
11
17
11
9
28
8
17
12
12
22
21
8
16
9
36
43
16
11
4
163
7
11
8
14
30
14
50
15
20
54
28
13
16
22
12
22
17
9
17
12
17
19
10
9
13
10
18
14
52
22
53
9
85
22
14
27
11
9
11
13
11
13
12
24
5
20
12
29
23
32
10
18
23
14
13
10
10
11
6
34
35
73
14
18
47
18
15
34
81
11
21
31
18
17
14
27
26
17
29
21
7
38
19
9
13
11
21
9
17
8
41
44
15
14
10
115
10
17
17
13
11
14
44
28
28
8
13
22
61
10
25
7
31
13
83
9
16
53
9
26
30
12
37
17
4
27
8
17
27
15
33
10
14
9
9
53
5
12
68
9
26
20
7
11
30
18
55
30
13
7
20
9
12
7
25
710
14
9
18
11
16
17
17
32
19
15
16
16
20
408
13
27
17
17
14
11
14
21
11
14
63
35
4
13
10
7
5
13
25
13
14
20
11
25
8
12
11
25
14
11
12
11
21
13
13
18
129
6
18
16
6
17
8
14
9
12
15
135
11
20
26
25
68
25
7
26
23
19
19
9
16
13
17
9
17
35
35
15
16
37
10
65
52
13
28
10
3
24
8
12
25
22
5
13
13
13
22
25
15
15
24
9
22
2
16
31
21
38
13
22
12
11
10
16
31
34
12
26
17
10
18
16
28
12
16
38
89
14
10
23
34
14
41
87
37
15
16
14
9
13
17
9
13
15
22
14
8
12
24
7
25
20
11
12
9
20
30
6
17
23
17
25
21
19
29
28
10
17
29
19
12
386
23
27
12
14
35
26
8
16
9
25
17
3
18
23
8
17
10
14
33
7
13
6
29
10
42
18
6
11
21
76
46
6
15
16
17
83
14
10
10
14
25
24
18
11
2
9
12
16
21
20
7
11
36
10
107
20
56
14
22
5
31
11
43
11
14
29
16
11
20
19
9
11
4
160
4049
9
11
9
18
11
10
27
14
21
18
7
15
15
19
30
12
20
45
5
215
6
8
12
10
44
16
14
22
16
14
75
9
23
5
12
25
7
6
155
38
14
64
8
10
11
16
12
28
13
18
5
20
19
27
12
18
31
12
20
11
18
6
30
15
52
17
6
17
12
12
61
23
12
3
13
68
22
19
11
16
11
11
12
17
9
44
12
19
16
18
20
21
17
21
67
20
19
7
12
16
63
45
4
26
21
213
25
30
7
12
16
11
57
335
4
18
15
4
32
11
13
18
17
16
19
15
11
24
14
80
8
21
12
179
9
25
9
11
30
44
10
26
22
16
29
11
11
10
12
9
13
12
24
40
14
17
5
16
194
15
25
18
5
8
18
13
16
14
11
99
45
10
17
22
3
26
9
9
12
11
16
70
14
5
22
23
34
23
16
74
23
3
37
10
12
18
16
20
11
9
50
15
17
25
37
28
15
12
21
32
16
17
7
144
14
35
17
9
18
6
18
17
23
45
7
9
16
24
4
9
52
19
50
34
7
9
14
5
39
33
6
38
26
35
9
16
16
12
35
7
16
21
96
9
14
19
11
33
23
57
9
20
8
15
26
4
10
48
24
25
30
41
40
16
13
16
27
8
32
13
51
15
14
94
14
12
14
10
101
12
28
14
9
11
19
19
23
8
12
29
13
18
14
19
11
28
22
13
7
108
8
30
20
12
14
14
27
6
14
10
7
11
7
94
10
6
18
16
20
14
94
15
18
13
14
19
94
7
6
40
19
16
9
14
3
17
23
14
25
17
15
41
12
14
76
12
61
25
7
25
23
7
21
15
10
40
11
20
47
7
28
42
20
40
66
10
14
21
10
23
23
31
19
9
13
41
42
10
13
6
6
19
14
6
38
15
20
7
13
22
9
13
10
25
17
25
5
21
38
17
100
100
31
18
7
11
14
11
14
21
16
19
468
10
111
38
30
57
9
39
20
19
44
24
22
23
15
6
16
13
47
14
9
15
34
14
368
14
12
20
7
26
51
1087
15
16
25
7
26
18
17
24
123
98
15
34
12
16
28
183
26
25
15
101
17
40
18
18
19
108
30
17
97
10
30
6
12
24
10
45
38
23
7
8
16
6
15
23
15
10
26
21
23
3
12
34
13
7
22
21
237
39
14
13
87
20
12
6
7
79
10
21
15
16
8
25
8
20
15
35
94
6
8
7
7
2
15
6
23
18
12
20
7
14
14
59
45
81
13
34
26
20
10
14
34
12
18
9
4
27
27
53
20
131
16
18
11
12
8
16
19
29
24
19
20
36
4
5
31
13
16
19
23
11
55
11
30
42
35
12
24
11
18
9
12
23
36
10
3
12
19
11
11
8
18
14
36
44
13
13
20
8
14
9
16
21
12
18
16
6
10
36
19
39
24
9
18
15
29
25
55
12
21
31
16
17
26
13
16
16
12
9
12
10
32
17
16
23
211
33
100
16
14
19
61
17
15
13
16
16
35
8
9
15
6
19
42
16
19
11
15
18
19
20
73
29
41
14
28
23
12
18
27
10
21
6
21
35
14
10
10
35
15
10
34
9
14
57
9
41
12
17
15
18
13
16
17
24
10
7
14
55
11
8
15
876
13
7
24
6
18
23
20
26
17
19
20
7
26
34
13
5
20
22
60
34
13
94
49
20
21
11
17
22
19
24
128
23
12
10
15
8
10
25
16
32
11
14
40
60
12
22
17
16
11
8
18
16
7
10
17
16
4
71
12
7
66
8
18
19
24
11
8
18
169
8
47
6
12
21
8
13
13
18
16
76
4
13
17
14
19
14
20
6
18
13
14
6
32
23
26
23
87
119
26
66
16
18
16
15
26
26
16
20
6
14
11
15
15
31
13
25
50
59
22
6
8
10
271
8
59
98
10
17
28
12
6
9
20
19
137
64
4
21
16
23
43
15
14
10
14
10
18
30
6
14
16
42
22
16
28
23
20
21
52
15
9
21
42
38
20
15
8
26
84
24
9
17
17
12
27
24
8
15
13
24
21
14
21
20
6
21
15
28
17
14
19
147
14
9
12
41
14
16
30
13
8
8
8
21
22
22
28
13
12
15
8
30
29
6
5
8
21
10
12
8
14
25
26
49
21
6
3
18
15
24
7
9
11
40
11
25
718
12
11
22
18
16
18
21
18
45
22
31
40
56
25
23
45
18
34
18
44
24
37
38
43
17
22
11
12
6
43
22
9
10
12
6
12
15
21
15
30
16
12
15
15
20
20
19
47
7
18
18
20
9
16
12
4
7
20
6
18
15
7
19
11
11
27
22
96
40
7
11
8
31
24
17
13
18
25
15
50
46
27
20
24
4
16
12
14
13
15
18
23
13
17
12
17
32
14
17
10
20
33
12
10
7
15
15
19
23
15
30
11
8
7
16
35
28
10
29
12
15
12
8
16
35
64
23
21
18
6
22
29
42
18
4
38
41
14
14
15
15
10
12
18
8
17
25
14
24
12
17
37
32
39
20
29
14
20
15
5
12
15
12
9
15
20
41
16
16
13
10
17
10
44
38
36
60
11
14
18
13
22
22
62
57
12
24
11
19
29
19
17
44
12
17
94
9
25
9
16
43
13
24
24
11
42
26
18
24
3
9
18
33
24
20
9
21
7
17
52
10
11
12
4
13
11
17
23
20
20
24
34
16
13
12
7
35
6486
23
14
10
10
17
48
12
11
14
30
13
17
94
40
25
14
11
7
22
15
9
36
34
41
26
12
11
19
10
30
20
17
9
12
26
12
43
18
7
19
10
17
8
15
12
22
32
23
11
9
15
15
12
10
41
14
33
8
26
6
3
39
15
8
20
60
16
16
18
15
7
13
20
11
26
12
16
15
17
22
21
14
9
13
62
31
15
13
14
46
11
12
23
5
37
23
10
47
24
15
14
15
20
28
12
23
12
25
19
18
14
13
12
29
7
16
35
15
14
22
19
60
16
8
18
16
22
13
10
14
13
26
18
8
23
8
11
25
45
20
19
55
53
33
8
13
10
22
20
16
62
12
15
62
19
22
76
20
18
48
32
6
6
12
11
37
15
12
15
18
15
17
37
7
15
9
20
17
13
28
11
17
38
11
15
61
16
11
16
27
25
56
6
13
13
21
9
17
18
20
7
14
11
101
61
14
10
8
46
23
16
20
19
17
27
14
16
16
43
21
7
33
10
16
90
46
13
20
9
131
12
16
38
16
13
12
21
29
15
320
14
8
19
9
14
14
11
23
91
21
40
12
10
28
6
20
29
31
120
5
18
11
23
15
39
5
26
16
17
33
825
13
57
17
19
15
14
14
18
6
30
12
38
18
8
19
6
47
10
24
20
30
36
64
21
12
14
22
5
17
121
17
24
9
19
24
16
26
8
45
13
15
12
15
34
14
21
3
11
4
63
19
12
16
25
16
14
20
11
117
20
35
41
13
10
10
3
23
11
10
13
18
19
14
7
8
247
23
58
17
16
19
11
48
26
21
3
24
18
76
16
14
17
16
8
13
9
66
15
16
19
13
30
5
37
86
15
15
7
15
7
16
63
5
7
11
11
13
5
14
42
28
6
19
14
20
13
24
10
6
37
9
27
22
14
9
11
8
5
17
33
9
28
21
53
18
12
8
19
17
33
6
8
74
21
21
17
12
30
30
47
39
14
11
13
20
18
17
10
6
8
12
36
36
11
3
15
14
5
26
11
7
129
11
35
17
39
27
10
12
10
41
12
8
21
19
33
9
37
49
13
8
47
16
30
71
43
15
11
16
10
9
9
15
6
11
18
13
10
19
14
63
9
18
65
19
7
5
9
1
5
9
8
20
8
19
34
21
27
15
9
14
20
34
15
17
3
11
6
26
33
17
102
22
21
9
24
24
31
14
4
24
8
26
13
11
50
9
12
96
63
10
14
20
7
7
11
14
17
13
19
25
22
13
39
16
15
9
9
15
36
32
28
27
12
26
35
10
18
29
97
5
22
5
36
20
32
14
43
21
12
112
13
14
18
23
16
9
9
26
27
14
8
10
30
22
9
12
45
25
13
13
44
28
8
15
6
12
27
9
21
352
17
12
17
9
11
10
8
13
35
22
24
52
12
6
29
19
15
23
14
39
17
19
10
23
27
8
31
13
10
16
28
23
23
14
17
10
29
69
18
17
8
14
19
14
5
18
11
9
193
12
24
29
25
25
93
23
19
15
17
11
26
7
14
44
60
16
12
33
11
110
10
22
30
9
28
23
17
23
10
39
17
50
14
21
7
11
35
12
6
14
52
13
22
20
17
16
24
11
33
13
76
7
13
11
955
14
5
14
24
13
23
50
9
30
29
13
11
21
24
20
10
30
35
13
21
17
10
18
11
22
25
12
14
21
36
7
17
12
11
38
14
17
19
16
51
9
16
16
9
9
56
36
7
28
252
25
10
10
33
35
3
13
19
13
10
19
16
14
12
23
22
7
35
12
38
150
36
25
84
11
14
11
31
20
37
28
46
6
7
10
29
9
14
16
29
15
11
17
86
9
20
9
25
12
8
12
17
8
20
25
12
35
28
16
8
7
31
3
14
22
23
13
12
12
985
23
5
7
20
22
10
42
38
59
48
11
56
48
13
12
9
17
14
5
20
13
22
13
20
29
53
43
11
14
6
13
24
14
118
16
19
9
13
10
144
13
11
27
22
13
52
137
4
34
8
21
13
18
22
22
52
13
13
45
8
10
20
16
27
16
7
28
23
9
15
9
91
18
9
13
15
13
8
15
21
26
11
4
8
7
12
54
9
11
7
9
16
16
39
10
19
18
9
10
7
15
34
16
8
12
23
23
21
37
21
19
23
11
18
56
9
6
18
8
13
70
18
26
15
25
5
23
10
72
17
36
11
60
8
14
18
5
22
13
1
41
22
14
9
13
5
20
13
12
7
12
6
12
44
7
11
10
10
8
19
51
9
17
16
13
15
26
8
57
24
22
8
24
12
10
29
12
25
17
48
31
10
14
13
17
10
34
46
12
101
45
7
34
27
18
11
21
19
10
13
21
18
54
10
8
51
37
21
12
24
14
26
8
31
12
17
238
7
15
12
25
43
21
6
18
20
14
15
19
3
11
155
22
24
27
15
42
3
20
12
19
16
78
24
15
44
53
82
4
15
10
14
34
16
11
19
23
3
11
16
27
14
8
62
31
27
24
14
16
10
25
13
20
63
26
9
9
13
46
6
12
27
15
9
76
23
9
15
10
4
12
14
14
16
15
62
14
17
19
15
9
13
20
49
11
8
19
10
8
8
17
11
64
23
18
16
16
16
33
22
30
3
20
21
10
35
6
17
15
32
19
188
58
18
4
22
16
41
10
15
8
21
16
19
37
12
12
28
23
23
71
105
27
25
11
13
317
14
13
13
465
7
19
16
15
7
8
12
15
9
46
12
43
10
20
15
36
51
5
37
251
7
39
12
9
2
9
24
307
19
3
13
13
17
16
11
23
7
21
10
214
15
23
9
29
29
70
28
7
37
9
17
29
13
26
18
16
11
31
104
19
19
16
34
4
905
13
34
101
163
14
19
21
34
43
27
22
23
50
70
10
10
9
28
49
10
15
20
9
50
15
5
28
19
64
14
10
3
10
13
34
19
20
13
12
21
24
14
33
7
14
9
21
7
14
13
8
51
10
9
2
11
13
8
14
6
23
16
15
6
7
42
12
8
9
6
10
21
41
31
18
16
20
61
16
13
74
34
23
12
13
35
22
17
11
15
27
12
40
26
19
9
39
10
12
62
23
8
12
31
11
28
11
31
49
52
37
10
67
25
11
65
23
29
13
8
23
6
13
16
31
15
10
14
19
22
36
9
9
14
11
465
36
6
14
12
49
11
34
13
28
10
5
75
12
21
15
15
8
16
18
15
23
16
12
11
37
12
13
28
91
17
74
13
25
31
15
11
8
9
9
9
204
12
28
8
10
8
30
10
18
14
25
9
20
44
21
12
8
10
8
9
5
7
46
16
35
34
22
9
13
75
24
6
47
36
12
84
8
42
229
50
19
10
15
26
14
76
66
8
11
16
12
27
24
10
9
18
7
7
28
8
29
12
15
399
11
16
15
18
47
33
33
10
44
19
46
12
65
24
112
11
42
13
17
15
9
16
15
24
53
19
23
17
12
25
22
22
17
8
18
23
9
16
13
13
26
37
27
18
7
48
25
9
20
23
53
17
13
17
15
16
9
10
15
25
17
10
6
25
7
20
9
19
11
11
23
15
32
20
7
13
16
29
27
12
9
35
9
10
14
9
16
21
15
14
12
101
38
12
48
73
24
10
6
15
22
22
14
12
34
11
30
15
12
18
28
6
28
19
6
13
224
18
7
8
12
26
22
21
31
30
279
16
18
17
55
22
17
24
14
35
67
6
31
23
17
11
15
43
23
4
40
36
21
22
21
36
6
14
39
22
15
54
7
14
27
51
32
8
12
29
12
5
35
8
81
48
21
35
16
14
19
17
43
24
44
6
91
14
15
24
9
31
10
21
13
18
29
19
11
20
9
17
10
4
16
10
13
20
63
10
22
16
18
28
7
22
22
22
9
94
4
29
756
44
17
8
11
19
26
44
6
18
20
42
32
12
6
17
9
35
18
16
44
693
39
118
572
7
20
16
9
13
17
27
7
5
7
22
32
19
13
22
18
12
5
10
14
22
18
10
14
21
31
13
11
11
6
10
11
17
14
18
7
29
9
17
7
21
19
13
21
10
12
9
16
10
10
12
27
32
13
10
23
9
28
105
21
15
4
58
25
5
92
19
10
15
33
11
18
46
32
11
23
15
26
26
10
9
51
18
20
11
16
10
15
43
491
80
11
8
13
42
25
6
31
12
12
55
6
9
4
18
59
7
6
67
17
16
10
31
21
75
9
17
6
12
14
17
16
9
8
20
6
14
41
3
8
21
34
163
16
15
12
11
64
44
38
49
33
9
10
22
21
21
17
37
7
7
5
16
15
204
48
15
13
7
31
20
7
15
32
9
13
9
10
11
13
9
17
19
42
17
9
21
11
19
31
12
10
15
56
11
13
17
7
10
9
39
15
6
7
19
11
28
9
23
13
13
41
12
5
10
21
10
37
11
21
16
13
23
21
38
24
14
5
27
97
10
45
23
32
4
8
4
35
13
20
60
8
44
12
13
6
23
14
17
14
19
15
21
16
35
7
20
19
42
35
4
17
22
19
18
14
52
47
31
23
35
21
20
16
709
7
13
8
10
5
26
10
12
21
13
11
20
31
12
7
7
11
14
8
22
7
31
13
27
10
19
12
15
13
28
22
68
11
16
12
4
18
12
13
8
23
31
10
17
12
24
15
21
17
22
58
21
10
20
13
53
12
19
8
12
25
44
16
10
25
13
5
10
36
125
8
12
9
43
62
21
13
13
21
16
6
8
10
20
22
3
23
59
14
37
11
19
10
21
35
12
22
35
15
23
12
10
23
153
35
6
5
21
23
6
37
7
10
41
28
13
18
12
27
10
12
17
18
42
20
22
34
32
16
35
7
4
16
15
11
128
15
24
17
15
20
14
22
10
10
59
6
21
13
11
20
5
26
16
17
19
10
9
26
30
15
6
55
17
6
9
6
9
11
30
27
7
63
11
13
12
22
20
6
97
10
11
10
21
11
35
5
12
11
7
20
10
27
10
35
78
16
18
14
22
32
30
13
29
29
16
13
12
29
9
11
16
20
29
13
10
44
16
12
137
21
31
13
20
11
14
7
26
13
20
94
12
261
13
36
17
12
15
25
6
7
12
10
19
6
16
44
12
9
15
26
40
16
11
8
8
31
23
22
25
17
17
125
7
14
66
6
28
26
22
16
29
22
34
4890
13
19
30
16
14
25
12
6
12
10
15
8
13
40
21
10
26
12
21
34
36
16
12
24
11
33
15
9
34
13
15
29
19
6
9
13
12
20
11
20
13
33
23
15
28
21
33
27
17
10
8
12
23
15
234
5
16
38
15
9
30
12
5
10
11
6
30
24
25
50
41
19
5
14
36
15
7
13
10
12
6
5
14
16
36
14
11
9
8
12
24
26
16
12
23
20
90
14
27
20
19
8
17
9
27
31
31
15
15
54
17
16
12
13
15
16
96
4
19
7
15
18
15
17
38
8
7
23
10
7
12
22
12
4
15
48
31
93
34
15
840
49
19
19
8
15
29
86
12
11
29
16
62
12
583
12
13
15
15
16
3
11
353
18
22
27
22
17
12
16
20
15
17
42
40
20
25
84
12
22
12
2
19
11
21
5
13
21
12
79
17
13
11
9
10
13
9
19
25
21
35
23
6
26
6
6
9
37
196
4
5
41
11
23
51
25
8
5
22
38
15
17
19
19
6
16
17
21
5
24
17
14
55
10
16
55
24
22
11
35
15
15
10
23
25
6
18
6
29
110
10
17
12
28
31
25
15
40
8
13
77
31
13
14
4
14
25
27
25
12
24
9
16
109
21
13
14
187
23
12
21
12
10
14
31
41
3
36
16
9
11
25
24
24
3
25
26
33
16
19
11
23
9
21
21
10
11
98
10
16
25
19
14
14
40
13
11
18
6
15
19
38
15
11
26
18
27
8
6
12
17
27
3
28
25
9
16
26
60
7
24
10
21
24
98
25
412
21
11
20
7
12
10
41
10
21
17
22
22
16
11
18
10
10
18
22
20
10
13
23
42
21
9
10
42
11
9
64
8
13
16
24
21
17
13
10
22
19
17
19
12
96
2
18
14
15
18
25
13
23
23
14
47
23
9
487
17
17
86
16
13
39
14
36
17
34
9
16
26
22
48
9
20
28
50
21
26
29
25
6
21
6
7
7
33
25
1076
27
21
13
11
24
11
9
11
16
55
23
38
7
13
16
27
14
60
13
19
15
22
11
9
30
33
19
15
13
23
21
16
14
11
33
39
37
59
30
17
1
27
49
20
14
22
12
11
24
4
9
16
14
15
9
10
108
7
37
17
8
33
10
27
21
8
10
12
42
48
16
11
8
12
37
17
12
19
5
12
203
50
20
12
23
14
87
20
43
11
17
9
26
7
22
1
316
10
8
9
32
9
20
24
27
15
50
18
10
21
14
34
17
37
16
16
60
81
19
14
28
12
19
25
17
18
17
7
6
22
8
12
18
125
12
25
29
12
50
9
18
13
32
23
15
18
22
67
23
33
16
26
62
15
11
9
15
17
15
10
16
18
4
8
113
18
9
24
35
21
7
16
91
26
14
21
30
24
13
19
66
11
51
20
13
17
9
10
17
28
23
7
6
24
27
10
12
16
20
22
13
13
7
15
41
167
24
13
22
11
18
50
21
16
19
5
38
24
20
10
26
24
22
9
28
22
10
10
19
15
26
15
20
14
31
6
25
16
18
8
42
21
6
35
72
18
7
33
15
36
10
32
10
17
12
16
19
12
22
26
24
17
53
13
27
12
16
19
17
8
29
18
19
117
11
13
11
25
7
20
8
19
14
570
42
12
13
7
50
7
28
15
9
9
14
160
62
22
6
20
15
15
9
62
13
13
18
14
10
14
25
22
13
9
14
19
18
28
10
12
19
42
29
26
6
35
17
19
12
11
40
6
19
10
10
4
27
19
16
20
13
18
7
28
45
7
14
10
32
21
13
9
22
22
10
22
13
9
10
27
11
10
29
27
10
10
43
12
6
18
1
31
24
20
13
9
20
7
10
21
19
10
10
32
29
289
51
9
13
19
91
16
14
12
16
22
15
16
12
206
12
29
10
73
12
25
18
20
14
67
12
80
21
17
12
17
17
13
49
12
83
8
48
45
13
19
2
10
23
16
19
11
27
37
21
23
32
12
23
12
11
10
11
12
10
29
24
18
36
10
24
38
30
8
10
23
7
36
20
9
30
18
7
27
33
36
13
19
18
8
14
12
8
19
17
34
29
14
91
19
14
15
12
10
18
47
114
27
8
6
22
15
17
9
258
23
25
21
26
8
7
7
20
18
18
6
19
24
19
26
14
29
17
10
23
18
20
15
17
48
10
8
14
17
23
8
56
13
52
30
22
12
11
41
113
72
21
25
12
35
10
12
11
6
17
7
21
17
24
60
25
100
56
19
15
12
6
21
8
19
8
6
20
15
12
14
14
13
26
9
21
28
17
17
19
7
28
13
11
27
30
14
18
16
12
7
6
4
26
9
35
31
9
12
48
20
22
28
16
13
25
34
241
33
11
14
31
10
9
23
30
10
9
6
15
13
13
17
16
37
11
16
14
10
16
15
12
11
7
20
24
40
20
17
23
25
12
15
13
17
38
30
19
21
15
35
85
12
11
18
47
9
7
26
3
26
17
23
59
33
2
5
10
14
27
17
62
5
10
32
11
11
12
9
45
24
15
9
28
6
22
14
21
21
5
40
20
9
18
11
12
16
22
106
24
11
19
40
45
6
14
161
19
66
108
6
11
5
12
28
11
16
28
7
12
19
16
33
15
14
24
9
13
10
16
44
13
15
17
7
10
21
24
14
31
12
6
41
23
16
21
17
16
7
30
21
11
29
13
49
17
22
53
9
12
26
13
62
170
4
20
11
8
13
19
47
48
16
13
9
49
17
12
20
11
25
11
13
19
6
52
27
11
73
10
13
63
8
14
16
13
49
21
13
14
11
6
10
49
23
15
74
12
22
30
15
7
25
11
46
30
83
5
19
15
32
39
20
116
34
9
9
22
9
5
18
21
12
28
36
21
14
33
13
5
15
19
17
8
20
10
35
14
19
20
13
21
11
23
23
19
90
20
25
7
6
21
11
11
15
21
10
36
23
54
34
38
12
20
16
7
15
14
4
31
13
12
44
30
28
26
22
5
28
13
11
9
4
24
21
14
16
27
14
20
20
10
32
11
11
38
15
20
117
13
22
34
34
5
71
17
15
5
25
7
17
285
22
22
23
14
14
66
50
15
31
42
24
44
14
5
10
21
15
33
28
9
9
26
20
7
24
10
25
16
14
15
20
30
22
51
6
22
28
34
96
12
12
12
14
12
6
18
9
16
34
30
36
17
22
3
10
74
6
17
14
29
15
13
13
27
10
37
42
11
15
14
10
10
32
27
9
31
91
28
27
61
18
4
56
22
6
11
32
137
12
32
13
12
18
287
4
8
22
19
16
13
10
13
31
30
10
30
9
32
12
19
16
6
46
12
11
27
17
32
17
18
14
6
42
10
54
17
32
23
29
10
68
45
7
21
44
15
16
16
63
17
28
15
14
11
12
16
96
13
26
6
24
30
24
18
16
27
3
24
8
1
8
32
19
54
23
36
8
9
20
37
27
12
63
17
14
1201
44
18
14
9
19
10
14
9
20
19
15
74
8
21
7
10
44
88
15
11
21
91
33
18
15
38
10
11
31
25
8
25
12
27
12
8
9
87
16
13
46
108
8
9
19
17
14
27
33
11
18
83
9
16
29
124
25
51
78
12
13
18
20
15
13
5
12
12
35
18
13
9
19
16
9
12
17
18
30
25
34
22
2
16
23
21
14
26
16
15
22
13
23
38
13
8
14
25
25
19
99
35
14
9
29
12
23
18
20
713
17
8
10
15
17
31
17
16
20
6
12
17
8
15
15
14
28
9
36
14
19
9
7
10
29
10
15
20
19
17
13
27
19
12
11
18
90
20
7
33
17
31
14
9
28
14
8
19
24
181
17
5
5
11
28
10
25
20
550
4
10
26
8
9
11
26
8
78
18
13
22
29
14
12
12
14
13
14
11
9
8
6
6
8
20
4
10
10
66
17
17
21
13
61
13
16
13
12
9
31
3
6
52
16
48
19
11
5
10
5
13
15
8
53
66
35
79
24
11
72
13
23
12
40
21
20
29
27
33
25
18
39
9
11
20
16
12
16
10
10
22
67
38
14
13
18
20
6
17
17
30
102
27
7
9
274
18
12
13
18
14
17
49
24
24
49
0
20
17
15
19
23
12
15
13
50
13
22
41
14
16
471
6
17
12
10
12
17
72
16
4
3
17
29
14
9
16
20
7
16
7
6
20
9
22
35
18
12
12
18
117
8
12
15
12
8
12
12
30
13
17
8
10
38
45
17
20
15
16
7
25
217
9
28
20
5
22
4
11
26
19
18
18
12
36
10
26
9
7
9
5
23
15
11
17
9
23
6
38
18
13
21
15
15
394
69
13
11
35
17
23
12
18
11
8
13
20
78
12
20
21
74
18
4
16
7
29
11
13
67
22
33
12
21
7
19
27
14
23
19
17
19
27
47
3
9
23
40
36
66
10
15
19
18
12
22
32
33
4
14
15
13
19
11
21
4
8
20
8
20
15
6
9
18
21
20
25
19
8
13
9
116
17
16
11
6
11
24
12
20
7
21
19
24
37
35
17
5
5
20
9
19
18
54
86
19
15
22
63
21
17
33
10
17
10
31
14
18
31
71
17
70
4
6
2
6
9
14
81
13
21
24
15
25
14
16
25
14
14
8
15
39
19
15
9
14
12
13
19
48
19
19
68
16
17
29
13
8
12
10
10
27
9
26
13
80
18
22
15
13
58
13
16
7
66
30
23
6
20
32
15
72
8
18
26
10
15
31
14
92
21
11
18
12
11
9
16
12
19
35
18
26
7
18
41
18
14
5
25
27
6
15
12
26
17
15
13
19
26
38
14
14
59
20
4
16
13
80
7
6
13
17
13
4
41
14
30
20
24
10
26
12
15
31
24
24
36
60
14
14
12
15
17
42
19
28
21
20
9
4
14
11
6
19
8
16
19
23
12
28
6
18
23
40
27
3
13
20
4
23
25
7
22
19
18
26
12
16
15
13
20
14
23
14
30
12
13
15
6
12
13
21
17
4
12
26
71
22
32
24
9
14
19
16
46
13
15
15
24
36
20
17
8
15
12
29
18
42
16
6
13
14
11
27
47
19
18
5
19
58
7
17
11
24
3
209
16
19
11
13
14
12
14
12
10
41
13
69
18
31
7
44
46
10
17
29
23
16
17
4
16
14
32
11
14
22
17
12
49
244
14
16
15
12
33
7
18
9
6
29
11
15
23
20
6
13
17
10
155
16
13
7
11
15
11
15
32
13
3
14
22
41
27
25
10
21
16
8
14
34
12
43
8
16
15
25
9
13
4
17
5
16
33
20
33
14
11
7
12
19
15
5
11
13
13
16
16
40
15
