8
29
15
13
41
12
14
8
14
19
10
23
3
13
53
16
11
9
8
12
19
36
16
13
14
18
19
24
23
26
14
21
88
568
13
59
15
14
30
43
23
30
28
15
231
12
82
6
58
18
23
14
33
33
23
18
85
12
23
28
7
14
17
55
59
9
15
19
22
12
61
18
8
60
28
27
17
9
15
5
10
20
13
19
9
14
12
12
19
26
28
85
38
61
16
7
27
13
17
65
35
34
5
13
29
7
33
18
22
14
19
78
56
30
89
37
30
50
59
30
24
29
13
33
7
42
10
19
12
18
46
62
80
66
15
16
17
15
13
37
28
33
35
11
23
58
24
8
21
29
11
12
53
12
139
21
18
125
23
14
27
22
21
24
14
30
42
19
26
10
35
29
10
19
12
20
21
15
31
15
23
21
9
13
63
7
31
19
54
23
14
21
31
16
9
9
27
13
21
1774
12
15
35
7
15
19
30
13
32
15
42
18
16
30
31
26
15
14
13
8
19
42
27
88
21
13
73
24
18
33
17
26
32
11
15
40
16
25
14
29
6
39
12
13
31
50
18
7
11
19
16
4
82
16
19
41
8
29
129
11
24
15
16
18
8
19
13
16
9
22
88
17
8
16
21
14
21
27
9
24
32
18
31
10
14
36
29
13
87
23
180
9
6
16
18
22
11
18
14
21
27
20
8
25
11
17
25
14
14
16
17
49
10
13
21
31
10
7
14
9
5
31
11
23
9
7
57
76
19
58
14
9
25
36
17
25
24
18
14
47
13
27
19
46
6
9
5
9
27
14
22
80
13
18
91
12
21
6
50
14
7
207
12
4
76
61
20
8
30
20
15
39
10
10
21
16
31
11
6
19
7
28
9
32
12
18
20
31
14
83
28
17
14
18
5
6
21
20
28
30
16
62
13
22
29
5
9
14
9
6
51
20
10
8
25
13
16
134
20
15
7
21
6
45
12
34
5
20
214
14
14
5
11
31
14
84
39
20
17
87
32
39
6
41
14
15
25
141
30
25
10
35
8
42
40
13
25
11
218
11
13
28
25
2
129
36
22
10
15
18
90
16
155
12
14
12
48
7
22
6
543
13
390
9
29
14
9
14
17
20
19
23
15
26
22
22
19
17
58
10
8
29
15
13
41
12
14
8
14
19
10
23
3
13
53
16
11
9
8
12
19
36
16
13
14
18
19
24
23
26
14
21
88
568
13
59
15
14
30
43
23
30
28
15
231
12
82
6
58
18
23
14
33
33
23
18
85
12
23
28
7
14
17
55
59
9
15
19
22
12
61
18
8
60
28
27
17
9
15
5
10
20
13
19
9
14
12
12
19
26
28
85
38
61
16
7
27
13
17
65
35
34
5
13
29
7
33
18
22
14
19
78
56
30
89
37
30
50
59
30
24
29
13
33
7
42
10
19
12
18
46
62
80
66
15
16
17
15
13
37
28
33
35
11
23
58
24
8
21
29
11
12
53
12
139
21
18
125
23
14
27
22
21
24
14
30
42
19
26
10
35
29
10
19
12
20
21
15
31
15
23
21
9
13
63
7
31
19
54
23
14
21
31
16
9
9
27
13
21
1774
12
15
35
7
15
19
30
13
32
15
42
18
16
30
31
26
15
14
13
8
19
42
27
88
21
13
73
24
18
33
17
26
32
11
15
40
16
25
14
29
6
39
12
13
31
50
18
7
11
19
16
4
82
16
19
41
8
29
129
11
24
15
16
18
8
19
13
16
9
22
88
17
8
16
21
14
21
27
9
24
32
18
31
10
14
36
29
13
87
23
180
9
6
16
18
22
11
18
14
21
27
20
8
25
11
17
25
14
14
16
17
49
10
13
21
31
10
7
14
9
5
31
11
23
9
7
57
76
19
58
14
9
25
36
17
25
24
18
14
47
13
27
19
46
6
9
5
9
27
14
22
80
13
18
91
12
21
6
50
14
7
207
12
4
76
61
20
8
30
20
15
39
10
10
21
16
31
11
6
19
7
28
9
32
12
18
20
31
14
83
28
17
14
18
5
6
21
20
28
30
16
62
13
22
29
5
9
14
9
6
51
20
10
8
25
13
16
134
20
15
7
21
6
45
12
34
5
20
214
14
14
5
11
31
14
84
39
20
17
87
32
39
6
41
14
15
25
141
30
25
10
35
8
42
40
13
25
11
218
11
13
28
25
2
129
36
22
10
15
18
90
16
155
12
14
12
48
7
22
6
543
13
390
9
29
14
9
14
17
20
19
23
15
26
22
22
19
17
58
10
5
18
9
9
94
28
25
28
76
14
18
23
86
27
19
15
8
17
16
4
56
15
9
89
21
43
128
122
23
14
25
30
11
28
20
28
8
18
9
24
14
21
12
17
35
36
61
33
27
22
16
28
10
21
12
8
23
20
14
13
10
19
18
26
17
9
52
7
32
50
25
24
6
9
19
44
17
32
10
22
14
13
21
18
17
29
66
16
36
46
2
60
21
19
8
14
20
17
14
43
20
31
19
25
9
28
33
27
132
14
21
4
15
10
11
13
34
14
14
19
310
29
31
23
29
3
10
57
16
20
23
35
10
15
11
6
9
149
34
21
10
12
36
12
28
10
22
7
14
6
35
20
23
10
31
18
15
24
37
11
25
12
27
38
10
21
7
56
18
16
12
17
157
27
15
11
16
24
55
41
10
27
30
27
19
19
22
13
26
233
16
13
32
16
16
14
15
65
23
11
22
23
28
81
9
5
6
23
19
56
16
15
43
6
31
18
12
28
16
45
17
17
31
26
23
9
12
38
1
15
18
15
40
38
17
4
11
68
64
10
19
7
17
16
41
33
20
21
31
17
15
12
20
26
15
158
19
10
7
21
59
22
21
16
39
17
29
30
14
13
29
20
10
15
22
13
14
30
20
40
19
26
107
17
189
18
8
16
45
45
22
7
12
10
10
25
30
7
31
49
33
12
36
18
22
81
55
6
12
22
12
18
80
38
45
14
58
15
223
251
24
24
26
21
29
10
6
9
11
16
12
22
17
44
21
14
59
10
21
15
3
5
9
40
48
38
13
420
91
6
52
12
11
4
79
23
15
34
45
11
11
17
23
9
12
14
21
16
13
21
100
17
28
18
17
13
32
28
18
19
14
10
9
21
11
18
8
35
16
22
146
18
29
40
6
11
16
16
29
24
21
9
28
69
8
20
28
34
23
9
22
21
5
36
9
10
13
19
14
15
43
20
6
19
10
42
65
23
8
24
16
16
361
11
10
7
20
4
15
26
9
57
79
61
41
63
36
22
8
22
35
13
12
13
13
12
12
11
37
13
11
21
21
13
19
12
62
9
13
3
25
115
23
18
12
30
74
26
8
52
18
25
66
194
6
29
15
18
9
9
15
103
24
11
50
26
8
23
29
16
40
16
9
52
10
19
34
48
15
33
28
18
18
15
16
7
34
8
15
17
16
53
15
18
8
17
22
13
8
21
11
22
3
120
41
23
21
25
20
27
18
22
23
13
13
10
62
18
8
48
19
68
9
9
34
19
49
24
17
19
26
17
6
12
16
68
12
52
20
35
27
156
10
9960
19
19
10
7
15
22
108
5
21
16
15
18
14
17
27
8
16
26
19
29
12
33
45
8
8
14
18
14
20
12
30
13
16
15
12
42
14
20
20
12
30
241
1029
20
14
21
23
64
46
28
11
16
22
15
31
15
25
54
33
17
12
10
43
29
148
15
16
33
16
8
8
20
17
16
38
13
16
55
14
25
16
18
36
15
18
12
14
26
152
31
19
10
23
12
14
18
22
11
7
14
21
12
29
34
16
14
26
12
16
20
53
24
19
17
38
36
18
9
10
22
21
10
15
25
206
13
16
110
38
20
23
48
8
16
7
3
23
21
112
126
20
19
8
12
41
21
27
69
29
16
13
12
12
14
12
17
116
33
25
26
11
7
17
14
12
27
16
18
9
14
19
18
4
18
48
13
22
11
18
157
14
12
16
18
18
9
13
18
18
36
66
10
20
87
50
15
9
13
1035
19
33
9
20
7
11
11
18
16
20
19
76
21
29
9
7
120
23
17
151
19
9
18
78
47
19
20
24
17
10
11
15
15
8
31
8
14
10
33
18
15
38
8
47
22
3
15
30
32
18
47
17
14
29
20
22
25
23
4
14
23
28
60
31
13
47
22
53
24
19
8
16
60
19
27
6
30
27
3
4
8
11
35
35
15
11
16
10
10
16
19
28
21
12
37
7
23
14
27
26
13
10
16
20
14
20
31
2
13
25
17
11
14
24
15
14
5
22
24
10
10
36
37
26
27
16
52
47
69
17
14
7
11
10
7
19
25
7
29
25
1200
44
51
12
28
12
21
11
16
17
5
23
17
6
20
97
22
24
19
29
10
22
333
9
17
8
42
39
14
11
16
38
12
14
10
16
12
54
30
45
15
12
35
13
20
35
10
14
12
7
21
36
5
9
19
34
20
22
31
14
17
9
18
28
11
21
19
13
7
7
9
29
21
23
16
22
11
18
13
73
23
19
6
10
13
9
15
7
13
21
9
154
24
11
31
37
11
16
18
36
32
129
89
12
16
21
19
30
73
5
45
49
17
9
82
16
21
44
28
10
19
19
10
20
19
162
44
18
13
17
9
36
24
10
20
47
29
24
19
23
14
30
46
13
18
18
14
34
27
9
9
21
28
10
15
42
16
15
7
15
12
27
14
10
10
10
18
14
6
11
19
6
35
33
21
32
30
29
10
19
36
37
28
26
17
9
9
14
24
35
11
16
4
14
18
11
35
27
26
11
13
9
113
25
13
17
21
60
9
25
70
18
38
16
11
79
8
11
28
13
48
13
8
22
14
14
21
191
21
1156
20
26
18
12
26
25
36
24
11
15
18
14
12
18
26
13
12
12
5
10
28
56
64
29
42
16
16
9
15
15
32
13
35
16
51
9
23
21
31
88
28
16
15
28
97
10
9
18
14
13
11
5
11
24
8
31
5
25
11
4
11
7
14
6
12
21
10
37
13
6
14
12
8
5
22
6
37
20
20
20
26
12
9
12
10
37
16
30
52
18
17
31
7
19
31
11
8
16
16
28
5
8
15
11
26
22
19
29
20
150
18
10
49
13
13
22
12
19
19
21
27
15
11
12
13
12
70
101
14
13
23
20
9
23
44
23
45
11
11
42
19
14
28
8
15
39
14
6
17
12
37
9
17
34
22
12
19
5
17
19
318
59
21
12
536
6
21
12
18
26
15
39
10
109
50
16
58
11
7
7
8
23
9
15
10
102
15
13
11
13
41
21
16
24
11
13
66
12
40
12
11
17
15
7
26
15
29
19
10
156
4
14
13
9
32
21
12
30
32
14
18
20
111
42
11
12
23
12
46
15
8
13
9
11
17
132
11
68
9
10
107
9
24
26
23
4
12
18
27
10
13
19
11
13
18
51
7
30
15
138
5
6
10
21
20
59
6
25
63
12
28
72
30
16
43
26
89
16
49
173
59
51
7
20
11
23
14
60
39
20
27
15
20
12
8
16
24
18
18
26
20
17
12
49
26
29
11
32
17
18
7
11
17
18
13
18
30
10
11
5
27
16
22
12
15
10
16
25
4
13
14
13
13
24
16
22
12
69
19
13
26
11
26
11
15
28
11
20
4
12
292
11
13
9
40
30
16
96
14
8
18
32
18
30
22
12
31
42
22
31
12
16
8
25
13
15
10
8
9
9
14
21
28
12
12
28
18
17
13
35
39
18
50
12
16
13
20
56
17
16
13
10
11
17
13
15
11
31
14
16
8
77
20
15
4
8
259
48
74
10
40
20
22
7
10
14
9
25
15
8
13
28
34
27
8
45
19
18
12
22
13
42
15
7
16
21
16
22
83
20
19
22
9
11
31
120
65
17
12
28
12
20
27
14
27
134
54
11
18
13
13
18
15
21
19
23
15
30
9
16
18
2
10
70
27
11
7
20
36
21
45
20
12
4
27
7
19
25
26
24
28
44
8
51
7
11
12
11
12
36
10
80
13
29
64
13
24
12
15
10
64
24
17
19
19
20
19
16
11
11
18
100
8
11
34
20
11
19
22
22
30
19
19
7
34
16
23
9
13
14
47
11
26
99
11
11
33
2
9
26
16
14
15
20
204
18
13
37
22
24
55
37
9
19
16
171
9
168
25
16
11
29
19
15
21
27
30
7
45
28
31
24
5
287
21
44
6
14
80
26
19
18
24
7
8
19
14
12
12
19
14
16
12
6
1835
3
23
13
18
90
14
33
10
11
18
6
15
12
5
15
18
13
11
12
79
21
13
22
12
12
26
18
2367
61
237
22
47
27
135
7
8
15
10
45
11
19
14
13
31
49
20
64
36
23
12
36
5
13
25
20
14
17
13
24
19
12
17
22
12
40
27
40
14
28
92
7
16
15
24
18
21
228
22
9
7
9
13
18
18
7
17
38
20
14
18
6
13
35
144
51
5
15
8
13
47
10
5
28
10
48
12
63
14
33
16
11
22
11
19
14
9
26
6
32
19
9
8
13
17
22
15
16
63
32
9
13
21
64
11
22
3
16
45
25
17
55
41
28
8
30
13
17
21
32
6
14
26
12
358
10
7
25
21
27
14
6
394
29
17
20
10
25
25
13
14
10
16
13
8
12
46
7
9
26
29
14
12
10
17
17
12
15
13
17
19
143
37
20
25
42
34
66
16
55
5
61
24
36
14
11
14
112
9
7
7
13
10
10
18
23
32
21
30
33
18
442
37
44
9
16
22
15
56
26
13
18
12
20
30
269
16
25
11
3
10
31
18
35
29
38
14
24
120
11
110
8
10
24
13
33
39
23
11
14
20
17
30
15
10
18
15
12
8
32
22
22
27
179
18
59
38
80
28
20
122
19
14
42
1296
44
62
16
13
14
24
38
13
10
10
13
23
13
14
49
18
39
39
17
13
23
20
15
12
9
12
13
24
90
27
33
7
9
61
23
26
70
13
80
103
24
25
33
66
19
18
34
38
29
10
9
18
26
13
84
6
15
13
21
28
145
19
105
31
74
4
6
28
12
10
14
20
103
124
15
22
15
7
31
10
10
34
7
47
80
7
14
34
61
21
9
9
40
79
42
10
17
8
12
7
28
1742
10
601
13
25
52
27
15
28
54
34
28
30
19
33
25
16
280
56
10
13
18
19
34
10
9
23
13
10
19
44
23
23
12
20
15
22
9
25
6
15
30
20
19
38
69
67
12
24
9
8
8
21
19
17
15
6
26
23
17
12
41
39
21
22
39
13
27
32
22
15
159
120
26
19
9
11
29
7
20
49
4
19
22
13
24
28
22
15
34
20
10
28
18
10
62
16
4
15
12
18
12
14
11
13
15
23
11
9
22
19
26
10
12
17
17
47
11
11
36
21
33
33
16
32
10
6
11
22
20
20
17
17
30
29
47
24
37
75
28
29
17
17
34
10
13
34
11
16
15
20
27
9
27
13
28
16
23
50
22
48
27
9
9
20
25
15
13
20
4
21
12
22
21
17
60
23
6
67
15
33
57
5
18
18
13
25
42
27
33
27
7
17
21
33
32
12
65
15
17
51
18
147
52
68
61
8
4
55
56
5
26
64
20
13
51
10
13
15
26
8
18
12
23
70
9
15
56
4
21
30
21
65
22
14
16
10
20
13
12
6
23
10
17
36
17
9
6
21
25
37
10
35
12
11
12
25
13
103
17
12
14
10
18
37
24
12
13
69
47
25
34
23
10
21
24
29
14
10
34
19
14
41
10
15
11
12
11
7
21
19
15
30
27
25
7
23
29
13
47
7
82
21
22
57
12
25
24
18
8
24
11
15
19
108
9
40
142
13
35
16
12
64
28
32
18
15
14
48
26
13
13
13
20
16
55
37
7
65
23
47
13
14
16
9
248
14
18
14
19
7
76
4
15
4
14
14
12
22
35
17
23
29
14
25
7
85
59
10
19
10
14
12
43
19
29
13
6
25
20
5
479
6
115
9
10
23
55
11
17
4
100
7
19
18
12
6
26
18
9
10
28
32
13
18
1156
10
60
48
28
14
32
128
5
19
5
17
22
8
13
15
5
9
25
23
4
45
16
36
20
18
46
9
11
4
68
16
14
13
4
18
9
15
21
11
5
20
13
18
10
4
20
27
11
23
62
13
59
13
12
18
13
12
22
15
7
244
19
16
9
23
16
28
5
12
19
22
12
17
7
43
16
11
18
9
22
22
10
16
27
23
10
33
21
27
18
7
20
16
37
11
20
13
10
62
18
19
24
32
24
9
12
24
32
14
26
93
12
20
77
19
13
15
18
40
34
128
53
15
6
9
17
57
27
27
17
41
16
94
35
20
96
36
28
15
20
32
35
23
15
11
18
13
5
9
17
14
22
10
26
6
14
30
139
21
22
50
32
33
19
16
160
4
14
31
6
9
13
11
6
18
28
19
17
12
24
47
30
24
70
25
13
53
33
43
38
15
49
9
7
14
7
15
51
19
10
14
11
10
25
18
172
11
7
45
24
17
23
24
22
9
25
13
14
19
11
16
36
16
45
19
388
19
61
63
14
19
81
77
11
36
120
208
32
10
50
17
25
20
19
22
9
13
16
14
9
48
8
21
18
51
86
14
16
34
9
16
22
13
66
21
13
243
24
17
20
8
32
65
16
9
35
24
13
16
34
5
10
7
11
42
22
15
114
33
6
16
9
18
14
135
33
7
25
14
8
11
43
12
33
44
36
11
19
42
3
12
10
32
49
22
18
5
6
7
13
1
44
28
32
14
25
25
15
36
52
26
9
16
22
26
30
17
24
8
77
13
17
15
16
20
13
35
12
11
54
26
23
29
13
41
14
17
103
26
17
30
12
7
17
53
52
8
17
9
13
12
18
25
8
26
20
71
13
461
12
15
15
11
16
14
15
18
14
21
19
61
19
43
10
22
22
7
9
61
28
8
16
7
30
15
86
26
3
6
24
18
47
18
64
52
18
14
9
33
11
23
19
30
30
11
8
13
14
112
6
40
43
12
77
23
76
33
18
18
11
7
28
192
17
23
11
18
13
88
29
23
26
17
22
40
23
18
8
13
26
106
39
58
29
14
13
21
20
8
35
13
18
17
84
25
22
17
1
27
4
369
15
8
18
25
15
11
11
11
30
17
14
183
18
113
37
28
33
58
8
26
17
20
24
19
17
64
7
18
28
11
19
10
16
13
39
44
37
17
24
5
28
68
38
22
2
5
22
7
12
14
13
22
4
16
23
57
5
31
26
8
13
31
29
52
23
56
18
12
28
16
6
18
12
87
21
27
1532
10
25
12
22
25
12
9
18
33
22
7
13
14
85
18
20
9
61
10
22
21
8
34
11
22
59
30
16
14
43
17
22
16
15
6
26
9
6
16
17
12
16
20
59
6
84
23
34
21
97
6
9
43
49
15
46
24
25
27
6
13
10
13
24
8
27
23
14
11
23
42
13
15
10
7
15
18
34
10
9
54
44
18
16
8
31
31
14
22
9
218
73
25
46
23
44
33
30
23
11
23
18
16
9
30
16
23
14
16
27
15
110
14
20
23
10
35
13
20
19
11
19
34
9
36
28
28
14
10
17
14
15
71
19
6
27
14
6
18
8
7
62
21
218
11
53
4
14
49
50
94
45
14
25
11
14
22
21
37
10
69
8
11
48
54
9
44
26
12
26
16
121
4
11
12
36
15
84
31
25
32
6
10
9
25
10
27
22
5
28
5
7
25
34
23
22
44
12
10
15
22
16
11
47
86
14
9
15
18
6
25
41
36
21
63
65
14
163
20
11
40
16
17
99
16
13
1123
16
34
26
14
14
110
21
13
1
36
4
26
25
17
11
44
13
8
31
25
38
33
12
14
15
9
15
31
12
6
20
58
14
16
5
13
14
21
23
7
18
36
16
42
48
54
12
28
61
19
20
31
14
31
5
12
18
20
15
16
9
13
29
9
2
23
6
15
10
20
28
5
37
40
18
15
16
24
24
20
15
18
13
13
16
5
12
7
290
23
50
298
20
19
17
9
48
8
17
64
122
10
23
12
7
30
81
17
154
28
19
7
71
15
41
49
12
10
14
107
9
18
26
18
19
59
42
9
18
14
20
50
11
42
25
32
15
13
14
34
13
17
13
24
308
57
15
7
15
7
31
11
44
26
19
9
42
21
15
21
12
19
21
8
18
41
62
18
11
27
20
10
24
27
44
18
8
21
9
16
21
22
23
12
14
38
10
14
13
29
10
36
22
12
50
44
19
42
11
47
25
4
20
9
7
14
22
5
12
14
18
18
19
69
22
15
29
34
41
10
20
16
21
22
8
31
14
9
16
14
21
26
58
6
11
13
23
29
25
11
11
32
21
41
30
12
22
24
35
8
11
27
75
72
21
22
240
17
64
22
14
20
10
23
45
13
23
10
32
113
20
20
12
13
53
6
13
6
16
22
26
72
10
22
14
8
17
8
12
56
25
37
6
13
26
16
40
156
35
15
31
19
65
26
58
9
40
16
13
8
135
20
14
27
30
7
30
16
65
19
13
13
12
10
70
14
20
8
15
23
12
11
11
4
18
93
7
12
45
19
12
15
76
21
20
15
9
45
40
21
25
17
22
28
14
21
28
10
32
9
10
20
28
17
23
11
15
16
12
19
17
16
16
9
15
21
14
33
46
8
26
21
10
235
8
32
9
27
21
11
15
13
10
8
23
7
37
22
17
18
6
17
33
24
5
97
28
8
16
60
20
28
40
15
17
23
11
20
35
26
23
17
40
15
39
13
37
12
20
16
10
12
42
33
33
3
34
31
7
17
6
9
58
46
23
20
41
21
31
62
25
25
73
20
9
23
15
18
20
570
7
20
44
12
24
304
96
14
21
17
99
77
11
145
44
17
10
16
37
21
29
28
11
20
21
28
28
11
13
19
19
17
20
23
25
25
13
29
12
9
18
15
14
28
29
5
11
14
15
56
9
12
16
17
22
20
9
10
12
34
12
9
14
12
21
27
36
16
451
8
7
16
22
12
150
9
11
16
11
10
32
10
6
13
13
14
334
19
29
135
16
12
20
21
5
39
24
43
26
46
12
19
77
10
33
37
94
18
55
8
10
19
26
11
18
14
26
27
17
31
19
25
19
8
18
5
32
18
12
10
9
18
65
34
42
29
27
13
171
15
27
14
33
23
27
16
20
13
20
29
16
35
21
14
18
14
8
13
29
61
12
34
11
28
16
10
9
15
18
24
12
19
36
14
6
28
19
59
27
14
31
25
13
20
28
127
9
33
29
53
37
19
49
8
31
38
23
169
34
30
12
21
15
31
18
37
30
10
25
1240
16
14
42
30
18
8
12
28
11
4
16
7
15
21
25
10
4
64
19
19
25
7
19
32
263
8
17
31
24
13
25
73
21
9
13
31
23
29
13
10
16
13
36
17
15
157
17
9
14
21
27
29
170
14
8
5
41
7
18
13
12
19
35
20
150
14
50
4
23
13
100
24
12
22
14
12
17
11
30
15
19
17
17
12
19
36
18
15
10
14
18
2
54
25
46
17
23
14
44
49
15
6
485
5
23
23
21
25
13
35
14
7
15
20
9
10
22
11
20
14
12
61
16
28
67
15
9
24
15
23
28
31
104
51
24
58
16
9
36
19
33
18
6
41
28
57
22
15
26
18
19
28
11
7
47
6
9
28
180
25
21
11
11
32
19
15
62
65
12
17
25
57
9
30
20
19
6
23
23
5
21
11
23
45
8
20
43
49
9
19
52
7
23
7
29
13
15
27
22
10
13
30
58
35
22
12
12
91
19
12
25
10
6
71
13
13
28
13
12
11
116
20
21
25
21
79
7
121
12
25
24
11
22
26
66
20
7
9
8
4
12
13
21
29
23
11
8
10
83
40
13
25
35
11
22
7
19
16
35
14
36
32
17
42
19
69
74
18
24
22
12
23
20
21
43
24
18
35
15
11
11
12
29
14
14
12
12
8
10
18
13
23
6
16
44
15
16
16
42
15
15
38
31
14
163
14
1849
10
8
7
12
34
36
18
14
20
87
10
10
53
34
19
13
20
15
27
36
13
17
64
8
227
4
22
9
19
25
8
235
22
21
19
16
9
12
28
16
30
5
9
28
9
22
37
15
12
37
26
15
19
31
28
14
28
32
10
35
10
21
40
24
11
24
19
16
25
15
9
33
18
8
9
34
22
26
95
20
49
28
21
19
7
42
29
23
20
163
21
25
169
20
14
20
12
180
23
11
9
21
19
9
14
6
8
14
28
28
15
40
16
14
14
37
31
100
8
28
13
21
21
42
6
7
21
20
33
27
9
16
10
15
31
17
19
24
260
6
11
16
16
20
13
65
33
91
122
22
58
9
5
33
75
27
6
67
8
6
18
11
108
13
12
14
9
20
9
12
43
11
9
14
20
10
20
20
22
9
10
12
23
29
13
15
37
21
31
88
22
42
10
33
10
24
21
44
42
13
9
6
15
27
20
94
20
9
11
22
14
33
9
17
9
14
48
11
31
21
11
6
14
17
23
21
175
35
10
11
123
6
16
22
38
32
11
25
30
10
12
22
20
20
24
21
6
11
30
22
24
17
11
17
39
25
19
21
17
14
6
8
5
54
5
30
21
16
19
1052
5
13
13
17
22
20
14
14
13
17
32
7
6
111
19
22
16
14
27
20
14
28
22
2
28
25
97
25
18
20
13
11
13
5
15
13
22
23
20
35
23
13
19
17
38
38
20
10
10
9
51
26
25
24
12
12
23
28
313
4
15
3401
42
33
15
30
16
48
29
13
14
14
14
84
20
16
32
12
12
6
32
13
10
25
13
38
24
26
23
82
8
7
488
4
13
30
6
153
23
5
21
16
13
20
26
206
11
67
14
326
28
60
21
30
15
11
9
117
12
17
23
18
17
63
25
24
22
23
36
12
11
11
14
18
51
13
14
19
18
13
32
31
19
16
22
19
8
1427
24
82
8
8
33
17
57
15
17
14
30
22
8
20
9
23
12
34
29
28
10
4
22
7
32
8
16
33
4
9
15
17
26
9
18
124
132
37
16
20
14
10
20
10
13
55
16
13
19
42
20
70
18
4
9
8
13
6
18
23
9
5
11
16
15
11
84
30
28
24
18
10
31
35
365
13
8
4
29
8
51
19
12
22
21
8
31
16
11
10
18
11
20
61
22
77
15
13
48
35
187
4
16
37
11
12
8
22
25
41
38
6
7
9
26
12
645
28
40
406
16
13
78
14
14
10
11
21
39
21
20
20
7
64
30
26
26
14
59
6
5
7
27
5
11
68
21
29
43
17
15
24
9
16
32
31
26
20
114
39
19
11
9
24
18
12
13
25
17
17
15
66
41
50
31
12
43
39
11
24
16
24
27
29
14
24
34
21
62
55
16
19
8
69
9
10
24
32
13
9
21
206
16
31
3
9
4
4
14
11
19
22
55
15
75
18
15
41
25
3
53
44
11
10
11
14
10
9
27
10
43
4
15
12
24
23
22
15
7
28
24
36
11
29
142
31
22
25
54
14
22
21
16
38
7
26
24
12
15
21
61
9
20
12
15
9
19
25
42
8
24
15
8
139
15
34
11
5
372
53
26
19
21
22
16
9
28
15
12
1573
7
32
41
17
30
19
93
1489
10
25
20
12
10
66
20
24
717
18
36
45
5
457
11
10
17
23
14
13
29
17
12
21
13
9
23
15
18
53
20
18
12
15
17
13
17
40
48
19
32
25
21
12
77
5
25
12
5
13
20
14
16
10
11
40
36
18
18
18
46
19
8
8
4
16
21
16
32
6
15
21
98
7
9
266
17
42
7
11
35
23
19
13
28
6
12
13
7
21
235
19
30
9
48
65
21
19
55
22
10
26
45
89
12
42
10
14
27
16
64
10
11
9
117
12
18
26
60
27
16
16
21
46
57
12
22
17
10
52
25
32
8
15
4
11
22
26
27
24
29
95
10
24
20
8
31
8
61
9
32
9
48
341
5
23
31
17
9
46
17
13
8
18
32
17
19
15
13
27
12
28
23
12
5
14
28
8
23
34
11
84
49
5
46
45
9
24
4
11
19
13
11
24
15
14
29
25
8
14
14
54
15
19
37
25
16
9
20
18
14
23
23
28
24
41
13
8
32
12
16
15
9
5
8
27
20
15
53
15
33
10
5
13
19
11
63
12
13
31
11
25
21
46
25
42
6
33
38
9
20
51
38
25
10
34
22
37
9
7
12
9
12
20
15
13
7
13
17
22
11
18
84
15
14
12
33
16
52
7
29
10
19
138
13
11
6
5
68
16
10
16
13
284
57
13
19
10
60
7
24
20
9
12
5
40
18
102
28
79
3
11
23
11
23
29
10
25
13
11
25
10
13
10
20
41
13
20
25
8
23
18
23
17
3
6
18
18
34
26
150
21
20
20
9
33
9
16
38
23
18
30
48
21
19
21
12
16
11
43
11
29
16
9
158
22
13
19
18
17
202
10
15
20
11
12
19
15
16
15
16
18
10
16
44
30
7
21
21
24
5
20
16
62
11
14
26
29
7
9
20
40
45
67
16
20
3
14
8
13
21
17
23
19
17
14
15
11
57
8
11
21
17
26
29
946
12
43
27
16
13
30
64
10
54
9
7
10
21
12
164
6
4
17
24
41
17
3652
18
4
17
131
21
15
369
33
31
11
8
22
7
20
24
12
45
845
20
21
33
24
44
30
8
16
37
5
23
15
17
23
17
9
13
13
11
18
20
15
17
9
115
15
17
20
42
5
15
17
13
17
8
14
18
29
24
16
7
12
11
34
8
20
236
13
18
10
25
13
7
20
23
33
50
10
11
6
28
9
25
32
7
14
14
21
31
29
174
23
11
560
7
11
15
19
17
66
14
50
18
10
12
24
18
16
9
14
3
29
51
6
21
14
12
16
12
10
10
16
39
11
8
12
14
27
15
51
22
15
24
35
31
44
22
12
16
13
10
7
9
23
14
21
10
10
13
15
12
40
13
53
33
13
11
19
28
14
46
11
16
11
49
11
8
46
6
19
12
8
177
30
13
92
22
11
112
16
38
16
38
14
31
11
3
16
19
57
16
15
13
5
19
16
13
10
181
16
6
26
48
13
11
9
7
19
13
19
5
11
14
19
66
10
24
19
136
8
30
27
23
21
25
37
21
24
51
24
76
24
17
35
10
7
14
36
17
17
6
38
13
13
19
9
15
16
14
16
16
21
15
24
13
15
20
24
57
11
27
511
18
14
42
26
38
12
29
5
14
9
34
9
12
10
20
22
70
16
23
18
41
17
39
29
12
18
33
18
18
12
5
35
10
18
15
44
13
111
14
4
110
229
82
9
48
134
7
21
17
42
8
7
15
12
13
40
18
27
14
11
10
43
213
2
30
16
13
30
20
7
15
8
30
11
16
23
10
20
14
57
14
51
40
13
12
19
66
62
10
21
20
27
7
39
18
58
45
39
5051
9
34
7
18
40
24
7
35
44
7
40
22
66
13
35
26
32
7
22
14
21
19
10
22
33
14
15
17
7
46
274
17
27
22
12
16
50
21
9
58
49
9
18
21
21
128
13
50
11
223
96
10
10
41
6
29
9
20
45
26
20
50
67
13
32
15
129
32
43
25
38
28
11
447
20
5
22
20
12
35
82
1678
11
21
15
21
84
10
17
7
19
7
17
45
89
4
10
21
11
13
16
27
8
4
24
13
62
27
33
10
7
57
75
10
17
10
22
6
117
17
16
10
29
55
6
31
232
18
88
16
21
42
7
13
13
0
15
10
24
8
4
15
22
23
9
5
26
11
50
8
26
33
72
24
15
4
63
15
17
22
19
19
5
17
13
17
25
37
14
2
66
15
24
16
19
9
22
27
21
14
32
6
28
25
28
36
32
11
28
14
14
14
40
10
40
16
16
5
25
36
24
64
12
20
39
7
58
40
27
7
5
17
20
7
18
8
35
71
11
12
6
17
42
36
293
18
5
10
13
20
48
172
34
10
17
9
86
5
13
26
14
24
73
10
14
23
30
6
38
10
28
59
47
46
129
12
4
14
24
22
15
8
43
17
14
25
35
26
16
19
19
20
25
36
21
16
16
11
17
6
434
14
7
20
46
8
20
10
75
246
98
12
23
17
39
11
20
21
32
20
35
20
385
36
16
35
12
7
30
17
13
8
18
26
246
35
28
14
11
17
85
21
134
35
42
13
10
57
18
13
18
8
13
12
24
19
29
28
9
14
19
16
16
4
12
16
20
10
9
26
3
15
9
12
50
29
118
69
13
23
4
26
21
20
8
20
4
234
16
309
17
8
26
72
16
14
18
25
120
11
8
19
9
28
18
10
31
7
20
33
11
16
53
25
28
20
14
18
18
13
24
8
17
12
20
14
14
11
12
14
11
16
24
23
11
14
11
13
18
5
20
25
8
10
33
23
21
9
9
28
18
25
16
26
10
42
12
20
52
11
11
87
138
11
16
23
8
23
11
23
54
23
15
16
22
33
29
10
5
71
24
13
22
15
108
24
8
39
509
18
49
12
20
32
17
20
8
16
20
60
26
44
31
14
12
25
11
13
11
406
37
8
17
119
4
19
45
61
19
12
13
26
67
23
8
35
45
9
27
16
29
16
16
12
22
35
26
36
11
13
10
26
13
42
43
17
23
28
20
14
505
81
12
31
55
23
8
11
11
20
19
21
32
15
16
14
29
20
158
22
22
17
10
19
22
26
22
31
30
10
4
32
19
65
1273
16
53
19
8
26
8
12
17
6
22
11
10
23
10
12
5
25
26
7
49
25
16
73
20
12
27
10
23
40
17
27
14
12
15
35
20
44
14
14
4
4
23
10
12
20
30
27
26
10
9
30
17
15
344
31
78
31
14
7
14
45
17
50
28
36
52
20
44
16
23
93
20
291
13
28
9
27
14
99
79
16
15
33
54
23
11
99
44
8
7
22
16
10
13
17
20
9
12
31
26
27
77
10
14
16
18
11
43
19
15
20
37
26
48
13
13
32
29
14
20
8
12
85
8
612
40
9
95
12
20
16
34
11
13
14
17
22
11
8
22
34
17
14
15
25
15
15
8
10
18
19
17
27
15
24
21
21
14
14
13
1
43
21
28
28
19
61
12
64
27
21
54
31
10
14
23
16
12
46
149
24
18
9
18
22
10
16
14
35
6
10
14
33
9
13
29
25
38
7
45
23
67
35
14
10
38
16
28
29
52
9
13
15
103
32
13
20
23
30
16
17
13
16
13
26
29
35
12
9
36
10
13
18
4
75
19
17
35
13
18
68
8
18
14
15
48
12
7
21
12
22
28
55
8
11
13
35
5
11
37
36
40
18
30
34
9
39
55
7
9
13
67
16
19
19
21
26
16
51
12
13
7
20
31
25
46
27
31
15
47
15
26
8
18
12
14
57
10
45
150
21
21
22
14
5
17
37
15
44
13
17
68
29
11
20
15
7
16
18
16
16
13
11
19
11
15
14
7
177
8
13
35
9
12
10
63
3
15
4
12
5
8
27
20
22
6
18
15
18
11
17
33
24
14
14
15
12
28
17
21
10
17
14
29
21
14
73
51
21
7
22
12
24
12
14
55
57
19
6
11
9
30
8
26
20
9
438
9
25
19
21
9
18
39
12
5
22
68
15
78
44
251
22
17
37
106
26
21
9
48
13
15
17
17
11
19
11
20
3
10
18
6
15
23
7
17
19
16
20
14
21
43
10
19
41
32
17
24
17
7
24
32
13
34
66
11
11
17
35
26
8
18
13
32
11
14
61
10
30
67
11
10
90
16
32
30
25
34
11
6
743
18
25
19
17
40
19
20
69
53
25
17
20
26
32
27
20
12
14
11
10
12
15
12
10
13
14
16
15
37
27
12
62
18
97
13
37
10
4
19
14
13
17
10
14
82
9
18
23
14
12
86
19
22
11
21
15
23
6
9
17
12
34
20
8
11
186
13
25
19
17
23
28
5
6
33
50
76
30
27
16
66
8
7
347
14
14
11
18
94
276
23
38
14
25
15
22
15
25
68
33
11
27
21
20
19
14
62
12
12
19
9
38
18
15
38
36
13
15
27
23
24
11
22
20
23
15
5
11
24
15
10
8
16
94
20
54
45
15
10
619
13
14
32
358
14
15
10
31
33
31
7
18
14
23
35
26
42
10
11
46
14
7
29
18
4
14
12
31
27
18
12
38
9
23
9
38
26
33
15
14
13
152
19
21
13
15
8
25
66
17
45
21
9
173
34
7
16
21
9
28
20
33
32
20
34
29
22
24
13
27
20
12
19
12
25
13
65
24
4
4
55
18
22
32
17
6
138
40
77
9
17
9
35
33
14
13
33
8
18
13
113
31
23
31
14
11
73
15
8
18
25
32
21
31
8
3
9
342
16
8
8
18
23
8
22
11
11
3
17
18
20
27
16
75
9
47
12
17
10
18
7
46
19
8
11
7
14
12
17
22
25
9
21
29
45
17
18
15
19
8
10
17
28
12
11
22
11
14
67
17
14
24
161
12
13
32
7
3
8
12
16
13
21
136
10
12
17
13
29
10
25
27
26
17
40
14
11
33
17
17
3
12
9
18
15
41
22
37
12
27
13
16
8
12
11
15
21
12
29
16
17
7
9
19
13
9
20
10
31
25
205
30
24
6
14
23
37
41
24
21
29
13
21
22
17
19
19
11
16
22
67
23
36
13
63
35
7
13
24
14
8
29
15
13
41
12
14
8
14
19
10
23
3
13
53
16
11
9
8
12
19
36
16
13
14
18
19
24
23
26
14
21
88
568
13
59
15
14
30
43
23
30
28
15
231
12
82
6
58
18
23
14
33
33
23
18
85
12
23
28
7
14
17
55
59
9
15
19
22
12
61
18
8
60
28
27
17
9
15
5
10
20
13
19
9
14
12
12
19
26
28
85
38
61
16
7
27
13
17
65
4
32
12
18
17
11
12
22
26
9
11
29
15
12
10
24
11
22
15
60
34
25
25
32
17
23
33
20
15
97
8
56
44
29
10
30
11
18
55
7
32
50
18
21
5
39
30
10
66
21
30
16
18
17
7
100
46
19
9
40
22
14
17
58
10
32
21
90
68
11
43
24
25
7
21
9
12
19
10
8
7
27
819
27
19
14
12
24
23
7
12
13
40
6
29
9
16
15
16
7
6
13
13
206
33
20
25
5
35
17
17
20
20
67
19
9
20
16
5
11
20
12
13
59
24
11
43
11
102
9
15
3
26
30
8
10
25
71
15
50
12
31
33
19
21
8
18
21
35
69
10
7
17
13
45
9
14
154
29
16
1
11
18
54
24
51
62
18
22
20
20
16
9
16
23
18
9040
18
20
111
26
17
18
40
6
17
20
14
13
15
26
14
17
12
18
267
18
16
11
17
7
19
25
46
18
31
20
22
20
7
29
25
14
43
17
13
25
14
386
18
20
10
6
14
16
21
17
18
30
14
16
56
28
48
24
25
17
7
47
573
13
190
24
13
18
27
20
19
12
21
28
7
18
22
18
40
13
25
15
17
8
61
98
24
6
23
4
21
55
54
12
23
14
35
18
29
32
41
15
17
144
32
8
39
9
14
11
4
25
12
19
77
9
12
45
23
24
65
26
30
51
16
13
11
19
12
15
679
28
14
40
33
2
49
206
17
19
37
20
5
27
10
17
9
6
27
16
16
10
12
13
27
14
8
10
9
13
4
23
17
54
42
107
11
16
10
9
20
18
20
9
8
27
4
22
23
71
20
14
14
18
16
5
9
29
29
70
19
15
22
29
28
34
33
18
32
10
12
37
13
35
16
33
23
22
10
18
30
13
64
39
12
17
12
22
41
14
16
9
15
14
26
16
20
10
21
17
8
105
66
20
10
9
17
16
17
12
9
6
18
15
58
3
20
23
133
20
11
21
35
23
25
6
13
53
38
13
18
16
14
25
10
13
22
