1
4
5
1
12
0
1
1
4
4
1
4
0
0
19
1
0
0
1
6
6
11
1
1
1
6
1
9
5
4
3
6
33
365
2
20
2
2
9
14
5
4
8
5
133
5
31
0
35
1
4
0
3
6
5
3
35
1
2
4
0
3
2
27
32
0
3
7
5
3
17
3
1
24
8
3
3
0
3
1
0
5
1
4
0
0
3
1
3
10
6
30
13
18
1
0
8
3
0
39
10
11
0
0
3
1
10
1
3
2
3
41
20
11
41
12
7
16
26
8
4
2
1
10
1
10
0
1
1
3
25
18
19
29
4
1
2
2
1
6
6
4
10
1
2
25
1
0
2
11
2
0
15
1
78
3
1
54
8
3
5
1
3
1
1
2
14
6
8
0
14
7
0
4
0
4
3
1
12
2
5
3
0
4
21
1
8
2
8
4
3
8
13
3
2
1
10
1
2
1252
1
1
13
1
1
8
3
1
9
3
14
4
1
6
11
8
1
1
3
0
0
21
8
45
3
2
39
3
2
13
3
4
10
4
4
9
2
6
1
6
2
16
1
1
10
10
2
2
2
0
0
0
29
1
2
15
2
13
69
1
2
2
4
5
2
4
2
2
1
6
44
1
0
2
6
3
1
2
0
5
8
3
11
1
1
8
6
3
27
7
88
2
1
0
2
4
1
3
3
5
7
4
1
1
1
3
9
2
2
4
1
23
2
3
3
6
1
1
3
0
0
12
2
5
1
0
22
37
2
18
1
2
5
16
1
2
5
4
4
17
3
8
7
19
0
0
0
2
6
1
5
41
1
2
45
0
8
1
22
4
0
100
3
0
27
20
3
0
8
2
4
13
0
1
3
1
10
4
0
2
0
3
0
7
1
2
2
6
3
39
3
3
0
3
0
0
4
0
5
11
0
31
6
6
13
0
2
1
1
0
12
2
1
0
7
2
3
67
2
2
0
3
0
14
2
14
1
2
139
2
0
1
3
8
4
41
14
3
2
31
4
5
1
21
0
2
6
73
14
12
0
10
0
12
6
0
8
0
120
0
1
6
4
0
63
14
3
0
0
9
31
2
70
1
1
0
17
0
1
0
349
1
240
0
12
0
1
4
4
1
5
3
1
11
3
3
4
1
14
2
1
4
5
1
12
0
1
1
4
4
1
4
0
0
19
1
0
0
1
6
6
11
1
1
1
6
1
9
5
4
3
6
33
365
2
20
2
2
9
14
5
4
8
5
133
5
31
0
35
1
4
0
3
6
5
3
35
1
2
4
0
3
2
27
32
0
3
7
5
3
17
3
1
24
8
3
3
0
3
1
0
5
1
4
0
0
3
1
3
10
6
30
13
18
1
0
8
3
0
39
10
11
0
0
3
1
10
1
3
2
3
41
20
11
41
12
7
16
26
8
4
2
1
10
1
10
0
1
1
3
25
18
19
29
4
1
2
2
1
6
6
4
10
1
2
25
1
0
2
11
2
0
15
1
78
3
1
54
8
3
5
1
3
1
1
2
14
6
8
0
14
7
0
4
0
4
3
1
12
2
5
3
0
4
21
1
8
2
8
4
3
8
13
3
2
1
10
1
2
1252
1
1
13
1
1
8
3
1
9
3
14
4
1
6
11
8
1
1
3
0
0
21
8
45
3
2
39
3
2
13
3
4
10
4
4
9
2
6
1
6
2
16
1
1
10
10
2
2
2
0
0
0
29
1
2
15
2
13
69
1
2
2
4
5
2
4
2
2
1
6
44
1
0
2
6
3
1
2
0
5
8
3
11
1
1
8
6
3
27
7
88
2
1
0
2
4
1
3
3
5
7
4
1
1
1
3
9
2
2
4
1
23
2
3
3
6
1
1
3
0
0
12
2
5
1
0
22
37
2
18
1
2
5
16
1
2
5
4
4
17
3
8
7
19
0
0
0
2
6
1
5
41
1
2
45
0
8
1
22
4
0
100
3
0
27
20
3
0
8
2
4
13
0
1
3
1
10
4
0
2
0
3
0
7
1
2
2
6
3
39
3
3
0
3
0
0
4
0
5
11
0
31
6
6
13
0
2
1
1
0
12
2
1
0
7
2
3
67
2
2
0
3
0
14
2
14
1
2
139
2
0
1
3
8
4
41
14
3
2
31
4
5
1
21
0
2
6
73
14
12
0
10
0
12
6
0
8
0
120
0
1
6
4
0
63
14
3
0
0
9
31
2
70
1
1
0
17
0
1
0
349
1
240
0
12
0
1
4
4
1
5
3
1
11
3
3
4
1
14
2
0
0
1
0
41
5
6
4
30
0
5
1
26
4
2
3
4
5
2
0
17
1
0
44
2
16
56
65
7
3
2
6
0
11
5
7
1
1
1
1
1
4
4
3
7
9
24
1
7
4
2
2
0
7
3
2
6
4
0
0
0
5
2
4
2
0
17
1
12
22
9
13
2
0
3
13
2
7
1
8
1
1
7
5
6
4
28
6
12
14
0
17
3
6
1
2
4
1
1
16
0
4
3
3
0
4
13
10
69
0
2
0
1
1
1
3
9
0
2
1
179
5
7
9
4
0
1
30
3
3
2
11
1
1
2
0
0
60
16
10
0
3
8
0
7
0
4
0
5
0
11
4
6
2
10
0
3
7
9
0
4
5
3
11
0
5
1
17
3
3
2
1
85
11
2
2
5
4
17
16
1
8
17
2
3
2
10
6
2
124
3
1
8
1
0
1
5
29
1
2
3
4
4
23
1
0
0
4
8
21
6
5
17
3
5
1
2
3
0
9
4
2
8
8
1
0
0
10
0
0
5
1
15
19
5
1
0
30
35
0
11
0
7
4
14
10
12
5
13
0
3
1
1
3
1
74
2
0
1
7
22
7
1
3
11
4
0
6
0
1
5
6
1
3
5
2
1
11
1
16
4
10
47
1
120
5
0
3
14
14
5
0
0
0
1
6
10
1
10
11
11
1
11
4
2
35
24
0
2
0
0
6
37
8
11
0
22
1
121
123
8
4
4
1
5
0
0
0
1
1
4
2
1
16
2
3
21
1
3
3
0
1
1
16
20
16
1
262
56
1
21
3
1
2
26
2
5
5
14
1
0
2
4
0
2
3
4
1
1
7
47
4
7
4
2
1
4
4
2
4
3
2
1
5
0
1
1
5
2
2
76
1
6
22
3
0
5
3
6
4
6
1
3
40
0
4
3
9
5
1
4
5
0
9
0
1
0
7
4
0
12
2
1
0
0
16
23
1
0
8
0
3
216
1
1
1
7
1
2
6
2
23
27
31
15
22
15
9
1
4
11
2
1
6
0
1
1
0
7
2
1
3
3
3
2
1
19
0
2
0
7
49
3
4
3
7
34
4
0
22
5
0
28
103
0
2
0
4
2
2
2
33
6
0
16
9
0
11
9
3
16
1
1
23
0
2
6
19
1
8
4
4
1
1
5
1
4
1
4
2
1
18
0
3
0
0
1
3
1
5
0
2
1
58
11
7
4
9
3
3
4
3
2
1
3
0
32
5
4
14
7
25
3
1
10
3
15
6
3
7
10
2
0
1
3
31
1
18
6
12
7
85
1
7164
3
2
2
0
1
2
44
0
1
3
4
3
4
4
8
3
2
7
4
7
1
5
20
0
0
1
10
5
1
2
4
0
2
2
2
16
4
4
9
1
6
155
736
4
1
1
10
25
17
3
1
1
7
3
8
2
4
23
5
3
2
0
5
7
94
7
4
8
4
0
0
0
0
1
14
3
2
22
2
5
1
0
8
1
2
3
3
8
64
9
1
1
6
1
3
3
5
1
0
1
8
1
10
7
3
1
11
3
1
7
23
8
3
2
7
11
1
1
0
6
3
1
0
5
130
1
7
55
14
3
3
23
1
0
1
1
9
4
46
60
1
1
0
2
20
7
5
21
5
3
3
1
1
5
0
6
49
16
3
9
1
0
2
1
2
7
2
4
1
4
7
2
0
0
11
0
5
1
1
86
1
3
0
1
7
1
4
0
3
13
39
1
2
33
16
2
0
1
712
3
10
1
5
1
1
0
1
2
5
2
36
2
8
1
1
55
2
1
93
4
0
2
28
20
3
4
1
2
1
1
1
3
0
7
0
2
0
7
3
1
9
0
15
8
0
0
7
7
2
21
1
3
4
5
3
9
2
0
0
3
6
31
5
0
11
4
25
4
2
1
1
17
4
4
0
9
4
0
1
1
1
12
11
4
6
4
0
0
0
2
8
6
3
14
2
6
2
9
10
2
1
2
7
0
3
9
0
5
3
3
1
0
6
1
3
0
5
7
1
2
7
9
5
6
1
21
17
23
2
4
1
0
0
0
1
4
0
9
8
727
18
17
3
10
0
5
4
3
0
0
3
3
1
2
53
3
3
0
4
0
1
214
1
0
0
15
6
1
1
3
12
0
7
2
3
1
22
12
28
2
0
8
3
2
4
1
1
1
0
4
11
0
0
1
11
3
3
9
2
2
1
2
6
0
4
0
1
0
0
0
9
3
1
3
7
2
3
1
39
5
3
0
0
5
0
2
1
1
2
0
82
8
2
19
16
3
0
5
7
9
77
50
1
4
5
3
3
33
0
24
15
0
1
35
2
7
24
4
1
2
4
1
2
3
71
12
1
1
7
0
9
5
3
2
17
4
5
1
5
2
12
20
0
2
3
2
6
9
0
0
5
8
2
5
7
2
2
2
4
1
4
0
0
1
0
4
0
1
0
10
0
9
14
5
10
17
9
0
3
18
10
5
3
2
0
1
3
3
13
2
4
0
4
1
1
6
8
3
0
0
0
64
2
1
3
7
22
1
6
26
5
4
3
3
45
0
4
8
2
11
4
0
1
0
0
4
106
2
734
3
5
1
0
4
6
11
7
5
4
4
4
1
5
6
3
0
0
0
0
7
17
26
2
18
3
3
2
3
2
6
4
17
3
22
1
10
2
8
40
6
3
1
10
46
1
0
2
3
2
1
1
1
4
0
6
0
12
1
0
0
3
1
0
2
5
1
14
2
2
4
0
1
0
3
0
18
2
5
6
9
1
1
3
0
19
2
5
18
1
3
10
0
4
14
1
2
7
1
8
0
2
1
4
9
1
0
5
9
64
2
0
23
2
0
7
2
4
4
4
6
6
1
2
2
2
31
57
2
1
5
4
2
3
15
7
19
0
0
18
3
3
6
1
2
8
4
1
3
0
8
2
1
13
5
0
1
0
6
2
176
20
1
2
328
0
5
1
4
3
2
19
0
72
12
5
27
0
0
1
0
3
1
3
0
45
2
1
1
2
16
2
1
2
1
4
33
2
10
0
3
3
2
0
9
3
7
6
0
77
0
2
1
1
8
3
2
5
6
2
3
0
50
9
0
2
11
3
17
1
0
2
0
0
3
77
1
28
0
3
67
1
3
12
2
0
2
1
4
0
1
1
1
0
5
19
0
6
2
82
0
0
0
6
4
17
0
8
31
3
5
29
4
1
10
5
30
2
23
99
27
15
0
1
0
8
0
28
16
2
3
0
3
1
2
4
4
7
5
9
4
1
1
23
11
4
1
6
2
1
0
2
2
2
0
4
6
1
0
0
2
3
7
4
0
1
0
4
0
4
2
1
2
6
3
5
5
21
4
2
3
0
4
0
7
10
0
2
0
0
166
2
1
0
20
5
0
44
2
1
5
3
6
3
6
1
8
12
2
6
5
2
1
5
2
0
2
0
0
1
1
7
5
1
1
7
5
2
2
8
8
3
19
1
1
1
5
15
2
2
5
0
1
1
2
0
1
6
0
0
1
33
3
0
0
1
162
12
32
1
13
3
4
3
0
1
1
5
1
1
6
10
5
8
0
20
6
2
2
7
1
14
0
0
0
4
2
0
35
4
2
6
3
3
2
53
17
3
0
4
1
4
2
3
8
70
13
0
5
0
1
3
2
5
5
3
3
5
0
4
1
1
2
37
6
0
1
6
17
5
15
2
1
1
10
0
4
5
9
6
2
12
0
13
0
0
0
1
0
19
1
26
2
4
42
0
13
0
4
4
26
6
4
1
5
3
6
2
6
2
1
46
0
2
3
3
0
4
5
6
8
2
1
1
11
3
9
2
0
3
9
2
5
45
1
1
7
0
2
4
2
0
1
4
120
3
0
17
9
2
15
6
0
0
3
99
0
103
4
1
0
8
6
3
4
9
5
2
19
7
5
4
0
153
6
9
0
2
37
1
2
4
7
0
2
2
0
2
0
1
4
2
1
2
1393
0
2
3
4
46
0
8
1
0
1
0
1
2
0
5
1
6
2
1
23
7
1
2
1
0
1
3
1515
25
132
3
19
4
70
0
0
2
2
11
1
2
1
3
6
24
4
23
8
4
1
16
0
0
1
5
2
3
4
2
1
1
3
6
3
11
2
14
0
6
43
0
6
2
4
3
4
112
5
0
2
1
1
3
2
0
3
24
1
3
1
0
0
13
74
17
1
2
0
1
11
2
1
10
2
11
3
19
4
10
0
0
4
0
4
0
0
5
0
7
1
2
0
3
3
4
3
1
28
16
0
4
4
25
0
7
0
4
10
3
1
21
10
7
2
14
4
1
5
15
1
1
8
0
256
2
1
2
3
1
1
0
216
6
5
3
0
3
5
2
1
2
4
1
0
2
20
0
1
4
11
1
1
0
3
2
0
0
2
6
3
72
22
4
5
13
12
26
1
23
0
26
6
15
2
4
4
73
1
0
0
1
0
1
3
9
4
2
7
15
1
268
11
16
0
0
5
3
28
9
1
3
2
5
18
153
0
7
0
0
0
7
5
10
8
12
2
4
60
2
57
0
0
7
0
13
12
1
0
2
4
3
10
2
1
3
3
2
1
9
6
6
4
109
2
16
22
29
5
6
79
10
3
10
897
11
26
3
2
1
1
14
3
0
0
0
7
0
3
30
2
8
12
1
0
1
1
6
0
0
1
4
2
49
10
10
0
0
19
9
2
35
1
31
45
9
4
7
27
2
0
20
9
8
1
1
3
7
1
39
0
1
2
4
8
65
2
57
5
32
0
0
7
2
1
4
6
43
56
0
3
0
0
2
1
3
8
1
15
32
0
2
6
29
1
2
0
13
38
11
0
0
0
2
0
5
1353
0
346
2
4
17
5
2
4
26
12
10
8
3
13
5
0
136
15
2
1
3
2
12
0
1
3
0
0
6
9
6
4
1
2
1
2
0
5
0
4
6
5
5
12
18
33
1
3
0
0
2
3
3
5
2
2
3
7
0
1
12
11
6
3
16
0
5
14
5
0
91
73
6
6
1
0
9
0
4
12
1
2
3
1
6
10
7
1
17
3
2
5
0
1
34
0
0
1
0
4
0
2
3
1
1
3
0
2
7
2
4
1
2
5
6
16
1
4
7
0
13
9
4
11
0
0
2
6
1
5
2
0
5
5
21
4
7
25
10
5
3
2
5
1
3
12
0
7
1
9
8
0
3
0
9
1
6
13
2
20
4
0
0
2
6
6
3
2
0
3
0
9
5
2
23
8
2
22
0
4
15
1
5
1
0
2
15
6
4
5
2
0
2
8
11
2
20
2
5
29
1
70
11
24
21
2
0
27
27
2
6
38
0
6
19
0
3
3
6
0
2
0
11
27
1
2
17
0
5
10
2
27
4
2
5
1
1
2
0
0
5
0
3
13
1
1
0
2
7
16
0
12
3
2
1
1
3
59
2
0
4
3
5
8
3
0
1
22
18
1
6
2
1
2
3
10
4
0
9
2
1
10
1
1
0
2
0
0
5
3
2
7
2
6
1
4
3
0
13
0
36
4
7
18
1
3
6
3
0
3
2
0
3
45
0
13
77
3
9
2
1
31
8
5
0
2
5
14
10
3
1
2
1
4
19
20
1
21
6
11
2
0
1
1
157
5
1
2
5
1
33
0
2
0
1
1
0
9
7
3
4
4
2
3
0
21
27
3
3
0
0
1
11
0
4
4
1
5
2
0
310
0
52
0
1
4
31
0
3
0
55
0
5
6
2
0
5
1
1
1
8
6
2
5
773
2
21
21
2
4
2
45
0
8
0
3
4
0
2
1
1
1
7
8
0
16
3
15
3
5
20
1
0
0
20
3
0
3
0
1
0
4
0
0
0
5
2
5
3
0
3
5
2
4
16
2
31
2
0
1
2
2
5
4
2
141
6
4
0
2
0
4
0
2
1
2
2
8
0
15
1
2
3
0
4
7
1
1
6
7
1
9
1
6
1
0
3
0
7
5
4
3
0
21
1
4
4
5
5
3
2
2
3
0
2
37
0
5
36
8
0
3
4
9
15
89
29
4
0
0
1
30
7
5
5
18
9
43
9
3
36
10
9
2
2
12
8
4
3
2
3
2
1
0
0
0
6
1
8
0
5
11
77
3
3
17
8
13
4
2
76
0
3
7
0
0
0
1
0
2
6
2
1
0
3
14
16
6
25
4
3
19
12
6
11
1
24
0
1
3
0
2
10
4
1
2
1
2
1
0
115
0
2
11
5
5
5
9
6
1
0
0
2
2
0
4
14
5
17
3
211
3
25
39
0
2
32
25
4
13
67
136
4
4
28
1
5
5
4
9
2
3
0
0
3
21
1
1
2
19
46
0
0
10
1
1
2
1
28
5
2
161
2
6
2
2
6
27
4
2
19
3
2
3
12
0
1
2
1
15
6
2
60
12
1
2
1
3
0
66
8
0
2
2
0
0
15
6
10
16
10
0
5
15
1
4
0
4
17
2
4
1
0
2
3
0
15
5
9
1
4
3
5
12
18
7
1
1
3
7
13
4
3
0
38
0
6
4
3
1
0
10
2
0
25
5
4
6
2
18
0
0
57
6
5
5
1
2
1
13
19
0
4
1
2
3
6
5
2
1
4
30
1
309
1
5
1
3
2
0
3
3
1
10
1
26
4
6
2
8
6
1
1
25
3
1
2
2
4
3
46
6
0
0
3
3
19
4
15
19
0
4
1
7
3
9
7
11
4
0
0
3
1
70
0
10
6
1
31
7
31
10
2
5
1
2
2
117
2
2
1
0
2
41
3
3
6
5
4
11
5
3
0
2
3
58
5
21
9
1
1
3
1
0
12
0
8
3
50
10
1
2
0
10
0
205
2
1
1
3
4
2
1
0
9
5
0
90
4
57
9
3
9
26
1
7
3
2
1
6
4
30
0
4
3
2
3
3
0
2
12
15
5
3
5
0
7
29
12
4
0
0
6
1
1
1
3
7
0
1
1
19
0
6
12
0
1
16
11
15
2
17
6
1
6
3
0
2
2
52
2
6
1096
0
1
3
6
5
3
2
1
9
7
0
1
2
41
3
2
0
22
2
5
4
1
12
0
7
24
2
4
0
16
0
8
2
0
1
7
1
0
1
2
0
1
4
34
0
20
3
10
5
33
0
0
8
18
2
9
4
2
0
0
0
0
2
7
0
5
8
2
0
2
14
0
1
1
1
1
2
9
0
0
17
13
3
4
1
9
13
2
1
0
148
32
9
17
6
10
9
6
8
1
3
3
3
1
13
3
13
0
7
7
1
61
2
1
7
3
15
2
2
3
0
6
7
1
15
2
3
2
0
0
1
0
45
2
1
4
0
1
8
1
0
19
3
117
0
34
1
2
22
12
40
6
2
2
1
2
7
10
8
0
28
1
1
20
10
2
17
4
2
5
4
62
0
0
0
14
2
28
10
5
6
0
0
1
7
1
5
9
0
5
0
0
4
8
6
2
14
0
1
4
5
3
2
15
44
3
0
3
0
1
3
8
17
1
19
25
2
86
1
2
12
2
6
56
4
2
673
2
7
3
3
3
59
3
2
0
14
0
5
1
1
1
10
1
0
10
4
12
14
2
4
0
0
1
5
1
0
2
24
3
4
0
3
2
2
6
0
3
19
4
13
18
17
0
5
30
5
9
7
1
6
0
1
3
2
4
2
0
2
9
0
0
5
0
6
0
3
5
1
15
9
6
2
2
3
2
4
4
4
4
2
2
0
1
1
145
4
13
171
4
4
2
1
17
2
4
24
62
0
3
1
1
5
38
4
83
9
4
1
24
0
16
19
2
0
1
69
0
4
6
3
3
16
13
0
4
0
6
28
1
17
5
12
0
3
3
13
2
3
1
5
161
23
1
0
2
0
7
1
11
6
4
0
8
7
1
1
3
4
4
0
2
18
34
2
1
8
5
3
4
3
16
0
1
4
1
2
4
3
6
0
2
11
3
1
1
10
0
11
6
1
22
11
1
20
1
18
0
0
5
0
2
0
3
0
3
4
5
0
5
37
8
2
7
7
17
1
4
2
3
7
0
5
0
1
0
2
5
6
32
0
0
0
5
9
7
1
2
9
6
15
12
1
2
7
17
0
0
9
44
30
3
3
130
5
20
6
1
11
1
8
7
2
2
0
8
61
2
5
3
0
17
0
1
0
4
3
5
23
3
6
1
0
0
1
4
27
7
10
0
0
4
2
17
67
15
3
9
3
28
4
23
0
13
3
2
1
80
3
2
5
9
0
10
1
28
4
0
0
2
4
31
1
2
2
1
5
1
2
1
0
2
33
1
4
23
1
1
2
28
0
1
3
1
10
14
5
3
1
2
9
2
6
5
0
9
0
1
4
3
0
4
1
0
1
2
4
2
4
2
0
0
5
1
13
16
3
7
5
3
154
1
4
0
7
6
1
3
0
3
0
1
0
13
1
2
4
1
4
15
6
1
62
8
0
2
23
5
3
15
5
1
5
0
4
10
5
2
2
20
5
8
5
13
4
4
2
0
0
12
11
6
0
8
8
2
2
0
2
24
17
6
2
8
8
9
20
8
8
23
3
2
2
2
2
8
345
1
2
20
2
2
178
58
2
9
3
23
30
1
70
16
0
0
2
9
8
6
9
2
7
1
5
3
1
0
1
4
5
3
6
7
7
3
10
0
0
4
4
2
13
11
0
2
1
2
25
0
0
3
3
3
5
1
3
0
14
4
3
2
2
4
7
17
5
299
1
0
0
4
0
64
0
2
3
2
0
11
0
2
1
1
3
196
3
6
71
1
3
5
2
2
12
2
11
7
12
2
1
39
1
9
11
59
2
23
0
0
5
4
1
5
1
3
9
1
7
2
4
6
0
4
0
3
2
0
1
0
4
26
9
20
6
10
0
81
2
9
0
13
3
4
3
5
1
5
8
0
12
3
0
3
2
1
3
12
32
5
10
3
3
0
0
1
3
3
1
1
3
8
1
1
2
3
26
9
2
7
3
3
9
5
73
0
6
8
17
9
3
16
3
8
12
3
91
16
11
0
1
2
8
6
9
2
2
1
910
2
1
9
9
3
1
3
6
2
0
3
2
1
5
3
1
0
26
3
3
7
0
4
9
131
0
2
13
3
1
5
22
4
2
2
8
7
7
2
1
1
3
17
0
0
71
3
1
5
3
5
17
97
3
1
1
12
1
5
2
0
2
13
3
62
0
18
1
4
1
51
7
0
4
2
1
2
0
5
1
7
4
5
2
3
8
4
1
0
1
2
0
15
7
19
3
1
3
17
18
4
2
332
0
2
4
6
4
2
12
1
0
1
3
2
0
4
0
3
3
1
16
2
7
27
4
1
3
1
1
4
7
58
23
5
23
2
1
10
1
15
3
0
18
5
30
2
4
5
0
1
7
0
0
25
0
1
7
121
6
4
1
2
11
2
1
20
28
1
3
5
21
1
8
0
6
0
7
4
1
6
2
4
18
0
2
11
19
1
6
13
0
1
3
5
0
1
7
2
2
1
9
16
8
4
2
0
43
8
1
5
1
1
21
3
0
1
3
2
0
50
3
2
6
5
43
0
61
4
6
2
1
3
8
23
3
1
0
0
1
0
5
5
8
2
3
2
1
42
3
0
10
8
1
2
1
10
2
7
1
13
6
3
12
1
21
23
1
12
2
3
2
6
4
11
4
5
6
2
1
2
1
4
0
2
1
1
0
1
2
1
8
1
1
14
5
4
3
14
4
6
15
8
3
85
2
1160
1
1
0
2
18
5
3
3
4
44
1
1
19
16
3
4
2
2
4
10
1
6
24
0
123
0
4
1
5
9
1
131
9
8
3
2
2
3
7
4
7
0
1
7
3
2
20
1
0
8
5
2
4
5
5
3
5
8
1
19
2
7
12
2
1
5
4
0
6
2
1
7
2
0
2
6
7
6
46
4
14
8
5
1
0
10
4
7
3
88
5
13
103
7
0
6
3
76
5
0
1
12
10
1
2
1
2
1
8
5
3
9
3
0
0
11
9
46
0
5
1
5
3
14
0
0
5
0
8
9
1
3
1
1
6
3
5
3
159
0
1
3
2
4
0
32
17
47
58
1
26
0
0
10
35
5
0
17
0
0
0
3
43
0
0
0
1
3
1
2
20
0
2
5
4
1
10
6
9
0
0
1
3
4
0
2
7
7
5
33
2
9
1
14
3
6
6
14
9
2
0
1
0
6
4
46
3
0
0
7
2
9
1
0
0
5
10
1
4
3
2
0
1
2
3
7
67
8
0
1
53
0
3
9
17
11
5
8
4
2
3
3
3
4
5
2
0
0
7
4
7
3
3
4
15
4
2
4
4
3
0
0
1
28
1
5
5
5
5
782
0
1
4
0
4
11
3
2
1
3
7
1
0
54
2
1
1
1
6
10
1
4
1
0
8
7
53
5
1
5
0
0
2
1
0
1
7
2
0
8
3
1
6
4
9
12
6
1
2
0
12
5
5
6
1
3
7
10
199
0
0
2530
14
9
3
9
1
16
4
2
1
1
1
39
6
3
7
1
2
0
8
2
0
3
0
8
7
3
2
41
0
0
260
0
1
9
0
96
3
0
3
1
3
5
4
120
1
21
4
218
3
16
5
9
2
2
3
75
1
1
1
3
0
29
5
10
6
8
8
0
0
4
0
2
18
1
0
2
3
2
4
6
1
2
4
3
0
852
7
39
0
2
13
2
15
8
1
3
7
5
0
7
3
2
0
9
13
9
1
1
7
0
10
1
0
14
0
4
1
2
6
0
2
71
53
8
5
2
3
2
4
0
0
7
1
5
1
17
2
21
6
2
1
0
0
0
1
5
1
1
0
0
0
5
46
6
3
6
4
0
7
10
220
0
0
0
10
0
20
4
0
9
1
2
11
1
0
3
6
2
4
32
5
24
4
2
16
9
97
0
1
14
0
2
1
2
5
19
7
1
4
0
2
2
413
6
13
260
1
7
40
0
3
2
1
4
9
6
3
0
0
28
7
7
4
1
38
2
1
1
2
0
5
25
6
4
15
3
3
1
0
7
6
14
10
6
52
10
4
1
1
4
4
3
2
8
1
3
1
31
10
18
11
1
14
7
2
6
3
3
10
6
5
6
14
4
23
26
2
4
0
20
1
1
5
11
4
0
3
135
2
8
0
0
0
0
2
0
2
10
19
2
39
3
1
12
5
0
14
18
1
1
0
1
0
1
6
1
16
0
3
3
6
4
0
2
0
6
5
6
0
14
67
6
4
5
13
2
3
4
3
8
0
6
3
0
4
5
29
0
10
2
2
1
6
3
6
1
8
1
2
73
4
9
3
0
239
9
3
3
2
2
1
0
7
2
1
1142
1
9
15
1
1
6
56
871
2
3
3
6
1
32
1
5
481
2
6
11
0
308
1
0
4
2
1
1
7
2
0
7
1
1
0
1
2
17
2
2
2
0
1
1
3
9
17
1
2
14
3
0
41
0
5
2
0
2
3
1
1
1
3
17
6
3
1
6
20
6
0
2
0
3
2
5
13
0
3
9
49
0
1
106
3
11
1
1
9
1
1
5
4
0
2
1
0
2
130
3
9
0
20
22
5
5
17
6
3
8
21
43
6
23
2
2
6
6
26
2
0
2
68
3
3
8
25
3
2
1
6
18
14
0
7
1
0
13
9
2
0
6
0
1
7
1
6
7
11
37
0
5
6
1
12
2
25
1
5
0
14
176
0
1
11
2
3
17
5
1
5
3
15
5
4
0
0
8
1
5
6
1
0
3
2
1
4
8
0
35
18
0
22
21
2
2
0
2
1
0
1
6
3
3
7
6
0
2
2
15
3
3
14
9
1
0
6
2
2
4
2
4
6
20
1
1
9
4
4
0
0
1
0
7
0
2
21
1
8
1
0
4
7
0
20
1
1
6
0
8
3
15
3
19
1
12
7
0
4
14
9
6
0
7
3
13
1
1
2
0
2
5
0
2
1
1
3
2
0
1
33
1
3
2
8
3
14
1
3
0
2
55
0
0
0
1
25
2
2
1
0
174
25
0
3
0
27
0
7
2
0
1
1
9
1
49
3
35
0
2
3
0
3
8
0
5
2
0
4
1
2
0
3
17
0
5
8
0
6
4
7
1
0
0
2
1
8
5
73
5
2
1
0
10
1
1
9
3
3
4
12
7
0
5
2
3
0
21
1
13
2
2
69
5
1
5
3
5
134
4
1
1
1
1
8
1
1
1
4
4
1
4
16
7
1
4
10
6
0
2
1
17
1
2
6
15
0
3
1
12
21
25
2
2
0
3
2
3
0
0
3
2
3
0
1
2
13
1
1
4
0
4
5
561
1
19
11
1
1
4
27
3
12
0
2
0
5
0
69
0
0
2
2
17
1
2588
1
0
0
67
8
3
226
20
9
3
2
7
1
8
1
0
19
577
1
6
9
8
13
6
0
1
12
1
3
5
1
2
3
1
0
0
1
5
6
1
2
0
69
0
3
3
9
0
4
1
0
0
1
1
2
3
5
3
1
3
4
7
3
6
138
1
2
1
3
4
0
3
1
8
18
1
0
2
4
1
9
2
2
0
2
5
8
4
96
8
0
399
0
1
3
3
4
28
4
8
5
1
1
7
2
2
2
1
0
14
11
1
6
2
0
1
2
0
1
3
10
2
0
1
2
4
2
17
7
1
5
10
6
22
6
3
2
5
0
0
0
6
1
4
0
0
2
0
4
9
3
17
11
1
3
0
5
2
12
5
3
1
16
3
1
19
1
5
2
0
85
9
0
42
7
2
61
0
20
2
15
1
6
2
0
5
1
12
0
2
2
0
6
2
0
0
101
1
0
9
14
0
2
3
0
8
2
2
0
0
6
0
22
2
6
1
90
1
5
5
11
7
2
10
3
6
15
3
28
7
3
24
2
0
1
18
4
3
0
11
3
1
5
0
1
0
2
4
3
4
2
0
1
3
7
0
17
2
6
302
5
2
14
8
13
2
7
0
3
0
9
1
1
1
3
5
35
0
5
0
14
2
10
6
2
5
6
3
4
3
0
8
1
3
0
16
4
59
2
0
70
150
35
0
11
78
0
3
3
17
0
0
1
0
3
12
7
5
4
2
3
13
92
0
6
2
4
9
3
0
1
0
6
0
1
6
1
2
3
21
0
16
4
2
0
1
19
31
3
2
1
5
1
7
3
13
23
7
3750
0
9
1
1
13
5
2
14
18
0
14
3
27
0
9
11
9
0
3
3
5
1
1
3
8
0
2
3
0
15
146
6
5
3
1
4
19
2
0
30
19
1
4
3
7
68
0
22
1
150
38
0
2
14
0
6
1
6
14
3
2
15
28
2
12
2
57
5
11
10
9
5
0
309
2
0
4
3
2
15
33
1248
0
3
4
6
34
0
3
0
1
0
0
18
40
0
1
10
1
3
3
4
3
0
5
3
30
9
12
1
0
20
34
1
3
1
6
0
66
4
2
2
13
25
0
8
138
3
30
0
4
21
1
2
4
0
4
0
1
1
0
3
4
2
0
0
6
0
24
1
12
8
39
5
0
0
34
1
1
9
1
3
2
3
0
5
9
5
0
0
26
1
2
3
1
0
7
4
5
3
7
0
5
7
13
23
12
0
10
0
1
2
14
2
18
0
2
0
5
6
4
25
1
4
13
0
21
20
6
1
0
2
4
0
2
0
4
33
1
1
0
5
8
20
168
5
0
0
2
4
13
78
5
3
0
1
51
1
0
7
1
6
20
1
0
1
8
1
9
0
5
17
17
19
58
1
0
0
1
5
5
1
11
4
1
7
13
7
2
3
7
0
9
9
1
1
2
0
6
0
266
1
0
2
20
0
2
0
38
141
32
0
7
2
11
0
3
2
7
3
8
4
254
4
3
8
1
0
4
5
2
1
4
3
119
10
8
4
0
0
28
6
89
10
9
1
0
19
5
1
4
0
1
2
4
0
5
10
4
0
4
0
1
0
6
2
1
0
0
0
0
0
0
1
13
13
46
19
1
5
1
11
4
2
1
10
0
125
2
180
2
1
2
34
2
0
2
3
59
0
1
1
1
3
1
1
7
0
3
9
0
3
26
17
6
6
1
1
4
5
6
1
6
0
2
3
1
2
1
0
1
0
8
7
2
3
2
2
4
0
4
10
1
0
9
9
5
0
0
5
2
5
4
9
0
20
1
3
25
1
2
50
64
1
2
5
0
4
0
5
23
6
0
2
4
12
11
0
2
27
8
6
3
2
72
6
0
14
292
0
11
0
3
8
4
9
1
5
5
27
4
13
9
1
0
2
0
2
2
249
10
2
1
49
1
3
11
26
5
1
4
6
17
3
1
14
11
0
12
7
9
5
2
1
8
1
5
8
0
1
1
8
2
11
19
2
6
14
4
0
362
40
2
10
18
5
0
5
0
3
1
6
5
1
2
4
5
0
88
6
2
2
1
2
10
7
6
9
6
0
0
9
9
34
797
2
19
4
0
10
0
2
4
1
3
1
2
2
0
1
0
5
7
0
26
5
2
34
2
2
6
0
5
11
1
3
2
1
1
9
3
10
1
3
0
0
5
1
0
4
16
12
3
1
2
4
2
1
206
5
24
8
2
0
0
16
2
14
5
12
21
4
8
1
5
48
4
182
0
3
1
3
4
47
33
1
1
6
16
3
2
58
12
0
0
6
1
2
5
0
3
1
3
5
3
4
41
1
0
0
2
0
15
0
2
4
8
4
14
1
0
7
11
3
3
0
3
41
1
401
13
2
44
0
4
2
8
1
3
0
0
4
0
0
6
16
2
8
2
6
2
1
1
2
5
2
2
15
0
9
3
5
3
4
2
0
18
4
5
8
6
22
0
32
9
3
11
10
1
2
5
3
0
11
88
3
3
1
4
6
1
3
1
10
0
0
1
9
1
0
6
8
8
1
12
10
18
18
3
0
7
4
5
9
26
1
4
3
47
6
1
3
8
7
2
1
0
1
1
5
8
8
1
1
12
0
1
4
1
31
2
3
17
2
1
18
2
4
4
1
16
1
1
3
2
4
4
22
0
0
5
17
1
3
20
10
14
5
4
9
0
11
27
1
1
2
22
1
1
0
2
5
3
15
4
1
0
4
9
4
16
9
8
2
16
2
5
0
0
1
5
20
2
17
86
2
2
3
3
1
2
7
1
13
2
2
15
5
2
6
1
1
1
4
2
2
3
1
4
2
2
2
0
124
0
2
9
1
0
0
25
0
1
0
2
0
1
2
5
6
0
7
0
5
0
2
5
4
0
0
0
0
5
2
1
1
3
4
5
2
4
32
16
1
1
3
0
5
1
2
20
22
10
0
3
0
8
0
6
1
0
276
1
5
2
3
0
2
13
6
0
5
25
2
25
15
113
7
2
6
51
6
0
0
13
1
2
7
2
0
5
2
0
0
1
2
0
3
5
0
2
2
2
5
3
7
9
1
3
11
1
3
2
4
2
5
4
4
3
28
3
2
3
9
3
0
3
3
5
0
0
25
1
7
21
2
3
35
4
12
13
4
5
2
0
477
4
6
4
2
17
1
5
32
21
5
1
3
4
6
3
4
2
0
1
0
1
3
4
5
3
0
2
3
10
4
0
15
6
40
0
8
1
1
0
1
1
0
1
3
55
2
2
6
2
1
39
5
6
0
1
0
2
0
1
1
1
5
2
2
2
104
0
5
3
4
3
7
0
1
1
17
38
7
6
3
31
0
0
240
2
0
6
3
34
140
0
10
3
4
1
2
2
10
27
8
3
9
5
6
0
2
34
5
0
7
0
7
0
1
14
7
4
3
6
1
6
1
5
2
5
3
1
1
12
2
2
0
2
42
0
29
22
1
2
335
1
1
10
205
2
3
0
4
11
7
1
1
1
5
4
4
22
1
0
25
2
1
7
3
0
2
0
7
5
1
0
4
1
2
0
8
4
7
4
1
2
70
2
2
0
0
2
7
29
4
16
4
0
106
9
2
2
6
0
1
5
7
13
5
9
5
7
10
3
2
5
1
6
1
7
1
20
3
0
0
28
7
2
6
2
1
63
9
38
0
2
0
19
7
3
2
3
0
1
0
45
3
4
10
1
3
22
6
0
6
9
5
4
4
0
0
3
207
0
1
0
3
7
0
5
0
1
0
0
5
2
7
2
31
0
15
3
3
3
2
0
21
3
1
1
3
4
0
5
5
1
0
5
10
15
1
4
1
2
0
0
0
7
1
2
5
0
1
27
1
3
5
94
3
0
11
0
0
0
1
3
3
7
77
2
0
4
5
8
0
7
4
7
1
12
1
0
4
0
0
0
0
0
1
1
17
2
5
0
6
1
2
1
0
0
0
0
1
11
5
1
0
1
1
1
1
5
1
9
3
146
7
5
0
1
7
10
21
4
5
8
2
2
5
3
6
0
1
3
1
24
0
11
0
20
9
0
3
5
3
1
4
5
1
12
0
1
1
4
4
1
4
0
0
19
1
0
0
1
6
6
11
1
1
1
6
1
9
5
4
3
6
33
365
2
20
2
2
9
14
5
4
8
5
133
5
31
0
35
1
4
0
3
6
5
3
35
1
2
4
0
3
2
27
32
0
3
7
5
3
17
3
1
24
8
3
3
0
3
1
0
5
1
4
0
0
3
1
3
10
6
30
13
18
1
0
8
3
0
39
1
8
0
5
3
1
0
5
5
0
1
5
3
3
1
4
0
3
7
26
8
2
7
12
2
7
12
6
0
58
1
15
11
12
1
9
2
1
19
0
10
22
6
0
1
15
3
0
23
4
5
1
8
5
0
55
14
1
0
18
1
1
6
29
1
5
2
31
28
0
25
3
9
1
4
1
1
3
3
0
0
9
517
4
7
2
1
8
8
1
2
1
9
0
6
0
1
2
3
0
1
0
1
108
6
0
4
0
15
2
4
5
1
29
3
0
6
1
0
3
6
3
1
19
7
1
8
2
57
0
2
0
7
3
0
0
3
19
2
20
0
7
11
1
5
0
1
1
10
28
0
2
1
1
16
0
2
66
12
4
0
1
2
24
1
19
21
6
8
1
5
2
0
0
6
2
6281
3
3
58
4
2
2
18
1
0
4
3
0
0
8
0
7
1
0
172
2
7
0
6
2
1
5
18
6
6
3
5
3
0
9
5
3
5
4
1
3
4
242
2
3
0
1
1
3
8
6
4
6
2
0
18
6
20
5
7
1
0
13
343
5
88
3
3
2
10
1
3
2
3
14
1
4
2
3
11
2
5
3
1
0
36
48
5
2
8
0
4
19
21
2
4
1
9
5
4
4
9
4
1
57
10
1
13
3
2
1
0
2
2
4
21
0
3
16
3
5
25
4
4
18
3
1
2
6
0
3
394
9
3
10
8
0
18
135
1
3
20
3
0
11
1
3
2
1
6
4
1
2
2
1
8
1
0
2
0
3
0
8
1
13
18
33
0
1
1
0
3
1
1
1
0
7
1
1
4
38
6
1
2
4
4
0
0
6
7
24
1
3
2
4
9
9
6
2
5
2
2
17
3
11
3
12
9
2
1
7
12
2
37
15
1
1
4
1
14
1
3
1
3
2
4
4
4
0
1
5
2
47
24
0
1
4
4
1
4
1
2
0
2
1
18
0
6
4
70
3
2
3
9
2
7
0
0
18
7
4
4
1
1
11
1
1
4
